2000 1.6538461538461537 0.000323869214703974 112.65384615384616 0.10096153846153845 135.8653846153846 45.28846153846154 1.1153846153846154 44.17307692307692 1.2196130999946035
4000 0.8269230769230769 0.00010903441910691522 111.5576923076923 0.11698717948717949 135.8653846153846 45.28846153846154 1.1730769230769231 44.11538461538461 1.274472799996147
6000 0.8653846153846154 0.0002958932426383431 109.88461538461539 0.15544871794871795 135.8653846153846 45.28846153846154 1.1153846153846154 44.17307692307692 1.2654769999935525
8000 0.7692307692307693 9.324257698893005e-05 111.98076923076923 0.12980769230769232 135.8653846153846 45.28846153846154 1.1538461538461537 44.13461538461539 1.317182500002673
10000 0.6538461538461539 0.0001395044152684199 114.57692307692308 0.07371794871794872 135.8653846153846 45.28846153846154 1.1153846153846154 44.17307692307692 1.276966800010996
12000 1.9230769230769231 0.000556588361259869 111.75 0.10416666666666666 135.8653846153846 45.28846153846154 1.3076923076923077 43.98076923076923 1.2749066999967908
14000 0.9615384615384616 0.0003478535478166339 112.92307692307692 0.1474358974358974 135.8653846153846 45.28846153846154 1.3076923076923077 43.98076923076923 1.242651599997771
16000 2.326923076923077 0.00046028275878895865 106.63461538461539 0.2435897435897436 135.8653846153846 45.28846153846154 1.1153846153846154 44.17307692307692 1.2442720999970334
18000 1.5192307692307692 0.0005281733763396054 109.4423076923077 0.20673076923076922 135.8653846153846 45.28846153846154 1.1153846153846154 44.17307692307692 1.3269997000024887
20000 3.1153846153846154 0.0006394929706262942 110.09615384615384 0.12179487179487178 135.8653846153846 45.28846153846154 1.1153846153846154 44.17307692307692 1.3185071000043536
22000 3.4423076923076925 0.0005480995157093905 107.34615384615384 0.18269230769230765 135.8653846153846 45.28846153846154 1.1153846153846154 44.17307692307692 1.412076300010085
24000 0.9423076923076923 0.00017503189197529652 112.03846153846153 0.1314102564102564 135.8653846153846 45.28846153846154 1.1153846153846154 44.17307692307692 1.3891385000024457
26000 1.1923076923076923 0.0004010168826476712 112.1923076923077 0.12179487179487178 135.8653846153846 45.28846153846154 1.1153846153846154 44.17307692307692 1.3579524000087986
28000 3.923076923076923 0.0013856091313331302 107.84615384615384 0.14262820512820515 135.8653846153846 45.28846153846154 1.1153846153846154 44.17307692307692 1.2661021999956574
30000 3.1153846153846154 0.001097371475475934 108.59615384615384 0.15224358974358973 135.8653846153846 45.28846153846154 1.1153846153846154 44.17307692307692 1.293302499994752
32000 1.4038461538461537 0.0003731380613462317 110.1923076923077 0.16346153846153846 135.8653846153846 45.28846153846154 1.1153846153846154 44.17307692307692 1.2983601999876555
34000 0.9423076923076923 8.074080996086898e-05 110.84615384615384 0.15865384615384615 135.8653846153846 45.28846153846154 1.1153846153846154 44.17307692307692 1.374411400000099
36000 1.0192307692307692 0.00018564749369606593 109.48076923076923 0.15544871794871792 135.8653846153846 45.28846153846154 1.9038461538461537 43.38461538461539 1.3335800000058953
38000 2.5384615384615383 0.0008765764797109612 109.8076923076923 0.15865384615384615 135.8653846153846 45.28846153846154 1.1153846153846154 44.17307692307692 1.2197497000015574
40000 1.7115384615384615 0.000512526495854268 105.8076923076923 0.22115384615384615 135.8653846153846 45.28846153846154 1.1153846153846154 44.17307692307692 1.3398343000008026
42000 2.2115384615384617 0.0006852502574134397 107.78846153846153 0.15544871794871792 135.8653846153846 45.28846153846154 1.1153846153846154 44.17307692307692 1.2551325999957044
44000 2.0961538461538463 0.0004202542738325521 105.6923076923077 0.19230769230769232 135.8653846153846 45.28846153846154 1.1153846153846154 44.17307692307692 1.2885088000039104
46000 3.6153846153846154 0.000889812295531634 102.65384615384616 0.22275641025641024 135.8653846153846 45.28846153846154 1.1153846153846154 44.17307692307692 1.3303518999891821
48000 3.326923076923077 0.0009599580860417273 103.59615384615384 0.2131410256410256 135.8653846153846 45.28846153846154 1.1153846153846154 44.17307692307692 1.3164557999989484
50000 3.0384615384615383 0.0008423362689151626 105.57692307692308 0.18269230769230768 135.8653846153846 45.28846153846154 1.4615384615384615 43.82692307692308 1.2585977999988245
52000 2.3076923076923075 0.0007501405570589793 105.8076923076923 0.24519230769230768 135.8653846153846 45.28846153846154 1.1153846153846154 44.17307692307692 1.237938700011
54000 2.2115384615384617 0.0007143415828774839 104.65384615384616 0.2403846153846154 135.8653846153846 45.28846153846154 1.1153846153846154 44.17307692307692 1.2423756000061985
56000 2.423076923076923 0.0007983181703033071 105.88461538461539 0.2163461538461538 135.8653846153846 45.28846153846154 1.1153846153846154 44.17307692307692 1.2808186000038404
58000 2.8076923076923075 0.0006331706550495563 104.92307692307692 0.2243589743589743 135.8653846153846 45.28846153846154 1.1346153846153846 44.15384615384615 1.3093694999988656
60000 2.0384615384615383 0.0003783810497235843 105.17307692307692 0.22596153846153844 135.8653846153846 45.28846153846154 1.1346153846153846 44.15384615384615 1.3104128999984823
62000 2.1153846153846154 0.0005090835958561037 108.13461538461539 0.1778846153846154 135.8653846153846 45.28846153846154 2.230769230769231 43.05769230769231 1.3066405999998096
64000 2.1346153846153846 0.0005080369931407717 108.82692307692308 0.16346153846153846 135.8653846153846 45.28846153846154 1.6346153846153846 43.65384615384615 1.3279059000051348
66000 1.9038461538461537 0.0004215480574338497 109.38461538461539 0.15224358974358976 135.8653846153846 45.28846153846154 1.1923076923076923 44.09615384615385 1.2452814999996917
68000 2.5961538461538463 0.0005798929294445564 108.36538461538461 0.14102564102564102 135.8653846153846 45.28846153846154 1.1346153846153846 44.15384615384615 1.26016280001204
70000 1.8461538461538463 0.0006241032607119586 110.01923076923077 0.16346153846153846 135.8653846153846 45.28846153846154 1.1153846153846154 44.17307692307692 1.3336144000058994
72000 1.9615384615384615 0.000452565364622983 109.88461538461539 0.15705128205128208 135.8653846153846 45.28846153846154 1.2307692307692308 44.05769230769231 1.2872797999880277
74000 3.230769230769231 0.00045875559651976835 107.4423076923077 0.1378205128205128 135.8653846153846 45.28846153846154 3.019230769230769 42.26923076923077 1.2733073999988846
76000 4.25 0.0008711074572274135 106.17307692307692 0.14583333333333334 135.8653846153846 45.28846153846154 1.3461538461538463 43.94230769230769 1.370399699997506
78000 4.326923076923077 0.0008991673279103469 105.8076923076923 0.16025641025641027 135.8653846153846 45.28846153846154 1.2884615384615385 44.0 1.256854300008854
80000 4.884615384615385 0.0011512837776192278 104.09615384615384 0.16987179487179485 135.8653846153846 45.28846153846154 1.1730769230769231 44.11538461538461 1.2431504999985918
82000 16.884615384615383 0.007446335448052715 98.21153846153847 0.28365384615384615 135.8653846153846 45.28846153846154 1.1346153846153846 44.15384615384615 1.275827699995716
84000 28.326923076923077 0.012576699389472128 89.03846153846153 0.4198717948717948 135.8653846153846 45.28846153846154 1.1153846153846154 44.17307692307692 1.2818895000091288
86000 27.23076923076923 0.011032517471089614 90.86538461538461 0.3701923076923077 135.8653846153846 45.28846153846154 1.1153846153846154 44.17307692307692 1.3272313000052236
88000 20.78846153846154 0.004163242815607697 90.8076923076923 0.34134615384615385 135.8653846153846 45.28846153846154 1.1153846153846154 44.17307692307692 1.2385188000043854
90000 26.923076923076923 0.01109949787157667 91.34615384615384 0.375 135.8653846153846 45.28846153846154 1.1153846153846154 44.17307692307692 1.341457899994566
92000 16.826923076923077 0.005043547972680544 95.0576923076923 0.30288461538461536 135.8653846153846 45.28846153846154 1.1153846153846154 44.17307692307692 1.2163389999914216
94000 13.192307692307692 0.003993130607747693 96.3076923076923 0.30288461538461536 135.8653846153846 45.28846153846154 1.1153846153846154 44.17307692307692 1.2706877000018721
96000 16.73076923076923 0.003547095081801822 92.42307692307692 0.33974358974358976 135.8653846153846 45.28846153846154 1.1153846153846154 44.17307692307692 1.2713717999868095
98000 33.07692307692308 0.012377150815440887 88.11538461538461 0.3894230769230769 135.8653846153846 45.28846153846154 1.1153846153846154 44.17307692307692 1.2976869999984046
100000 39.86538461538461 0.016485605632891503 90.25 0.3397435897435898 135.8653846153846 45.28846153846154 1.1153846153846154 44.17307692307692 1.2964314999990165
102000 36.13461538461539 0.015721878421930516 93.84615384615384 0.28846153846153844 135.8653846153846 45.28846153846154 1.1153846153846154 44.17307692307692 1.314011099995696
104000 29.23076923076923 0.012912008120323549 92.40384615384616 0.33333333333333337 135.8653846153846 45.28846153846154 1.1153846153846154 44.17307692307692 1.2813885000068694
106000 28.71153846153846 0.012141290170593615 90.65384615384616 0.36538461538461536 135.8653846153846 45.28846153846154 1.1153846153846154 44.17307692307692 1.3548425000044517
108000 41.53846153846154 0.01741211758843838 88.42307692307692 0.37660256410256415 135.8653846153846 45.28846153846154 1.1153846153846154 44.17307692307692 1.226626400006353
110000 43.17307692307692 0.016937578358510532 87.07692307692308 0.38461538461538464 135.8653846153846 45.28846153846154 1.1153846153846154 44.17307692307692 1.372547000006307
112000 12.692307692307692 0.004781923614089422 97.23076923076923 0.27564102564102566 135.8653846153846 45.28846153846154 1.1153846153846154 44.17307692307692 1.2970205999881728
114000 16.942307692307693 0.007276517827869936 92.73076923076923 0.3605769230769231 135.8653846153846 45.28846153846154 1.1153846153846154 44.17307692307692 1.29656889999751
116000 37.0 0.014408545204131653 82.63461538461539 0.4711538461538462 135.8653846153846 45.28846153846154 1.1153846153846154 44.17307692307692 1.331956000009086
118000 42.98076923076923 0.013308206582718998 82.63461538461539 0.4599358974358974 135.8653846153846 45.28846153846154 1.1153846153846154 44.17307692307692 1.3059190000058152
120000 48.28846153846154 0.013626579672215346 78.36538461538461 0.49679487179487175 135.8653846153846 45.28846153846154 1.1153846153846154 44.17307692307692 1.3725182000052882
122000 55.69230769230769 0.01634232926471642 79.28846153846153 0.4551282051282052 135.8653846153846 45.28846153846154 1.1153846153846154 44.17307692307692 1.3662746000045445
124000 53.19230769230769 0.01586202158506126 81.75 0.4487179487179488 135.8653846153846 45.28846153846154 1.1153846153846154 44.17307692307692 1.2958243000030052
126000 39.80769230769231 0.011717292399519614 84.23076923076923 0.4182692307692308 135.8653846153846 45.28846153846154 1.1153846153846154 44.17307692307692 1.3078972000075737
128000 41.94230769230769 0.012143204929942955 83.28846153846153 0.41666666666666674 135.8653846153846 45.28846153846154 1.1153846153846154 44.17307692307692 1.3055265000002692
130000 50.78846153846154 0.014541011753113724 80.38461538461539 0.45512820512820507 135.8653846153846 45.28846153846154 1.1153846153846154 44.17307692307692 1.2420828000031179
132000 50.61538461538461 0.013100070955472436 82.07692307692308 0.4631410256410256 135.8653846153846 45.28846153846154 1.1153846153846154 44.17307692307692 1.3334784000035143
134000 52.28846153846154 0.013844801125261475 80.61538461538461 0.46955128205128205 135.8653846153846 45.28846153846154 1.1153846153846154 44.17307692307692 1.2905651000037324
136000 55.03846153846154 0.015077550504653573 78.88461538461539 0.46153846153846156 135.8653846153846 45.28846153846154 1.1153846153846154 44.17307692307692 1.2379474000044866
138000 58.38461538461539 0.016470200414815128 77.26923076923077 0.5112179487179487 135.8653846153846 45.28846153846154 1.1153846153846154 44.17307692307692 1.3360558999993373
140000 60.17307692307692 0.017471775717141983 76.84615384615384 0.5192307692307693 135.8653846153846 45.28846153846154 1.1153846153846154 44.17307692307692 1.2997878000023775
142000 58.55769230769231 0.01581620331403869 76.88461538461539 0.5096153846153846 135.8653846153846 45.28846153846154 1.1153846153846154 44.17307692307692 1.3349427999928594
144000 57.19230769230769 0.013765266032296665 77.51923076923077 0.5144230769230769 135.8653846153846 45.28846153846154 1.1538461538461537 44.13461538461539 1.2929083000053652
146000 60.71153846153846 0.016614554594526768 77.40384615384616 0.5064102564102564 135.8653846153846 45.28846153846154 1.7307692307692308 43.55769230769231 1.2901100000017323
148000 92.51923076923077 0.02854494357697829 75.11538461538461 0.5608974358974358 135.8653846153846 45.28846153846154 2.8461538461538463 42.44230769230769 1.2955056999926455
150000 91.17307692307692 0.02952854984754964 74.51923076923077 0.5721153846153846 135.8653846153846 45.28846153846154 2.7884615384615383 42.5 1.2699898999999277
152000 99.17307692307692 0.032424748193915276 73.1923076923077 0.578525641025641 135.8653846153846 45.28846153846154 2.923076923076923 42.36538461538461 1.49200660000497
154000 100.17307692307692 0.03283504032436668 73.0 0.5881410256410257 135.8653846153846 45.28846153846154 2.9615384615384617 42.32692307692308 1.3400753000023542
156000 100.17307692307692 0.03283504032436668 73.0 0.5881410256410257 135.8653846153846 45.28846153846154 2.9615384615384617 42.32692307692308 1.2368218999909004
158000 86.96153846153847 0.026497992561545874 74.40384615384616 0.564102564102564 135.8653846153846 45.28846153846154 2.9615384615384617 42.32692307692308 1.2586349000048358
160000 87.0576923076923 0.026491982869401687 74.36538461538461 0.564102564102564 135.8653846153846 45.28846153846154 2.9615384615384617 42.32692307692308 1.2266238000011072
162000 86.65384615384616 0.026338075552702987 74.4423076923077 0.5592948717948717 135.8653846153846 45.28846153846154 3.0 42.28846153846154 1.2818992999964394
164000 86.65384615384616 0.026338075552702987 74.4423076923077 0.5592948717948717 135.8653846153846 45.28846153846154 3.0 42.28846153846154 1.2635445000050822
166000 83.61538461538461 0.0246683770930981 75.3076923076923 0.5496794871794871 135.8653846153846 45.28846153846154 3.0 42.28846153846154 1.3551633000024594
168000 86.65384615384616 0.026462404540750935 74.4423076923077 0.5592948717948717 135.8653846153846 45.28846153846154 3.0 42.28846153846154 1.29665789999126
170000 89.1923076923077 0.026473031187694382 75.23076923076923 0.5496794871794871 135.8653846153846 45.28846153846154 3.0 42.28846153846154 1.3289872000023024
172000 82.4423076923077 0.02385617846039057 75.5 0.5496794871794871 135.8653846153846 45.28846153846154 3.0 42.28846153846154 1.2848082999989856
174000 84.67307692307692 0.02468954968136779 75.25 0.5544871794871794 135.8653846153846 45.28846153846154 3.0 42.28846153846154 1.2747265999933006
176000 86.65384615384616 0.026338075552702987 74.4423076923077 0.5592948717948717 135.8653846153846 45.28846153846154 3.0 42.28846153846154 1.280665800004499
178000 86.65384615384616 0.02623313197807072 74.4423076923077 0.5592948717948717 135.8653846153846 45.28846153846154 3.0 42.28846153846154 1.4054361000016797
180000 97.01923076923077 0.03209574660937338 73.61538461538461 0.5913461538461539 135.8653846153846 45.28846153846154 2.423076923076923 42.86538461538461 1.3081285000080243
182000 105.40384615384616 0.03656099763216513 72.90384615384616 0.5961538461538461 135.8653846153846 45.28846153846154 2.3076923076923075 42.98076923076923 1.2654200999968452
184000 105.67307692307692 0.03735626727266077 72.8076923076923 0.5961538461538461 135.8653846153846 45.28846153846154 2.2884615384615383 43.0 1.2588278000039281
186000 105.82692307692308 0.03736894820804698 72.8076923076923 0.5961538461538461 135.8653846153846 45.28846153846154 2.2884615384615383 43.0 1.2439554000011412
188000 106.11538461538461 0.03737761567665913 72.75 0.5961538461538461 135.8653846153846 45.28846153846154 2.2884615384615383 43.0 1.2002147000021068
190000 106.03846153846153 0.03765397840986802 72.57692307692308 0.6009615384615384 135.8653846153846 45.28846153846154 2.2884615384615383 43.0 1.3408958000072744
192000 110.96153846153847 0.03843866955758429 72.0 0.6057692307692307 135.8653846153846 45.28846153846154 2.2884615384615383 43.0 1.3959852999978466
194000 113.23076923076923 0.03945130430373162 71.8076923076923 0.6169871794871794 135.8653846153846 45.28846153846154 2.2884615384615383 43.0 1.3074234999949113
196000 112.17307692307692 0.03899743606681993 71.8076923076923 0.6121794871794871 135.8653846153846 45.28846153846154 2.2884615384615383 43.0 1.2900205000041751
198000 110.0 0.03809786354448492 72.0 0.6121794871794871 135.8653846153846 45.28846153846154 2.2884615384615383 43.0 1.361994799997774
200000 118.51923076923077 0.041078879259826055 73.09615384615384 0.5801282051282051 135.8653846153846 45.28846153846154 2.923076923076923 42.36538461538461 1.356930599999032
202000 117.82692307692308 0.040857253090697807 72.98076923076923 0.5753205128205128 135.8653846153846 45.28846153846154 2.923076923076923 42.36538461538461 1.337296099998639
204000 117.51923076923077 0.04042992743065524 73.13461538461539 0.5753205128205128 135.8653846153846 45.28846153846154 2.9615384615384617 42.32692307692308 1.257583099999465
206000 116.98076923076923 0.039967034673287175 73.25 0.5849358974358974 135.8653846153846 45.28846153846154 3.0 42.28846153846154 1.3057242999930168
208000 117.51923076923077 0.04021792764441574 73.13461538461539 0.5753205128205128 135.8653846153846 45.28846153846154 2.9615384615384617 42.32692307692308 1.2334587999939686
210000 116.98076923076923 0.039967034673287175 73.25 0.5849358974358974 135.8653846153846 45.28846153846154 3.0 42.28846153846154 1.2708884000021499
212000 117.51923076923077 0.040484858397635534 73.13461538461539 0.5753205128205128 135.8653846153846 45.28846153846154 2.9615384615384617 42.32692307692308 1.2560036000068067
214000 117.51923076923077 0.040162996677435434 73.13461538461539 0.5753205128205128 135.8653846153846 45.28846153846154 2.9615384615384617 42.32692307692308 1.2813718999968842
216000 117.51923076923077 0.040681293152999114 73.13461538461539 0.5753205128205128 135.8653846153846 45.28846153846154 2.9615384615384617 42.32692307692308 1.4336551000014879
218000 116.98076923076923 0.0412402222534376 73.25 0.5849358974358974 135.8653846153846 45.28846153846154 3.0 42.28846153846154 1.2851642000023276
220000 117.21153846153847 0.04125044714714495 73.07692307692308 0.594551282051282 135.8653846153846 45.28846153846154 2.8846153846153846 42.40384615384615 1.2697749999933876
222000 117.21153846153847 0.041484101949404516 73.07692307692308 0.594551282051282 135.8653846153846 45.28846153846154 2.8846153846153846 42.40384615384615 1.4053543000045465
224000 117.13461538461539 0.041444896530837785 72.96153846153847 0.594551282051282 135.8653846153846 45.28846153846154 2.8461538461538463 42.44230769230769 1.2800151999981608
226000 117.21153846153847 0.04226639844360781 73.07692307692308 0.594551282051282 135.8653846153846 45.28846153846154 2.8846153846153846 42.40384615384615 1.3164378000074066
228000 117.59615384615384 0.04216952195189782 72.88461538461539 0.5849358974358974 135.8653846153846 45.28846153846154 2.8076923076923075 42.48076923076923 1.2602088999992702
230000 119.25 0.042452585355014276 72.36538461538461 0.594551282051282 135.8653846153846 45.28846153846154 2.673076923076923 42.61538461538461 1.3872080999863101
232000 119.28846153846153 0.04290737785267641 72.36538461538461 0.594551282051282 135.8653846153846 45.28846153846154 2.673076923076923 42.61538461538461 1.3563957000005757
234000 119.28846153846153 0.04300187252519867 72.36538461538461 0.594551282051282 135.8653846153846 45.28846153846154 2.673076923076923 42.61538461538461 1.2511713999992935
236000 120.57692307692308 0.043180045362081115 72.0 0.5993589743589743 135.8653846153846 45.28846153846154 2.519230769230769 42.76923076923077 1.3517749999882653
238000 121.34615384615384 0.04438757045552165 71.92307692307692 0.5993589743589743 135.8653846153846 45.28846153846154 2.4423076923076925 42.84615384615385 1.2886637999908999
240000 125.1923076923077 0.04439018408549909 70.71153846153847 0.6185897435897437 135.8653846153846 45.28846153846154 2.019230769230769 43.26923076923077 1.3004758000024594
242000 123.71153846153847 0.04416076436863539 70.71153846153847 0.6137820512820513 135.8653846153846 45.28846153846154 2.019230769230769 43.26923076923077 1.3357755000033649
244000 125.88461538461539 0.044670258897576295 70.73076923076923 0.6153846153846154 135.8653846153846 45.28846153846154 1.9038461538461537 43.38461538461539 1.4039066000113962
246000 125.0576923076923 0.04413220061762651 70.48076923076923 0.6153846153846154 135.8653846153846 45.28846153846154 1.7884615384615385 43.5 1.2616009000048507
248000 124.3076923076923 0.04350592425467871 70.63461538461539 0.6169871794871794 135.8653846153846 45.28846153846154 1.8653846153846154 43.42307692307692 1.2938622000074247
250000 123.98076923076923 0.04453675097945469 70.51923076923077 0.6169871794871794 135.8653846153846 45.28846153846154 1.8269230769230769 43.46153846153846 1.2908364000031725
252000 125.0576923076923 0.04469899202442123 70.75 0.6169871794871794 135.8653846153846 45.28846153846154 1.9038461538461537 43.38461538461539 1.3705001000053016
254000 125.3076923076923 0.04529255815848243 71.1923076923077 0.608974358974359 135.8653846153846 45.28846153846154 2.0961538461538463 43.19230769230769 1.3983871000091312
256000 125.21153846153847 0.04451113581255635 71.13461538461539 0.6217948717948717 135.8653846153846 45.28846153846154 2.0576923076923075 43.23076923076923 1.3425486999913119
258000 125.03846153846153 0.04448619586734063 71.17307692307692 0.6217948717948717 135.8653846153846 45.28846153846154 2.0576923076923075 43.23076923076923 1.2476939000043785
260000 129.67307692307693 0.046511412832389236 71.03846153846153 0.6314102564102563 135.8653846153846 45.28846153846154 2.019230769230769 43.26923076923077 1.284266699993168
262000 129.6346153846154 0.04567357539113122 70.92307692307692 0.626602564102564 135.8653846153846 45.28846153846154 1.9807692307692308 43.30769230769231 1.288210300001083
264000 129.09615384615384 0.04691876768917935 70.86538461538461 0.6201923076923077 135.8653846153846 45.28846153846154 1.9038461538461537 43.38461538461539 1.3590551000088453
266000 129.3653846153846 0.047205367997526726 70.88461538461539 0.625 135.8653846153846 45.28846153846154 1.9423076923076923 43.34615384615385 1.4459368000098038
268000 128.34615384615384 0.047336945690442014 70.98076923076923 0.625 135.8653846153846 45.28846153846154 1.9038461538461537 43.38461538461539 1.29960719999508
270000 124.03846153846153 0.04610601835516712 71.13461538461539 0.6153846153846154 135.8653846153846 45.28846153846154 1.9423076923076923 43.34615384615385 1.2611330000072485
272000 128.92307692307693 0.047736843581801844 71.15384615384616 0.625 135.8653846153846 45.28846153846154 1.9807692307692308 43.30769230769231 1.3231792000005953
274000 129.03846153846155 0.046705461735919926 71.1923076923077 0.6298076923076923 135.8653846153846 45.28846153846154 1.9423076923076923 43.34615384615385 1.2925643999915337
276000 123.75 0.044434718040863366 71.23076923076923 0.6217948717948717 135.8653846153846 45.28846153846154 2.019230769230769 43.26923076923077 1.270586300001014
278000 123.75 0.044473140562838694 71.3076923076923 0.6217948717948717 135.8653846153846 45.28846153846154 2.019230769230769 43.26923076923077 1.2628394000057597
280000 125.26923076923077 0.04516997409566343 71.09615384615384 0.626602564102564 135.8653846153846 45.28846153846154 1.9038461538461537 43.38461538461539 1.3969464999972843
282000 128.48076923076923 0.04668757343089616 71.15384615384616 0.6314102564102563 135.8653846153846 45.28846153846154 1.9807692307692308 43.30769230769231 1.3209086999995634
284000 128.09615384615384 0.04652966297612109 71.1923076923077 0.6314102564102563 135.8653846153846 45.28846153846154 1.9807692307692308 43.30769230769231 1.3125451999949291
286000 127.07692307692308 0.046197706382732136 71.38461538461539 0.6314102564102563 135.8653846153846 45.28846153846154 1.9807692307692308 43.30769230769231 1.245368600008078
288000 124.75 0.04570227440590031 71.07692307692308 0.6217948717948717 135.8653846153846 45.28846153846154 1.9423076923076923 43.34615384615385 1.2438279999914812
290000 125.03846153846153 0.046097668147167196 71.01923076923077 0.6217948717948717 135.8653846153846 45.28846153846154 1.9423076923076923 43.34615384615385 1.3786996999988332
292000 124.88461538461539 0.04514161257084518 70.96153846153847 0.6217948717948717 135.8653846153846 45.28846153846154 1.9423076923076923 43.34615384615385 1.3275167999963742
294000 125.9423076923077 0.045726276445441444 70.8076923076923 0.6217948717948717 135.8653846153846 45.28846153846154 1.9423076923076923 43.34615384615385 1.3874576000089291
296000 124.5576923076923 0.04531548274139574 71.1923076923077 0.6217948717948717 135.8653846153846 45.28846153846154 2.019230769230769 43.26923076923077 1.33310609999171
298000 124.51923076923077 0.045124881104216245 71.11538461538461 0.6217948717948717 135.8653846153846 45.28846153846154 1.9807692307692308 43.30769230769231 1.2246153000014601
300000 124.38461538461539 0.04520548365150798 71.17307692307692 0.6153846153846154 135.8653846153846 45.28846153846154 2.019230769230769 43.26923076923077 1.3780109999934211
302000 123.90384615384616 0.04488198783935851 71.42307692307692 0.6153846153846154 135.8653846153846 45.28846153846154 2.1346153846153846 43.15384615384615 1.3348503000015626
304000 125.1923076923077 0.0456635250593827 71.23076923076923 0.6153846153846154 135.8653846153846 45.28846153846154 2.0961538461538463 43.19230769230769 1.4183233999938238
306000 123.8076923076923 0.044296442656660356 71.25 0.6153846153846154 135.8653846153846 45.28846153846154 2.0576923076923075 43.23076923076923 1.3970320999942487
308000 124.71153846153847 0.044492118377916966 71.23076923076923 0.6153846153846154 135.8653846153846 45.28846153846154 2.0961538461538463 43.19230769230769 1.3040403000049992
310000 123.90384615384616 0.04429568960249679 71.42307692307692 0.6153846153846154 135.8653846153846 45.28846153846154 2.1346153846153846 43.15384615384615 1.279780100012431
312000 122.46153846153847 0.044106719034040995 71.51923076923077 0.6153846153846154 135.8653846153846 45.28846153846154 2.0576923076923075 43.23076923076923 1.3257630000007339
314000 125.23076923076923 0.04574609354351755 71.13461538461539 0.6153846153846154 135.8653846153846 45.28846153846154 2.0576923076923075 43.23076923076923 1.2300303999945754
316000 124.65384615384616 0.04576325336409462 71.42307692307692 0.6153846153846154 135.8653846153846 45.28846153846154 2.173076923076923 43.11538461538461 1.3120447999972384
318000 124.76923076923077 0.04563354193030252 71.26923076923077 0.6153846153846154 135.8653846153846 45.28846153846154 2.1346153846153846 43.15384615384615 1.2853054999868618
320000 125.0576923076923 0.04594148194421696 71.09615384615384 0.6201923076923077 135.8653846153846 45.28846153846154 2.0961538461538463 43.19230769230769 1.3423032999999123
322000 124.84615384615384 0.04579349202977002 71.23076923076923 0.6201923076923077 135.8653846153846 45.28846153846154 2.1346153846153846 43.15384615384615 1.400259999994887
324000 124.59615384615384 0.04583240761315423 71.1923076923077 0.6201923076923077 135.8653846153846 45.28846153846154 2.0961538461538463 43.19230769230769 1.3488310000102501
326000 125.01923076923077 0.04601013016314141 70.92307692307692 0.6201923076923077 135.8653846153846 45.28846153846154 2.0576923076923075 43.23076923076923 1.4034016999939922
328000 125.0576923076923 0.046041522508494435 70.82692307692308 0.6201923076923077 135.8653846153846 45.28846153846154 2.019230769230769 43.26923076923077 1.428691000008257
330000 125.88461538461539 0.04679026098930023 70.6923076923077 0.6185897435897437 135.8653846153846 45.28846153846154 1.9423076923076923 43.34615384615385 1.4059694000025047
332000 126.03846153846153 0.04679736445039803 70.6923076923077 0.6185897435897437 135.8653846153846 45.28846153846154 1.9807692307692308 43.30769230769231 1.354429799990612
334000 127.73076923076923 0.04739359755345319 70.61538461538461 0.6185897435897437 135.8653846153846 45.28846153846154 1.9807692307692308 43.30769230769231 1.411668799992185
336000 128.15384615384616 0.04743536101214158 70.59615384615384 0.6185897435897437 135.8653846153846 45.28846153846154 2.019230769230769 43.26923076923077 1.4680368999979692
338000 128.1346153846154 0.04773052388230618 70.5576923076923 0.6185897435897437 135.8653846153846 45.28846153846154 2.019230769230769 43.26923076923077 1.3651899000105914
340000 128.90384615384616 0.048112422524030106 70.32692307692308 0.6185897435897437 135.8653846153846 45.28846153846154 2.0576923076923075 43.23076923076923 1.402384400003939
342000 129.17307692307693 0.047906710271296525 70.21153846153847 0.623397435897436 135.8653846153846 45.28846153846154 2.0961538461538463 43.19230769230769 1.4281484999955865
344000 133.26923076923077 0.050249626930593864 69.61538461538461 0.6394230769230769 135.8653846153846 45.28846153846154 2.4038461538461537 42.88461538461539 1.4348003000050085
346000 132.55769230769232 0.05007930837661952 69.84615384615384 0.6394230769230769 135.8653846153846 45.28846153846154 2.4038461538461537 42.88461538461539 1.4049938999960432
348000 130.76923076923077 0.04914292782612314 70.07692307692308 0.6298076923076923 135.8653846153846 45.28846153846154 2.2115384615384617 43.07692307692308 1.4086080999986734
350000 132.71153846153845 0.0485436950952601 69.73076923076923 0.6394230769230769 135.8653846153846 45.28846153846154 2.4423076923076925 42.84615384615385 1.3797079000069061
352000 132.78846153846155 0.048893537128780876 69.59615384615384 0.6490384615384616 135.8653846153846 45.28846153846154 2.4423076923076925 42.84615384615385 1.3317859999951907
354000 133.42307692307693 0.0495587447413173 69.59615384615384 0.6490384615384616 135.8653846153846 45.28846153846154 2.4423076923076925 42.84615384615385 1.409878899998148
356000 133.26923076923077 0.04856618098060009 69.61538461538461 0.6394230769230769 135.8653846153846 45.28846153846154 2.4038461538461537 42.88461538461539 1.3936061999993399
358000 133.26923076923077 0.04901730667614205 69.61538461538461 0.6394230769230769 135.8653846153846 45.28846153846154 2.4038461538461537 42.88461538461539 1.5373197000008076
360000 132.94230769230768 0.049849922157597995 69.63461538461539 0.6394230769230769 135.8653846153846 45.28846153846154 2.3653846153846154 42.92307692307692 1.40165739999793
362000 132.19230769230768 0.04808771055793533 69.78846153846153 0.6458333333333333 135.8653846153846 45.28846153846154 2.4423076923076925 42.84615384615385 1.4893079000030411
364000 132.73076923076923 0.04800749796593831 69.63461538461539 0.655448717948718 135.8653846153846 45.28846153846154 2.519230769230769 42.76923076923077 1.3713541000033729
366000 133.34615384615384 0.048347246187904265 69.57692307692308 0.6394230769230769 135.8653846153846 45.28846153846154 2.4038461538461537 42.88461538461539 1.3783396000071662
368000 133.42307692307693 0.04841828295505906 69.53846153846153 0.6490384615384616 135.8653846153846 45.28846153846154 2.4423076923076925 42.84615384615385 1.455194099995424
370000 135.44230769230768 0.0500462861103181 69.42307692307692 0.6394230769230769 135.8653846153846 45.28846153846154 2.4423076923076925 42.84615384615385 1.3486522000021068
372000 140.34615384615384 0.05141594478995667 69.21153846153847 0.6394230769230769 135.8653846153846 45.28846153846154 2.480769230769231 42.80769230769231 1.3723948999977438
374000 142.26923076923077 0.052892906364003706 69.28846153846153 0.6362179487179487 135.8653846153846 45.28846153846154 2.519230769230769 42.76923076923077 1.4316976999980398
376000 144.0 0.05237487397614494 69.26923076923077 0.6362179487179487 135.8653846153846 45.28846153846154 2.5576923076923075 42.73076923076923 1.3521491999999853
378000 147.71153846153845 0.05381067278334372 69.17307692307692 0.6362179487179487 135.8653846153846 45.28846153846154 2.6346153846153846 42.65384615384615 1.3894507000077283
380000 147.71153846153845 0.053112555053111805 69.15384615384616 0.6314102564102563 135.8653846153846 45.28846153846154 2.6346153846153846 42.65384615384615 1.372605399999884
382000 156.1153846153846 0.05352777326976416 69.3076923076923 0.6426282051282051 135.8653846153846 45.28846153846154 2.8461538461538463 42.44230769230769 1.4051966999977594
384000 161.51923076923077 0.05548528617247695 69.42307692307692 0.6490384615384616 135.8653846153846 45.28846153846154 2.9615384615384617 42.32692307692308 1.4263006999972276
386000 173.8846153846154 0.05887439081926483 69.15384615384616 0.6442307692307693 135.8653846153846 45.28846153846154 2.9615384615384617 42.32692307692308 1.3115268999972614
388000 197.92307692307693 0.06920844738935779 68.57692307692308 0.6490384615384616 135.8653846153846 45.28846153846154 2.9615384615384617 42.32692307692308 1.3396064000116894
390000 198.34615384615384 0.06941996170438193 68.5576923076923 0.6490384615384616 135.8653846153846 45.28846153846154 2.9615384615384617 42.32692307692308 1.377363299994613
392000 200.6346153846154 0.07057680578029074 68.32692307692308 0.6490384615384616 135.8653846153846 45.28846153846154 2.9615384615384617 42.32692307692308 1.3039724999980535
394000 206.8653846153846 0.07348827904243035 68.23076923076923 0.6506410256410257 135.8653846153846 45.28846153846154 3.0384615384615383 42.25 1.4220335999998497
396000 210.1346153846154 0.07412195953108193 68.03846153846153 0.6506410256410257 135.8653846153846 45.28846153846154 2.9615384615384617 42.32692307692308 1.4024805999943055
398000 211.73076923076923 0.07543730651024459 67.9423076923077 0.6506410256410257 135.8653846153846 45.28846153846154 2.9615384615384617 42.32692307692308 1.3700355000037234
400000 211.73076923076923 0.07543730651024459 67.9423076923077 0.6506410256410257 135.8653846153846 45.28846153846154 2.9615384615384617 42.32692307692308 1.4190421999956015
402000 212.80769230769232 0.07393593163901753 67.92307692307692 0.6506410256410257 135.8653846153846 45.28846153846154 3.0 42.28846153846154 1.4028888999891933
404000 212.80769230769232 0.07335250952409672 67.92307692307692 0.6506410256410257 135.8653846153846 45.28846153846154 3.0 42.28846153846154 1.374650899990229
406000 214.3846153846154 0.07328017954304401 67.86538461538461 0.6506410256410257 135.8653846153846 45.28846153846154 3.0384615384615383 42.25 1.4510575000022072
408000 216.80769230769232 0.07440780747097797 67.86538461538461 0.6474358974358976 135.8653846153846 45.28846153846154 3.076923076923077 42.21153846153846 1.417409999994561
410000 218.26923076923077 0.07494862986069244 67.92307692307692 0.6410256410256411 135.8653846153846 45.28846153846154 2.9615384615384617 42.32692307692308 1.372700599997188
412000 218.26923076923077 0.07496206044065255 67.92307692307692 0.6410256410256411 135.8653846153846 45.28846153846154 2.9615384615384617 42.32692307692308 1.3729051999980584
414000 218.73076923076923 0.0760538204989065 67.84615384615384 0.6458333333333334 135.8653846153846 45.28846153846154 2.9615384615384617 42.32692307692308 1.4027734999981476
416000 220.30769230769232 0.0754994089244921 67.86538461538461 0.6458333333333334 135.8653846153846 45.28846153846154 2.9615384615384617 42.32692307692308 1.3867200000095181
418000 221.01923076923077 0.07585393730260223 67.76923076923077 0.6458333333333334 135.8653846153846 45.28846153846154 2.923076923076923 42.36538461538461 1.3514271000021836
420000 220.94230769230768 0.0760175207373309 67.59615384615384 0.6506410256410257 135.8653846153846 45.28846153846154 2.826923076923077 42.46153846153846 1.4225632000016049
422000 221.65384615384616 0.07660182367778497 67.65384615384616 0.655448717948718 135.8653846153846 45.28846153846154 2.9423076923076925 42.34615384615385 1.3555860000051325
424000 221.05769230769232 0.07611660290504815 67.65384615384616 0.6490384615384616 135.8653846153846 45.28846153846154 2.826923076923077 42.46153846153846 1.415312899989658
426000 222.30769230769232 0.07646760842135127 67.51923076923077 0.6538461538461539 135.8653846153846 45.28846153846154 2.75 42.53846153846154 1.4126442999986466
428000 222.30769230769232 0.07646760842135127 67.51923076923077 0.6538461538461539 135.8653846153846 45.28846153846154 2.75 42.53846153846154 1.3566954999987502
430000 223.84615384615384 0.07609426663577522 67.46153846153847 0.6538461538461539 135.8653846153846 45.28846153846154 2.7884615384615383 42.5 1.390181200011284
432000 224.48076923076923 0.0748516646859147 67.42307692307692 0.6538461538461539 135.8653846153846 45.28846153846154 2.826923076923077 42.46153846153846 1.325707500000135
434000 226.51923076923077 0.0749656833339502 67.36538461538461 0.6602564102564104 135.8653846153846 45.28846153846154 2.8653846153846154 42.42307692307692 1.4482695999904536
436000 228.48076923076923 0.0738640612375186 67.25 0.6698717948717949 135.8653846153846 45.28846153846154 2.8653846153846154 42.42307692307692 1.488557699994999
438000 226.92307692307693 0.07301177450425035 67.25 0.6634615384615384 135.8653846153846 45.28846153846154 2.826923076923077 42.46153846153846 1.3022453999874415
440000 228.55769230769232 0.07326700516615914 67.21153846153847 0.6698717948717949 135.8653846153846 45.28846153846154 2.8653846153846154 42.42307692307692 1.3442966000002343
442000 228.55769230769232 0.07343224576271527 67.21153846153847 0.6698717948717949 135.8653846153846 45.28846153846154 2.8653846153846154 42.42307692307692 1.358519500005059
444000 228.6346153846154 0.0732152647262681 67.15384615384616 0.6762820512820513 135.8653846153846 45.28846153846154 2.826923076923077 42.46153846153846 1.3702670999919064
446000 228.6346153846154 0.07278256189695737 67.15384615384616 0.6762820512820513 135.8653846153846 45.28846153846154 2.826923076923077 42.46153846153846 1.3973869999899762
448000 228.8653846153846 0.07337767478937109 67.13461538461539 0.6762820512820513 135.8653846153846 45.28846153846154 2.826923076923077 42.46153846153846 1.2552202000078978
450000 228.6346153846154 0.0727796089618368 67.15384615384616 0.6762820512820513 135.8653846153846 45.28846153846154 2.826923076923077 42.46153846153846 1.4199873999896226
452000 228.8653846153846 0.07171559343034929 67.07692307692308 0.6762820512820513 135.8653846153846 45.28846153846154 2.7884615384615383 42.5 1.352976399997715
454000 229.09615384615384 0.072084710421949 67.0576923076923 0.6762820512820513 135.8653846153846 45.28846153846154 2.7884615384615383 42.5 1.30544870000449
456000 229.09615384615384 0.072084710421949 67.0576923076923 0.6762820512820513 135.8653846153846 45.28846153846154 2.7884615384615383 42.5 1.3692832999950042
458000 229.09615384615384 0.07231365925788359 67.0576923076923 0.6762820512820513 135.8653846153846 45.28846153846154 2.7884615384615383 42.5 1.4998938999924576
460000 229.09615384615384 0.072084710421949 67.0576923076923 0.6762820512820513 135.8653846153846 45.28846153846154 2.7884615384615383 42.5 1.4095544000010705
462000 229.80769230769232 0.0725586600325266 66.96153846153847 0.6762820512820513 135.8653846153846 45.28846153846154 2.75 42.53846153846154 1.4245464999985415
464000 229.5 0.07181171266234225 66.96153846153847 0.6762820512820513 135.8653846153846 45.28846153846154 2.7115384615384617 42.57692307692308 1.3487061000050744
466000 229.80769230769232 0.0721230042680953 66.96153846153847 0.6762820512820513 135.8653846153846 45.28846153846154 2.75 42.53846153846154 1.3896832000027644
468000 229.80769230769232 0.0721230042680953 66.96153846153847 0.6762820512820513 135.8653846153846 45.28846153846154 2.75 42.53846153846154 1.4747762000042712
470000 229.80769230769232 0.0721230042680953 66.96153846153847 0.6762820512820513 135.8653846153846 45.28846153846154 2.75 42.53846153846154 1.492648300001747
472000 229.80769230769232 0.0721230042680953 66.96153846153847 0.6762820512820513 135.8653846153846 45.28846153846154 2.75 42.53846153846154 1.4688998000056017
474000 229.80769230769232 0.07191629733959859 66.96153846153847 0.6762820512820513 135.8653846153846 45.28846153846154 2.75 42.53846153846154 1.368324399998528
476000 229.5 0.07187091845327885 67.03846153846153 0.6762820512820513 135.8653846153846 45.28846153846154 2.7884615384615383 42.5 1.3896064000000479
478000 229.26923076923077 0.07180117311812674 67.11538461538461 0.6762820512820513 135.8653846153846 45.28846153846154 2.826923076923077 42.46153846153846 1.4385303000017302
480000 229.26923076923077 0.07180117311812674 67.11538461538461 0.6762820512820513 135.8653846153846 45.28846153846154 2.826923076923077 42.46153846153846 1.3596530000068014
482000 229.26923076923077 0.07180117311812674 67.11538461538461 0.6762820512820513 135.8653846153846 45.28846153846154 2.826923076923077 42.46153846153846 1.4474957000056747
484000 229.80769230769232 0.0721230042680953 66.96153846153847 0.6762820512820513 135.8653846153846 45.28846153846154 2.75 42.53846153846154 1.3884213999990607
486000 229.80769230769232 0.0721230042680953 66.96153846153847 0.6762820512820513 135.8653846153846 45.28846153846154 2.75 42.53846153846154 1.4279283000068972
488000 229.80769230769232 0.07191629733959859 66.96153846153847 0.6762820512820513 135.8653846153846 45.28846153846154 2.75 42.53846153846154 1.3796122999920044
490000 229.5 0.07166421152478214 67.03846153846153 0.6762820512820513 135.8653846153846 45.28846153846154 2.7884615384615383 42.5 1.318431599996984
492000 230.23076923076923 0.07208775357035027 66.90384615384616 0.6762820512820513 135.8653846153846 45.28846153846154 2.7115384615384617 42.57692307692308 1.366108299989719
494000 229.80769230769232 0.07191629733959859 66.96153846153847 0.6762820512820513 135.8653846153846 45.28846153846154 2.75 42.53846153846154 1.3805016000114847
496000 230.23076923076923 0.07208775357035027 66.90384615384616 0.6762820512820513 135.8653846153846 45.28846153846154 2.7115384615384617 42.57692307692308 1.3383650000032503
498000 229.80769230769232 0.07191629733959859 66.96153846153847 0.6762820512820513 135.8653846153846 45.28846153846154 2.75 42.53846153846154 1.390713800006779
500000 229.80769230769232 0.07078476653142726 66.96153846153847 0.6762820512820513 135.8653846153846 45.28846153846154 2.75 42.53846153846154 1.473235299999942
