2000 0.36538461538461536 0.0001102490157378838 39.215207096153854 0.14743589743589744 45.301282057692305 45.30769230769231 1.4423076923076923 43.86538461538461 1.6358340000151657
4000 1.4423076923076923 0.0003614978073094507 38.648798403846165 0.10576923076923077 45.301282057692305 45.30769230769231 1.4615384615384615 43.84615384615385 2.0173056999919936
6000 1.3653846153846154 0.00028409676350583273 38.76311467307692 0.08493589743589743 45.301282057692305 45.30769230769231 1.4807692307692308 43.82692307692308 2.262371599965263
8000 2.673076923076923 0.0006086847813514676 34.5011 0.32211538461538464 45.301282057692305 45.30769230769231 1.4615384615384615 43.84615384615385 2.4131674999953248
10000 2.576923076923077 0.0006718911232098797 34.09591009615385 0.28044871794871795 45.301282057692305 45.30769230769231 1.4615384615384615 43.84615384615385 2.5696859000017866
12000 1.3461538461538463 0.0003255385966491261 37.040034923076924 0.10897435897435896 45.301282057692305 45.30769230769231 1.7307692307692308 43.57692307692308 4.028324600018095
14000 0.4423076923076923 6.422941357754413e-05 38.07508084615383 0.14743589743589744 45.301282057692305 45.30769230769231 1.4423076923076923 43.86538461538461 4.154254699999001
16000 0.6153846153846154 0.00011229647140055208 37.216960846153846 0.16346153846153846 45.301282057692305 45.30769230769231 1.4423076923076923 43.86538461538461 3.8682198000024073
18000 0.4230769230769231 0.00014046525979816892 38.17689776923076 0.21153846153846154 45.301282057692305 45.30769230769231 1.4423076923076923 43.86538461538461 3.9013687999686226
20000 1.4230769230769231 -0.01875843098243269 35.82454515384616 0.19230769230769232 45.301282057692305 45.30769230769231 2.423076923076923 42.88461538461539 4.311453400005121
22000 0.6730769230769231 8.460163542907932e-05 38.70253817307692 0.1121794871794872 45.301282057692305 45.30769230769231 1.5192307692307692 43.78846153846154 3.625571900047362
24000 0.75 0.00012419210657436068 38.34570032692308 0.22596153846153846 45.301282057692305 45.30769230769231 1.4615384615384615 43.84615384615385 3.7214395999908447
26000 1.3076923076923077 0.00013886851196011636 36.99922596153845 0.22435897435897434 45.301282057692305 45.30769230769231 1.4423076923076923 43.86538461538461 3.743860099988524
28000 4.538461538461538 0.001206852748735047 34.32593109615384 0.24358974358974358 45.301282057692305 45.30769230769231 1.4423076923076923 43.86538461538461 3.681723899964709
30000 4.75 0.0007377007801201321 34.13362325 0.2644230769230769 45.301282057692305 45.30769230769231 1.4423076923076923 43.86538461538461 3.762341900030151
32000 3.7884615384615383 0.0005521430291649423 34.05028959615386 0.18910256410256407 45.301282057692305 45.30769230769231 1.4423076923076923 43.86538461538461 3.6377547000302
34000 4.519230769230769 0.0006529988992866498 33.569520230769236 0.20512820512820512 45.301282057692305 45.30769230769231 1.4423076923076923 43.86538461538461 3.553855600010138
36000 1.5576923076923077 0.0004685444183402624 36.527109403846154 0.20673076923076922 45.301282057692305 45.30769230769231 1.4423076923076923 43.86538461538461 3.728370000026189
38000 1.5 0.0002736730745555959 37.28982430769231 0.15384615384615385 45.301282057692305 45.30769230769231 2.019230769230769 43.28846153846154 3.793469100026414
40000 5.5 0.0006438935593553486 33.11799782692309 0.2419871794871795 45.301282057692305 45.30769230769231 8.903846153846153 36.40384615384615 3.831011699978262
42000 5.615384615384615 0.0006490905559524607 33.36479219230771 0.21153846153846154 45.301282057692305 45.30769230769231 8.903846153846153 36.40384615384615 4.004524099989794
44000 4.653846153846154 0.0012235199432568144 34.009021480769235 0.19391025641025642 45.301282057692305 45.30769230769231 8.153846153846153 37.15384615384615 3.9098850999725983
46000 0.9423076923076923 0.00014311194106959009 38.22315623076921 0.10737179487179487 45.301282057692305 45.30769230769231 1.5576923076923077 43.75 3.820992599998135
48000 4.134615384615385 0.000917555677858683 33.999407576923076 0.19871794871794873 45.301282057692305 45.30769230769231 8.038461538461538 37.26923076923077 3.7853219999815337
50000 6.826923076923077 -0.017770466208387153 33.23370159615385 0.20673076923076922 45.301282057692305 45.30769230769231 8.615384615384615 36.69230769230769 3.816345300001558
52000 5.4423076923076925 0.0013845734440383075 34.86083605769232 0.18269230769230768 45.301282057692305 45.30769230769231 7.269230769230769 38.03846153846154 3.9176404999452643
54000 2.519230769230769 0.0006495883690671816 35.55510067307692 0.2756410256410256 45.301282057692305 45.30769230769231 1.5576923076923077 43.75 4.05652879999252
56000 5.846153846153846 0.0007653650234538927 35.208913749999994 0.17467948717948717 45.301282057692305 45.30769230769231 6.365384615384615 38.94230769230769 3.99641350004822
58000 3.4615384615384617 0.0011112401468104504 36.67440375 0.1266025641025641 45.301282057692305 45.30769230769231 3.730769230769231 41.57692307692308 4.024714500003029
60000 5.25 0.0014376558972628516 34.18594186538461 0.233974358974359 45.301282057692305 45.30769230769231 5.730769230769231 39.57692307692308 4.163014799996745
62000 1.5576923076923077 0.0006528275081801077 37.66580059615385 0.11057692307692307 45.301282057692305 45.30769230769231 2.2115384615384617 43.09615384615385 3.807216299988795
64000 1.5 -0.01882822204023077 36.12668067307692 0.17788461538461536 45.301282057692305 45.30769230769231 1.4423076923076923 43.86538461538461 3.965339300048072
66000 2.9038461538461537 0.001014482831263162 35.6240113076923 0.12980769230769232 45.301282057692305 45.30769230769231 2.6538461538461537 42.65384615384615 3.829395900014788
68000 4.0 0.0007668843264555907 34.54387961538462 0.18589743589743588 45.301282057692305 45.30769230769231 1.4615384615384615 43.84615384615385 3.9237008999916725
70000 5.230769230769231 0.001539431552750072 32.63294959615385 0.23237179487179485 45.301282057692305 45.30769230769231 5.673076923076923 39.63461538461539 3.8284130999818444
72000 10.807692307692308 0.0027939735178010195 31.701919807692303 0.2532051282051282 45.301282057692305 45.30769230769231 10.98076923076923 34.32692307692308 3.895744800043758
74000 21.23076923076923 0.00476921377793972 29.35923330769231 0.3333333333333333 45.301282057692305 45.30769230769231 8.903846153846153 36.40384615384615 4.027515399968252
76000 20.576923076923077 0.0065562876038529885 29.62205117307693 0.3589743589743589 45.301282057692305 45.30769230769231 6.538461538461538 38.76923076923077 4.045665299985558
78000 7.25 0.002526735688506861 33.34171353846154 0.21474358974358973 45.301282057692305 45.30769230769231 7.5576923076923075 37.75 3.774727999989409
80000 27.21153846153846 0.005631969707255004 28.47461784615386 0.35256410256410253 45.301282057692305 45.30769230769231 8.903846153846153 36.40384615384615 4.004009499971289
82000 26.73076923076923 0.004935308686740644 29.04192459615385 0.36217948717948717 45.301282057692305 45.30769230769231 8.903846153846153 36.40384615384615 4.239323800022248
84000 32.05769230769231 0.004897955388780775 28.224616326923076 0.36538461538461536 45.301282057692305 45.30769230769231 8.903846153846153 36.40384615384615 3.8712328000110574
86000 34.17307692307692 0.005513772644913655 28.045129173076923 0.375 45.301282057692305 45.30769230769231 8.903846153846153 36.40384615384615 3.9744894000468776
88000 27.096153846153847 0.003047518631122556 28.5098731923077 0.40705128205128205 45.301282057692305 45.30769230769231 8.557692307692308 36.75 4.098369000013918
90000 39.92307692307692 0.011293468385504303 27.932949711538463 0.4150641025641026 45.301282057692305 45.30769230769231 8.903846153846153 36.40384615384615 3.786970899964217
92000 22.653846153846153 0.0013884433478989432 29.77590026923078 0.3205128205128205 45.301282057692305 45.30769230769231 8.903846153846153 36.40384615384615 3.890486999996938
94000 22.26923076923077 0.0012430161726938638 29.175900499999994 0.3589743589743589 45.301282057692305 45.30769230769231 8.903846153846153 36.40384615384615 4.044094800017774
96000 34.17307692307692 0.008244078730396497 28.62461709615385 0.3942307692307692 45.301282057692305 45.30769230769231 8.903846153846153 36.40384615384615 3.8094405999872833
98000 36.61538461538461 0.008765899457608205 28.516549711538463 0.41346153846153844 45.301282057692305 45.30769230769231 8.673076923076923 36.63461538461539 4.133995299984235
100000 35.53846153846154 0.007473091923593798 28.380600730769224 0.39743589743589747 45.301282057692305 45.30769230769231 9.115384615384615 36.19230769230769 4.0273383999592625
102000 30.25 0.004889038121444718 29.188293730769235 0.3766025641025641 45.301282057692305 45.30769230769231 8.961538461538462 36.34615384615385 4.094433700025547
104000 36.30769230769231 0.009136143852976227 28.94283261538462 0.36217948717948717 45.301282057692305 45.30769230769231 9.0 36.30769230769231 3.9701449000276625
106000 35.46153846153846 0.00889168081317131 28.45794994230769 0.41346153846153844 45.301282057692305 45.30769230769231 8.942307692307692 36.36538461538461 4.027067699993495
108000 31.865384615384617 0.007001948870563319 28.865642076923084 0.41346153846153844 45.301282057692305 45.30769230769231 8.596153846153847 36.71153846153846 3.9720479999668896
110000 40.42307692307692 0.012225958913305572 27.88209551923078 0.4038461538461538 45.301282057692305 45.30769230769231 8.596153846153847 36.71153846153846 4.007673699990846
112000 95.01923076923077 0.019690069815459562 25.691922923076934 0.514423076923077 45.301282057692305 45.30769230769231 8.903846153846153 36.40384615384615 4.246809199976269
114000 109.28846153846153 0.017864810246458168 24.602819423076934 0.5416666666666667 45.301282057692305 45.30769230769231 8.942307692307692 36.36538461538461 4.11763609998161
116000 51.86538461538461 0.007081777833274721 25.352820211538457 0.5096153846153847 45.301282057692305 45.30769230769231 8.961538461538462 36.34615384615385 4.14319199998863
118000 63.19230769230769 0.017639571858118527 26.173333423076922 0.44711538461538464 45.301282057692305 45.30769230769231 8.903846153846153 36.40384615384615 4.013324300001841
120000 102.01923076923077 0.020754381852777115 25.282307230769238 0.5208333333333333 45.301282057692305 45.30769230769231 8.903846153846153 36.40384615384615 4.001597299997229
122000 133.76923076923077 0.03582208145043887 24.936152923076932 0.5592948717948718 45.301282057692305 45.30769230769231 8.923076923076923 36.38461538461539 3.8600865000043996
124000 146.82692307692307 0.03815579316913652 24.362434692307698 0.5608974358974359 45.301282057692305 45.30769230769231 9.01923076923077 36.28846153846154 3.915364399959799
126000 150.5 0.04508860408801666 23.827178057692315 0.5560897435897435 45.301282057692305 45.30769230769231 9.076923076923077 36.23076923076923 4.103722499974538
128000 150.15384615384616 0.044743582250456895 23.718203576923084 0.5657051282051282 45.301282057692305 45.30769230769231 8.98076923076923 36.32692307692308 4.298173500050325
130000 157.98076923076923 0.043172592789584914 23.833588346153856 0.5817307692307692 45.301282057692305 45.30769230769231 9.153846153846153 36.15384615384615 3.9689086000435054
132000 156.98076923076923 0.04260509039442749 23.54512657692309 0.6009615384615384 45.301282057692305 45.30769230769231 8.961538461538462 36.34615384615385 4.590218700002879
134000 162.09615384615384 0.04214225318218789 23.666921538461548 0.5817307692307692 45.301282057692305 45.30769230769231 9.057692307692308 36.25 3.6548766000196338
136000 163.98076923076923 0.043908263943205274 23.66692153846155 0.5817307692307692 45.301282057692305 45.30769230769231 9.057692307692308 36.25 3.9307087999768555
138000 161.8846153846154 0.04054169479981617 23.493844480769244 0.5913461538461537 45.301282057692305 45.30769230769231 8.961538461538462 36.34615384615385 3.730003700009547
140000 158.90384615384616 0.03770262588441279 23.615639403846163 0.5913461538461537 45.301282057692305 45.30769230769231 8.942307692307692 36.36538461538461 4.1186097000027075
142000 159.28846153846155 0.03749350094235146 23.577177826923087 0.5913461538461537 45.301282057692305 45.30769230769231 8.903846153846153 36.40384615384615 4.0983950000372715
144000 159.28846153846155 0.03718975749425625 23.577177826923087 0.5913461538461537 45.301282057692305 45.30769230769231 8.903846153846153 36.40384615384615 3.9812298000324517
146000 161.59615384615384 0.03783959349757329 23.50025471153847 0.5913461538461537 45.301282057692305 45.30769230769231 8.903846153846153 36.40384615384615 3.961675499973353
148000 216.05769230769232 0.07022026464223283 22.03230523076924 0.6282051282051283 45.301282057692305 45.30769230769231 8.942307692307692 36.36538461538461 3.959986600035336
150000 251.3653846153846 0.07746335708627049 20.89127898076923 0.6426282051282052 45.301282057692305 45.30769230769231 8.903846153846153 36.40384615384615 4.022191700001713
152000 258.5769230769231 0.06205583519100974 20.878458461538465 0.6426282051282052 45.301282057692305 45.30769230769231 8.903846153846153 36.40384615384615 3.9149065999663435
154000 252.59615384615384 0.05899753617230066 20.85281742307692 0.6426282051282052 45.301282057692305 45.30769230769231 8.903846153846153 36.40384615384615 3.7597630999516696
156000 259.3076923076923 0.058562515280368856 20.85922771153846 0.6426282051282052 45.301282057692305 45.30769230769231 8.961538461538462 36.34615384615385 3.9742469000048004
158000 287.59615384615387 0.05502231847794254 21.173330403846155 0.6442307692307693 45.301282057692305 45.30769230769231 8.903846153846153 36.40384615384615 3.949898899998516
160000 290.34615384615387 0.05496093700653158 21.16692046153846 0.6442307692307693 45.301282057692305 45.30769230769231 8.923076923076923 36.38461538461539 4.360338500002399
162000 293.7307692307692 0.055778018317862096 21.14127944230769 0.6442307692307693 45.301282057692305 45.30769230769231 8.961538461538462 36.34615384615385 4.0583033000002615
164000 342.5576923076923 0.08047201126489194 21.253815269230763 0.6474358974358976 45.301282057692305 45.30769230769231 9.76923076923077 35.53846153846154 4.321203199971933
166000 468.8076923076923 0.14632462748524205 20.65374509615384 0.6538461538461539 45.301282057692305 45.30769230769231 11.346153846153847 33.96153846153846 4.296254099986982
168000 473.0576923076923 0.15087332752014151 20.596053211538454 0.6538461538461539 45.301282057692305 45.30769230769231 11.403846153846153 33.90384615384615 4.151849899964873
170000 484.8076923076923 0.15789655584203863 20.602819692307687 0.6586538461538461 45.301282057692305 45.30769230769231 11.5 33.80769230769231 4.1909830999793485
172000 483.9423076923077 0.15773568127362067 20.557947826923073 0.6586538461538461 45.301282057692305 45.30769230769231 11.403846153846153 33.90384615384615 4.065711500006728
174000 487.5769230769231 0.15915166613263781 20.55011309615384 0.6586538461538461 45.301282057692305 45.30769230769231 11.403846153846153 33.90384615384615 4.0071947000105865
176000 490.5192307692308 0.16104874767411775 20.54227836538461 0.6634615384615384 45.301282057692305 45.30769230769231 11.403846153846153 33.90384615384615 3.767172300023958
178000 490.5192307692308 0.16104874767411775 20.54227836538461 0.6634615384615384 45.301282057692305 45.30769230769231 11.403846153846153 33.90384615384615 3.824485499993898
180000 521.75 0.16835175643074402 20.102106999999993 0.6778846153846154 45.301282057692305 45.30769230769231 10.25 35.05769230769231 3.979520099994261
182000 521.75 0.16835175643074402 20.102106999999993 0.6778846153846154 45.301282057692305 45.30769230769231 10.25 35.05769230769231 3.933723699999973
184000 521.75 0.16835175643074402 20.102106999999993 0.6778846153846154 45.301282057692305 45.30769230769231 10.25 35.05769230769231 4.016403000045102
186000 536.5576923076923 0.17531528355537696 19.93900173076922 0.6778846153846154 45.301282057692305 45.30769230769231 10.153846153846153 35.15384615384615 4.438271299994085
188000 528.9807692307693 0.1708615918834355 19.99811832692307 0.6778846153846154 45.301282057692305 45.30769230769231 10.153846153846153 35.15384615384615 4.502713499998208
190000 575.9807692307693 0.18926224777603926 19.12347542307692 0.7083333333333335 45.301282057692305 45.30769230769231 8.903846153846153 36.40384615384615 4.465814600000158
192000 589.8653846153846 0.19387612993172337 19.03230765384615 0.7131410256410258 45.301282057692305 45.30769230769231 8.903846153846153 36.40384615384615 4.116744899947662
194000 589.8653846153846 0.19387612993172337 19.03230765384615 0.7131410256410258 45.301282057692305 45.30769230769231 8.903846153846153 36.40384615384615 4.005720900022425
196000 589.8653846153846 0.19387612993172337 19.03230765384615 0.7131410256410258 45.301282057692305 45.30769230769231 8.903846153846153 36.40384615384615 4.221755100006703
198000 589.8653846153846 0.19387612993172337 19.03230765384615 0.7131410256410258 45.301282057692305 45.30769230769231 8.903846153846153 36.40384615384615 4.358966000028886
200000 589.8653846153846 0.19387612993172337 19.03230765384615 0.7131410256410258 45.301282057692305 45.30769230769231 8.903846153846153 36.40384615384615 4.220899899955839
202000 589.8653846153846 0.19387612993172337 19.03230765384615 0.7131410256410258 45.301282057692305 45.30769230769231 8.903846153846153 36.40384615384615 4.115267499990296
204000 596.6153846153846 0.19675916481451952 18.988148423076918 0.7227564102564105 45.301282057692305 45.30769230769231 8.903846153846153 36.40384615384615 4.250005099980626
206000 596.6153846153846 0.19675916481451952 18.988148423076918 0.7227564102564105 45.301282057692305 45.30769230769231 8.903846153846153 36.40384615384615 4.123513000027742
208000 589.8653846153846 0.19387612993172337 19.03230765384615 0.7131410256410258 45.301282057692305 45.30769230769231 8.903846153846153 36.40384615384615 4.188581999973394
210000 596.6153846153846 0.19675916481451952 18.988148423076918 0.7227564102564105 45.301282057692305 45.30769230769231 8.903846153846153 36.40384615384615 4.19501639995724
212000 596.6153846153846 0.19675916481451952 18.988148423076918 0.7227564102564105 45.301282057692305 45.30769230769231 8.903846153846153 36.40384615384615 4.167818599962629
214000 596.6153846153846 0.19675916481451952 18.988148423076918 0.7227564102564105 45.301282057692305 45.30769230769231 8.903846153846153 36.40384615384615 4.354185400006827
216000 596.6153846153846 0.19675916481451952 18.988148423076918 0.7227564102564105 45.301282057692305 45.30769230769231 8.903846153846153 36.40384615384615 4.164014800044242
218000 596.6153846153846 0.19675916481451952 18.988148423076918 0.7227564102564105 45.301282057692305 45.30769230769231 8.903846153846153 36.40384615384615 4.158698000013828
220000 596.6153846153846 0.19675916481451952 18.988148423076918 0.7227564102564105 45.301282057692305 45.30769230769231 8.903846153846153 36.40384615384615 4.141598800022621
222000 596.6153846153846 0.19675916481451952 18.988148423076918 0.7227564102564105 45.301282057692305 45.30769230769231 8.903846153846153 36.40384615384615 4.198544999992009
224000 596.6153846153846 0.19675916481451952 18.988148423076918 0.7227564102564105 45.301282057692305 45.30769230769231 8.903846153846153 36.40384615384615 4.271611200005282
226000 596.6153846153846 0.19675916481451952 18.988148423076918 0.7227564102564105 45.301282057692305 45.30769230769231 8.903846153846153 36.40384615384615 4.203647100017406
228000 596.6153846153846 0.19675916481451952 18.988148423076918 0.7227564102564105 45.301282057692305 45.30769230769231 8.903846153846153 36.40384615384615 4.295765899994876
230000 596.6153846153846 0.19675916481451952 18.988148423076918 0.7227564102564105 45.301282057692305 45.30769230769231 8.903846153846153 36.40384615384615 4.337637700024061
232000 596.6153846153846 0.19675916481451952 18.988148423076918 0.7227564102564105 45.301282057692305 45.30769230769231 8.903846153846153 36.40384615384615 4.171832799969707
234000 596.6153846153846 0.19675916481451952 18.988148423076918 0.7227564102564105 45.301282057692305 45.30769230769231 8.903846153846153 36.40384615384615 4.15209499996854
236000 596.6153846153846 0.19675916481451952 18.988148423076918 0.7227564102564105 45.301282057692305 45.30769230769231 8.903846153846153 36.40384615384615 4.434434499999043
238000 596.6153846153846 0.19675916481451952 18.988148423076918 0.7227564102564105 45.301282057692305 45.30769230769231 8.903846153846153 36.40384615384615 4.241024499991909
240000 596.6153846153846 0.19675916481451952 18.988148423076918 0.7227564102564105 45.301282057692305 45.30769230769231 8.903846153846153 36.40384615384615 4.181973800004926
242000 596.6153846153846 0.19675916481451952 18.988148423076918 0.7227564102564105 45.301282057692305 45.30769230769231 8.903846153846153 36.40384615384615 4.164617700036615
244000 596.6153846153846 0.19675916481451952 18.988148423076918 0.7227564102564105 45.301282057692305 45.30769230769231 8.903846153846153 36.40384615384615 4.0346561999758705
246000 596.6153846153846 0.19675916481451952 18.988148423076918 0.7227564102564105 45.301282057692305 45.30769230769231 8.903846153846153 36.40384615384615 4.170688499987591
248000 596.6153846153846 0.19675916481451952 18.988148423076918 0.7227564102564105 45.301282057692305 45.30769230769231 8.903846153846153 36.40384615384615 4.172390100022312
250000 596.6153846153846 0.19675916481451952 18.988148423076918 0.7227564102564105 45.301282057692305 45.30769230769231 8.903846153846153 36.40384615384615 4.183508700050879
252000 596.6153846153846 0.19675916481451952 18.988148423076918 0.7227564102564105 45.301282057692305 45.30769230769231 8.903846153846153 36.40384615384615 4.213725200039335
254000 596.6153846153846 0.19675916481451952 18.988148423076918 0.7227564102564105 45.301282057692305 45.30769230769231 8.903846153846153 36.40384615384615 4.234429399948567
256000 596.6153846153846 0.19675916481451952 18.988148423076918 0.7227564102564105 45.301282057692305 45.30769230769231 8.903846153846153 36.40384615384615 4.404375499987509
258000 596.6153846153846 0.19675916481451952 18.988148423076918 0.7227564102564105 45.301282057692305 45.30769230769231 8.903846153846153 36.40384615384615 4.194544400030281
260000 596.6153846153846 0.19675916481451952 18.988148423076918 0.7227564102564105 45.301282057692305 45.30769230769231 8.903846153846153 36.40384615384615 4.271749900013674
262000 596.6153846153846 0.19675916481451952 18.988148423076918 0.7227564102564105 45.301282057692305 45.30769230769231 8.903846153846153 36.40384615384615 4.491228699975181
264000 596.6153846153846 0.19675916481451952 18.988148423076918 0.7227564102564105 45.301282057692305 45.30769230769231 8.903846153846153 36.40384615384615 4.476811699976679
266000 596.6153846153846 0.19675916481451952 18.988148423076918 0.7227564102564105 45.301282057692305 45.30769230769231 8.903846153846153 36.40384615384615 4.196502499980852
268000 596.6153846153846 0.19675916481451952 18.988148423076918 0.7227564102564105 45.301282057692305 45.30769230769231 8.903846153846153 36.40384615384615 4.243137499957811
270000 596.6153846153846 0.19675916481451952 18.988148423076918 0.7227564102564105 45.301282057692305 45.30769230769231 8.903846153846153 36.40384615384615 4.13771480001742
272000 599.7115384615385 0.21840763746794373 18.941495961538454 0.7227564102564105 45.301282057692305 45.30769230769231 8.903846153846153 36.40384615384615 4.245779899996705
274000 596.6153846153846 0.19675916481451952 18.988148423076918 0.7227564102564105 45.301282057692305 45.30769230769231 8.903846153846153 36.40384615384615 4.625183299998753
276000 596.6153846153846 0.19675916481451952 18.988148423076918 0.7227564102564105 45.301282057692305 45.30769230769231 8.903846153846153 36.40384615384615 4.3096761999768205
278000 596.6153846153846 0.19675916481451952 18.988148423076918 0.7227564102564105 45.301282057692305 45.30769230769231 8.903846153846153 36.40384615384615 4.8045945999911055
280000 596.6153846153846 0.19675916481451952 18.988148423076918 0.7227564102564105 45.301282057692305 45.30769230769231 8.903846153846153 36.40384615384615 4.7007350999629125
282000 596.6153846153846 0.19675916481451952 18.988148423076918 0.7227564102564105 45.301282057692305 45.30769230769231 8.903846153846153 36.40384615384615 4.456681699957699
284000 596.6153846153846 0.19675916481451952 18.988148423076918 0.7227564102564105 45.301282057692305 45.30769230769231 8.903846153846153 36.40384615384615 4.49420979997376
286000 596.6153846153846 0.21598993404528877 18.988148423076918 0.7227564102564105 45.301282057692305 45.30769230769231 8.903846153846153 36.40384615384615 4.629297600011341
288000 596.6153846153846 0.19675916481451952 18.988148423076918 0.7227564102564105 45.301282057692305 45.30769230769231 8.903846153846153 36.40384615384615 4.519067599962
290000 596.6153846153846 0.21598993404528877 18.988148423076918 0.7227564102564105 45.301282057692305 45.30769230769231 8.903846153846153 36.40384615384615 4.2876811000169255
292000 596.6153846153846 0.19675916481451952 18.988148423076918 0.7227564102564105 45.301282057692305 45.30769230769231 8.903846153846153 36.40384615384615 4.6096224000211805
294000 596.6153846153846 0.19675916481451952 18.988148423076918 0.7227564102564105 45.301282057692305 45.30769230769231 8.903846153846153 36.40384615384615 4.6271647999528795
296000 596.6153846153846 0.19675916481451952 18.988148423076918 0.7227564102564105 45.301282057692305 45.30769230769231 8.903846153846153 36.40384615384615 4.459619500034023
298000 596.6153846153846 0.19675916481451952 18.988148423076918 0.7227564102564105 45.301282057692305 45.30769230769231 8.903846153846153 36.40384615384615 4.558721899986267
300000 596.6153846153846 0.19675916481451952 18.988148423076918 0.7227564102564105 45.301282057692305 45.30769230769231 8.903846153846153 36.40384615384615 4.727393300039694
302000 596.6153846153846 0.19675916481451952 18.988148423076918 0.7227564102564105 45.301282057692305 45.30769230769231 8.903846153846153 36.40384615384615 4.5031268000020646
304000 596.6153846153846 0.19675916481451952 18.988148423076918 0.7227564102564105 45.301282057692305 45.30769230769231 8.903846153846153 36.40384615384615 4.4616460999823175
306000 596.6153846153846 0.19675916481451952 18.988148423076918 0.7227564102564105 45.301282057692305 45.30769230769231 8.903846153846153 36.40384615384615 4.349770300032105
308000 596.6153846153846 0.19675916481451952 18.988148423076918 0.7227564102564105 45.301282057692305 45.30769230769231 8.903846153846153 36.40384615384615 4.242040700046346
310000 596.6153846153846 0.19675916481451952 18.988148423076918 0.7227564102564105 45.301282057692305 45.30769230769231 8.903846153846153 36.40384615384615 4.408612900006119
312000 596.6153846153846 0.19675916481451952 18.988148423076918 0.7227564102564105 45.301282057692305 45.30769230769231 8.903846153846153 36.40384615384615 4.523928700014949
314000 596.6153846153846 0.19675916481451952 18.988148423076918 0.7227564102564105 45.301282057692305 45.30769230769231 8.903846153846153 36.40384615384615 4.435065100027714
316000 596.6153846153846 0.19675916481451952 18.988148423076918 0.7227564102564105 45.301282057692305 45.30769230769231 8.903846153846153 36.40384615384615 4.446171699964907
318000 596.6153846153846 0.19675916481451952 18.988148423076918 0.7227564102564105 45.301282057692305 45.30769230769231 8.903846153846153 36.40384615384615 4.269167700025719
320000 596.6153846153846 0.19675916481451952 18.988148423076918 0.7227564102564105 45.301282057692305 45.30769230769231 8.903846153846153 36.40384615384615 4.5954383999924175
322000 596.6153846153846 0.19675916481451952 18.988148423076918 0.7227564102564105 45.301282057692305 45.30769230769231 8.903846153846153 36.40384615384615 4.527321800007485
324000 596.6153846153846 0.19675916481451952 18.988148423076918 0.7227564102564105 45.301282057692305 45.30769230769231 8.903846153846153 36.40384615384615 4.322921900020447
326000 596.6153846153846 0.19675916481451952 18.988148423076918 0.7227564102564105 45.301282057692305 45.30769230769231 8.903846153846153 36.40384615384615 4.349687200039625
328000 596.6153846153846 0.19675916481451952 18.988148423076918 0.7227564102564105 45.301282057692305 45.30769230769231 8.903846153846153 36.40384615384615 4.416942399984691
330000 596.6153846153846 0.19675916481451952 18.988148423076918 0.7227564102564105 45.301282057692305 45.30769230769231 8.903846153846153 36.40384615384615 4.663250700046774
332000 596.6153846153846 0.19675916481451952 18.988148423076918 0.7227564102564105 45.301282057692305 45.30769230769231 8.903846153846153 36.40384615384615 4.612446399987675
334000 596.6153846153846 0.19675916481451952 18.988148423076918 0.7227564102564105 45.301282057692305 45.30769230769231 8.903846153846153 36.40384615384615 4.274593800015282
336000 586.2692307692307 0.1945416082403542 19.05064838461538 0.7227564102564105 45.301282057692305 45.30769230769231 8.75 36.55769230769231 4.572228899982292
338000 596.6153846153846 0.19675916481451952 18.988148423076918 0.7227564102564105 45.301282057692305 45.30769230769231 8.903846153846153 36.40384615384615 4.495429800008424
340000 596.6153846153846 0.19675916481451952 18.988148423076918 0.7227564102564105 45.301282057692305 45.30769230769231 8.903846153846153 36.40384615384615 4.34280129999388
342000 596.6153846153846 0.19675916481451952 18.988148423076918 0.7227564102564105 45.301282057692305 45.30769230769231 8.903846153846153 36.40384615384615 4.643020999967121
344000 596.6153846153846 0.19675916481451952 18.988148423076918 0.7227564102564105 45.301282057692305 45.30769230769231 8.903846153846153 36.40384615384615 4.5690387999638915
346000 596.6153846153846 0.19675916481451952 18.988148423076918 0.7227564102564105 45.301282057692305 45.30769230769231 8.903846153846153 36.40384615384615 4.27516200003447
348000 596.6153846153846 0.19675916481451952 18.988148423076918 0.7227564102564105 45.301282057692305 45.30769230769231 8.903846153846153 36.40384615384615 4.63727150001796
350000 596.6153846153846 0.19675916481451952 18.988148423076918 0.7227564102564105 45.301282057692305 45.30769230769231 8.903846153846153 36.40384615384615 4.528478700027335
352000 596.6153846153846 0.19675916481451952 18.988148423076918 0.7227564102564105 45.301282057692305 45.30769230769231 8.903846153846153 36.40384615384615 4.29166729998542
354000 596.6153846153846 0.19675916481451952 18.988148423076918 0.7227564102564105 45.301282057692305 45.30769230769231 8.903846153846153 36.40384615384615 4.405434499960393
356000 596.6153846153846 0.19675916481451952 18.988148423076918 0.7227564102564105 45.301282057692305 45.30769230769231 8.903846153846153 36.40384615384615 4.415275599982124
358000 596.6153846153846 0.19675916481451952 18.988148423076918 0.7227564102564105 45.301282057692305 45.30769230769231 8.903846153846153 36.40384615384615 4.335565100016538
360000 596.6153846153846 0.21598993404528877 18.988148423076918 0.7227564102564105 45.301282057692305 45.30769230769231 8.903846153846153 36.40384615384615 4.751575000002049
362000 596.6153846153846 0.19675916481451952 18.988148423076918 0.7227564102564105 45.301282057692305 45.30769230769231 8.903846153846153 36.40384615384615 4.732839500007685
364000 596.6153846153846 0.19675916481451952 18.988148423076918 0.7227564102564105 45.301282057692305 45.30769230769231 8.903846153846153 36.40384615384615 4.513955099973828
366000 596.6153846153846 0.19675916481451952 18.988148423076918 0.7227564102564105 45.301282057692305 45.30769230769231 8.903846153846153 36.40384615384615 4.048615899984725
368000 596.6153846153846 0.19618223981711388 18.988148423076918 0.7227564102564105 45.301282057692305 45.30769230769231 8.903846153846153 36.40384615384615 4.230875700013712
370000 596.6153846153846 0.19618223981711388 18.988148423076918 0.7227564102564105 45.301282057692305 45.30769230769231 8.903846153846153 36.40384615384615 4.688026900053956
372000 596.6153846153846 0.19618223981711388 18.988148423076918 0.7227564102564105 45.301282057692305 45.30769230769231 8.903846153846153 36.40384615384615 4.293440200039186
374000 596.6153846153846 0.19672348471364554 18.988148423076918 0.7227564102564105 45.301282057692305 45.30769230769231 8.903846153846153 36.40384615384615 4.246347599953879
376000 596.6153846153846 0.19618223981711388 18.988148423076918 0.7227564102564105 45.301282057692305 45.30769230769231 8.903846153846153 36.40384615384615 4.624522000027355
378000 596.6153846153846 0.19675916481451952 18.988148423076918 0.7227564102564105 45.301282057692305 45.30769230769231 8.903846153846153 36.40384615384615 4.670625299972016
380000 596.6153846153846 0.19675916481451952 18.988148423076918 0.7227564102564105 45.301282057692305 45.30769230769231 8.903846153846153 36.40384615384615 4.448784700012766
382000 596.6153846153846 0.19618223981711388 18.988148423076918 0.7227564102564105 45.301282057692305 45.30769230769231 8.903846153846153 36.40384615384615 4.554555099981371
384000 596.6153846153846 0.19618223981711388 18.988148423076918 0.7227564102564105 45.301282057692305 45.30769230769231 8.903846153846153 36.40384615384615 4.53030199999921
386000 596.6153846153846 0.19675916481451952 18.988148423076918 0.7227564102564105 45.301282057692305 45.30769230769231 8.903846153846153 36.40384615384615 4.556625199969858
388000 596.6153846153846 0.19675916481451952 18.988148423076918 0.7227564102564105 45.301282057692305 45.30769230769231 8.903846153846153 36.40384615384615 4.566029299981892
390000 596.6153846153846 0.19675916481451952 18.988148423076918 0.7227564102564105 45.301282057692305 45.30769230769231 8.903846153846153 36.40384615384615 4.585253899975214
392000 596.6153846153846 0.19618223981711388 18.988148423076918 0.7227564102564105 45.301282057692305 45.30769230769231 8.903846153846153 36.40384615384615 4.32353759999387
394000 596.6153846153846 0.19675916481451952 18.988148423076918 0.7227564102564105 45.301282057692305 45.30769230769231 8.903846153846153 36.40384615384615 4.459749599976931
396000 596.6153846153846 0.1959514057257946 18.988148423076918 0.7227564102564105 45.301282057692305 45.30769230769231 8.903846153846153 36.40384615384615 4.43086800002493
398000 596.6153846153846 0.19537448072838895 18.988148423076918 0.7227564102564105 45.301282057692305 45.30769230769231 8.903846153846153 36.40384615384615 4.427672500023618
400000 596.6153846153846 0.1959514057257946 18.988148423076918 0.7227564102564105 45.301282057692305 45.30769230769231 8.903846153846153 36.40384615384615 4.3712478000088595
402000 596.6153846153846 0.19675916481451952 18.988148423076918 0.7227564102564105 45.301282057692305 45.30769230769231 8.903846153846153 36.40384615384615 4.381029399984982
404000 591.5 0.19608747356530654 19.000968942307686 0.7227564102564105 45.301282057692305 45.30769230769231 8.903846153846153 36.40384615384615 4.504759700037539
406000 596.6153846153846 0.19675916481451952 18.988148423076918 0.7227564102564105 45.301282057692305 45.30769230769231 8.903846153846153 36.40384615384615 4.610297499981243
408000 596.6153846153846 0.19675916481451952 18.988148423076918 0.7227564102564105 45.301282057692305 45.30769230769231 8.903846153846153 36.40384615384615 4.530033799994271
410000 596.6153846153846 0.19675916481451952 18.988148423076918 0.7227564102564105 45.301282057692305 45.30769230769231 8.903846153846153 36.40384615384615 4.403862899984233
412000 596.6153846153846 0.19675916481451952 18.988148423076918 0.7227564102564105 45.301282057692305 45.30769230769231 8.903846153846153 36.40384615384615 4.160769700014498
414000 596.6153846153846 0.19675916481451952 18.988148423076918 0.7227564102564105 45.301282057692305 45.30769230769231 8.903846153846153 36.40384615384615 4.6947807999677025
416000 596.6153846153846 0.19675916481451952 18.988148423076918 0.7227564102564105 45.301282057692305 45.30769230769231 8.903846153846153 36.40384615384615 4.371339000004809
418000 596.6153846153846 0.19675916481451952 18.988148423076918 0.7227564102564105 45.301282057692305 45.30769230769231 8.903846153846153 36.40384615384615 4.365922799974214
420000 596.6153846153846 0.19675916481451952 18.988148423076918 0.7227564102564105 45.301282057692305 45.30769230769231 8.903846153846153 36.40384615384615 4.3357259999611415
422000 596.6153846153846 0.1959514057257946 18.988148423076918 0.7227564102564105 45.301282057692305 45.30769230769231 8.903846153846153 36.40384615384615 4.180256600026041
424000 596.6153846153846 0.19675916481451952 18.988148423076918 0.7227564102564105 45.301282057692305 45.30769230769231 8.903846153846153 36.40384615384615 4.070125499973074
426000 596.6153846153846 0.19675916481451952 18.988148423076918 0.7227564102564105 45.301282057692305 45.30769230769231 8.903846153846153 36.40384615384615 4.141246500017587
428000 596.6153846153846 0.1959514057257946 18.988148423076918 0.7227564102564105 45.301282057692305 45.30769230769231 8.903846153846153 36.40384615384615 4.215003099991009
430000 596.6153846153846 0.1959514057257946 18.988148423076918 0.7227564102564105 45.301282057692305 45.30769230769231 8.903846153846153 36.40384615384615 4.115417999972124
432000 596.6153846153846 0.1959514057257946 18.988148423076918 0.7227564102564105 45.301282057692305 45.30769230769231 8.903846153846153 36.40384615384615 4.484148200019263
434000 596.6153846153846 0.19675916481451952 18.988148423076918 0.7227564102564105 45.301282057692305 45.30769230769231 8.903846153846153 36.40384615384615 4.388845499954186
436000 596.6153846153846 0.19675916481451952 18.988148423076918 0.7227564102564105 45.301282057692305 45.30769230769231 8.903846153846153 36.40384615384615 4.4071174999699
438000 596.6153846153846 0.19675916481451952 18.988148423076918 0.7227564102564105 45.301282057692305 45.30769230769231 8.903846153846153 36.40384615384615 4.277765100006945
440000 596.6153846153846 0.19675916481451952 18.988148423076918 0.7227564102564105 45.301282057692305 45.30769230769231 8.903846153846153 36.40384615384615 4.167146000021603
442000 596.6153846153846 0.19675916481451952 18.988148423076918 0.7227564102564105 45.301282057692305 45.30769230769231 8.903846153846153 36.40384615384615 4.610212399973534
444000 596.6153846153846 0.19675916481451952 18.988148423076918 0.7227564102564105 45.301282057692305 45.30769230769231 8.903846153846153 36.40384615384615 4.245089799980633
446000 596.6153846153846 0.19675916481451952 18.988148423076918 0.7227564102564105 45.301282057692305 45.30769230769231 8.903846153846153 36.40384615384615 4.432104300009087
448000 596.6153846153846 0.1959514057257946 18.988148423076918 0.7227564102564105 45.301282057692305 45.30769230769231 8.903846153846153 36.40384615384615 4.193864199973177
450000 596.6153846153846 0.19675916481451952 18.988148423076918 0.7227564102564105 45.301282057692305 45.30769230769231 8.903846153846153 36.40384615384615 4.16836000001058
452000 596.6153846153846 0.19675916481451952 18.988148423076918 0.7227564102564105 45.301282057692305 45.30769230769231 8.903846153846153 36.40384615384615 4.124813599977642
454000 596.6153846153846 0.19675916481451952 18.988148423076918 0.7227564102564105 45.301282057692305 45.30769230769231 8.903846153846153 36.40384615384615 4.329143800016027
456000 596.6153846153846 0.19675916481451952 18.988148423076918 0.7227564102564105 45.301282057692305 45.30769230769231 8.903846153846153 36.40384615384615 4.374188599991612
458000 596.6153846153846 0.19675916481451952 18.988148423076918 0.7227564102564105 45.301282057692305 45.30769230769231 8.903846153846153 36.40384615384615 4.297457000007853
460000 596.6153846153846 0.19675916481451952 18.988148423076918 0.7227564102564105 45.301282057692305 45.30769230769231 8.903846153846153 36.40384615384615 3.749566800019238
462000 596.6153846153846 0.19675916481451952 18.988148423076918 0.7227564102564105 45.301282057692305 45.30769230769231 8.903846153846153 36.40384615384615 4.2236063000163995
464000 596.6153846153846 0.19675916481451952 18.988148423076918 0.7227564102564105 45.301282057692305 45.30769230769231 8.903846153846153 36.40384615384615 4.565873499959707
466000 596.6153846153846 0.19675916481451952 18.988148423076918 0.7227564102564105 45.301282057692305 45.30769230769231 8.903846153846153 36.40384615384615 4.003550899971742
468000 596.6153846153846 0.19675916481451952 18.988148423076918 0.7227564102564105 45.301282057692305 45.30769230769231 8.903846153846153 36.40384615384615 3.9698551000328735
470000 596.6153846153846 0.19675916481451952 18.988148423076918 0.7227564102564105 45.301282057692305 45.30769230769231 8.903846153846153 36.40384615384615 3.9127705999999307
472000 596.6153846153846 0.19675916481451952 18.988148423076918 0.7227564102564105 45.301282057692305 45.30769230769231 8.903846153846153 36.40384615384615 3.3357942000147887
474000 596.6153846153846 0.19675916481451952 18.988148423076918 0.7227564102564105 45.301282057692305 45.30769230769231 8.903846153846153 36.40384615384615 3.301176899985876
476000 596.6153846153846 0.19675916481451952 18.988148423076918 0.7227564102564105 45.301282057692305 45.30769230769231 8.903846153846153 36.40384615384615 2.8313268999918364
478000 596.6153846153846 0.19675916481451952 18.988148423076918 0.7227564102564105 45.301282057692305 45.30769230769231 8.903846153846153 36.40384615384615 2.6775189000181854
480000 596.6153846153846 0.19675916481451952 18.988148423076918 0.7227564102564105 45.301282057692305 45.30769230769231 8.903846153846153 36.40384615384615 2.7505056000081822
482000 596.6153846153846 0.19675916481451952 18.988148423076918 0.7227564102564105 45.301282057692305 45.30769230769231 8.903846153846153 36.40384615384615 2.669480599986855
484000 596.6153846153846 0.19675916481451952 18.988148423076918 0.7227564102564105 45.301282057692305 45.30769230769231 8.903846153846153 36.40384615384615 2.4008023000205867
486000 596.6153846153846 0.19675916481451952 18.988148423076918 0.7227564102564105 45.301282057692305 45.30769230769231 8.903846153846153 36.40384615384615 2.658010600018315
488000 596.6153846153846 0.19675916481451952 18.988148423076918 0.7227564102564105 45.301282057692305 45.30769230769231 8.903846153846153 36.40384615384615 2.270583199977409
490000 596.6153846153846 0.19675916481451952 18.988148423076918 0.7227564102564105 45.301282057692305 45.30769230769231 8.903846153846153 36.40384615384615 2.296254599990789
492000 596.6153846153846 0.19675916481451952 18.988148423076918 0.7227564102564105 45.301282057692305 45.30769230769231 8.903846153846153 36.40384615384615 2.066776400024537
494000 596.6153846153846 0.19675916481451952 18.988148423076918 0.7227564102564105 45.301282057692305 45.30769230769231 8.903846153846153 36.40384615384615 2.0237158000236377
496000 596.6153846153846 0.19675916481451952 18.988148423076918 0.7227564102564105 45.301282057692305 45.30769230769231 8.903846153846153 36.40384615384615 1.8249390999553725
498000 596.6153846153846 0.19675916481451952 18.988148423076918 0.7227564102564105 45.301282057692305 45.30769230769231 8.903846153846153 36.40384615384615 1.905208499985747
500000 596.6153846153846 0.19675916481451952 18.988148423076918 0.7227564102564105 45.301282057692305 45.30769230769231 8.903846153846153 36.40384615384615 1.9358901000232436
