2000 1.7692307692307692 0.0003088095838798949 36.578161807692304 0.1346153846153846 45.301282057692305 45.30769230769231 3.230769230769231 42.07692307692308 2.516188299981877
4000 5.480769230769231 0.0009415785942999979 35.56525161538462 0.14262820512820512 45.301282057692305 45.30769230769231 3.3076923076923075 42.0 3.2776823000167497
6000 5.423076923076923 0.0008238753821435714 35.610125057692294 0.12980769230769232 45.301282057692305 45.30769230769231 3.4038461538461537 41.90384615384615 3.7357220000121742
8000 7.8076923076923075 0.0013065019840631778 32.02286530769231 0.3060897435897436 45.301282057692305 45.30769230769231 3.326923076923077 41.98076923076923 3.988801700004842
10000 8.826923076923077 0.002490141344030748 31.699642942307687 0.2676282051282051 45.301282057692305 45.30769230769231 3.2884615384615383 42.01923076923077 4.6603405000059865
12000 4.634615384615385 0.0007604933275512833 34.53607946153846 0.09775641025641026 45.301282057692305 45.30769230769231 3.5576923076923075 41.75 4.161699899996165
14000 2.519230769230769 0.00043485038347938196 35.399476673076904 0.10576923076923077 45.301282057692305 45.30769230769231 3.2115384615384617 42.09615384615385 3.835186500044074
16000 3.0961538461538463 0.000594149183638659 34.613899519230785 0.12660256410256407 45.301282057692305 45.30769230769231 3.2115384615384617 42.09615384615385 4.139539199997671
18000 2.2115384615384617 0.00038369438224610593 35.605885384615384 0.15705128205128205 45.301282057692305 45.30769230769231 3.2115384615384617 42.09615384615385 3.780565800028853
20000 5.480769230769231 -0.018212961857794526 33.44269226923076 0.15544871794871792 45.301282057692305 45.30769230769231 4.1923076923076925 41.11538461538461 4.002942399994936
22000 2.9423076923076925 0.00034837092920114146 35.86657151923077 0.11698717948717949 45.301282057692305 45.30769230769231 3.4038461538461537 41.90384615384615 3.591900800005533
24000 3.5576923076923075 0.0008177922108269079 35.333804211538464 0.1875 45.301282057692305 45.30769230769231 3.269230769230769 42.03846153846154 3.7181279999786057
26000 5.153846153846154 0.0008728396508398853 34.19487953846153 0.24358974358974358 45.301282057692305 45.30769230769231 3.2115384615384617 42.09615384615385 3.7642742000170983
28000 10.211538461538462 0.0012127905874330337 32.270406153846146 0.23397435897435898 45.301282057692305 45.30769230769231 3.2115384615384617 42.09615384615385 3.7625572999822907
30000 10.057692307692308 0.0011021756003162944 32.22553365384615 0.2403846153846154 45.301282057692305 45.30769230769231 3.2115384615384617 42.09615384615385 4.001225700019859
32000 9.0 0.0008574351268421488 31.882585538461537 0.17628205128205127 45.301282057692305 45.30769230769231 3.2115384615384617 42.09615384615385 3.615500499960035
34000 9.942307692307692 0.0011446710284739399 31.60373926923077 0.17628205128205127 45.301282057692305 45.30769230769231 3.2115384615384617 42.09615384615385 3.931253499991726
36000 5.461538461538462 0.0009667331103157138 33.6316269423077 0.2147435897435897 45.301282057692305 45.30769230769231 3.2115384615384617 42.09615384615385 3.8718783000367694
38000 5.673076923076923 0.0007049411366503251 34.715841211538454 0.1137820512820513 45.301282057692305 45.30769230769231 4.115384615384615 41.19230769230769 4.362141199992038
40000 14.48076923076923 0.001596624434476775 31.145241038461545 0.20833333333333334 45.301282057692305 45.30769230769231 10.25 35.05769230769231 3.729926500003785
42000 14.5 0.001317829498874804 31.357849057692324 0.1778846153846154 45.301282057692305 45.30769230769231 10.25 35.05769230769231 4.1003806999651715
44000 12.615384615384615 0.0026130329065509913 31.857848923076922 0.16025641025641027 45.301282057692305 45.30769230769231 9.807692307692308 35.5 3.741410399961751
46000 3.480769230769231 0.00043339528371928715 35.640717153846154 0.10897435897435898 45.301282057692305 45.30769230769231 3.326923076923077 41.98076923076923 3.7767671999754384
48000 10.5 0.0010973232862623633 31.98284823076923 0.16025641025641024 45.301282057692305 45.30769230769231 9.538461538461538 35.76923076923077 3.8079606000101194
50000 15.942307692307692 -0.03513669242556288 31.022700538461535 0.16346153846153846 45.301282057692305 45.30769230769231 10.096153846153847 35.21153846153846 3.8825938000227325
52000 13.903846153846153 0.0033566717126751445 32.16788817307692 0.15865384615384615 45.301282057692305 45.30769230769231 9.538461538461538 35.76923076923077 3.951491499959957
54000 7.019230769230769 0.0011880116923506936 33.32642280769231 0.24198717948717946 45.301282057692305 45.30769230769231 3.576923076923077 41.73076923076923 4.1099528999766335
56000 12.653846153846153 0.0013681071205154838 32.82760921153846 0.16346153846153846 45.301282057692305 45.30769230769231 8.5 36.80769230769231 4.204439000051934
58000 9.288461538461538 0.00253172376408613 33.282765807692314 0.11217948717948717 45.301282057692305 45.30769230769231 7.0576923076923075 38.25 3.836392299970612
60000 11.384615384615385 0.002527592194919122 31.830029442307687 0.19711538461538464 45.301282057692305 45.30769230769231 7.519230769230769 37.78846153846154 3.9254243000177667
62000 5.653846153846154 0.0011562136537046214 35.188157730769234 0.08333333333333334 45.301282057692305 45.30769230769231 4.538461538461538 40.76923076923077 3.8408769000088796
64000 5.384615384615385 -0.018304338612474894 33.83622419230769 0.1201923076923077 45.301282057692305 45.30769230769231 3.2115384615384617 42.09615384615385 3.9213345000171103
66000 8.057692307692308 0.00184041721828918 33.46990959615384 0.125 45.301282057692305 45.30769230769231 4.153846153846154 41.15384615384615 3.7349997999845073
68000 9.23076923076923 0.0012498490119553967 32.314744615384605 0.16666666666666666 45.301282057692305 45.30769230769231 3.230769230769231 42.07692307692308 4.00290690001566
70000 11.923076923076923 0.003116084887058763 30.482730923076915 0.19230769230769226 45.301282057692305 45.30769230769231 8.0 37.30769230769231 3.820209299970884
72000 22.865384615384617 0.007178352425416145 29.683111269230764 0.21955128205128205 45.301282057692305 45.30769230769231 12.403846153846153 32.90384615384615 3.7358414999907836
74000 42.94230769230769 0.00899472075144133 27.415212096153848 0.2932692307692308 45.301282057692305 45.30769230769231 10.25 35.05769230769231 3.9886990999802947
76000 41.94230769230769 0.010471509663744907 27.674291076923073 0.29967948717948717 45.301282057692305 45.30769230769231 9.057692307692308 36.25 3.8810697000008076
78000 19.903846153846153 0.006260250905971474 30.961798538461547 0.1875 45.301282057692305 45.30769230769231 9.192307692307692 36.11538461538461 3.7951188999577425
80000 53.65384615384615 0.010287347150166826 26.566389634615387 0.32692307692307687 45.301282057692305 45.30769230769231 10.25 35.05769230769231 3.918537500023376
82000 56.15384615384615 0.01043239506031261 26.92429261538462 0.3125 45.301282057692305 45.30769230769231 10.25 35.05769230769231 4.7426553999539465
84000 61.65384615384615 0.008496831397099863 26.40132190384616 0.3012820512820513 45.301282057692305 45.30769230769231 10.25 35.05769230769231 4.289574499998707
86000 69.40384615384616 0.012518927724543136 26.176962000000003 0.3205128205128205 45.301282057692305 45.30769230769231 10.26923076923077 35.03846153846154 4.121283299988136
88000 62.13461538461539 0.010430057499846702 26.030595634615388 0.3910256410256409 45.301282057692305 45.30769230769231 10.134615384615385 35.17307692307692 4.055154200003017
90000 79.61538461538461 0.020119453578808802 26.13582840384615 0.3557692307692308 45.301282057692305 45.30769230769231 10.25 35.05769230769231 3.706009500019718
92000 50.75 0.004091418075542095 27.46328973076924 0.296474358974359 45.301282057692305 45.30769230769231 10.25 35.05769230769231 3.843034700024873
94000 48.11538461538461 0.0032894434165920646 27.020982134615387 0.3397435897435897 45.301282057692305 45.30769230769231 10.25 35.05769230769231 3.622662899957504
96000 70.42307692307692 0.01487366859327355 26.600040480769227 0.3493589743589744 45.301282057692305 45.30769230769231 10.25 35.05769230769231 3.9814465999952517
98000 74.57692307692308 0.016910601343504486 26.529880749999997 0.3621794871794872 45.301282057692305 45.30769230769231 10.23076923076923 35.07692307692308 4.115202699962538
100000 65.1923076923077 0.012397616390969392 26.575626615384614 0.37499999999999994 45.301282057692305 45.30769230769231 10.653846153846153 34.65384615384615 4.113383999967482
102000 59.26923076923077 0.006452702748279433 27.056773038461532 0.34134615384615385 45.301282057692305 45.30769230769231 10.423076923076923 34.88461538461539 3.8195429000188597
104000 75.92307692307692 0.017487584229221476 26.846123192307687 0.33653846153846156 45.301282057692305 45.30769230769231 10.461538461538462 34.84615384615385 3.8942091000499204
106000 71.59615384615384 0.015598464706792013 26.49106469230768 0.3798076923076923 45.301282057692305 45.30769230769231 10.25 35.05769230769231 4.076838899985887
108000 70.07692307692308 0.014591396516207923 26.72824371153845 0.375 45.301282057692305 45.30769230769231 10.096153846153847 35.21153846153846 3.953309700009413
110000 80.1923076923077 0.02183057388893689 26.22183257692308 0.3685897435897436 45.301282057692305 45.30769230769231 9.942307692307692 35.36538461538461 4.0355036000255495
112000 169.57692307692307 0.028022151983623754 23.77952073076923 0.4615384615384616 45.301282057692305 45.30769230769231 10.25 35.05769230769231 3.8569476999691688
114000 181.94230769230768 0.02205383315358226 23.1000335 0.4775641025641026 45.301282057692305 45.30769230769231 10.288461538461538 35.01923076923077 3.624311999999918
116000 93.53846153846153 0.01387498794684698 24.008155153846158 0.4358974358974359 45.301282057692305 45.30769230769231 10.307692307692308 35.0 3.7841459999908693
118000 116.11538461538461 0.036133947141909754 24.50815536538462 0.36858974358974356 45.301282057692305 45.30769230769231 10.25 35.05769230769231 3.9551570000476204
120000 188.96153846153845 0.034513419821570995 23.40131665384616 0.5000000000000001 45.301282057692305 45.30769230769231 10.25 35.05769230769231 3.821565099991858
122000 241.01923076923077 0.06615483570791664 23.282726884615386 0.5048076923076923 45.301282057692305 45.30769230769231 10.26923076923077 35.03846153846154 4.011691500025336
124000 248.25 0.06316885030816727 22.92375136538462 0.5112179487179487 45.301282057692305 45.30769230769231 10.288461538461538 35.01923076923077 4.035591899999417
126000 245.19230769230768 0.06555489130618157 22.67695636538462 0.5064102564102565 45.301282057692305 45.30769230769231 10.26923076923077 35.03846153846154 3.8613934999448247
128000 246.03846153846155 0.06578759430484633 22.65131532692308 0.5064102564102565 45.301282057692305 45.30769230769231 10.288461538461538 35.01923076923077 3.6983292000368237
130000 249.48076923076923 0.06575624435863404 22.741059000000003 0.5128205128205128 45.301282057692305 45.30769230769231 10.346153846153847 34.96153846153846 4.221834600029979
132000 250.46153846153845 0.0656230457654855 22.593623 0.5224358974358974 45.301282057692305 45.30769230769231 10.26923076923077 35.03846153846154 3.9944767000270076
134000 256.88461538461536 0.06307645159910698 22.542340903846153 0.5128205128205128 45.301282057692305 45.30769230769231 10.26923076923077 35.03846153846154 3.984561700024642
136000 256.38461538461536 0.06531192802794998 22.555161423076928 0.5128205128205128 45.301282057692305 45.30769230769231 10.26923076923077 35.03846153846154 3.962409900035709
138000 256.1730769230769 0.0620125071556561 22.58080246153846 0.5128205128205128 45.301282057692305 45.30769230769231 10.26923076923077 35.03846153846154 3.891159399994649
140000 253.42307692307693 0.06059837151884422 22.62567426923077 0.5128205128205128 45.301282057692305 45.30769230769231 10.25 35.05769230769231 4.075459799962118
142000 255.3653846153846 0.06114512229541047 22.60003323076923 0.5128205128205128 45.301282057692305 45.30769230769231 10.25 35.05769230769231 4.016702199995052
144000 255.3653846153846 0.06114512229541047 22.60003323076923 0.5128205128205128 45.301282057692305 45.30769230769231 10.25 35.05769230769231 3.9073357000015676
146000 255.3653846153846 0.06114512229541047 22.60003323076923 0.5128205128205128 45.301282057692305 45.30769230769231 10.25 35.05769230769231 4.354199499997776
148000 323.5 0.10177042966199842 21.186567115384612 0.5544871794871795 45.301282057692305 45.30769230769231 10.25 35.05769230769231 3.8757028999971226
150000 381.03846153846155 0.11377352393169303 20.14489863461538 0.5625 45.301282057692305 45.30769230769231 10.25 35.05769230769231 4.211115299956873
152000 382.78846153846155 0.09623083629035965 20.132078115384612 0.5625 45.301282057692305 45.30769230769231 10.25 35.05769230769231 4.084329599980265
154000 382.7692307692308 0.09722265407909826 20.119257596153844 0.5625 45.301282057692305 45.30769230769231 10.25 35.05769230769231 4.054067099990789
156000 389.28846153846155 0.09833857600443949 20.125669153846154 0.5625 45.301282057692305 45.30769230769231 10.307692307692308 35.0 3.936862300033681
158000 421.4230769230769 0.0702967438074828 20.555155250000002 0.5624999999999999 45.301282057692305 45.30769230769231 10.25 35.05769230769231 3.996403899975121
160000 422.6923076923077 0.07150606430265183 20.551950442307696 0.5624999999999999 45.301282057692305 45.30769230769231 10.26923076923077 35.03846153846154 3.786951999994926
162000 423.36538461538464 0.07339529929773324 20.600027730769234 0.5624999999999999 45.301282057692305 45.30769230769231 10.326923076923077 34.98076923076923 3.8217823000159115
164000 460.46153846153845 0.09535862735526254 20.49493603846154 0.5769230769230769 45.301282057692305 45.30769230769231 10.788461538461538 34.51923076923077 3.97721649997402
166000 611.8846153846154 0.16755560004096862 19.904115211538457 0.5833333333333333 45.301282057692305 45.30769230769231 12.365384615384615 32.94230769230769 4.343755300040357
168000 610.6538461538462 0.1698357623744165 19.916935076923075 0.5833333333333333 45.301282057692305 45.30769230769231 12.326923076923077 32.98076923076923 4.323445499991067
170000 618.7115384615385 0.18802580551620435 19.935988980769228 0.5881410256410257 45.301282057692305 45.30769230769231 12.48076923076923 32.82692307692308 4.575284000020474
172000 621.5384615384615 0.17669811613308234 19.878829692307686 0.5881410256410257 45.301282057692305 45.30769230769231 12.326923076923077 32.98076923076923 4.058523499988951
174000 625.9615384615385 0.17886996960111848 19.870994961538454 0.5817307692307692 45.301282057692305 45.30769230769231 12.326923076923077 32.98076923076923 4.157015800010413
176000 625.9615384615385 0.17886996960111848 19.870994961538454 0.5817307692307692 45.301282057692305 45.30769230769231 12.326923076923077 32.98076923076923 4.174857700010762
178000 629.9423076923077 0.1835120460012449 19.830396884615382 0.5817307692307692 45.301282057692305 45.30769230769231 12.384615384615385 32.92307692307692 4.4732187000336125
180000 644.7692307692307 0.18577860604821655 19.694000519230766 0.5977564102564102 45.301282057692305 45.30769230769231 11.942307692307692 33.36538461538461 4.140832700009923
182000 644.7692307692307 0.18577860604821655 19.694000519230766 0.5977564102564102 45.301282057692305 45.30769230769231 11.942307692307692 33.36538461538461 4.135441999998875
184000 644.7692307692307 0.18577860604821655 19.694000519230766 0.5977564102564102 45.301282057692305 45.30769230769231 11.942307692307692 33.36538461538461 4.015036299999338
186000 668.4615384615385 0.19802005187009655 19.529471249999993 0.5977564102564102 45.301282057692305 45.30769230769231 11.942307692307692 33.36538461538461 3.8945484000141732
188000 660.5961538461538 0.194632768654962 19.588588057692302 0.5977564102564102 45.301282057692305 45.30769230769231 11.942307692307692 33.36538461538461 3.925692600023467
190000 733.6153846153846 0.21884732943720817 18.624608153846154 0.6282051282051282 45.301282057692305 45.30769230769231 10.25 35.05769230769231 4.026085600024089
192000 757.0384615384615 0.23898153952035509 18.37367425 0.6282051282051282 45.301282057692305 45.30769230769231 10.25 35.05769230769231 4.468416100018658
194000 757.0384615384615 0.23898153952035509 18.37367425 0.6282051282051282 45.301282057692305 45.30769230769231 10.25 35.05769230769231 4.058059000002686
196000 757.0384615384615 0.23898153952035509 18.37367425 0.6282051282051282 45.301282057692305 45.30769230769231 10.25 35.05769230769231 4.180311699979939
198000 757.0384615384615 0.23898153952035509 18.37367425 0.6282051282051282 45.301282057692305 45.30769230769231 10.25 35.05769230769231 4.075537700031418
200000 757.0384615384615 0.23898153952035509 18.37367425 0.6282051282051282 45.301282057692305 45.30769230769231 10.25 35.05769230769231 3.8905214000260457
202000 757.0384615384615 0.23898153952035509 18.37367425 0.6282051282051282 45.301282057692305 45.30769230769231 10.25 35.05769230769231 4.015909499954432
204000 763.3653846153846 0.24210077533658228 18.330939634615387 0.6282051282051282 45.301282057692305 45.30769230769231 10.25 35.05769230769231 4.223822199972346
206000 763.3653846153846 0.24210077533658228 18.330939634615387 0.6282051282051282 45.301282057692305 45.30769230769231 10.25 35.05769230769231 4.276046300015878
208000 757.0384615384615 0.23898153952035509 18.37367425 0.6282051282051282 45.301282057692305 45.30769230769231 10.25 35.05769230769231 4.002001899993047
210000 763.3653846153846 0.24210077533658228 18.330939634615387 0.6282051282051282 45.301282057692305 45.30769230769231 10.25 35.05769230769231 3.8351448999601416
212000 763.3653846153846 0.24210077533658228 18.330939634615387 0.6282051282051282 45.301282057692305 45.30769230769231 10.25 35.05769230769231 4.238950399972964
214000 763.3653846153846 0.24210077533658228 18.330939634615387 0.6282051282051282 45.301282057692305 45.30769230769231 10.25 35.05769230769231 3.7856714999652468
216000 763.3653846153846 0.24210077533658228 18.330939634615387 0.6282051282051282 45.301282057692305 45.30769230769231 10.25 35.05769230769231 4.1636049000080675
218000 763.3653846153846 0.24210077533658228 18.330939634615387 0.6282051282051282 45.301282057692305 45.30769230769231 10.25 35.05769230769231 3.7619563000043854
220000 763.3653846153846 0.24210077533658228 18.330939634615387 0.6282051282051282 45.301282057692305 45.30769230769231 10.25 35.05769230769231 4.375669299974106
222000 763.3653846153846 0.24210077533658228 18.330939634615387 0.6282051282051282 45.301282057692305 45.30769230769231 10.25 35.05769230769231 4.007537600002252
224000 763.3653846153846 0.24210077533658228 18.330939634615387 0.6282051282051282 45.301282057692305 45.30769230769231 10.25 35.05769230769231 3.974802299984731
226000 763.3653846153846 0.24210077533658228 18.330939634615387 0.6282051282051282 45.301282057692305 45.30769230769231 10.25 35.05769230769231 4.08086300001014
228000 763.3653846153846 0.24210077533658228 18.330939634615387 0.6282051282051282 45.301282057692305 45.30769230769231 10.25 35.05769230769231 4.092299100011587
230000 763.3653846153846 0.24210077533658228 18.330939634615387 0.6282051282051282 45.301282057692305 45.30769230769231 10.25 35.05769230769231 4.06037889997242
232000 763.3653846153846 0.24210077533658228 18.330939634615387 0.6282051282051282 45.301282057692305 45.30769230769231 10.25 35.05769230769231 4.033574600005522
234000 763.3653846153846 0.24210077533658228 18.330939634615387 0.6282051282051282 45.301282057692305 45.30769230769231 10.25 35.05769230769231 3.8495760999503545
236000 763.3653846153846 0.24210077533658228 18.330939634615387 0.6282051282051282 45.301282057692305 45.30769230769231 10.25 35.05769230769231 4.0166936999885365
238000 763.3653846153846 0.24210077533658228 18.330939634615387 0.6282051282051282 45.301282057692305 45.30769230769231 10.25 35.05769230769231 3.903128399979323
240000 763.3653846153846 0.24210077533658228 18.330939634615387 0.6282051282051282 45.301282057692305 45.30769230769231 10.25 35.05769230769231 3.8454669000348076
242000 763.3653846153846 0.24210077533658228 18.330939634615387 0.6282051282051282 45.301282057692305 45.30769230769231 10.25 35.05769230769231 3.881111200025771
244000 763.3653846153846 0.24210077533658228 18.330939634615387 0.6282051282051282 45.301282057692305 45.30769230769231 10.25 35.05769230769231 3.8484272999921814
246000 763.3653846153846 0.24210077533658228 18.330939634615387 0.6282051282051282 45.301282057692305 45.30769230769231 10.25 35.05769230769231 4.639276399975643
248000 763.3653846153846 0.24210077533658228 18.330939634615387 0.6282051282051282 45.301282057692305 45.30769230769231 10.25 35.05769230769231 4.248589999973774
250000 763.3653846153846 0.24210077533658228 18.330939634615387 0.6282051282051282 45.301282057692305 45.30769230769231 10.25 35.05769230769231 3.788527400000021
252000 763.3653846153846 0.24210077533658228 18.330939634615387 0.6282051282051282 45.301282057692305 45.30769230769231 10.25 35.05769230769231 4.012304599978961
254000 763.3653846153846 0.24210077533658228 18.330939634615387 0.6282051282051282 45.301282057692305 45.30769230769231 10.25 35.05769230769231 4.349725699983537
256000 763.3653846153846 0.24210077533658228 18.330939634615387 0.6282051282051282 45.301282057692305 45.30769230769231 10.25 35.05769230769231 4.104273899982218
258000 763.3653846153846 0.24210077533658228 18.330939634615387 0.6282051282051282 45.301282057692305 45.30769230769231 10.25 35.05769230769231 4.096136100008152
260000 763.3653846153846 0.24210077533658228 18.330939634615387 0.6282051282051282 45.301282057692305 45.30769230769231 10.25 35.05769230769231 4.084206199971959
262000 763.3653846153846 0.24210077533658228 18.330939634615387 0.6282051282051282 45.301282057692305 45.30769230769231 10.25 35.05769230769231 4.022209300019313
264000 763.3653846153846 0.24210077533658228 18.330939634615387 0.6282051282051282 45.301282057692305 45.30769230769231 10.25 35.05769230769231 4.034980099997483
266000 763.3653846153846 0.24210077533658228 18.330939634615387 0.6282051282051282 45.301282057692305 45.30769230769231 10.25 35.05769230769231 4.411158200004138
268000 763.3653846153846 0.24210077533658228 18.330939634615387 0.6282051282051282 45.301282057692305 45.30769230769231 10.25 35.05769230769231 4.117581300029997
270000 763.3653846153846 0.24210077533658228 18.330939634615387 0.6282051282051282 45.301282057692305 45.30769230769231 10.25 35.05769230769231 3.9614848000346683
272000 764.6923076923077 0.2627012288082696 18.29069676923077 0.6378205128205128 45.301282057692305 45.30769230769231 10.25 35.05769230769231 4.033553400018718
274000 763.3653846153846 0.24210077533658228 18.330939634615387 0.6282051282051282 45.301282057692305 45.30769230769231 10.25 35.05769230769231 3.9476663999957964
276000 763.3653846153846 0.24210077533658228 18.330939634615387 0.6282051282051282 45.301282057692305 45.30769230769231 10.25 35.05769230769231 4.074605900037568
278000 763.3653846153846 0.24210077533658228 18.330939634615387 0.6282051282051282 45.301282057692305 45.30769230769231 10.25 35.05769230769231 4.111860300006811
280000 763.3653846153846 0.24210077533658228 18.330939634615387 0.6282051282051282 45.301282057692305 45.30769230769231 10.25 35.05769230769231 3.9222345000016503
282000 763.3653846153846 0.24210077533658228 18.330939634615387 0.6282051282051282 45.301282057692305 45.30769230769231 10.25 35.05769230769231 4.113315399968997
284000 763.3653846153846 0.24210077533658228 18.330939634615387 0.6282051282051282 45.301282057692305 45.30769230769231 10.25 35.05769230769231 3.9718123999773525
286000 762.3076923076923 0.2595491736611159 18.343760134615383 0.6282051282051282 45.301282057692305 45.30769230769231 10.26923076923077 35.03846153846154 4.054582399956416
288000 763.3653846153846 0.24210077533658228 18.330939634615387 0.6282051282051282 45.301282057692305 45.30769230769231 10.25 35.05769230769231 3.934969900001306
290000 762.3076923076923 0.24031840443034666 18.343760134615383 0.6282051282051282 45.301282057692305 45.30769230769231 10.26923076923077 35.03846153846154 4.278049500018824
292000 763.3653846153846 0.24210077533658228 18.330939634615387 0.6282051282051282 45.301282057692305 45.30769230769231 10.25 35.05769230769231 4.098378300026525
294000 763.3653846153846 0.24210077533658228 18.330939634615387 0.6282051282051282 45.301282057692305 45.30769230769231 10.25 35.05769230769231 4.309870099998079
296000 763.3653846153846 0.24210077533658228 18.330939634615387 0.6282051282051282 45.301282057692305 45.30769230769231 10.25 35.05769230769231 3.8588895000284538
298000 763.3653846153846 0.24210077533658228 18.330939634615387 0.6282051282051282 45.301282057692305 45.30769230769231 10.25 35.05769230769231 3.959199799981434
300000 763.3653846153846 0.24210077533658228 18.330939634615387 0.6282051282051282 45.301282057692305 45.30769230769231 10.25 35.05769230769231 4.118635200022254
302000 763.3653846153846 0.24210077533658228 18.330939634615387 0.6282051282051282 45.301282057692305 45.30769230769231 10.25 35.05769230769231 3.8146589000243694
304000 763.3653846153846 0.24210077533658228 18.330939634615387 0.6282051282051282 45.301282057692305 45.30769230769231 10.25 35.05769230769231 4.180792799976189
306000 763.3653846153846 0.24210077533658228 18.330939634615387 0.6282051282051282 45.301282057692305 45.30769230769231 10.25 35.05769230769231 4.139710900024511
308000 763.3653846153846 0.24210077533658228 18.330939634615387 0.6282051282051282 45.301282057692305 45.30769230769231 10.25 35.05769230769231 3.8948343000374734
310000 763.3653846153846 0.24210077533658228 18.330939634615387 0.6282051282051282 45.301282057692305 45.30769230769231 10.25 35.05769230769231 4.107811899972148
312000 763.3653846153846 0.24210077533658228 18.330939634615387 0.6282051282051282 45.301282057692305 45.30769230769231 10.25 35.05769230769231 4.540213499974925
314000 757.6730769230769 0.241272669276522 18.343760153846155 0.6282051282051282 45.301282057692305 45.30769230769231 10.25 35.05769230769231 3.790810899983626
316000 763.3653846153846 0.24210077533658228 18.330939634615387 0.6282051282051282 45.301282057692305 45.30769230769231 10.25 35.05769230769231 4.3488234000396915
318000 763.3653846153846 0.24210077533658228 18.330939634615387 0.6282051282051282 45.301282057692305 45.30769230769231 10.25 35.05769230769231 4.060912899964023
320000 763.3653846153846 0.24210077533658228 18.330939634615387 0.6282051282051282 45.301282057692305 45.30769230769231 10.25 35.05769230769231 4.052104100002907
322000 763.3653846153846 0.24210077533658228 18.330939634615387 0.6282051282051282 45.301282057692305 45.30769230769231 10.25 35.05769230769231 4.149196500016842
324000 763.3653846153846 0.24210077533658228 18.330939634615387 0.6282051282051282 45.301282057692305 45.30769230769231 10.25 35.05769230769231 4.159186300006695
326000 763.3653846153846 0.24210077533658228 18.330939634615387 0.6282051282051282 45.301282057692305 45.30769230769231 10.25 35.05769230769231 4.104500799963716
328000 763.3653846153846 0.24210077533658228 18.330939634615387 0.6282051282051282 45.301282057692305 45.30769230769231 10.25 35.05769230769231 4.060110000020359
330000 763.3653846153846 0.24210077533658228 18.330939634615387 0.6282051282051282 45.301282057692305 45.30769230769231 10.25 35.05769230769231 4.140469300036784
332000 763.3653846153846 0.24210077533658228 18.330939634615387 0.6282051282051282 45.301282057692305 45.30769230769231 10.25 35.05769230769231 3.9807482000323944
334000 763.3653846153846 0.24210077533658228 18.330939634615387 0.6282051282051282 45.301282057692305 45.30769230769231 10.25 35.05769230769231 4.241738800017629
336000 737.25 0.23638747894703813 18.436706884615383 0.6282051282051282 45.301282057692305 45.30769230769231 9.961538461538462 35.34615384615385 3.967093799961731
338000 763.3653846153846 0.24210077533658228 18.330939634615387 0.6282051282051282 45.301282057692305 45.30769230769231 10.25 35.05769230769231 4.0923949999851175
340000 763.3653846153846 0.24210077533658228 18.330939634615387 0.6282051282051282 45.301282057692305 45.30769230769231 10.25 35.05769230769231 4.2132163000060245
342000 763.3653846153846 0.24210077533658228 18.330939634615387 0.6282051282051282 45.301282057692305 45.30769230769231 10.25 35.05769230769231 4.253856699971948
344000 763.3653846153846 0.24210077533658228 18.330939634615387 0.6282051282051282 45.301282057692305 45.30769230769231 10.25 35.05769230769231 4.293526800000109
346000 763.3653846153846 0.24210077533658228 18.330939634615387 0.6282051282051282 45.301282057692305 45.30769230769231 10.25 35.05769230769231 4.131772799999453
348000 763.3653846153846 0.24210077533658228 18.330939634615387 0.6282051282051282 45.301282057692305 45.30769230769231 10.25 35.05769230769231 4.155384199984837
350000 763.3653846153846 0.24210077533658228 18.330939634615387 0.6282051282051282 45.301282057692305 45.30769230769231 10.25 35.05769230769231 4.13235920004081
352000 763.3653846153846 0.24210077533658228 18.330939634615387 0.6282051282051282 45.301282057692305 45.30769230769231 10.25 35.05769230769231 3.9832766000181437
354000 763.3653846153846 0.24210077533658228 18.330939634615387 0.6282051282051282 45.301282057692305 45.30769230769231 10.25 35.05769230769231 4.193522899993695
356000 763.3653846153846 0.24210077533658228 18.330939634615387 0.6282051282051282 45.301282057692305 45.30769230769231 10.25 35.05769230769231 4.209629199991468
358000 763.3653846153846 0.24210077533658228 18.330939634615387 0.6282051282051282 45.301282057692305 45.30769230769231 10.25 35.05769230769231 4.187732000020333
360000 761.6153846153846 0.25838286997257504 18.356580653846155 0.6282051282051282 45.301282057692305 45.30769230769231 10.25 35.05769230769231 4.2703244999866
362000 763.3653846153846 0.24210077533658228 18.330939634615387 0.6282051282051282 45.301282057692305 45.30769230769231 10.25 35.05769230769231 4.2673857000190765
364000 763.3653846153846 0.24210077533658228 18.330939634615387 0.6282051282051282 45.301282057692305 45.30769230769231 10.25 35.05769230769231 4.100174800027162
366000 763.3653846153846 0.240975200755498 18.330939634615387 0.6282051282051282 45.301282057692305 45.30769230769231 10.25 35.05769230769231 3.767611899995245
368000 763.3653846153846 0.240975200755498 18.330939634615387 0.6282051282051282 45.301282057692305 45.30769230769231 10.25 35.05769230769231 3.906730599992443
370000 763.3653846153846 0.240975200755498 18.330939634615387 0.6282051282051282 45.301282057692305 45.30769230769231 10.25 35.05769230769231 4.124313300009817
372000 763.3653846153846 0.240975200755498 18.330939634615387 0.6282051282051282 45.301282057692305 45.30769230769231 10.25 35.05769230769231 4.12461960001383
374000 763.3653846153846 0.24151644566991745 18.330939634615387 0.6282051282051282 45.301282057692305 45.30769230769231 10.25 35.05769230769231 4.206576999975368
376000 763.3653846153846 0.240975200755498 18.330939634615387 0.6282051282051282 45.301282057692305 45.30769230769231 10.25 35.05769230769231 3.7951904000365175
378000 763.3653846153846 0.240975200755498 18.330939634615387 0.6282051282051282 45.301282057692305 45.30769230769231 10.25 35.05769230769231 3.9554877000045963
380000 763.3653846153846 0.240975200755498 18.330939634615387 0.6282051282051282 45.301282057692305 45.30769230769231 10.25 35.05769230769231 4.024059800023679
382000 763.3653846153846 0.240975200755498 18.330939634615387 0.6282051282051282 45.301282057692305 45.30769230769231 10.25 35.05769230769231 3.693572999967728
384000 763.3653846153846 0.240975200755498 18.330939634615387 0.6282051282051282 45.301282057692305 45.30769230769231 10.25 35.05769230769231 4.196613899955992
386000 763.3653846153846 0.240975200755498 18.330939634615387 0.6282051282051282 45.301282057692305 45.30769230769231 10.25 35.05769230769231 4.115593499969691
388000 763.3653846153846 0.240975200755498 18.330939634615387 0.6282051282051282 45.301282057692305 45.30769230769231 10.25 35.05769230769231 4.4661292000091635
390000 763.3653846153846 0.240975200755498 18.330939634615387 0.6282051282051282 45.301282057692305 45.30769230769231 10.25 35.05769230769231 3.9830472000176087
392000 763.3653846153846 0.240975200755498 18.330939634615387 0.6282051282051282 45.301282057692305 45.30769230769231 10.25 35.05769230769231 3.9044746999861673
394000 763.3653846153846 0.240975200755498 18.330939634615387 0.6282051282051282 45.301282057692305 45.30769230769231 10.25 35.05769230769231 4.1801738000358455
396000 763.3653846153846 0.240975200755498 18.330939634615387 0.6282051282051282 45.301282057692305 45.30769230769231 10.25 35.05769230769231 4.178187899990007
398000 763.3653846153846 0.240975200755498 18.330939634615387 0.6282051282051282 45.301282057692305 45.30769230769231 10.25 35.05769230769231 4.151125700038392
400000 763.3653846153846 0.240975200755498 18.330939634615387 0.6282051282051282 45.301282057692305 45.30769230769231 10.25 35.05769230769231 4.248585900000762
402000 763.3653846153846 0.24210077533658228 18.330939634615387 0.6282051282051282 45.301282057692305 45.30769230769231 10.25 35.05769230769231 4.174972000007983
404000 757.6730769230769 0.241272669276522 18.343760153846155 0.6282051282051282 45.301282057692305 45.30769230769231 10.25 35.05769230769231 4.39736460003769
406000 763.3653846153846 0.24210077533658228 18.330939634615387 0.6282051282051282 45.301282057692305 45.30769230769231 10.25 35.05769230769231 4.01635830005398
408000 763.3653846153846 0.24210077533658228 18.330939634615387 0.6282051282051282 45.301282057692305 45.30769230769231 10.25 35.05769230769231 4.043293800030369
410000 763.3653846153846 0.24210077533658228 18.330939634615387 0.6282051282051282 45.301282057692305 45.30769230769231 10.25 35.05769230769231 4.165082700026687
412000 763.3653846153846 0.24210077533658228 18.330939634615387 0.6282051282051282 45.301282057692305 45.30769230769231 10.25 35.05769230769231 4.263390800042544
414000 763.3653846153846 0.24210077533658228 18.330939634615387 0.6282051282051282 45.301282057692305 45.30769230769231 10.25 35.05769230769231 4.080427500011865
416000 763.3653846153846 0.24210077533658228 18.330939634615387 0.6282051282051282 45.301282057692305 45.30769230769231 10.25 35.05769230769231 4.161819499975536
418000 763.3653846153846 0.24210077533658228 18.330939634615387 0.6282051282051282 45.301282057692305 45.30769230769231 10.25 35.05769230769231 4.015718100010417
420000 763.3653846153846 0.24210077533658228 18.330939634615387 0.6282051282051282 45.301282057692305 45.30769230769231 10.25 35.05769230769231 4.215907200006768
422000 763.3653846153846 0.24210077533658228 18.330939634615387 0.6282051282051282 45.301282057692305 45.30769230769231 10.25 35.05769230769231 4.090979999979027
424000 763.3653846153846 0.240975200755498 18.330939634615387 0.6282051282051282 45.301282057692305 45.30769230769231 10.25 35.05769230769231 4.190663899993524
426000 763.3653846153846 0.240975200755498 18.330939634615387 0.6282051282051282 45.301282057692305 45.30769230769231 10.25 35.05769230769231 4.004122000013012
428000 763.3653846153846 0.24210077533658228 18.330939634615387 0.6282051282051282 45.301282057692305 45.30769230769231 10.25 35.05769230769231 4.045693300024141
430000 763.3653846153846 0.24210077533658228 18.330939634615387 0.6282051282051282 45.301282057692305 45.30769230769231 10.25 35.05769230769231 4.35836479999125
432000 763.3653846153846 0.24210077533658228 18.330939634615387 0.6282051282051282 45.301282057692305 45.30769230769231 10.25 35.05769230769231 4.067830900021363
434000 763.3653846153846 0.24210077533658228 18.330939634615387 0.6282051282051282 45.301282057692305 45.30769230769231 10.25 35.05769230769231 4.042779200011864
436000 763.3653846153846 0.24210077533658228 18.330939634615387 0.6282051282051282 45.301282057692305 45.30769230769231 10.25 35.05769230769231 3.9996524000307545
438000 763.3653846153846 0.24210077533658228 18.330939634615387 0.6282051282051282 45.301282057692305 45.30769230769231 10.25 35.05769230769231 3.9464481999748386
440000 763.3653846153846 0.24210077533658228 18.330939634615387 0.6282051282051282 45.301282057692305 45.30769230769231 10.25 35.05769230769231 3.874385299975984
442000 763.3653846153846 0.24210077533658228 18.330939634615387 0.6282051282051282 45.301282057692305 45.30769230769231 10.25 35.05769230769231 3.8979985999758355
444000 763.3653846153846 0.240975200755498 18.330939634615387 0.6282051282051282 45.301282057692305 45.30769230769231 10.25 35.05769230769231 4.040854900027625
446000 763.3653846153846 0.240975200755498 18.330939634615387 0.6282051282051282 45.301282057692305 45.30769230769231 10.25 35.05769230769231 4.0983542000176385
448000 763.3653846153846 0.240975200755498 18.330939634615387 0.6282051282051282 45.301282057692305 45.30769230769231 10.25 35.05769230769231 3.7753935999935493
450000 763.3653846153846 0.24210077533658228 18.330939634615387 0.6282051282051282 45.301282057692305 45.30769230769231 10.25 35.05769230769231 3.9422149999882095
452000 763.3653846153846 0.240975200755498 18.330939634615387 0.6282051282051282 45.301282057692305 45.30769230769231 10.25 35.05769230769231 4.28892189997714
454000 763.3653846153846 0.240975200755498 18.330939634615387 0.6282051282051282 45.301282057692305 45.30769230769231 10.25 35.05769230769231 3.691556700039655
456000 763.3653846153846 0.240975200755498 18.330939634615387 0.6282051282051282 45.301282057692305 45.30769230769231 10.25 35.05769230769231 3.4190037999651395
458000 763.3653846153846 0.240975200755498 18.330939634615387 0.6282051282051282 45.301282057692305 45.30769230769231 10.25 35.05769230769231 3.781906600052025
460000 763.3653846153846 0.240975200755498 18.330939634615387 0.6282051282051282 45.301282057692305 45.30769230769231 10.25 35.05769230769231 3.3233338000136428
462000 763.3653846153846 0.240975200755498 18.330939634615387 0.6282051282051282 45.301282057692305 45.30769230769231 10.25 35.05769230769231 3.1347092000069097
464000 763.3653846153846 0.24210077533658228 18.330939634615387 0.6282051282051282 45.301282057692305 45.30769230769231 10.25 35.05769230769231 3.4117388000013307
466000 763.3653846153846 0.24210077533658228 18.330939634615387 0.6282051282051282 45.301282057692305 45.30769230769231 10.25 35.05769230769231 3.2876005000434816
468000 763.3653846153846 0.24210077533658228 18.330939634615387 0.6282051282051282 45.301282057692305 45.30769230769231 10.25 35.05769230769231 2.793798799975775
470000 763.3653846153846 0.240975200755498 18.330939634615387 0.6282051282051282 45.301282057692305 45.30769230769231 10.25 35.05769230769231 2.4397120000212453
472000 763.3653846153846 0.24210077533658228 18.330939634615387 0.6282051282051282 45.301282057692305 45.30769230769231 10.25 35.05769230769231 2.346358600014355
474000 763.3653846153846 0.240975200755498 18.330939634615387 0.6282051282051282 45.301282057692305 45.30769230769231 10.25 35.05769230769231 2.3974371000076644
476000 763.3653846153846 0.240975200755498 18.330939634615387 0.6282051282051282 45.301282057692305 45.30769230769231 10.25 35.05769230769231 2.1644746999954805
478000 763.3653846153846 0.24210077533658228 18.330939634615387 0.6282051282051282 45.301282057692305 45.30769230769231 10.25 35.05769230769231 2.1882971999584697
480000 763.3653846153846 0.24210077533658228 18.330939634615387 0.6282051282051282 45.301282057692305 45.30769230769231 10.25 35.05769230769231 2.122264700010419
482000 763.3653846153846 0.24210077533658228 18.330939634615387 0.6282051282051282 45.301282057692305 45.30769230769231 10.25 35.05769230769231 2.0946006000158377
484000 763.3653846153846 0.24210077533658228 18.330939634615387 0.6282051282051282 45.301282057692305 45.30769230769231 10.25 35.05769230769231 2.1484282999881543
486000 763.3653846153846 0.24210077533658228 18.330939634615387 0.6282051282051282 45.301282057692305 45.30769230769231 10.25 35.05769230769231 1.9388037000317127
488000 763.3653846153846 0.24210077533658228 18.330939634615387 0.6282051282051282 45.301282057692305 45.30769230769231 10.25 35.05769230769231 1.5811016000225209
490000 763.3653846153846 0.24210077533658228 18.330939634615387 0.6282051282051282 45.301282057692305 45.30769230769231 10.25 35.05769230769231 1.615386200021021
492000 763.3653846153846 0.24210077533658228 18.330939634615387 0.6282051282051282 45.301282057692305 45.30769230769231 10.25 35.05769230769231 1.547949499974493
494000 763.3653846153846 0.24210077533658228 18.330939634615387 0.6282051282051282 45.301282057692305 45.30769230769231 10.25 35.05769230769231 1.5034646999556571
496000 763.3653846153846 0.24210077533658228 18.330939634615387 0.6282051282051282 45.301282057692305 45.30769230769231 10.25 35.05769230769231 1.53751990001183
498000 763.3653846153846 0.24210077533658228 18.330939634615387 0.6282051282051282 45.301282057692305 45.30769230769231 10.25 35.05769230769231 0.9600430999998935
500000 763.3653846153846 0.24210077533658228 18.330939634615387 0.6282051282051282 45.301282057692305 45.30769230769231 10.25 35.05769230769231 0.9689481999957934
