2000 1.7037037037037037 -1.0 128.2037037037037 0.13271604938271603 135.5185185185185 45.333333333333336 0.0 45.333333333333336 1.1355542999954196
4000 2.3518518518518516 -0.9073691721996098 128.7962962962963 0.05555555555555555 135.5185185185185 45.333333333333336 0.0 45.333333333333336 1.0243978000071365
6000 4.388888888888889 -1.0 128.0185185185185 0.0756172839506173 135.5185185185185 45.333333333333336 0.0 45.333333333333336 1.1257216000085464
8000 13.092592592592593 -0.07280689175736474 123.14814814814815 0.2777777777777778 135.5185185185185 45.333333333333336 0.018518518518518517 45.31481481481482 1.626502300001448
10000 20.12962962962963 0.0038547552128224815 123.33333333333333 0.32561728395061734 135.5185185185185 45.333333333333336 0.0 45.333333333333336 1.7290938999940408
12000 16.037037037037038 0.0024305605520818386 124.46296296296296 0.25617283950617287 135.5185185185185 45.333333333333336 0.0 45.333333333333336 1.7401064000005135
14000 8.38888888888889 -0.53682061689958 126.5 0.1589506172839506 135.5185185185185 45.333333333333336 0.0 45.333333333333336 1.6473091999941971
16000 13.074074074074074 -0.2567957885690674 125.35185185185185 0.18055555555555555 135.5185185185185 45.333333333333336 0.018518518518518517 45.31481481481482 1.5323170000046957
18000 11.648148148148149 -0.20151047031296573 124.51851851851852 0.2314814814814815 135.5185185185185 45.333333333333336 0.018518518518518517 45.31481481481482 1.5112196000118274
20000 9.5 -0.40617265261548563 125.11111111111111 0.20216049382716048 135.5185185185185 45.333333333333336 0.018518518518518517 45.31481481481482 1.410537400006433
22000 9.962962962962964 -0.31384635537153727 125.48148148148148 0.2006172839506173 135.5185185185185 45.333333333333336 0.018518518518518517 45.31481481481482 1.4858013000048231
24000 7.796296296296297 -0.23915254738656444 126.20370370370371 0.17283950617283952 135.5185185185185 45.333333333333336 0.0 45.333333333333336 1.3894982999918284
26000 6.722222222222222 -0.42418850793498236 126.33333333333333 0.18209876543209877 135.5185185185185 45.333333333333336 0.0 45.333333333333336 1.3560919000010472
28000 5.12962962962963 -0.35120847833301844 127.51851851851852 0.09722222222222222 135.5185185185185 45.333333333333336 0.0 45.333333333333336 1.4229022999934386
30000 30.333333333333332 -0.08341898790859525 124.14814814814815 0.2762345679012346 135.5185185185185 45.333333333333336 0.0 45.333333333333336 1.8159605999971973
32000 15.481481481481481 -0.9626086953364301 124.5925925925926 0.28086419753086417 135.5185185185185 45.333333333333336 0.0 45.333333333333336 1.0670192000106908
34000 13.37037037037037 -0.981472471354681 124.18518518518519 0.271604938271605 135.5185185185185 45.333333333333336 0.0 45.333333333333336 1.4342624999990221
36000 12.11111111111111 -1.0 124.62962962962963 0.2623456790123457 135.5185185185185 45.333333333333336 0.0 45.333333333333336 1.0347127999993972
38000 8.277777777777779 -1.0 126.42592592592592 0.1743827160493827 135.5185185185185 45.333333333333336 0.0 45.333333333333336 0.9413406000094255
40000 9.703703703703704 -1.0 125.20370370370371 0.25308641975308643 135.5185185185185 45.333333333333336 0.0 45.333333333333336 1.159968799998751
42000 10.851851851851851 -1.0 124.48148148148148 0.2762345679012346 135.5185185185185 45.333333333333336 0.0 45.333333333333336 1.1488523000007262
44000 12.574074074074074 -0.8141363581860204 124.38888888888889 0.27006172839506176 135.5185185185185 45.333333333333336 0.0 45.333333333333336 1.301256699996884
46000 11.925925925925926 -0.758825844943178 124.9074074074074 0.23919753086419757 135.5185185185185 45.333333333333336 0.0 45.333333333333336 1.4950142000016058
48000 12.962962962962964 -0.8141455644609501 124.20370370370371 0.2993827160493827 135.5185185185185 45.333333333333336 0.0 45.333333333333336 1.2846749000018463
50000 14.777777777777779 -1.0 124.9074074074074 0.2330246913580247 135.5185185185185 45.333333333333336 0.0 45.333333333333336 1.0394277000013972
52000 16.074074074074073 -0.9628204001751242 124.07407407407408 0.28086419753086417 135.5185185185185 45.333333333333336 0.0 45.333333333333336 1.2535569000028772
54000 31.40740740740741 -0.9626889708525875 123.05555555555556 0.3333333333333334 135.5185185185185 45.333333333333336 0.0 45.333333333333336 1.3516820999939227
56000 17.24074074074074 -0.9627078428456799 124.35185185185185 0.28086419753086417 135.5185185185185 45.333333333333336 0.0 45.333333333333336 1.1397285999992164
58000 31.61111111111111 -0.9814308594372526 123.05555555555556 0.3333333333333334 135.5185185185185 45.333333333333336 0.0 45.333333333333336 1.4428876000019955
60000 14.944444444444445 -1.0 124.55555555555556 0.2762345679012346 135.5185185185185 45.333333333333336 0.0 45.333333333333336 0.9373913000017637
62000 31.462962962962962 -0.9249893144690602 123.0925925925926 0.3333333333333334 135.5185185185185 45.333333333333336 0.0 45.333333333333336 1.430397100004484
64000 28.203703703703702 -0.5895747691137828 123.5 0.3055555555555556 135.5185185185185 45.333333333333336 0.0 45.333333333333336 1.683874399997876
66000 15.481481481481481 -1.0 124.57407407407408 0.2854938271604938 135.5185185185185 45.333333333333336 0.0 45.333333333333336 1.0533680000080494
68000 12.444444444444445 -1.0 124.61111111111111 0.26697530864197533 135.5185185185185 45.333333333333336 0.0 45.333333333333336 1.06208040000638
70000 18.333333333333332 -0.6646797108429774 123.94444444444444 0.29012345679012347 135.5185185185185 45.333333333333336 0.018518518518518517 45.31481481481482 1.8425208999979077
72000 14.0 -0.9814561208745021 124.35185185185185 0.2777777777777778 135.5185185185185 45.333333333333336 0.0 45.333333333333336 1.4369881000020541
74000 22.0 0.005824339197054566 123.79629629629629 0.31172839506172845 135.5185185185185 45.333333333333336 0.0 45.333333333333336 1.684680299993488
76000 22.51851851851852 0.004416550355183323 121.62962962962963 0.34722222222222227 135.5185185185185 45.333333333333336 0.018518518518518517 45.31481481481482 1.7985573000041768
78000 21.75925925925926 0.003141901608647041 121.5 0.34104938271604945 135.5185185185185 45.333333333333336 0.018518518518518517 45.31481481481482 1.722894599995925
80000 32.68518518518518 0.004672028209174262 120.9074074074074 0.3518518518518519 135.5185185185185 45.333333333333336 0.018518518518518517 45.31481481481482 1.828480700001819
82000 26.74074074074074 0.004362300978905171 121.48148148148148 0.3055555555555556 135.5185185185185 45.333333333333336 0.018518518518518517 45.31481481481482 1.752486700002919
84000 28.24074074074074 0.007750069587632711 120.94444444444444 0.36265432098765443 135.5185185185185 45.333333333333336 0.018518518518518517 45.31481481481482 1.7086546000064118
86000 22.814814814814813 0.006382252508672599 121.81481481481481 0.3240740740740741 135.5185185185185 45.333333333333336 0.018518518518518517 45.31481481481482 1.7759526000008918
88000 11.666666666666666 -0.01522204484496219 125.44444444444444 0.20524691358024694 135.5185185185185 45.333333333333336 0.0 45.333333333333336 1.775065399997402
90000 24.27777777777778 0.0038344496223472924 121.53703703703704 0.3333333333333334 135.5185185185185 45.333333333333336 0.018518518518518517 45.31481481481482 1.7745064000046114
92000 28.74074074074074 0.003582714947541135 121.46296296296296 0.34876543209876554 135.5185185185185 45.333333333333336 0.018518518518518517 45.31481481481482 1.7615725999930874
94000 24.51851851851852 0.004996337302853969 121.92592592592592 0.2885802469135803 135.5185185185185 45.333333333333336 0.018518518518518517 45.31481481481482 1.7495455000025686
96000 27.185185185185187 0.007695379755123329 122.33333333333333 0.308641975308642 135.5185185185185 45.333333333333336 0.018518518518518517 45.31481481481482 1.7885333000012906
98000 26.62962962962963 0.0035063751261146304 121.87037037037037 0.2808641975308642 135.5185185185185 45.333333333333336 0.018518518518518517 45.31481481481482 1.6820488999946974
100000 24.796296296296298 0.004587927555618503 121.5925925925926 0.33487654320987664 135.5185185185185 45.333333333333336 0.018518518518518517 45.31481481481482 1.7741291999991518
102000 51.27777777777778 0.016446075005379552 119.37037037037037 0.43827160493827155 135.5185185185185 45.333333333333336 0.018518518518518517 45.31481481481482 1.8660763999941992
104000 51.27777777777778 0.01690861732001064 119.37037037037037 0.43827160493827155 135.5185185185185 45.333333333333336 0.018518518518518517 45.31481481481482 1.9527744999941206
106000 38.407407407407405 -0.011155330143152172 119.96296296296296 0.38888888888888895 135.5185185185185 45.333333333333336 0.018518518518518517 45.31481481481482 1.732387900003232
108000 69.31481481481481 0.012924778271674818 118.68518518518519 0.5061728395061728 135.5185185185185 45.333333333333336 0.018518518518518517 45.31481481481482 1.7308723000023747
110000 58.03703703703704 -0.0461037251275802 119.0 0.4830246913580246 135.5185185185185 45.333333333333336 0.018518518518518517 45.31481481481482 1.7029858000023523
112000 53.53703703703704 -0.5119573548235281 119.53703703703704 0.48148148148148134 135.5185185185185 45.333333333333336 0.018518518518518517 45.31481481481482 1.781486899999436
114000 57.111111111111114 -0.1964995869981289 118.9074074074074 0.5154320987654321 135.5185185185185 45.333333333333336 0.018518518518518517 45.31481481481482 1.7071241999947233
116000 49.851851851851855 -0.5311230785571852 119.94444444444444 0.4629629629629629 135.5185185185185 45.333333333333336 0.018518518518518517 45.31481481481482 1.675509000007878
118000 61.611111111111114 -0.11916876471124428 119.4074074074074 0.478395061728395 135.5185185185185 45.333333333333336 0.018518518518518517 45.31481481481482 1.719943100004457
120000 58.129629629629626 0.009550307789950552 118.51851851851852 0.4953703703703703 135.5185185185185 45.333333333333336 0.018518518518518517 45.31481481481482 1.7092616000009002
122000 61.7962962962963 0.010311100658032092 118.5 0.49845679012345673 135.5185185185185 45.333333333333336 0.018518518518518517 45.31481481481482 1.8137312000035308
124000 65.66666666666667 0.013040480831867042 118.68518518518519 0.45524691358024694 135.5185185185185 45.333333333333336 0.018518518518518517 45.31481481481482 1.6678703000070527
126000 63.888888888888886 0.012645101735573051 119.18518518518519 0.49228395061728386 135.5185185185185 45.333333333333336 0.018518518518518517 45.31481481481482 1.6879665000014938
128000 64.42592592592592 0.01607483247504176 119.38888888888889 0.5092592592592591 135.5185185185185 45.333333333333336 0.018518518518518517 45.31481481481482 1.7823201999999583
130000 60.333333333333336 0.010354811532704802 120.18518518518519 0.45524691358024677 135.5185185185185 45.333333333333336 0.018518518518518517 45.31481481481482 1.7450822999962838
132000 72.77777777777777 0.014919488579646504 119.94444444444444 0.45524691358024677 135.5185185185185 45.333333333333336 0.018518518518518517 45.31481481481482 1.738644299999578
134000 75.53703703703704 0.01617628181107134 119.0 0.48456790123456783 135.5185185185185 45.333333333333336 0.018518518518518517 45.31481481481482 1.6897039999894332
136000 59.2962962962963 0.01348682934517966 119.83333333333333 0.4506172839506172 135.5185185185185 45.333333333333336 0.018518518518518517 45.31481481481482 1.9388797999999952
138000 75.46296296296296 -0.11925606805592087 119.83333333333333 0.4691358024691357 135.5185185185185 45.333333333333336 0.018518518518518517 45.31481481481482 1.7814313999988372
140000 77.74074074074075 0.010993440580655744 118.92592592592592 0.4922839506172838 135.5185185185185 45.333333333333336 0.018518518518518517 45.31481481481482 1.7690669000003254
142000 77.33333333333333 0.014968282184444834 119.62962962962963 0.4845679012345677 135.5185185185185 45.333333333333336 0.018518518518518517 45.31481481481482 1.69528210000135
144000 86.68518518518519 0.015405064141283294 119.22222222222223 0.4953703703703703 135.5185185185185 45.333333333333336 0.018518518518518517 45.31481481481482 1.830172300004051
146000 76.64814814814815 0.01075281999713296 118.53703703703704 0.5169753086419752 135.5185185185185 45.333333333333336 0.018518518518518517 45.31481481481482 1.7194397999992361
148000 64.33333333333333 -0.07792224770657612 120.05555555555556 0.47993827160493824 135.5185185185185 45.333333333333336 0.018518518518518517 45.31481481481482 1.7058080999995582
150000 70.46296296296296 0.007510621267542428 118.87037037037037 0.4830246913580246 135.5185185185185 45.333333333333336 0.018518518518518517 45.31481481481482 1.8087315000011586
152000 82.72222222222223 0.019771792040116528 119.05555555555556 0.4814814814814814 135.5185185185185 45.333333333333336 0.018518518518518517 45.31481481481482 1.7516611000028206
154000 76.01851851851852 0.011568120866583773 118.70370370370371 0.47530864197530864 135.5185185185185 45.333333333333336 0.018518518518518517 45.31481481481482 1.7882004999992205
156000 88.66666666666667 0.022593057696782888 118.53703703703704 0.45679012345679 135.5185185185185 45.333333333333336 0.018518518518518517 45.31481481481482 1.7657519000058528
158000 93.0925925925926 0.023890758316950724 118.25925925925925 0.49228395061728386 135.5185185185185 45.333333333333336 0.018518518518518517 45.31481481481482 1.731189500002074
160000 62.51851851851852 0.005784518063177463 118.87037037037037 0.45679012345679015 135.5185185185185 45.333333333333336 0.018518518518518517 45.31481481481482 1.892798100001528
162000 76.22222222222223 0.010316869964930262 118.14814814814815 0.48611111111111116 135.5185185185185 45.333333333333336 0.018518518518518517 45.31481481481482 1.7300923000002513
164000 76.48148148148148 0.010840484235059634 118.51851851851852 0.47530864197530875 135.5185185185185 45.333333333333336 0.018518518518518517 45.31481481481482 1.7741865999996662
166000 93.48148148148148 0.020693024338739492 118.33333333333333 0.47685185185185186 135.5185185185185 45.333333333333336 0.018518518518518517 45.31481481481482 1.9057983000093373
168000 61.148148148148145 0.004527922595670002 118.9074074074074 0.4799382716049383 135.5185185185185 45.333333333333336 0.018518518518518517 45.31481481481482 1.8435834999982035
170000 73.27777777777777 0.007122509987490232 118.20370370370371 0.4938271604938272 135.5185185185185 45.333333333333336 0.018518518518518517 45.31481481481482 1.8302553999965312
172000 69.25925925925925 0.016243758555440833 118.79629629629629 0.4583333333333334 135.5185185185185 45.333333333333336 0.018518518518518517 45.31481481481482 1.8228897999943001
174000 81.07407407407408 0.009883788771309857 117.96296296296296 0.5015432098765432 135.5185185185185 45.333333333333336 0.018518518518518517 45.31481481481482 1.6893469000060577
176000 80.38888888888889 0.011739982122927579 117.96296296296296 0.5015432098765432 135.5185185185185 45.333333333333336 0.018518518518518517 45.31481481481482 1.7965072999941185
178000 80.07407407407408 0.019402685823695028 118.05555555555556 0.49228395061728386 135.5185185185185 45.333333333333336 0.018518518518518517 45.31481481481482 1.8658835000096587
180000 114.72222222222223 0.030940074135272156 118.11111111111111 0.537037037037037 135.5185185185185 45.333333333333336 0.018518518518518517 45.31481481481482 1.8208482999907574
182000 112.51851851851852 0.018125407495454444 117.70370370370371 0.5462962962962963 135.5185185185185 45.333333333333336 0.018518518518518517 45.31481481481482 1.7872468999994453
184000 89.05555555555556 0.009000747308328498 118.07407407407408 0.523148148148148 135.5185185185185 45.333333333333336 0.018518518518518517 45.31481481481482 1.7084792999958154
186000 89.61111111111111 0.008344784663904401 118.37037037037037 0.4768518518518518 135.5185185185185 45.333333333333336 0.018518518518518517 45.31481481481482 1.7016349999903468
188000 112.61111111111111 0.018243784868840856 117.74074074074075 0.5462962962962963 135.5185185185185 45.333333333333336 0.018518518518518517 45.31481481481482 1.7077891000080854
190000 116.33333333333333 0.020073521225926313 118.12962962962963 0.5432098765432098 135.5185185185185 45.333333333333336 0.018518518518518517 45.31481481481482 1.8032704000070225
192000 116.11111111111111 0.02426931415863062 118.14814814814815 0.5432098765432098 135.5185185185185 45.333333333333336 0.018518518518518517 45.31481481481482 1.7584220999997342
194000 116.33333333333333 0.020073521225926313 118.12962962962963 0.5432098765432098 135.5185185185185 45.333333333333336 0.018518518518518517 45.31481481481482 1.7298155000025872
196000 113.37037037037037 0.018454618885722737 117.75925925925925 0.5524691358024691 135.5185185185185 45.333333333333336 0.018518518518518517 45.31481481481482 1.6678634000127204
198000 128.27777777777777 0.023024340428127822 117.01851851851852 0.5632716049382717 135.5185185185185 45.333333333333336 0.018518518518518517 45.31481481481482 1.7797806000016863
200000 112.22222222222223 0.01494764547568256 117.14814814814815 0.550925925925926 135.5185185185185 45.333333333333336 0.018518518518518517 45.31481481481482 1.8143424000008963
202000 85.53703703703704 0.018573757868041454 117.62962962962963 0.529320987654321 135.5185185185185 45.333333333333336 0.018518518518518517 45.31481481481482 1.7595595000020694
204000 85.61111111111111 0.019888731099318144 117.88888888888889 0.5262345679012346 135.5185185185185 45.333333333333336 0.018518518518518517 45.31481481481482 1.8304725999914808
206000 122.96296296296296 0.02658360282661058 117.12962962962963 0.5817901234567902 135.5185185185185 45.333333333333336 0.018518518518518517 45.31481481481482 1.672766399991815
208000 170.46296296296296 0.052520255276563954 116.38888888888889 0.5663580246913581 135.5185185185185 45.333333333333336 0.018518518518518517 45.31481481481482 1.8528977000096347
210000 165.40740740740742 0.0473836044039977 116.5925925925926 0.5617283950617283 135.5185185185185 45.333333333333336 0.018518518518518517 45.31481481481482 1.845676299999468
212000 161.27777777777777 0.044023502927824185 116.42592592592592 0.5740740740740742 135.5185185185185 45.333333333333336 0.018518518518518517 45.31481481481482 1.8751948999997694
214000 169.3148148148148 0.047167933729369206 116.4074074074074 0.572530864197531 135.5185185185185 45.333333333333336 0.018518518518518517 45.31481481481482 1.885858299996471
216000 166.07407407407408 0.04816196026120448 116.64814814814815 0.5601851851851852 135.5185185185185 45.333333333333336 0.018518518518518517 45.31481481481482 1.8428948999935528
218000 164.24074074074073 0.04576169204669998 116.75925925925925 0.5493827160493827 135.5185185185185 45.333333333333336 0.018518518518518517 45.31481481481482 1.7767029000096954
220000 168.3148148148148 0.04858538273115309 116.51851851851852 0.5709876543209876 135.5185185185185 45.333333333333336 0.018518518518518517 45.31481481481482 1.755401400005212
222000 134.5185185185185 0.028465762273779123 117.48148148148148 0.5092592592592592 135.5185185185185 45.333333333333336 0.018518518518518517 45.31481481481482 1.9558236000011675
224000 144.88888888888889 0.03433111068006495 116.87037037037037 0.5462962962962963 135.5185185185185 45.333333333333336 0.018518518518518517 45.31481481481482 1.8951696000003722
226000 172.09259259259258 0.0487235187174766 116.75925925925925 0.5617283950617283 135.5185185185185 45.333333333333336 0.018518518518518517 45.31481481481482 1.8235673000017414
228000 154.1851851851852 0.037096741969939596 117.16666666666667 0.5493827160493827 135.5185185185185 45.333333333333336 0.018518518518518517 45.31481481481482 1.9487991000059992
230000 153.92592592592592 0.03739144368442262 117.18518518518519 0.5493827160493827 135.5185185185185 45.333333333333336 0.018518518518518517 45.31481481481482 1.935887500003446
232000 175.0 0.05266028023466062 116.44444444444444 0.5709876543209876 135.5185185185185 45.333333333333336 0.018518518518518517 45.31481481481482 1.930150699990918
234000 172.90740740740742 0.05068497392848364 116.48148148148148 0.5709876543209876 135.5185185185185 45.333333333333336 0.018518518518518517 45.31481481481482 1.8623399000061909
236000 172.62962962962962 0.04985838828351606 116.48148148148148 0.5648148148148148 135.5185185185185 45.333333333333336 0.018518518518518517 45.31481481481482 1.9408875000081025
238000 158.37037037037038 0.04291903614278869 117.44444444444444 0.5277777777777777 135.5185185185185 45.333333333333336 0.018518518518518517 45.31481481481482 1.8583135000080802
240000 133.96296296296296 0.02774157239784022 117.05555555555556 0.5493827160493826 135.5185185185185 45.333333333333336 0.018518518518518517 45.31481481481482 1.85463190000155
242000 250.35185185185185 0.09283961067579678 116.4074074074074 0.5586419753086419 135.5185185185185 45.333333333333336 0.018518518518518517 45.31481481481482 1.9010619999899063
244000 147.88888888888889 0.03952180219159222 117.01851851851852 0.5154320987654321 135.5185185185185 45.333333333333336 0.018518518518518517 45.31481481481482 1.8979136999987531
246000 254.9814814814815 0.09932406410989827 116.38888888888889 0.5586419753086419 135.5185185185185 45.333333333333336 0.018518518518518517 45.31481481481482 1.8835698000038974
248000 161.07407407407408 0.04516708818941883 117.01851851851852 0.5493827160493827 135.5185185185185 45.333333333333336 0.018518518518518517 45.31481481481482 1.9149007000087295
250000 203.14814814814815 0.053034575505482705 116.42592592592592 0.5709876543209876 135.5185185185185 45.333333333333336 0.018518518518518517 45.31481481481482 1.9134950000006938
252000 254.07407407407408 0.001848943924445481 116.35185185185185 0.5555555555555555 135.5185185185185 45.333333333333336 0.018518518518518517 45.31481481481482 1.8427163000014843
254000 166.33333333333334 0.05070292177334057 116.75925925925925 0.5493827160493827 135.5185185185185 45.333333333333336 0.018518518518518517 45.31481481481482 1.838486799999373
256000 265.98148148148147 0.045596458995754124 116.16666666666667 0.5787037037037036 135.5185185185185 45.333333333333336 0.018518518518518517 45.31481481481482 1.8843717999989167
258000 153.74074074074073 0.03924813221813819 117.33333333333333 0.5540123456790123 135.5185185185185 45.333333333333336 0.018518518518518517 45.31481481481482 1.9284288999915589
260000 148.38888888888889 0.0380514548165784 117.44444444444444 0.5540123456790123 135.5185185185185 45.333333333333336 0.018518518518518517 45.31481481481482 1.8935133000049973
262000 150.11111111111111 0.03638001426021876 117.31481481481481 0.5447530864197531 135.5185185185185 45.333333333333336 0.018518518518518517 45.31481481481482 1.8601654000085546
264000 157.35185185185185 0.040549702394619684 117.18518518518519 0.5540123456790123 135.5185185185185 45.333333333333336 0.018518518518518517 45.31481481481482 1.9311522000061814
266000 154.22222222222223 0.03845625726467815 117.16666666666667 0.5493827160493827 135.5185185185185 45.333333333333336 0.018518518518518517 45.31481481481482 1.9042626000009477
268000 156.90740740740742 0.041347986638960006 117.24074074074075 0.5540123456790123 135.5185185185185 45.333333333333336 0.018518518518518517 45.31481481481482 1.9458083000063198
270000 170.55555555555554 0.050094291899957746 116.68518518518519 0.5864197530864198 135.5185185185185 45.333333333333336 0.018518518518518517 45.31481481481482 1.9777658999955747
272000 176.03703703703704 0.050700763455273204 116.42592592592592 0.5725308641975309 135.5185185185185 45.333333333333336 0.018518518518518517 45.31481481481482 1.9848886999971
274000 178.5185185185185 0.05420174368430847 116.37037037037037 0.58179012345679 135.5185185185185 45.333333333333336 0.018518518518518517 45.31481481481482 1.89488770000753
276000 181.53703703703704 0.05643210769656295 116.33333333333333 0.5864197530864198 135.5185185185185 45.333333333333336 0.018518518518518517 45.31481481481482 1.9510398999991594
278000 183.7962962962963 0.036843517345613065 116.27777777777777 0.5864197530864198 135.5185185185185 45.333333333333336 0.018518518518518517 45.31481481481482 1.9920192999998108
280000 141.94444444444446 0.03432300829947863 117.27777777777777 0.5509259259259259 135.5185185185185 45.333333333333336 0.018518518518518517 45.31481481481482 1.8406478999968385
282000 167.2037037037037 0.05068357665702495 117.11111111111111 0.6003086419753088 135.5185185185185 45.333333333333336 0.018518518518518517 45.31481481481482 1.82891219999874
284000 180.75925925925927 0.056665876047895844 117.22222222222223 0.5864197530864198 135.5185185185185 45.333333333333336 0.018518518518518517 45.31481481481482 2.0348000999947544
286000 183.03703703703704 -0.1088556423967976 117.46296296296296 0.5401234567901233 135.5185185185185 45.333333333333336 0.018518518518518517 45.31481481481482 1.784327299988945
288000 189.7037037037037 -0.2665167382517805 117.14814814814815 0.529320987654321 135.5185185185185 45.333333333333336 0.018518518518518517 45.31481481481482 1.7713810999994166
290000 164.03703703703704 -0.30398706336686593 116.68518518518519 0.5385802469135802 135.5185185185185 45.333333333333336 0.018518518518518517 45.31481481481482 1.764908099998138
292000 149.7962962962963 -0.6382651038267375 117.16666666666667 0.5416666666666666 135.5185185185185 45.333333333333336 0.018518518518518517 45.31481481481482 1.756849900004454
294000 154.14814814814815 -0.6385680725272768 117.27777777777777 0.5540123456790123 135.5185185185185 45.333333333333336 0.018518518518518517 45.31481481481482 1.738616999995429
296000 165.0 -0.6020267597054251 117.87037037037037 0.5108024691358024 135.5185185185185 45.333333333333336 0.018518518518518517 45.31481481481482 1.654755399998976
298000 234.14814814814815 -0.30818452975625343 116.5925925925926 0.5756172839506173 135.5185185185185 45.333333333333336 0.018518518518518517 45.31481481481482 1.6861496000055922
300000 281.9259259259259 -0.1979329344148308 116.31481481481481 0.5756172839506173 135.5185185185185 45.333333333333336 0.018518518518518517 45.31481481481482 1.711099500011187
302000 230.75925925925927 -0.45904122669712033 116.61111111111111 0.5354938271604938 135.5185185185185 45.333333333333336 0.018518518518518517 45.31481481481482 1.6354194000014104
304000 162.42592592592592 -0.673006788466729 117.16666666666667 0.5385802469135802 135.5185185185185 45.333333333333336 0.018518518518518517 45.31481481481482 1.6280668000108562
306000 160.75925925925927 -0.5596132457479753 117.14814814814815 0.5339506172839505 135.5185185185185 45.333333333333336 0.018518518518518517 45.31481481481482 1.7119257000013022
308000 176.88888888888889 -0.4285826871837113 117.07407407407408 0.5354938271604938 135.5185185185185 45.333333333333336 0.018518518518518517 45.31481481481482 1.7402797999966424
310000 296.2962962962963 -0.1569952010451266 116.31481481481481 0.5833333333333333 135.5185185185185 45.333333333333336 0.018518518518518517 45.31481481481482 1.7384509999974398
312000 282.05555555555554 -0.1261706988047555 116.14814814814815 0.58179012345679 135.5185185185185 45.333333333333336 0.018518518518518517 45.31481481481482 1.6705035000049975
314000 333.9074074074074 0.027114894424974074 115.92592592592592 0.6126543209876544 135.5185185185185 45.333333333333336 0.018518518518518517 45.31481481481482 1.8042394999938551
316000 324.5740740740741 0.05900338804325183 116.0925925925926 0.58179012345679 135.5185185185185 45.333333333333336 0.018518518518518517 45.31481481481482 1.7229006999987178
318000 167.7962962962963 0.016575738111696166 117.29629629629629 0.5432098765432097 135.5185185185185 45.333333333333336 0.018518518518518517 45.31481481481482 1.7206614000024274
320000 200.94444444444446 -0.03761594169013102 116.92592592592592 0.5370370370370369 135.5185185185185 45.333333333333336 0.018518518518518517 45.31481481481482 1.7461994000041159
322000 199.57407407407408 0.03778575275708591 116.98148148148148 0.5416666666666666 135.5185185185185 45.333333333333336 0.018518518518518517 45.31481481481482 1.7761093999870354
324000 187.0185185185185 -0.005895718170815182 117.07407407407408 0.5370370370370369 135.5185185185185 45.333333333333336 0.018518518518518517 45.31481481481482 1.7648336999991443
326000 247.6851851851852 -0.0024288160294570725 116.11111111111111 0.5709876543209875 135.5185185185185 45.333333333333336 0.018518518518518517 45.31481481481482 1.7503937000001315
328000 264.64814814814815 -0.01979871798092208 115.75925925925925 0.595679012345679 135.5185185185185 45.333333333333336 0.018518518518518517 45.31481481481482 1.69971689999511
330000 300.962962962963 -0.47757635763782286 115.48148148148148 0.5833333333333334 135.5185185185185 45.333333333333336 0.018518518518518517 45.31481481481482 1.6033179000078235
332000 285.037037037037 -0.8316872690475324 115.70370370370371 0.5879629629629629 135.5185185185185 45.333333333333336 0.0 45.333333333333336 1.6666814000054728
334000 278.44444444444446 -0.8203013376282174 115.92592592592592 0.5617283950617283 135.5185185185185 45.333333333333336 0.0 45.333333333333336 1.6758208999963244
336000 284.48148148148147 -0.9381409731765733 115.79629629629629 0.5987654320987653 135.5185185185185 45.333333333333336 0.0 45.333333333333336 1.5934334000048693
338000 260.7962962962963 -0.899879830661653 116.96296296296296 0.5648148148148148 135.5185185185185 45.333333333333336 0.0 45.333333333333336 1.6339709000021685
340000 249.03703703703704 -1.0 116.75925925925925 0.5401234567901234 135.5185185185185 45.333333333333336 0.0 45.333333333333336 1.5905218000116292
342000 257.1296296296296 -1.0 116.77777777777777 0.5385802469135802 135.5185185185185 45.333333333333336 0.0 45.333333333333336 1.4913927000015974
344000 220.53703703703704 -1.0 117.64814814814815 0.507716049382716 135.5185185185185 45.333333333333336 0.018518518518518517 45.31481481481482 1.552860800002236
346000 287.01851851851853 -0.9095745263208234 116.68518518518519 0.5540123456790123 135.5185185185185 45.333333333333336 0.018518518518518517 45.31481481481482 1.6794985000015004
348000 283.1296296296296 -1.0 115.94444444444444 0.5895061728395061 135.5185185185185 45.333333333333336 0.0 45.333333333333336 1.7237076000019442
350000 286.6111111111111 -1.0 115.9074074074074 0.5895061728395061 135.5185185185185 45.333333333333336 0.0 45.333333333333336 1.6744201999972574
352000 286.6111111111111 -1.0 115.9074074074074 0.5895061728395061 135.5185185185185 45.333333333333336 0.0 45.333333333333336 1.6862758999923244
354000 286.6111111111111 -1.0 115.9074074074074 0.5895061728395061 135.5185185185185 45.333333333333336 0.0 45.333333333333336 1.6172934000060195
356000 276.2037037037037 -1.0 116.18518518518519 0.5771604938271605 135.5185185185185 45.333333333333336 0.0 45.333333333333336 1.871054200004437
358000 271.74074074074076 -0.9760161880197762 116.35185185185185 0.58179012345679 135.5185185185185 45.333333333333336 0.0 45.333333333333336 1.6416260999976657
360000 278.1666666666667 -0.9813056586516467 115.96296296296296 0.5895061728395061 135.5185185185185 45.333333333333336 0.0 45.333333333333336 1.724115899996832
362000 238.85185185185185 -1.0 116.9074074074074 0.5540123456790124 135.5185185185185 45.333333333333336 0.018518518518518517 45.31481481481482 1.8140456000110134
364000 264.72222222222223 -0.9755983915456726 116.5925925925926 0.5833333333333334 135.5185185185185 45.333333333333336 0.0 45.333333333333336 1.7882001999969361
366000 275.6296296296296 -0.9787148669259481 116.31481481481481 0.5941358024691357 135.5185185185185 45.333333333333336 0.0 45.333333333333336 1.725152299986803
368000 238.85185185185185 -1.0 116.9074074074074 0.5540123456790124 135.5185185185185 45.333333333333336 0.018518518518518517 45.31481481481482 1.6793023999925936
370000 248.5 -0.9781197489831022 116.87037037037037 0.5478395061728395 135.5185185185185 45.333333333333336 0.018518518518518517 45.31481481481482 1.6511954000015976
372000 253.11111111111111 -0.9499377111382755 116.83333333333333 0.5540123456790124 135.5185185185185 45.333333333333336 0.018518518518518517 45.31481481481482 1.653290400005062
374000 238.85185185185185 -1.0 116.9074074074074 0.5540123456790124 135.5185185185185 45.333333333333336 0.018518518518518517 45.31481481481482 1.6550407000031555
376000 238.85185185185185 -1.0 116.9074074074074 0.5540123456790124 135.5185185185185 45.333333333333336 0.018518518518518517 45.31481481481482 1.6017050999944331
378000 285.7962962962963 -0.9745472924573135 116.25925925925925 0.574074074074074 135.5185185185185 45.333333333333336 0.0 45.333333333333336 1.6799518000043463
380000 275.48148148148147 -0.9809234466368132 116.11111111111111 0.5941358024691357 135.5185185185185 45.333333333333336 0.0 45.333333333333336 1.7315004999982193
382000 254.88888888888889 -0.9592700927089753 116.70370370370371 0.5540123456790123 135.5185185185185 45.333333333333336 0.018518518518518517 45.31481481481482 1.6480413999961456
384000 265.1296296296296 -0.9363139193597738 116.66666666666667 0.5540123456790123 135.5185185185185 45.333333333333336 0.018518518518518517 45.31481481481482 1.703383500003838
386000 280.462962962963 -0.9345346758445885 116.5 0.5555555555555556 135.5185185185185 45.333333333333336 0.0 45.333333333333336 1.6260063999943668
388000 296.7037037037037 -0.881668992750691 116.46296296296296 0.5555555555555556 135.5185185185185 45.333333333333336 0.0 45.333333333333336 1.6711866999976337
390000 277.44444444444446 -0.9554071031179224 116.53703703703704 0.5555555555555556 135.5185185185185 45.333333333333336 0.0 45.333333333333336 1.6574165999918478
392000 299.9074074074074 -0.8892483239594057 116.5 0.5540123456790123 135.5185185185185 45.333333333333336 0.018518518518518517 45.31481481481482 1.6773549999925308
394000 290.2037037037037 -0.949337788963613 116.62962962962963 0.5540123456790123 135.5185185185185 45.333333333333336 0.018518518518518517 45.31481481481482 1.9230050999904051
396000 284.0925925925926 -0.9309140988049343 116.64814814814815 0.5540123456790123 135.5185185185185 45.333333333333336 0.018518518518518517 45.31481481481482 1.7680080999998609
398000 299.0 -0.9777821443012926 116.31481481481481 0.566358024691358 135.5185185185185 45.333333333333336 0.0 45.333333333333336 1.657008099995437
400000 291.1111111111111 -0.9764054747085912 116.33333333333333 0.566358024691358 135.5185185185185 45.333333333333336 0.0 45.333333333333336 1.656541999996989
402000 299.25925925925924 -0.8868850773225693 116.4074074074074 0.5617283950617283 135.5185185185185 45.333333333333336 0.018518518518518517 45.31481481481482 1.6660324999975273
404000 286.98148148148147 -1.0 116.16666666666667 0.566358024691358 135.5185185185185 45.333333333333336 0.0 45.333333333333336 1.7093170000007376
406000 301.85185185185185 -1.0 116.27777777777777 0.566358024691358 135.5185185185185 45.333333333333336 0.0 45.333333333333336 1.7049600999889662
408000 302.6111111111111 -0.9361061527500044 116.25925925925925 0.5756172839506173 135.5185185185185 45.333333333333336 0.0 45.333333333333336 1.7155825000081677
410000 301.9259259259259 -1.0 116.20370370370371 0.5478395061728394 135.5185185185185 45.333333333333336 0.0 45.333333333333336 1.6138998999958858
412000 301.2962962962963 -1.0 116.27777777777777 0.566358024691358 135.5185185185185 45.333333333333336 0.0 45.333333333333336 1.6782257000013487
414000 305.8333333333333 -0.9793842480041894 116.24074074074075 0.566358024691358 135.5185185185185 45.333333333333336 0.0 45.333333333333336 1.689433600011398
416000 287.6666666666667 -0.9750783616550973 116.4074074074074 0.5617283950617283 135.5185185185185 45.333333333333336 0.0 45.333333333333336 1.7581417999899713
418000 291.6666666666667 -1.0 116.42592592592592 0.5709876543209876 135.5185185185185 45.333333333333336 0.0 45.333333333333336 1.6665003999951296
420000 291.5740740740741 -1.0 116.42592592592592 0.566358024691358 135.5185185185185 45.333333333333336 0.0 45.333333333333336 1.7399933999986388
422000 295.9074074074074 -0.9507367631909948 116.29629629629629 0.566358024691358 135.5185185185185 45.333333333333336 0.0 45.333333333333336 1.771378299992648
424000 310.48148148148147 -0.8789958837357745 116.38888888888889 0.5601851851851851 135.5185185185185 45.333333333333336 0.018518518518518517 45.31481481481482 1.7051265000045532
426000 308.6296296296296 -0.9272913835620424 116.37037037037037 0.552469135802469 135.5185185185185 45.333333333333336 0.0 45.333333333333336 1.8369191000092542
428000 283.7037037037037 -0.9535462315882249 116.68518518518519 0.5540123456790123 135.5185185185185 45.333333333333336 0.018518518518518517 45.31481481481482 1.5782406000071205
430000 291.8888888888889 -0.9796356475287816 116.42592592592592 0.566358024691358 135.5185185185185 45.333333333333336 0.0 45.333333333333336 1.6825156999984756
432000 306.68518518518516 -0.9566006856732613 116.31481481481481 0.566358024691358 135.5185185185185 45.333333333333336 0.0 45.333333333333336 1.7358139999996638
434000 306.6111111111111 -0.9779173100526924 116.29629629629629 0.566358024691358 135.5185185185185 45.333333333333336 0.0 45.333333333333336 1.6959077000065008
436000 302.24074074074076 -1.0 116.29629629629629 0.566358024691358 135.5185185185185 45.333333333333336 0.0 45.333333333333336 1.7464352999959374
438000 311.2962962962963 -0.9330810973104577 116.11111111111111 0.5802469135802468 135.5185185185185 45.333333333333336 0.0 45.333333333333336 1.737077900004806
440000 296.14814814814815 -1.0 116.42592592592592 0.5709876543209876 135.5185185185185 45.333333333333336 0.0 45.333333333333336 1.6614284999959636
442000 302.27777777777777 -0.9792666398318752 116.24074074074075 0.566358024691358 135.5185185185185 45.333333333333336 0.0 45.333333333333336 1.6290322999993805
444000 305.3888888888889 -1.0 116.29629629629629 0.5709876543209875 135.5185185185185 45.333333333333336 0.0 45.333333333333336 1.6357179999904474
446000 321.462962962963 -0.9695440666481856 116.24074074074075 0.5709876543209875 135.5185185185185 45.333333333333336 0.0 45.333333333333336 1.690694100005203
448000 316.5740740740741 -0.9766219692217564 116.24074074074075 0.5771604938271605 135.5185185185185 45.333333333333336 0.0 45.333333333333336 1.6105761000071652
450000 321.462962962963 -0.9695440666481856 116.24074074074075 0.5709876543209875 135.5185185185185 45.333333333333336 0.0 45.333333333333336 1.7546315000072354
452000 306.4259259259259 -0.9783015796177965 116.25925925925925 0.566358024691358 135.5185185185185 45.333333333333336 0.0 45.333333333333336 1.719400999994832
454000 297.35185185185185 -1.0 116.33333333333333 0.566358024691358 135.5185185185185 45.333333333333336 0.0 45.333333333333336 1.7716698000003817
456000 302.35185185185185 -1.0 116.29629629629629 0.566358024691358 135.5185185185185 45.333333333333336 0.0 45.333333333333336 1.7165870000026189
458000 302.35185185185185 -1.0 116.29629629629629 0.566358024691358 135.5185185185185 45.333333333333336 0.0 45.333333333333336 1.7256998999946518
460000 304.1111111111111 -0.9738488176187349 116.27777777777777 0.5709876543209876 135.5185185185185 45.333333333333336 0.0 45.333333333333336 1.6972523000004003
462000 306.7037037037037 -1.0 116.29629629629629 0.5771604938271605 135.5185185185185 45.333333333333336 0.0 45.333333333333336 1.6943523999943864
464000 306.7037037037037 -1.0 116.29629629629629 0.5771604938271605 135.5185185185185 45.333333333333336 0.0 45.333333333333336 1.791134900006
466000 310.3888888888889 -0.9787791141814856 116.25925925925925 0.5771604938271605 135.5185185185185 45.333333333333336 0.0 45.333333333333336 1.872824700010824
468000 306.7037037037037 -1.0 116.29629629629629 0.5771604938271605 135.5185185185185 45.333333333333336 0.0 45.333333333333336 1.6161830000055488
470000 306.7037037037037 -1.0 116.29629629629629 0.5771604938271605 135.5185185185185 45.333333333333336 0.0 45.333333333333336 1.6243416999932379
472000 306.7037037037037 -1.0 116.29629629629629 0.5771604938271605 135.5185185185185 45.333333333333336 0.0 45.333333333333336 1.6780744999996386
474000 306.7037037037037 -1.0 116.29629629629629 0.5771604938271605 135.5185185185185 45.333333333333336 0.0 45.333333333333336 1.7350015999982134
476000 306.7037037037037 -1.0 116.29629629629629 0.5771604938271605 135.5185185185185 45.333333333333336 0.0 45.333333333333336 1.83766900000046
478000 306.7037037037037 -1.0 116.29629629629629 0.5771604938271605 135.5185185185185 45.333333333333336 0.0 45.333333333333336 1.6970058000006247
480000 238.85185185185185 -1.0 116.9074074074074 0.5540123456790124 135.5185185185185 45.333333333333336 0.018518518518518517 45.31481481481482 1.6296218000061344
482000 238.85185185185185 -1.0 116.9074074074074 0.5540123456790124 135.5185185185185 45.333333333333336 0.018518518518518517 45.31481481481482 1.6303480999922613
484000 297.6111111111111 -0.9397634703378107 116.18518518518519 0.5941358024691359 135.5185185185185 45.333333333333336 0.0 45.333333333333336 1.7608456000016304
486000 307.7962962962963 -0.9584752106472881 116.83333333333333 0.5570987654320988 135.5185185185185 45.333333333333336 0.0 45.333333333333336 1.6222328000003472
488000 316.68518518518516 -0.8967620633351684 116.77777777777777 0.5679012345679012 135.5185185185185 45.333333333333336 0.0 45.333333333333336 1.6469076000066707
490000 302.81481481481484 -1.0 116.94444444444444 0.5679012345679012 135.5185185185185 45.333333333333336 0.0 45.333333333333336 1.7155224999878556
492000 310.35185185185185 -0.977772294727607 116.88888888888889 0.5679012345679012 135.5185185185185 45.333333333333336 0.0 45.333333333333336 1.6887172999995528
494000 316.22222222222223 -0.8795930338919005 116.70370370370371 0.5632716049382717 135.5185185185185 45.333333333333336 0.0 45.333333333333336 1.6919908999989275
496000 322.05555555555554 -0.9130664492320523 116.81481481481481 0.5632716049382717 135.5185185185185 45.333333333333336 0.0 45.333333333333336 1.6690945000009378
498000 314.0925925925926 -0.956571077278396 116.87037037037037 0.5679012345679012 135.5185185185185 45.333333333333336 0.0 45.333333333333336 1.6836341000016546
500000 278.7037037037037 -0.9553020177478191 116.85185185185185 0.5354938271604939 135.5185185185185 45.333333333333336 0.0 45.333333333333336 1.6221596999967005
