2000 0.07692307692307693 -1.0 40.20518705769231 0.07051282051282051 45.286538461538456 45.30769230769231 0.0 45.30769230769231 2.1090746000409126
4000 0.09615384615384616 -0.9615382300061536 38.92878828846155 0.06891025641025642 45.286538461538456 45.30769230769231 0.0 45.30769230769231 2.668982299976051
6000 0.09615384615384616 -1.0 38.92292530769231 0.0592948717948718 45.286538461538456 45.30769230769231 0.0 45.30769230769231 2.067967100068927
8000 0.09615384615384616 -0.8461276468423568 38.705752749999995 0.125 45.286538461538456 45.30769230769231 0.0 45.30769230769231 2.425772399874404
10000 0.11538461538461539 -0.7113738588564206 38.4006498653846 0.1346153846153846 45.286538461538456 45.30769230769231 0.0 45.30769230769231 2.452274200040847
12000 0.07692307692307693 -0.9230653752303639 38.70515017307691 0.1233974358974359 45.286538461538456 45.30769230769231 0.0 45.30769230769231 2.2066004001535475
14000 0.09615384615384616 -0.8269099256102561 38.85035930769231 0.09935897435897435 45.286538461538456 45.30769230769231 0.0 45.30769230769231 2.6303613998461515
16000 0.07692307692307693 -0.9807689919096426 38.954728749999994 0.09935897435897435 45.286538461538456 45.30769230769231 0.0 45.30769230769231 2.0433438001200557
18000 0.09615384615384616 -0.980759095961084 38.954728749999994 0.09935897435897435 45.286538461538456 45.30769230769231 0.0 45.30769230769231 2.3447492998093367
20000 0.11538461538461539 -0.019183761591305866 37.71575119230769 0.1762820512820513 45.286538461538456 45.30769230769231 0.0 45.30769230769231 3.6532411000225693
22000 0.11538461538461539 -0.0768304391943451 36.75556786538462 0.20833333333333334 45.286538461538456 45.30769230769231 0.019230769230769232 45.28846153846154 3.527953499928117
24000 0.09615384615384616 -0.6922628956204988 37.76316786538461 0.18108974358974358 45.286538461538456 45.30769230769231 0.0 45.30769230769231 3.4109143998939544
26000 0.09615384615384616 -0.4999861270326527 37.81386494230768 0.16185897435897434 45.286538461538456 45.30769230769231 0.0 45.30769230769231 3.6740713000763208
28000 0.21153846153846154 8.293200685937526e-05 36.20640949999999 0.2051282051282051 45.286538461538456 45.30769230769231 0.0 45.30769230769231 3.446170900017023
30000 0.11538461538461539 -0.09611401646714754 36.19811334615384 0.20673076923076927 45.286538461538456 45.30769230769231 0.0 45.30769230769231 3.4262271001935005
32000 0.15384615384615385 6.392563564124002e-05 36.21349796153845 0.2003205128205128 45.286538461538456 45.30769230769231 0.0 45.30769230769231 3.762035100022331
34000 0.1346153846153846 0.0001390379968942059 35.84520757692307 0.22756410256410253 45.286538461538456 45.30769230769231 0.0 45.30769230769231 3.741973400115967
36000 0.15384615384615385 6.608249336659475e-05 37.27726082692307 0.13141025641025642 45.286538461538456 45.30769230769231 0.0 45.30769230769231 3.9585032002069056
38000 0.1346153846153846 9.896830801863967e-05 36.46862617307691 0.2131410256410256 45.286538461538456 45.30769230769231 0.0 45.30769230769231 3.7001603001262993
40000 0.1346153846153846 5.975735840053493e-05 36.22311334615384 0.1955128205128205 45.286538461538456 45.30769230769231 0.0 45.30769230769231 4.088149399962276
42000 0.1346153846153846 5.0575206294355374e-05 36.60205853846155 0.22115384615384612 45.286538461538456 45.30769230769231 0.0 45.30769230769231 3.8216388998553157
44000 0.19230769230769232 3.366720636349532e-05 36.156469307692305 0.22596153846153844 45.286538461538456 45.30769230769231 0.0 45.30769230769231 3.6651291002053767
46000 0.17307692307692307 -0.019158415745696773 36.27663257692308 0.21955128205128205 45.286538461538456 45.30769230769231 0.0 45.30769230769231 3.813969099894166
48000 0.19230769230769232 6.360390965059101e-05 35.964856942307684 0.2532051282051282 45.286538461538456 45.30769230769231 0.0 45.30769230769231 3.7131832998711616
50000 0.15384615384615385 4.725856809504775e-05 36.198188346153835 0.23076923076923073 45.286538461538456 45.30769230769231 0.0 45.30769230769231 3.6571092000231147
52000 0.1346153846153846 7.456872583151269e-05 36.44357296153844 0.23557692307692304 45.286538461538456 45.30769230769231 0.0 45.30769230769231 3.4884353999514133
54000 0.1346153846153846 7.478727511432179e-05 35.97283578846153 0.2580128205128205 45.286538461538456 45.30769230769231 0.0 45.30769230769231 3.754151999950409
56000 0.11538461538461539 2.1564862976169805e-05 36.912182615384616 0.2003205128205128 45.286538461538456 45.30769230769231 0.0 45.30769230769231 3.4154008000623435
58000 0.09615384615384616 4.188162467360727e-05 37.111126403846136 0.1987179487179487 45.286538461538456 45.30769230769231 0.0 45.30769230769231 3.7614463998470455
60000 0.11538461538461539 9.137871155812096e-05 36.944543076923075 0.2051282051282051 45.286538461538456 45.30769230769231 0.0 45.30769230769231 3.7402538000606
62000 0.15384615384615385 0.00013273579532505512 36.78013671153846 0.23717948717948717 45.286538461538456 45.30769230769231 0.0 45.30769230769231 3.920030399924144
64000 0.11538461538461539 0.00010963077944890338 37.261872557692314 0.20833333333333331 45.286538461538456 45.30769230769231 0.0 45.30769230769231 3.646578799933195
66000 0.25 0.0001277182432475059 35.43752769230769 0.3108974358974359 45.286538461538456 45.30769230769231 0.0 45.30769230769231 3.9957145999651402
68000 0.25 0.00010237228774228635 35.85551038461537 0.26282051282051283 45.286538461538456 45.30769230769231 0.0 45.30769230769231 3.6295923001598567
70000 0.28846153846153844 0.0001117921627400033 35.391674249999994 0.2868589743589744 45.286538461538456 45.30769230769231 0.0 45.30769230769231 3.595396999968216
72000 0.3269230769230769 6.958397944186992e-05 35.10727809615384 0.3108974358974359 45.286538461538456 45.30769230769231 0.0 45.30769230769231 3.670909699983895
74000 0.23076923076923078 4.74585207187093e-05 36.47547232692308 0.22916666666666669 45.286538461538456 45.30769230769231 0.0 45.30769230769231 3.8541091999504715
76000 0.28846153846153844 0.00011497473467586909 35.96360501923076 0.25641025641025644 45.286538461538456 45.30769230769231 0.0 45.30769230769231 3.8242052998393774
78000 0.19230769230769232 -0.13456057097310883 36.458220403846155 0.2259615384615385 45.286538461538456 45.30769230769231 0.0 45.30769230769231 4.149861299898475
80000 0.3269230769230769 0.00011313023173691126 35.62967873076923 0.27403846153846156 45.286538461538456 45.30769230769231 0.019230769230769232 45.28846153846154 3.8803610000759363
82000 0.2692307692307692 -0.07683925273344692 35.44400565384614 0.27083333333333337 45.286538461538456 45.30769230769231 0.019230769230769232 45.28846153846154 3.7071349998004735
84000 0.28846153846153844 8.253382855564813e-05 35.20967873076922 0.3012820512820513 45.286538461538456 45.30769230769231 0.019230769230769232 45.28846153846154 3.596850600093603
86000 0.28846153846153844 7.974997268864103e-05 35.356794115384616 0.296474358974359 45.286538461538456 45.30769230769231 0.019230769230769232 45.28846153846154 3.824945400003344
88000 0.25 9.148125068695226e-05 35.621639615384616 0.3301282051282052 45.286538461538456 45.30769230769231 0.019230769230769232 45.28846153846154 3.75771989999339
90000 0.19230769230769232 4.931225002092651e-05 35.87274763461537 0.3237179487179488 45.286538461538456 45.30769230769231 0.0 45.30769230769231 3.7765094998758286
92000 0.25 6.975861394529599e-05 35.37546557692308 0.3605769230769231 45.286538461538456 45.30769230769231 0.0 45.30769230769231 3.9319875000510365
94000 0.11538461538461539 7.692839715507408e-05 36.35096878846153 0.25320512820512825 45.286538461538456 45.30769230769231 0.0 45.30769230769231 3.845158499898389
96000 0.23076923076923078 0.00017503835158817982 35.766105019230764 0.26282051282051283 45.286538461538456 45.30769230769231 0.0 45.30769230769231 3.92233380000107
98000 0.25 7.331842456640638e-05 35.79831655769231 0.27884615384615385 45.286538461538456 45.30769230769231 0.0 45.30769230769231 3.422717100009322
100000 0.25 8.66916855902348e-05 35.27351848076923 0.3285256410256411 45.286538461538456 45.30769230769231 0.0 45.30769230769231 3.982825000071898
102000 0.21153846153846154 0.00013231897477526897 35.47139250000001 0.24358974358974364 45.286538461538456 45.30769230769231 0.0 45.30769230769231 3.609397100051865
104000 0.21153846153846154 7.809125059579056e-05 35.5545665576923 0.2275641025641026 45.286538461538456 45.30769230769231 0.0 45.30769230769231 3.845957800047472
106000 0.1346153846153846 0.00010682855025430734 35.758493499999986 0.24519230769230774 45.286538461538456 45.30769230769231 0.0 45.30769230769231 3.726251699961722
108000 0.15384615384615385 9.250886397335044e-05 36.12148773076923 0.22756410256410262 45.286538461538456 45.30769230769231 0.0 45.30769230769231 3.862144600134343
110000 0.11538461538461539 -0.01916450291340847 36.01873642307692 0.24679487179487183 45.286538461538456 45.30769230769231 0.0 45.30769230769231 3.7660421999171376
112000 0.09615384615384616 7.082920777549461e-05 36.53178771153846 0.2211538461538462 45.286538461538456 45.30769230769231 0.0 45.30769230769231 3.693347399821505
114000 0.11538461538461539 6.459483377383818e-05 36.27041401923077 0.20833333333333334 45.286538461538456 45.30769230769231 0.0 45.30769230769231 3.650227800011635
116000 0.1346153846153846 0.00010054181442811509 35.87060632692307 0.2291666666666667 45.286538461538456 45.30769230769231 0.0 45.30769230769231 3.710925799794495
118000 0.09615384615384616 -0.0384160841836361 36.28498773076923 0.1955128205128205 45.286538461538456 45.30769230769231 0.0 45.30769230769231 3.6139876001980156
120000 0.1346153846153846 -0.0768701067802797 36.430295423076934 0.18589743589743588 45.286538461538456 45.30769230769231 0.0 45.30769230769231 3.740542900050059
122000 0.11538461538461539 -0.15380249524275239 36.46866207692309 0.1907051282051282 45.286538461538456 45.30769230769231 0.019230769230769232 45.28846153846154 3.7368668001145124
124000 0.19230769230769232 -0.15373864790036645 37.3499364423077 0.1794871794871795 45.286538461538456 45.30769230769231 0.0 45.30769230769231 3.572793899802491
126000 0.19230769230769232 9.903931844863721e-05 36.47449796153846 0.21153846153846154 45.286538461538456 45.30769230769231 0.0 45.30769230769231 3.451100300066173
128000 0.1346153846153846 4.6115641804649216e-05 37.390538096153854 0.16346153846153846 45.286538461538456 45.30769230769231 0.0 45.30769230769231 3.8386276999954134
130000 0.1346153846153846 0.00011393816941070247 36.75409411538462 0.17628205128205127 45.286538461538456 45.30769230769231 0.0 45.30769230769231 3.7113711000420153
132000 0.21153846153846154 0.00019306811473333762 36.46433771153845 0.21955128205128208 45.286538461538456 45.30769230769231 0.0 45.30769230769231 4.002807299839333
134000 0.09615384615384616 5.3557825879190464e-05 36.99655646153846 0.20352564102564102 45.286538461538456 45.30769230769231 0.0 45.30769230769231 3.734417099971324
136000 0.23076923076923078 0.00013358618097160694 36.475652769230756 0.21153846153846154 45.286538461538456 45.30769230769231 0.0 45.30769230769231 3.7229206999763846
138000 0.19230769230769232 7.495169266043149e-05 36.65767565384614 0.18269230769230768 45.286538461538456 45.30769230769231 0.0 45.30769230769231 3.8642166999634355
140000 0.5769230769230769 -0.8269114342767299 34.58162082692308 0.2003205128205128 45.286538461538456 45.30769230769231 0.0 45.30769230769231 3.49780960008502
142000 0.5769230769230769 -0.2881269518256974 34.663878730769234 0.19871794871794873 45.286538461538456 45.30769230769231 0.0 45.30769230769231 3.6874708000104874
144000 0.6346153846153846 -0.8268648070851761 33.808591980769236 0.2099358974358974 45.286538461538456 45.30769230769231 0.0 45.30769230769231 3.1286855000071228
146000 0.19230769230769232 -0.1536978109001807 36.16385896153846 0.18589743589743593 45.286538461538456 45.30769230769231 0.0 45.30769230769231 3.580840100068599
148000 0.5 -0.40370570795062044 34.39126313461539 0.20833333333333337 45.286538461538456 45.30769230769231 0.0 45.30769230769231 3.953983400017023
150000 0.19230769230769232 -0.21142388151308406 36.444287 0.1362179487179487 45.286538461538456 45.30769230769231 0.0 45.30769230769231 3.4908395998645574
152000 0.6923076923076923 -0.7113519396498956 33.809649673076926 0.22115384615384615 45.286538461538456 45.30769230769231 0.0 45.30769230769231 3.2617325000464916
154000 0.7692307692307693 -0.6151706468472758 33.692534288461545 0.22596153846153846 45.286538461538456 45.30769230769231 0.0 45.30769230769231 3.564596700016409
156000 0.8653846153846154 -0.7498123721841187 33.187272750000005 0.25320512820512814 45.286538461538456 45.30769230769231 0.0 45.30769230769231 3.562821500003338
158000 0.8461538461538461 -0.7881187574218236 33.16515736538462 0.2692307692307692 45.286538461538456 45.30769230769231 0.0 45.30769230769231 3.562488100025803
160000 0.11538461538461539 -0.1921983193859331 36.14874026923076 0.1987179487179487 45.286538461538456 45.30769230769231 0.0 45.30769230769231 3.4213996999897063
162000 0.19230769230769232 6.80359179539929e-05 35.74655694230768 0.19711538461538458 45.286538461538456 45.30769230769231 0.0 45.30769230769231 3.589384999824688
164000 0.19230769230769232 7.871250983446482e-05 34.74679732692307 0.28205128205128205 45.286538461538456 45.30769230769231 0.019230769230769232 45.28846153846154 3.8328070000279695
166000 0.11538461538461539 -0.03828322504969321 34.945588615384615 0.22275641025641024 45.286538461538456 45.30769230769231 0.0 45.30769230769231 4.074484500102699
168000 0.21153846153846154 -0.019111258874611233 35.29661753846154 0.28525641025641024 45.286538461538456 45.30769230769231 0.019230769230769232 45.28846153846154 3.892030999995768
170000 0.15384615384615385 0.00013379236591949155 36.436078903846166 0.2227564102564103 45.286538461538456 45.30769230769231 0.0 45.30769230769231 3.8380038999021053
172000 0.21153846153846154 0.00012212727415271434 36.43097715384616 0.23557692307692307 45.286538461538456 45.30769230769231 0.0 45.30769230769231 3.9654381999280304
174000 0.15384615384615385 5.3559883948340326e-05 36.05926473076923 0.2692307692307692 45.286538461538456 45.30769230769231 0.0 45.30769230769231 4.221022099955007
176000 0.3076923076923077 0.00013600516746513992 35.829221711538466 0.2516025641025641 45.286538461538456 45.30769230769231 0.0 45.30769230769231 4.20724150002934
178000 0.19230769230769232 9.18475896219794e-05 35.76269767307693 0.2548076923076923 45.286538461538456 45.30769230769231 0.0 45.30769230769231 3.460438200039789
180000 0.40384615384615385 0.0002159778823154853 35.67629863461539 0.2564102564102564 45.286538461538456 45.30769230769231 0.0 45.30769230769231 3.5750996998976916
182000 0.7115384615384616 -0.0383061946769316 35.52356748076922 0.28365384615384615 45.286538461538456 45.30769230769231 0.0 45.30769230769231 3.632685699965805
184000 0.5384615384615384 -0.288306439245908 35.335575384615375 0.27884615384615385 45.286538461538456 45.30769230769231 0.0 45.30769230769231 3.5645804000087082
186000 0.3269230769230769 6.896854479338865e-05 36.18262555769232 0.24198717948717946 45.286538461538456 45.30769230769231 0.0 45.30769230769231 3.6596166000235826
188000 0.21153846153846154 6.845080631189858e-05 35.997569519230765 0.2211538461538462 45.286538461538456 45.30769230769231 0.0 45.30769230769231 3.6915982000064105
190000 0.23076923076923078 6.45659058185685e-05 35.7197328076923 0.26121794871794873 45.286538461538456 45.30769230769231 0.0 45.30769230769231 3.9779230998829007
192000 0.7692307692307693 0.00024641410587843235 34.7970665576923 0.3012820512820513 45.286538461538456 45.30769230769231 0.0 45.30769230769231 3.7463911999948323
194000 0.7692307692307693 9.833756491420987e-05 34.64898963461537 0.29166666666666663 45.286538461538456 45.30769230769231 0.0 45.30769230769231 3.771508199861273
196000 0.4807692307692308 0.00026958158667731883 34.95734540384614 0.34615384615384615 45.286538461538456 45.30769230769231 0.0 45.30769230769231 3.9510550000704825
198000 0.2692307692307692 9.267200387261769e-05 35.67163386538461 0.27083333333333337 45.286538461538456 45.30769230769231 0.0 45.30769230769231 3.802154100034386
200000 0.19230769230769232 8.090541678536958e-05 35.6576915576923 0.2211538461538462 45.286538461538456 45.30769230769231 0.0 45.30769230769231 3.7938493001274765
202000 0.19230769230769232 7.126359612998865e-05 35.68911463461537 0.2371794871794872 45.286538461538456 45.30769230769231 0.0 45.30769230769231 3.875559499952942
204000 0.23076923076923078 9.132100975280662e-05 34.609076173076915 0.27403846153846156 45.286538461538456 45.30769230769231 0.0 45.30769230769231 4.147924799937755
206000 0.2692307692307692 0.0001004559480713902 34.63459540384614 0.2724358974358974 45.286538461538456 45.30769230769231 0.019230769230769232 45.28846153846154 3.7187414998188615
208000 0.2692307692307692 0.00013675845219091674 35.62192424999999 0.24679487179487178 45.286538461538456 45.30769230769231 0.0 45.30769230769231 3.4931463000830263
210000 0.21153846153846154 7.732829419861096e-05 34.94567424999998 0.23397435897435898 45.286538461538456 45.30769230769231 0.019230769230769232 45.28846153846154 3.9466926001477987
212000 0.38461538461538464 0.00010928461154555803 34.771422326923066 0.24839743589743588 45.286538461538456 45.30769230769231 0.019230769230769232 45.28846153846154 3.748602000065148
214000 0.3076923076923077 0.00014975964997591178 34.49473963461537 0.30128205128205127 45.286538461538456 45.30769230769231 0.019230769230769232 45.28846153846154 3.7780001999344677
216000 0.1346153846153846 -0.9615380731223647 37.40051825000001 0.12339743589743589 45.286538461538456 45.30769230769231 0.0 45.30769230769231 3.2848835999611765
218000 0.19230769230769232 -0.9423067284432491 37.51551825000001 0.1330128205128205 45.286538461538456 45.30769230769231 0.0 45.30769230769231 2.846593900118023
220000 0.11538461538461539 -0.557674995814409 37.27860307692309 0.15865384615384615 45.286538461538456 45.30769230769231 0.0 45.30769230769231 3.473049699794501
222000 0.28846153846153844 0.00010908459033514793 36.17129924999999 0.22916666666666669 45.286538461538456 45.30769230769231 0.019230769230769232 45.28846153846154 3.7605607002042234
224000 0.15384615384615385 7.312445254525606e-05 36.26267861538461 0.20673076923076922 45.286538461538456 45.30769230769231 0.0 45.30769230769231 3.7344708000309765
226000 0.17307692307692307 9.620380518823187e-05 36.01461463461538 0.25961538461538464 45.286538461538456 45.30769230769231 0.0 45.30769230769231 4.100456800078973
228000 0.1346153846153846 7.461447232324212e-05 35.80942057692307 0.2387820512820513 45.286538461538456 45.30769230769231 0.0 45.30769230769231 3.561678299913183
230000 0.1346153846153846 -0.019163283165371112 35.846130653846146 0.2323717948717949 45.286538461538456 45.30769230769231 0.0 45.30769230769231 3.6359793001320213
232000 0.1346153846153846 0.0001418915469421546 35.95365309615384 0.26121794871794873 45.286538461538456 45.30769230769231 0.0 45.30769230769231 4.337441900046542
234000 0.11538461538461539 6.443227548527298e-05 35.92702073076923 0.2580128205128205 45.286538461538456 45.30769230769231 0.0 45.30769230769231 3.755630300147459
236000 0.11538461538461539 5.469987600096496e-05 35.28304636538461 0.30929487179487186 45.286538461538456 45.30769230769231 0.0 45.30769230769231 3.4798821001313627
238000 0.21153846153846154 7.690127643523015e-05 34.696411749999996 0.30929487179487186 45.286538461538456 45.30769230769231 0.019230769230769232 45.28846153846154 3.5609983999747783
240000 0.11538461538461539 -0.03841055074942966 35.847163980769224 0.2516025641025641 45.286538461538456 45.30769230769231 0.0 45.30769230769231 3.7725760000757873
242000 0.1346153846153846 5.0953139583624984e-05 35.57599411538462 0.25 45.286538461538456 45.30769230769231 0.0 45.30769230769231 4.068670999957249
244000 0.19230769230769232 -0.03837316668494252 35.77209988461539 0.28685897435897434 45.286538461538456 45.30769230769231 0.0 45.30769230769231 3.7487943000160158
246000 0.17307692307692307 7.401300390428865e-05 35.587107903846146 0.310897435897436 45.286538461538456 45.30769230769231 0.0 45.30769230769231 4.7052998000290245
248000 0.17307692307692307 6.783746235416198e-05 35.30045084615385 0.3076923076923077 45.286538461538456 45.30769230769231 0.0 45.30769230769231 3.7847662998829037
250000 0.1346153846153846 0.00011030678046556721 35.24740628846154 0.3060897435897436 45.286538461538456 45.30769230769231 0.0 45.30769230769231 3.875770599814132
252000 0.17307692307692307 8.858051137084857e-05 34.903514307692305 0.30288461538461536 45.286538461538456 45.30769230769231 0.0 45.30769230769231 3.6897116999607533
254000 0.1346153846153846 8.481501536622127e-05 34.49118834615384 0.3317307692307692 45.286538461538456 45.30769230769231 0.0 45.30769230769231 4.144374900031835
256000 0.09615384615384616 7.191278664458871e-05 34.97431334615385 0.31089743589743585 45.286538461538456 45.30769230769231 0.0 45.30769230769231 4.349274100037292
258000 0.1346153846153846 5.715461206131524e-05 34.73287103846154 0.2932692307692307 45.286538461538456 45.30769230769231 0.019230769230769232 45.28846153846154 4.378234700066969
260000 0.36538461538461536 0.00016137469334793475 35.40160180769231 0.30288461538461536 45.286538461538456 45.30769230769231 0.0 45.30769230769231 4.330099500017241
262000 0.25 0.00011203810726517511 35.80115053846154 0.28365384615384615 45.286538461538456 45.30769230769231 0.0 45.30769230769231 4.371304400032386
264000 0.4423076923076923 8.065604449114189e-05 35.857826173076916 0.29166666666666663 45.286538461538456 45.30769230769231 0.0 45.30769230769231 4.039825499989092
266000 0.15384615384615385 8.609028527110892e-05 36.04545757692308 0.266025641025641 45.286538461538456 45.30769230769231 0.0 45.30769230769231 3.8386059999465942
268000 0.15384615384615385 9.983859498653402e-05 35.73229732692308 0.2932692307692308 45.286538461538456 45.30769230769231 0.0 45.30769230769231 4.105668199947104
270000 0.1346153846153846 7.734403378608181e-05 35.62470757692308 0.2852564102564103 45.286538461538456 45.30769230769231 0.0 45.30769230769231 4.47019449993968
272000 0.1346153846153846 8.386906215605624e-05 35.83770598076923 0.24839743589743596 45.286538461538456 45.30769230769231 0.0 45.30769230769231 4.0752512000035495
274000 0.1346153846153846 7.271918728318446e-05 35.6118165576923 0.29487179487179493 45.286538461538456 45.30769230769231 0.0 45.30769230769231 3.9057624000124633
276000 0.1346153846153846 6.606381339758431e-05 35.318917519230766 0.2932692307692308 45.286538461538456 45.30769230769231 0.0 45.30769230769231 3.6587177999317646
278000 0.1346153846153846 8.105300614402516e-05 35.31376367307692 0.3285256410256411 45.286538461538456 45.30769230769231 0.0 45.30769230769231 3.7047104998491704
280000 0.11538461538461539 8.165855690666161e-05 35.5593165576923 0.3044871794871795 45.286538461538456 45.30769230769231 0.0 45.30769230769231 4.128214600030333
282000 0.11538461538461539 0.00010689296127640419 35.70008578846153 0.27724358974358976 45.286538461538456 45.30769230769231 0.0 45.30769230769231 3.51433979999274
284000 0.1346153846153846 -0.038387341286059834 35.83775069230769 0.296474358974359 45.286538461538456 45.30769230769231 0.0 45.30769230769231 3.599619299871847
286000 0.1346153846153846 8.262829586684809e-05 35.57253771153846 0.2371794871794872 45.286538461538456 45.30769230769231 0.0 45.30769230769231 3.6917514998931438
288000 0.1346153846153846 9.136023606851004e-05 35.51364348076923 0.22596153846153844 45.286538461538456 45.30769230769231 0.0 45.30769230769231 3.770358699839562
290000 0.15384615384615385 8.557331460316454e-05 35.783874250000004 0.2403846153846154 45.286538461538456 45.30769230769231 0.0 45.30769230769231 3.7484799998346716
292000 0.1346153846153846 -0.019134741687834623 36.22530394230769 0.2243589743589744 45.286538461538456 45.30769230769231 0.0 45.30769230769231 3.883002699818462
294000 0.15384615384615385 -0.01910511725376358 35.77678449999999 0.2644230769230769 45.286538461538456 45.30769230769231 0.0 45.30769230769231 3.7951362000312656
296000 0.15384615384615385 0.00013605710131431352 35.482153096153844 0.2676282051282052 45.286538461538456 45.30769230769231 0.0 45.30769230769231 3.8322981998790056
298000 0.1346153846153846 8.698720617335324e-05 34.86780053846154 0.33333333333333337 45.286538461538456 45.30769230769231 0.0 45.30769230769231 4.004338400205597
300000 0.11538461538461539 7.352721896681594e-05 35.21453771153846 0.296474358974359 45.286538461538456 45.30769230769231 0.0 45.30769230769231 4.031897500157356
302000 0.1346153846153846 0.0001542907237890015 35.09505853846154 0.28365384615384615 45.286538461538456 45.30769230769231 0.019230769230769232 45.28846153846154 3.9631443999242038
304000 0.15384615384615385 -0.05755220518720235 35.40810565384616 0.2852564102564103 45.286538461538456 45.30769230769231 0.0 45.30769230769231 3.6779004000127316
306000 0.17307692307692307 -0.019079875854100533 35.07647361538461 0.2820512820512821 45.286538461538456 45.30769230769231 0.0 45.30769230769231 4.047906500054523
308000 0.19230769230769232 -0.07684028604118273 34.622806846153836 0.3012820512820513 45.286538461538456 45.30769230769231 0.019230769230769232 45.28846153846154 3.8529567001387477
310000 0.17307692307692307 -0.019165214068629553 34.85948807692307 0.26121794871794873 45.286538461538456 45.30769230769231 0.019230769230769232 45.28846153846154 3.8792697999160737
312000 0.21153846153846154 -0.03832962663840079 35.64170548076922 0.2836538461538462 45.286538461538456 45.30769230769231 0.019230769230769232 45.28846153846154 3.5849148998968303
314000 0.23076923076923078 8.692022527587037e-05 35.152441557692306 0.27884615384615385 45.286538461538456 45.30769230769231 0.019230769230769232 45.28846153846154 3.8292044999543577
316000 0.25 -0.03833403988781659 35.4504496153846 0.34134615384615385 45.286538461538456 45.30769230769231 0.019230769230769232 45.28846153846154 4.194814200047404
318000 0.19230769230769232 9.002231761704218e-05 35.62488519230769 0.264423076923077 45.286538461538456 45.30769230769231 0.019230769230769232 45.28846153846154 3.5894418000243604
320000 0.15384615384615385 8.058555107772947e-05 36.08711076923077 0.28365384615384615 45.286538461538456 45.30769230769231 0.0 45.30769230769231 3.8171058997977525
322000 0.15384615384615385 4.3016611053522664e-05 36.21385757692307 0.27083333333333337 45.286538461538456 45.30769230769231 0.0 45.30769230769231 3.7589158001355827
324000 0.23076923076923078 0.00014501760878142593 36.21814 0.29166666666666663 45.286538461538456 45.30769230769231 0.0 45.30769230769231 3.6412929999642074
326000 0.21153846153846154 4.7570020340576e-05 35.66568834615385 0.27884615384615385 45.286538461538456 45.30769230769231 0.0 45.30769230769231 3.753059499897063
328000 0.25 4.503197251972432e-05 35.82079411538462 0.30769230769230765 45.286538461538456 45.30769230769231 0.0 45.30769230769231 3.8485836000181735
330000 0.23076923076923078 9.115387479955801e-05 35.45009861538462 0.27083333333333337 45.286538461538456 45.30769230769231 0.0 45.30769230769231 4.045054400106892
332000 0.19230769230769232 5.206685623753534e-05 36.156885461538465 0.266025641025641 45.286538461538456 45.30769230769231 0.0 45.30769230769231 3.507164099952206
334000 0.17307692307692307 4.698602482357524e-05 36.57690117307692 0.25 45.286538461538456 45.30769230769231 0.0 45.30769230769231 3.4879536000080407
336000 0.17307692307692307 4.8040996216590606e-05 36.46934123076923 0.27884615384615385 45.286538461538456 45.30769230769231 0.0 45.30769230769231 4.040993399918079
338000 0.15384615384615385 9.29401085171036e-05 36.57470742307692 0.22115384615384612 45.286538461538456 45.30769230769231 0.0 45.30769230769231 3.893243100028485
340000 0.17307692307692307 6.25589561859469e-05 36.30698867307692 0.27564102564102566 45.286538461538456 45.30769230769231 0.0 45.30769230769231 4.033468100009486
342000 0.19230769230769232 7.13723595399491e-05 36.10569059615384 0.2980769230769231 45.286538461538456 45.30769230769231 0.0 45.30769230769231 4.026696000015363
344000 0.11538461538461539 5.002312655525805e-05 36.14598165384616 0.27083333333333337 45.286538461538456 45.30769230769231 0.0 45.30769230769231 3.7394409999251366
346000 0.15384615384615385 4.800772433743903e-05 36.377598019230774 0.22115384615384615 45.286538461538456 45.30769230769231 0.0 45.30769230769231 3.884646699996665
348000 0.17307692307692307 -0.09608284290309349 35.97751526923076 0.2772435897435898 45.286538461538456 45.30769230769231 0.0 45.30769230769231 3.7640142999589443
350000 0.25 9.033005397605549e-05 35.3787268076923 0.30128205128205127 45.286538461538456 45.30769230769231 0.0 45.30769230769231 3.9559840001165867
352000 0.46153846153846156 0.0001294441423579904 35.40450244230768 0.2724358974358974 45.286538461538456 45.30769230769231 0.0 45.30769230769231 3.894315999932587
354000 0.2692307692307692 0.00011685565463302408 35.19986334615384 0.3125 45.286538461538456 45.30769230769231 0.0 45.30769230769231 4.513166600139812
356000 0.28846153846153844 0.0001027520576525404 35.06953449999999 0.3076923076923077 45.286538461538456 45.30769230769231 0.0 45.30769230769231 3.961509399814531
358000 0.21153846153846154 -0.019155113694948482 35.52504640384615 0.28846153846153844 45.286538461538456 45.30769230769231 0.0 45.30769230769231 3.731445200042799
360000 0.15384615384615385 3.5079457692683186e-05 36.711833211538455 0.1939102564102564 45.286538461538456 45.30769230769231 0.0 45.30769230769231 4.035387800075114
362000 0.17307692307692307 -0.01920240414809971 36.01552007692307 0.21634615384615385 45.286538461538456 45.30769230769231 0.0 45.30769230769231 3.729800699977204
364000 0.15384615384615385 0.00012314874286504607 35.62148963461537 0.2516025641025641 45.286538461538456 45.30769230769231 0.0 45.30769230769231 3.6511879998724908
366000 0.17307692307692307 5.278447461347921e-05 35.03214348076922 0.27884615384615385 45.286538461538456 45.30769230769231 0.0 45.30769230769231 3.8736175999511033
368000 0.2692307692307692 7.886947840840063e-05 34.375640269230765 0.3573717948717948 45.286538461538456 45.30769230769231 0.019230769230769232 45.28846153846154 3.6726677999831736
370000 0.21153846153846154 0.00010906536870629716 34.80779411538461 0.34455128205128205 45.286538461538456 45.30769230769231 0.0 45.30769230769231 4.344652300002053
372000 0.17307692307692307 -0.019153996974113904 35.63748642307691 0.25641025641025644 45.286538461538456 45.30769230769231 0.0 45.30769230769231 4.223934900015593
374000 0.17307692307692307 -0.01915181767924282 35.507223615384596 0.26282051282051283 45.286538461538456 45.30769230769231 0.0 45.30769230769231 3.935298199998215
376000 0.23076923076923078 0.00017348863622488906 35.2746018076923 0.3076923076923077 45.286538461538456 45.30769230769231 0.0 45.30769230769231 3.507137400098145
378000 0.19230769230769232 7.486581061639226e-05 35.315925538461535 0.3028846153846154 45.286538461538456 45.30769230769231 0.0 45.30769230769231 3.804138300009072
380000 0.17307692307692307 4.255327959031286e-05 35.24195757692307 0.3125 45.286538461538456 45.30769230769231 0.0 45.30769230769231 3.7736889999359846
382000 0.21153846153846154 8.104202345012764e-05 35.01811142307691 0.33974358974358976 45.286538461538456 45.30769230769231 0.0 45.30769230769231 3.8498199998866767
384000 0.25 0.0001078888885808593 34.64593194230769 0.375 45.286538461538456 45.30769230769231 0.0 45.30769230769231 3.599918599938974
386000 0.21153846153846154 -0.07684756347805594 35.104313346153845 0.2916666666666667 45.286538461538456 45.30769230769231 0.0 45.30769230769231 4.259147500153631
388000 0.4423076923076923 -0.05754507846581398 35.118826173076926 0.28525641025641024 45.286538461538456 45.30769230769231 0.0 45.30769230769231 3.5323399999178946
390000 0.21153846153846154 -0.01908562806906266 35.528736423076914 0.28365384615384615 45.286538461538456 45.30769230769231 0.0 45.30769230769231 4.33378059999086
392000 0.5192307692307693 0.0001371388434127547 35.148451173076914 0.31410256410256415 45.286538461538456 45.30769230769231 0.0 45.30769230769231 3.8493639999069273
394000 0.5 0.00012980319941031297 34.87922040384615 0.31891025641025644 45.286538461538456 45.30769230769231 0.0 45.30769230769231 3.9633138000499457
396000 0.5192307692307693 0.00017120484874624895 34.47475644230769 0.3926282051282052 45.286538461538456 45.30769230769231 0.0 45.30769230769231 3.937656900146976
398000 0.7307692307692307 0.00018997332920081905 34.329200961538454 0.3637820512820512 45.286538461538456 45.30769230769231 0.0 45.30769230769231 3.9840118000283837
400000 0.6346153846153846 0.00018300507831251357 35.18247444230768 0.31570512820512814 45.286538461538456 45.30769230769231 0.0 45.30769230769231 3.893055400112644
402000 0.8269230769230769 0.000164999731403402 34.55812394230769 0.36538461538461536 45.286538461538456 45.30769230769231 0.0 45.30769230769231 3.6294357001315802
404000 0.7884615384615384 0.00015857566532114065 34.405980788461534 0.3189102564102564 45.286538461538456 45.30769230769231 0.0 45.30769230769231 3.7587647999171168
406000 1.0576923076923077 0.00025175800499615896 33.87832234615384 0.3862179487179488 45.286538461538456 45.30769230769231 0.0 45.30769230769231 4.008547900011763
408000 0.75 0.0002608183908659735 33.590994961538456 0.37820512820512825 45.286538461538456 45.30769230769231 0.0 45.30769230769231 4.243566600140184
410000 1.0576923076923077 0.0002180459619787734 32.986696057692306 0.46153846153846156 45.286538461538456 45.30769230769231 0.0 45.30769230769231 3.9455844000913203
412000 0.8653846153846154 0.0002798653610147353 33.63208067307691 0.40865384615384615 45.286538461538456 45.30769230769231 0.0 45.30769230769231 3.8898000000044703
414000 1.25 0.00022928175004211166 33.415802211538455 0.3766025641025641 45.286538461538456 45.30769230769231 0.0 45.30769230769231 3.838412099983543
416000 1.1923076923076923 0.00025867669209265576 33.03033576923076 0.4375 45.286538461538456 45.30769230769231 0.0 45.30769230769231 3.9175184001214802
418000 1.2115384615384615 0.00026688106827961044 32.60355288461538 0.4855769230769231 45.286538461538456 45.30769230769231 0.0 45.30769230769231 3.9394094001036137
420000 1.2115384615384615 0.00048356624654038126 32.54800505769231 0.4471153846153847 45.286538461538456 45.30769230769231 0.0 45.30769230769231 4.336205800063908
422000 1.1153846153846154 0.00025930024996304924 33.28237746153846 0.38301282051282054 45.286538461538456 45.30769230769231 0.0 45.30769230769231 3.7680926001630723
424000 1.1346153846153846 0.00033341311588315405 33.45737746153846 0.35256410256410253 45.286538461538456 45.30769230769231 0.0 45.30769230769231 3.8216868999879807
426000 0.6346153846153846 -0.019070117481767047 34.22631015384615 0.37820512820512814 45.286538461538456 45.30769230769231 0.0 45.30769230769231 3.864864000119269
428000 0.6153846153846154 -0.019180169200915323 33.65702169230769 0.35096153846153844 45.286538461538456 45.30769230769231 0.0 45.30769230769231 3.459959900006652
430000 0.9038461538461539 6.553977091538601e-05 32.966464 0.3894230769230769 45.286538461538456 45.30769230769231 0.0 45.30769230769231 3.9024726999923587
432000 1.2307692307692308 0.00011538627851459757 32.919268480769226 0.40384615384615385 45.286538461538456 45.30769230769231 0.0 45.30769230769231 3.6898890000302345
434000 1.1538461538461537 0.00011490063254815767 32.770406307692305 0.39903846153846145 45.286538461538456 45.30769230769231 0.0 45.30769230769231 3.7682042999658734
436000 1.5192307692307692 7.280696424377611e-05 32.96279924999999 0.3605769230769231 45.286538461538456 45.30769230769231 0.0 45.30769230769231 3.914403900038451
438000 1.4615384615384615 6.82508996201516e-05 32.88047040384615 0.3766025641025641 45.286538461538456 45.30769230769231 0.0 45.30769230769231 3.7170398999005556
440000 1.0 0.00012384961343607498 33.373905019230754 0.34935897435897434 45.286538461538456 45.30769230769231 0.019230769230769232 45.28846153846154 3.5647680999245495
442000 1.0384615384615385 7.249753907664446e-05 33.60826078846153 0.3285256410256411 45.286538461538456 45.30769230769231 0.019230769230769232 45.28846153846154 3.726832900196314
444000 0.8653846153846154 0.00023278092933512213 33.746102134615384 0.3605769230769231 45.286538461538456 45.30769230769231 0.019230769230769232 45.28846153846154 3.4234939999878407
446000 0.7307692307692307 0.00018237914921764425 33.53420309615384 0.3766025641025641 45.286538461538456 45.30769230769231 0.019230769230769232 45.28846153846154 3.552461100043729
448000 0.8076923076923077 8.947205156102765e-05 34.06093065384614 0.344551282051282 45.286538461538456 45.30769230769231 0.019230769230769232 45.28846153846154 3.6363090998493135
450000 0.9038461538461539 0.00013341149012494315 33.93205694230768 0.34134615384615385 45.286538461538456 45.30769230769231 0.019230769230769232 45.28846153846154 3.201599400024861
452000 1.0769230769230769 0.0001240029947418325 33.36465309615384 0.3397435897435897 45.286538461538456 45.30769230769231 0.019230769230769232 45.28846153846154 3.701812000013888
454000 1.0192307692307692 -0.0768451673106171 33.9723838653846 0.3189102564102564 45.286538461538456 45.30769230769231 0.019230769230769232 45.28846153846154 2.9452424000483006
456000 1.0 -0.07684558160334409 33.985412711538444 0.31891025641025644 45.286538461538456 45.30769230769231 0.019230769230769232 45.28846153846154 2.6080929001327604
458000 1.0 -0.05761632970767906 34.11858578846153 0.29967948717948717 45.286538461538456 45.30769230769231 0.019230769230769232 45.28846153846154 2.8631595000624657
460000 1.0192307692307692 -0.05758643352476859 33.95368194230769 0.31410256410256415 45.286538461538456 45.30769230769231 0.019230769230769232 45.28846153846154 2.690511800115928
462000 1.0 -0.01912862642716088 34.052874249999995 0.3012820512820512 45.286538461538456 45.30769230769231 0.0 45.30769230769231 2.800422500120476
464000 0.9615384615384616 -0.07686464799060751 33.76912938461538 0.3381410256410256 45.286538461538456 45.30769230769231 0.0 45.30769230769231 2.7541185999289155
466000 0.9615384615384616 -0.038413930398524906 33.963616557692305 0.3141025641025641 45.286538461538456 45.30769230769231 0.019230769230769232 45.28846153846154 2.977601099992171
468000 0.8269230769230769 -0.4038020127782851 34.887558269230766 0.2435897435897436 45.286538461538456 45.30769230769231 0.019230769230769232 45.28846153846154 2.65072499983944
470000 1.0 -0.19224155648066635 34.294885788461535 0.2644230769230769 45.286538461538456 45.30769230769231 0.019230769230769232 45.28846153846154 2.6013354999013245
472000 1.0961538461538463 -0.2114652887661445 34.19661655769231 0.2980769230769231 45.286538461538456 45.30769230769231 0.019230769230769232 45.28846153846154 2.9163136000279337
474000 1.0192307692307692 -0.11529222507411827 34.30167424999999 0.3349358974358974 45.286538461538456 45.30769230769231 0.019230769230769232 45.28846153846154 2.722602399997413
476000 0.8461538461538461 -0.21148339805760413 34.74370628846154 0.27083333333333337 45.286538461538456 45.30769230769231 0.019230769230769232 45.28846153846154 2.2951064999215305
478000 0.6923076923076923 -0.1922602937175955 35.027661423076914 0.25 45.286538461538456 45.30769230769231 0.019230769230769232 45.28846153846154 2.3062221999280155
480000 0.6153846153846154 -0.2114746602496542 35.30544026923077 0.2900641025641026 45.286538461538456 45.30769230769231 0.019230769230769232 45.28846153846154 1.90568200009875
482000 0.6538461538461539 -0.11527638257041041 35.19932488461538 0.2884615384615385 45.286538461538456 45.30769230769231 0.019230769230769232 45.28846153846154 2.0773970000445843
484000 0.6730769230769231 -0.05758710517778108 34.93423194230769 0.27724358974358976 45.286538461538456 45.30769230769231 0.019230769230769232 45.28846153846154 1.9292788999155164
486000 0.6153846153846154 -0.03835536103306706 34.87394348076923 0.280448717948718 45.286538461538456 45.30769230769231 0.019230769230769232 45.28846153846154 1.823872199980542
488000 0.8076923076923077 -0.038424637227016015 34.868276807692304 0.25961538461538464 45.286538461538456 45.30769230769231 0.019230769230769232 45.28846153846154 1.8554345997981727
490000 0.7307692307692307 -0.019186995212981874 35.19211013461538 0.29166666666666663 45.286538461538456 45.30769230769231 0.019230769230769232 45.28846153846154 1.8181948999408633
492000 0.8653846153846154 -0.07685133019373855 34.56282167307692 0.30128205128205127 45.286538461538456 45.30769230769231 0.019230769230769232 45.28846153846154 1.7310201998334378
494000 0.8846153846153846 -0.07682402613187575 34.43540821153846 0.28846153846153844 45.286538461538456 45.30769230769231 0.019230769230769232 45.28846153846154 1.6893131001852453
496000 0.9230769230769231 -0.019137176401858615 34.249366557692305 0.266025641025641 45.286538461538456 45.30769230769231 0.019230769230769232 45.28846153846154 1.4580306001007557
498000 0.7884615384615384 4.007402448837101e-05 34.63970309615384 0.25320512820512825 45.286538461538456 45.30769230769231 0.019230769230769232 45.28846153846154 1.4803834999911487
500000 0.7692307692307693 9.965333262429187e-05 34.65951078846154 0.2692307692307693 45.286538461538456 45.30769230769231 0.019230769230769232 45.28846153846154 1.5028590001165867
