2000 0.5576923076923077 4.728447438922276e-05 116.5576923076923 0.060897435897435896 135.8653846153846 45.28846153846154 1.1153846153846154 44.17307692307692 1.0564594000024954
4000 0.8076923076923077 0.00015828752089365708 111.78846153846153 0.15064102564102563 135.8653846153846 45.28846153846154 1.1153846153846154 44.17307692307692 1.2103336000000127
6000 0.5961538461538461 8.004009089440566e-05 111.1923076923077 0.17147435897435898 135.8653846153846 45.28846153846154 1.1153846153846154 44.17307692307692 1.2463114999991376
8000 0.9423076923076923 0.00017354158638091912 109.23076923076923 0.20833333333333331 135.8653846153846 45.28846153846154 1.1153846153846154 44.17307692307692 1.2800952000106918
10000 1.7692307692307692 0.00083145053260213 106.82692307692308 0.17307692307692307 135.8653846153846 45.28846153846154 1.1153846153846154 44.17307692307692 1.2937309999979334
12000 2.7115384615384617 0.0006169988389981598 106.5 0.11378205128205127 135.8653846153846 45.28846153846154 1.1153846153846154 44.17307692307692 1.4380759000050602
14000 2.1923076923076925 0.0004571936145627403 106.23076923076923 0.1346153846153846 135.8653846153846 45.28846153846154 1.1153846153846154 44.17307692307692 1.288018799998099
16000 1.1346153846153846 0.00031671386462231823 108.9423076923077 0.1762820512820513 135.8653846153846 45.28846153846154 1.1153846153846154 44.17307692307692 1.3753904000041075
18000 2.5 0.000785308977987377 104.5 0.17948717948717946 135.8653846153846 45.28846153846154 1.1153846153846154 44.17307692307692 1.2979893000010634
20000 8.365384615384615 0.0018687537157875461 101.11538461538461 0.25961538461538464 135.8653846153846 45.28846153846154 1.1153846153846154 44.17307692307692 1.311834899999667
22000 5.538461538461538 0.0008747262841978443 103.17307692307692 0.2403846153846154 135.8653846153846 45.28846153846154 1.1153846153846154 44.17307692307692 1.6327708999888273
24000 5.461538461538462 0.0008204661677163488 103.3076923076923 0.23237179487179485 135.8653846153846 45.28846153846154 1.1153846153846154 44.17307692307692 1.6842490999988513
26000 0.8269230769230769 0.00011734436932457661 110.92307692307692 0.14102564102564102 135.8653846153846 45.28846153846154 1.1153846153846154 44.17307692307692 1.9800458000099752
28000 1.0576923076923077 0.00015841684807642496 109.11538461538461 0.1282051282051282 135.8653846153846 45.28846153846154 1.1153846153846154 44.17307692307692 1.707409099995857
30000 1.75 0.0004462085464755284 107.15384615384616 0.15384615384615385 135.8653846153846 45.28846153846154 1.1153846153846154 44.17307692307692 1.723376100009773
32000 1.75 0.0008137466886636995 109.34615384615384 0.10897435897435898 135.8653846153846 45.28846153846154 1.1153846153846154 44.17307692307692 1.7243830999941565
34000 5.711538461538462 0.0018337771200825162 105.63461538461539 0.18910256410256407 135.8653846153846 45.28846153846154 1.1153846153846154 44.17307692307692 1.7409975999908056
36000 5.5576923076923075 0.0008562750081308699 103.34615384615384 0.2403846153846154 135.8653846153846 45.28846153846154 1.1153846153846154 44.17307692307692 1.7142352999944706
38000 3.519230769230769 0.0009600929471388126 107.42307692307692 0.22115384615384615 135.8653846153846 45.28846153846154 1.1153846153846154 44.17307692307692 1.704346099999384
40000 5.1923076923076925 0.0014420550508873326 105.67307692307692 0.19230769230769232 135.8653846153846 45.28846153846154 1.1153846153846154 44.17307692307692 1.792691000009654
42000 3.230769230769231 0.0007584138838445674 108.1923076923077 0.13782051282051283 135.8653846153846 45.28846153846154 1.5576923076923077 43.73076923076923 1.786487199991825
44000 2.75 0.0004401808484406725 107.75 0.1618589743589744 135.8653846153846 45.28846153846154 1.5576923076923077 43.73076923076923 1.7198464999964926
46000 2.75 0.0007339030086341122 106.86538461538461 0.15705128205128208 135.8653846153846 45.28846153846154 2.0 43.28846153846154 1.6781958999927156
48000 2.0384615384615383 0.0005445565204628661 107.36538461538461 0.20833333333333331 135.8653846153846 45.28846153846154 1.5576923076923077 43.73076923076923 1.7674266999965766
50000 1.4230769230769231 0.00030520102262046004 108.98076923076923 0.15705128205128205 135.8653846153846 45.28846153846154 1.5576923076923077 43.73076923076923 1.679634400003124
52000 1.7115384615384615 0.00029899308495301056 108.34615384615384 0.1346153846153846 135.8653846153846 45.28846153846154 1.5576923076923077 43.73076923076923 1.6487374999996973
54000 2.0384615384615383 0.00048569626433831066 107.65384615384616 0.125 135.8653846153846 45.28846153846154 1.3846153846153846 43.90384615384615 1.647308100000373
56000 1.7692307692307692 0.0003139269478464994 107.13461538461539 0.171474358974359 135.8653846153846 45.28846153846154 1.5576923076923077 43.73076923076923 1.734782500003348
58000 3.4615384615384617 0.0027399727205305664 105.4423076923077 0.16666666666666669 135.8653846153846 45.28846153846154 1.5576923076923077 43.73076923076923 1.6674697999987984
60000 79.92307692307692 0.01964140056874908 81.76923076923077 0.42467948717948717 135.8653846153846 45.28846153846154 2.326923076923077 42.96153846153846 1.7135383999993792
62000 85.78846153846153 0.023388169839527764 81.78846153846153 0.4855769230769231 135.8653846153846 45.28846153846154 2.9423076923076925 42.34615384615385 1.6922913000016706
64000 92.75 0.016935949833859716 75.03846153846153 0.5256410256410257 135.8653846153846 45.28846153846154 3.1346153846153846 42.15384615384615 1.7272194999968633
66000 84.51923076923077 0.010631985642840151 74.36538461538461 0.5288461538461539 135.8653846153846 45.28846153846154 3.9038461538461537 41.38461538461539 1.8114276999986032
68000 74.82692307692308 0.01140207113558694 82.73076923076923 0.3942307692307692 135.8653846153846 45.28846153846154 3.019230769230769 42.26923076923077 1.7510561999952188
70000 59.63461538461539 0.015303757170339393 91.0576923076923 0.24839743589743588 135.8653846153846 45.28846153846154 2.173076923076923 43.11538461538461 1.691023999999743
72000 67.09615384615384 0.01378110689900474 85.9423076923077 0.36217948717948717 135.8653846153846 45.28846153846154 2.7884615384615383 42.5 1.735870899996371
74000 65.67307692307692 0.011030834219960546 86.11538461538461 0.33974358974358976 135.8653846153846 45.28846153846154 2.75 42.53846153846154 1.7028653000015765
76000 64.36538461538461 0.01320035069483739 87.13461538461539 0.3269230769230769 135.8653846153846 45.28846153846154 4.634615384615385 40.65384615384615 1.6956088000006275
78000 82.51923076923077 0.0216096440648551 87.75 0.3557692307692308 135.8653846153846 45.28846153846154 3.3653846153846154 41.92307692307692 1.6024023999925703
80000 110.90384615384616 0.025949981644798188 82.38461538461539 0.3910256410256411 135.8653846153846 45.28846153846154 4.4423076923076925 40.84615384615385 1.6839823999907821
82000 118.0 0.02163492145500818 78.23076923076923 0.46955128205128216 135.8653846153846 45.28846153846154 3.3653846153846154 41.92307692307692 1.6333454999985406
84000 114.03846153846153 0.02910466127512145 78.82692307692308 0.4294871794871795 135.8653846153846 45.28846153846154 4.346153846153846 40.94230769230769 1.6438884000090184
86000 129.59615384615384 0.02503864146159263 75.5576923076923 0.5448717948717948 135.8653846153846 45.28846153846154 3.269230769230769 42.01923076923077 1.6594273000082467
88000 181.57692307692307 0.04489743054954877 71.57692307692308 0.6073717948717949 135.8653846153846 45.28846153846154 3.4423076923076925 41.84615384615385 1.650083899992751
90000 185.90384615384616 0.0362764026212498 72.28846153846153 0.6105769230769231 135.8653846153846 45.28846153846154 2.6538461538461537 42.63461538461539 1.744539799998165
92000 181.94230769230768 0.04766873199099461 71.34615384615384 0.5961538461538461 135.8653846153846 45.28846153846154 3.173076923076923 42.11538461538461 1.7336531000037212
94000 177.03846153846155 0.051286195614619896 72.28846153846153 0.6185897435897437 135.8653846153846 45.28846153846154 2.980769230769231 42.30769230769231 1.686220500007039
96000 183.5 0.046103700455015266 71.9423076923077 0.6314102564102565 135.8653846153846 45.28846153846154 2.6923076923076925 42.59615384615385 1.6150213999935659
98000 179.53846153846155 0.043486310838721925 71.71153846153847 0.6410256410256411 135.8653846153846 45.28846153846154 2.3461538461538463 42.94230769230769 1.6358435000001919
100000 184.28846153846155 0.039592400608069636 71.32692307692308 0.6410256410256411 135.8653846153846 45.28846153846154 2.4423076923076925 42.84615384615385 1.6999260999873513
102000 183.48076923076923 0.04225439952534023 71.26923076923077 0.6410256410256411 135.8653846153846 45.28846153846154 2.4038461538461537 42.88461538461539 1.6268001999997068
104000 196.28846153846155 0.044340458271117884 69.53846153846153 0.6538461538461539 135.8653846153846 45.28846153846154 2.3846153846153846 42.90384615384615 1.6116858999885153
106000 176.78846153846155 0.03922903081693902 72.67307692307692 0.608974358974359 135.8653846153846 45.28846153846154 2.076923076923077 43.21153846153846 1.6854841000022134
108000 187.69230769230768 0.03826184161430944 71.13461538461539 0.6394230769230769 135.8653846153846 45.28846153846154 2.0576923076923075 43.23076923076923 1.6763987999875098
110000 185.46153846153845 0.029046218331606404 71.28846153846153 0.6346153846153846 135.8653846153846 45.28846153846154 2.3461538461538463 42.94230769230769 1.6934092000010423
112000 184.57692307692307 0.025351053148062005 71.36538461538461 0.6346153846153846 135.8653846153846 45.28846153846154 2.326923076923077 42.96153846153846 1.7338417999999365
114000 180.75 0.028158759991575404 71.48076923076923 0.6410256410256411 135.8653846153846 45.28846153846154 2.2884615384615383 43.0 1.683587699997588
116000 181.80769230769232 0.026566837845429573 71.48076923076923 0.6346153846153846 135.8653846153846 45.28846153846154 2.230769230769231 43.05769230769231 1.6761198000021977
118000 191.05769230769232 0.019806446152381738 71.21153846153847 0.6394230769230769 135.8653846153846 45.28846153846154 2.4038461538461537 42.88461538461539 1.6230977000086568
120000 326.5 0.07555462675993473 67.03846153846153 0.6682692307692307 135.8653846153846 45.28846153846154 7.134615384615385 38.15384615384615 1.6127945999905933
122000 337.25 0.07882244248542064 66.4423076923077 0.6907051282051283 135.8653846153846 45.28846153846154 7.1923076923076925 38.09615384615385 1.6325939999951515
124000 339.59615384615387 0.07905605727608338 66.07692307692308 0.6826923076923077 135.8653846153846 45.28846153846154 7.173076923076923 38.11538461538461 1.6464639000041643
126000 348.11538461538464 0.07817177019206982 65.86538461538461 0.6971153846153846 135.8653846153846 45.28846153846154 7.230769230769231 38.05769230769231 1.6150274999963585
128000 348.11538461538464 0.07745347291114892 65.86538461538461 0.6971153846153846 135.8653846153846 45.28846153846154 7.230769230769231 38.05769230769231 1.711968399991747
130000 347.63461538461536 0.08039332961353349 65.86538461538461 0.6971153846153846 135.8653846153846 45.28846153846154 7.211538461538462 38.07692307692308 1.6925023999938276
132000 347.63461538461536 0.08039332961353349 65.86538461538461 0.6971153846153846 135.8653846153846 45.28846153846154 7.211538461538462 38.07692307692308 1.6600997000059579
134000 347.46153846153845 0.07915953559194788 65.92307692307692 0.6971153846153846 135.8653846153846 45.28846153846154 7.230769230769231 38.05769230769231 1.6788987000036286
136000 347.09615384615387 0.07947303736480797 65.88461538461539 0.6923076923076923 135.8653846153846 45.28846153846154 7.211538461538462 38.07692307692308 1.7015043000137666
138000 347.71153846153845 0.07919086434756102 65.92307692307692 0.6923076923076923 135.8653846153846 45.28846153846154 7.25 38.03846153846154 1.6849466999992728
140000 349.8269230769231 0.07848963948930827 65.90384615384616 0.6987179487179487 135.8653846153846 45.28846153846154 7.384615384615385 37.90384615384615 1.7664316000009421
142000 372.1923076923077 0.09460854216562725 65.1923076923077 0.6923076923076923 135.8653846153846 45.28846153846154 7.653846153846154 37.63461538461539 1.7614000999892596
144000 410.86538461538464 0.11547181238724182 64.13461538461539 0.7051282051282052 135.8653846153846 45.28846153846154 8.461538461538462 36.82692307692308 1.7013787000032607
146000 418.21153846153845 0.11830204370426843 63.88461538461539 0.7147435897435899 135.8653846153846 45.28846153846154 8.673076923076923 36.61538461538461 1.7927364000061061
148000 425.63461538461536 0.11970777109934778 63.75 0.7147435897435899 135.8653846153846 45.28846153846154 8.75 36.53846153846154 1.7066178999957629
150000 422.28846153846155 0.11910099267668063 63.78846153846154 0.7099358974358976 135.8653846153846 45.28846153846154 8.75 36.53846153846154 1.6481606000015745
152000 422.28846153846155 0.11910099267668063 63.78846153846154 0.7099358974358976 135.8653846153846 45.28846153846154 8.75 36.53846153846154 1.6554500999918673
154000 422.28846153846155 0.11910099267668063 63.78846153846154 0.7099358974358976 135.8653846153846 45.28846153846154 8.75 36.53846153846154 1.699521900009131
156000 422.28846153846155 0.11910099267668063 63.78846153846154 0.7099358974358976 135.8653846153846 45.28846153846154 8.75 36.53846153846154 1.7327933000051416
158000 418.2692307692308 0.11737096524095805 63.80769230769231 0.7099358974358976 135.8653846153846 45.28846153846154 8.711538461538462 36.57692307692308 1.6362912000040524
160000 418.2692307692308 0.11737096524095805 63.80769230769231 0.7099358974358976 135.8653846153846 45.28846153846154 8.711538461538462 36.57692307692308 1.7191815999976825
162000 418.2692307692308 0.11737096524095805 63.80769230769231 0.7099358974358976 135.8653846153846 45.28846153846154 8.711538461538462 36.57692307692308 1.7311009999975795
164000 418.2692307692308 0.11737096524095805 63.80769230769231 0.7099358974358976 135.8653846153846 45.28846153846154 8.711538461538462 36.57692307692308 1.7281408999988344
166000 419.13461538461536 0.11774350603388048 63.78846153846154 0.7099358974358976 135.8653846153846 45.28846153846154 8.711538461538462 36.57692307692308 1.7107920999987982
168000 421.61538461538464 0.11228187988709476 63.76923076923077 0.7147435897435899 135.8653846153846 45.28846153846154 8.711538461538462 36.57692307692308 1.6543988000048557
170000 420.6923076923077 0.11786440550904718 63.73076923076923 0.7099358974358976 135.8653846153846 45.28846153846154 8.711538461538462 36.57692307692308 1.781981000007363
172000 420.6923076923077 0.11736323251885336 63.73076923076923 0.7099358974358976 135.8653846153846 45.28846153846154 8.711538461538462 36.57692307692308 1.7200829999928828
174000 421.5576923076923 0.11413087604652247 63.71153846153846 0.7099358974358976 135.8653846153846 45.28846153846154 8.711538461538462 36.57692307692308 1.683502400002908
176000 420.6923076923077 0.1106994388250817 63.73076923076923 0.7099358974358976 135.8653846153846 45.28846153846154 8.711538461538462 36.57692307692308 1.7439238000079058
178000 420.6923076923077 0.11235747458913398 63.73076923076923 0.7099358974358976 135.8653846153846 45.28846153846154 8.711538461538462 36.57692307692308 1.7873261999920942
180000 420.6923076923077 0.1133794088389583 63.73076923076923 0.7099358974358976 135.8653846153846 45.28846153846154 8.711538461538462 36.57692307692308 1.7877425999904517
182000 420.6923076923077 0.11672661497773534 63.73076923076923 0.7099358974358976 135.8653846153846 45.28846153846154 8.711538461538462 36.57692307692308 1.685283900005743
184000 422.84615384615387 0.11537810381942332 63.69230769230769 0.7099358974358976 135.8653846153846 45.28846153846154 8.711538461538462 36.57692307692308 1.8599398999940604
186000 422.84615384615387 0.11575820409012329 63.69230769230769 0.7099358974358976 135.8653846153846 45.28846153846154 8.711538461538462 36.57692307692308 1.7112278999993578
188000 422.84615384615387 0.1177852087253862 63.69230769230769 0.7099358974358976 135.8653846153846 45.28846153846154 8.711538461538462 36.57692307692308 1.728655600003549
190000 422.84615384615387 0.1176537417666167 63.69230769230769 0.7099358974358976 135.8653846153846 45.28846153846154 8.711538461538462 36.57692307692308 1.6260706999892136
192000 422.84615384615387 0.11651301350196325 63.69230769230769 0.7099358974358976 135.8653846153846 45.28846153846154 8.711538461538462 36.57692307692308 1.683515400000033
194000 422.84615384615387 0.11651301350196325 63.69230769230769 0.7099358974358976 135.8653846153846 45.28846153846154 8.711538461538462 36.57692307692308 1.6772632999927737
196000 422.84615384615387 0.115892551314336 63.69230769230769 0.7099358974358976 135.8653846153846 45.28846153846154 8.711538461538462 36.57692307692308 1.7153422999981558
198000 421.4807692307692 0.11500969078628179 63.78846153846154 0.7099358974358976 135.8653846153846 45.28846153846154 8.711538461538462 36.57692307692308 1.7316422000003513
200000 420.0769230769231 0.11427112403655024 63.76923076923077 0.7099358974358976 135.8653846153846 45.28846153846154 8.711538461538462 36.57692307692308 1.6241975000011735
202000 420.3269230769231 0.11354504203215397 63.78846153846154 0.7099358974358976 135.8653846153846 45.28846153846154 8.711538461538462 36.57692307692308 1.7406313999963459
204000 414.5 0.10975916675906316 64.13461538461539 0.6987179487179488 135.8653846153846 45.28846153846154 8.711538461538462 36.57692307692308 1.65953140000056
206000 420.0769230769231 0.11231196881935501 63.76923076923077 0.7099358974358976 135.8653846153846 45.28846153846154 8.711538461538462 36.57692307692308 1.7672574000025634
208000 420.0769230769231 0.11065393305530272 63.76923076923077 0.7099358974358976 135.8653846153846 45.28846153846154 8.711538461538462 36.57692307692308 1.7055114000104368
210000 420.0769230769231 0.10958867133556958 63.76923076923077 0.7099358974358976 135.8653846153846 45.28846153846154 8.711538461538462 36.57692307692308 1.6757481999957236
212000 420.0769230769231 0.11065393305530272 63.76923076923077 0.7099358974358976 135.8653846153846 45.28846153846154 8.711538461538462 36.57692307692308 1.6996115000074496
214000 420.0769230769231 0.11065393305530272 63.76923076923077 0.7099358974358976 135.8653846153846 45.28846153846154 8.711538461538462 36.57692307692308 1.7585798999934923
216000 420.0769230769231 0.10958867133556958 63.76923076923077 0.7099358974358976 135.8653846153846 45.28846153846154 8.711538461538462 36.57692307692308 1.8265291999996407
218000 419.13461538461536 0.10961837749971325 63.78846153846154 0.7099358974358976 135.8653846153846 45.28846153846154 8.711538461538462 36.57692307692308 1.6690033999911975
220000 419.13461538461536 0.11068363921944638 63.78846153846154 0.7099358974358976 135.8653846153846 45.28846153846154 8.711538461538462 36.57692307692308 1.7201037000049837
222000 424.11538461538464 0.11329830575972506 63.84615384615385 0.7099358974358976 135.8653846153846 45.28846153846154 8.711538461538462 36.57692307692308 1.7124588000006042
224000 430.13461538461536 0.11589532176714858 63.96153846153846 0.7099358974358976 135.8653846153846 45.28846153846154 8.711538461538462 36.57692307692308 1.6495508999942103
226000 432.5192307692308 0.11769058187389403 64.11538461538461 0.7099358974358976 135.8653846153846 45.28846153846154 8.711538461538462 36.57692307692308 1.7554339000053005
228000 432.5192307692308 0.11907156649635155 64.11538461538461 0.7099358974358976 135.8653846153846 45.28846153846154 8.711538461538462 36.57692307692308 1.6399929000035627
230000 432.63461538461536 0.1210088748448616 64.26923076923077 0.7067307692307693 135.8653846153846 45.28846153846154 8.673076923076923 36.61538461538461 1.7812335999915376
232000 431.75 0.11981410008910452 64.0576923076923 0.7099358974358976 135.8653846153846 45.28846153846154 8.711538461538462 36.57692307692308 1.7010391999938292
234000 431.96153846153845 0.11794423038897633 64.09615384615384 0.7099358974358976 135.8653846153846 45.28846153846154 8.711538461538462 36.57692307692308 1.6988813000061782
236000 431.11538461538464 0.1209400468343007 64.03846153846153 0.7099358974358976 135.8653846153846 45.28846153846154 8.711538461538462 36.57692307692308 1.6756099999911385
238000 431.4230769230769 0.11839150180543496 64.07692307692308 0.7099358974358976 135.8653846153846 45.28846153846154 8.711538461538462 36.57692307692308 1.6362649999937275
240000 432.1923076923077 0.11776083576848867 64.09615384615384 0.7099358974358976 135.8653846153846 45.28846153846154 8.711538461538462 36.57692307692308 1.8423363999900175
242000 435.1730769230769 0.11787495058482808 64.1923076923077 0.7131410256410257 135.8653846153846 45.28846153846154 8.711538461538462 36.57692307692308 1.728976500002318
244000 436.21153846153845 0.11249194921051506 64.21153846153847 0.7131410256410257 135.8653846153846 45.28846153846154 8.711538461538462 36.57692307692308 1.6426501999958418
246000 433.21153846153845 0.11848118210998088 64.21153846153847 0.7067307692307693 135.8653846153846 45.28846153846154 8.673076923076923 36.61538461538461 1.6659419000061462
248000 433.21153846153845 0.11416411296241326 64.21153846153847 0.7067307692307693 135.8653846153846 45.28846153846154 8.673076923076923 36.61538461538461 1.718614900004468
250000 441.0769230769231 0.12056199525384438 64.07692307692308 0.7227564102564104 135.8653846153846 45.28846153846154 8.711538461538462 36.57692307692308 1.9370276999979978
252000 434.6730769230769 0.11597590773895551 64.07692307692308 0.7179487179487178 135.8653846153846 45.28846153846154 8.75 36.53846153846154 1.8261805999936769
254000 451.3076923076923 0.12391882482053024 63.88461538461539 0.7179487179487178 135.8653846153846 45.28846153846154 8.865384615384615 36.42307692307692 1.811921500004246
256000 450.21153846153845 0.12445145080824374 63.82692307692308 0.7131410256410255 135.8653846153846 45.28846153846154 8.942307692307692 36.34615384615385 1.833213899997645
258000 463.2307692307692 0.14181575197098303 63.34615384615385 0.7067307692307693 135.8653846153846 45.28846153846154 9.538461538461538 35.75 1.8899839000077918
260000 516.8653846153846 0.16267765015067487 62.67307692307692 0.6971153846153846 135.8653846153846 45.28846153846154 10.961538461538462 34.32692307692308 1.8431150000105845
262000 581.4038461538462 0.17819736919057444 61.48076923076923 0.703525641025641 135.8653846153846 45.28846153846154 11.48076923076923 33.80769230769231 1.891879799994058
264000 632.7884615384615 0.1676263292594127 60.28846153846154 0.7019230769230769 135.8653846153846 45.28846153846154 12.153846153846153 33.13461538461539 1.8404794999951264
266000 637.3461538461538 0.1667656503720001 60.17307692307692 0.6923076923076923 135.8653846153846 45.28846153846154 12.134615384615385 33.15384615384615 1.9445008999900892
268000 638.1346153846154 0.16855980283621863 60.13461538461539 0.6923076923076923 135.8653846153846 45.28846153846154 12.115384615384615 33.17307692307692 1.7874792000075104
270000 635.6153846153846 0.1646246788627521 60.17307692307692 0.7067307692307693 135.8653846153846 45.28846153846154 12.076923076923077 33.21153846153846 1.8496593999880133
272000 636.8653846153846 0.16594453039619464 60.05769230769231 0.7211538461538461 135.8653846153846 45.28846153846154 11.98076923076923 33.30769230769231 1.7494425000040792
274000 635.0192307692307 0.16585811641440443 60.01923076923077 0.7163461538461539 135.8653846153846 45.28846153846154 11.942307692307692 33.34615384615385 1.8651057999959448
276000 637.2307692307693 0.1672354642965756 59.96153846153846 0.7211538461538461 135.8653846153846 45.28846153846154 11.923076923076923 33.36538461538461 1.8142494000057923
278000 632.0384615384615 0.1633752489802015 60.21153846153846 0.7019230769230769 135.8653846153846 45.28846153846154 12.057692307692308 33.23076923076923 1.8094404000003124
280000 632.8653846153846 0.16488611615420187 60.15384615384615 0.7019230769230769 135.8653846153846 45.28846153846154 12.038461538461538 33.25 1.8527495000016643
282000 634.6346153846154 0.16452360493047957 60.11538461538461 0.7163461538461539 135.8653846153846 45.28846153846154 11.98076923076923 33.30769230769231 1.872836599999573
284000 635.4807692307693 0.16541193315655178 59.98076923076923 0.7211538461538461 135.8653846153846 45.28846153846154 11.884615384615385 33.40384615384615 1.8119635000039125
286000 637.5576923076923 0.16620497509163157 59.86538461538461 0.7259615384615384 135.8653846153846 45.28846153846154 11.76923076923077 33.51923076923077 1.8947520000074292
288000 640.8076923076923 0.16881638700821697 59.69230769230769 0.7387820512820513 135.8653846153846 45.28846153846154 11.634615384615385 33.65384615384615 1.868715999997221
290000 642.9807692307693 0.1694885432057647 59.92307692307692 0.733974358974359 135.8653846153846 45.28846153846154 11.615384615384615 33.67307692307692 1.7892481000017142
292000 640.5769230769231 0.16838023426938017 59.94230769230769 0.7291666666666667 135.8653846153846 45.28846153846154 11.788461538461538 33.5 1.8646655000047758
294000 642.0192307692307 0.16915081188160203 59.92307692307692 0.7291666666666667 135.8653846153846 45.28846153846154 11.692307692307692 33.59615384615385 1.8747836999973515
296000 644.6153846153846 0.17030991498239303 59.94230769230769 0.7291666666666667 135.8653846153846 45.28846153846154 11.634615384615385 33.65384615384615 1.8853905000141822
298000 645.6346153846154 0.1706553939841278 59.98076923076923 0.7291666666666667 135.8653846153846 45.28846153846154 11.653846153846153 33.63461538461539 1.7909861999942223
300000 643.1538461538462 0.16951833172573932 60.03846153846154 0.7243589743589745 135.8653846153846 45.28846153846154 11.673076923076923 33.61538461538461 1.8599985000037123
302000 639.2884615384615 0.16748364444563185 60.05769230769231 0.7291666666666667 135.8653846153846 45.28846153846154 11.576923076923077 33.71153846153846 1.7303366999985883
304000 644.0 0.16964292241142112 60.03846153846154 0.7291666666666667 135.8653846153846 45.28846153846154 11.653846153846153 33.63461538461539 1.843270900004427
306000 637.0769230769231 0.16599373096719522 60.0 0.7227564102564101 135.8653846153846 45.28846153846154 11.461538461538462 33.82692307692308 1.7535258999996586
308000 640.1538461538462 0.1680600633134944 59.92307692307692 0.7291666666666667 135.8653846153846 45.28846153846154 11.51923076923077 33.76923076923077 1.9000615999975707
310000 636.0384615384615 0.16514164295961506 59.92307692307692 0.7227564102564101 135.8653846153846 45.28846153846154 11.423076923076923 33.86538461538461 1.8498566999915056
312000 648.9423076923077 0.17056692416107005 58.76923076923077 0.7227564102564104 135.8653846153846 45.28846153846154 11.961538461538462 33.32692307692308 1.795392100000754
314000 646.5384615384615 0.1676813639668959 58.5 0.7227564102564104 135.8653846153846 45.28846153846154 12.076923076923077 33.21153846153846 1.87323810000089
316000 647.3461538461538 0.1684761321327701 58.51923076923077 0.7163461538461539 135.8653846153846 45.28846153846154 12.134615384615385 33.15384615384615 1.8532721999945352
318000 646.0769230769231 0.16899288415033437 58.36538461538461 0.7163461538461539 135.8653846153846 45.28846153846154 12.01923076923077 33.26923076923077 1.8333333000045968
320000 647.0 0.16831484137173855 58.48076923076923 0.7163461538461539 135.8653846153846 45.28846153846154 12.134615384615385 33.15384615384615 1.8201063999877078
322000 650.4615384615385 0.1698538025677676 58.67307692307692 0.7163461538461539 135.8653846153846 45.28846153846154 12.25 33.03846153846154 1.8506385999935446
324000 647.0 0.16831484137173855 58.48076923076923 0.7163461538461539 135.8653846153846 45.28846153846154 12.134615384615385 33.15384615384615 1.8823529000073904
326000 648.4807692307693 0.17204814384610584 58.26923076923077 0.7211538461538461 135.8653846153846 45.28846153846154 12.076923076923077 33.21153846153846 1.8015038000012282
328000 647.4038461538462 0.17241810071430944 58.34615384615385 0.7211538461538461 135.8653846153846 45.28846153846154 12.134615384615385 33.15384615384615 1.90813640000124
330000 645.1153846153846 0.16764486046524818 58.42307692307692 0.7163461538461539 135.8653846153846 45.28846153846154 12.153846153846153 33.13461538461539 1.8211402000015369
332000 651.4807692307693 0.17342737398916028 58.26923076923077 0.7115384615384616 135.8653846153846 45.28846153846154 12.173076923076923 33.11538461538461 1.810390600003302
334000 648.5576923076923 0.17251370322044537 58.25 0.7115384615384616 135.8653846153846 45.28846153846154 12.134615384615385 33.15384615384615 1.7752810999954818
336000 648.9615384615385 0.1700294409670337 58.32692307692308 0.7067307692307693 135.8653846153846 45.28846153846154 12.173076923076923 33.11538461538461 1.8022093999898061
338000 648.4807692307693 0.16836478502057206 58.44230769230769 0.7067307692307693 135.8653846153846 45.28846153846154 12.153846153846153 33.13461538461539 1.7943617999990238
340000 651.4615384615385 0.16984182746522336 58.59615384615385 0.7067307692307693 135.8653846153846 45.28846153846154 12.326923076923077 32.96153846153846 1.7938912999961758
342000 649.9038461538462 0.16983323291885385 58.55769230769231 0.7067307692307693 135.8653846153846 45.28846153846154 12.365384615384615 32.92307692307692 1.8757100000075297
344000 651.6730769230769 0.17061459401384318 58.57692307692308 0.7067307692307693 135.8653846153846 45.28846153846154 12.384615384615385 32.90384615384615 1.6516698000050383
346000 651.6346153846154 0.17195326053606982 58.57692307692308 0.7067307692307693 135.8653846153846 45.28846153846154 12.365384615384615 32.92307692307692 1.7154471999965608
348000 648.6730769230769 0.1704280053494369 58.42307692307692 0.7067307692307693 135.8653846153846 45.28846153846154 12.25 33.03846153846154 1.6334444999956759
350000 650.0769230769231 0.1695782983803726 58.42307692307692 0.7067307692307693 135.8653846153846 45.28846153846154 12.25 33.03846153846154 1.6406813999929
352000 655.4615384615385 0.17171482366679383 58.44230769230769 0.7003205128205129 135.8653846153846 45.28846153846154 12.307692307692308 32.98076923076923 1.6628492000018014
354000 652.3269230769231 0.1700675261325428 58.26923076923077 0.7051282051282052 135.8653846153846 45.28846153846154 12.153846153846153 33.13461538461539 1.7885744999948656
356000 652.8846153846154 0.16915252089295668 58.28846153846154 0.7051282051282052 135.8653846153846 45.28846153846154 12.173076923076923 33.11538461538461 1.738383600008092
358000 659.6730769230769 0.1745023996301147 58.17307692307692 0.6955128205128206 135.8653846153846 45.28846153846154 11.923076923076923 33.36538461538461 1.6875637999910396
360000 693.9615384615385 0.19555780419470803 58.11538461538461 0.7099358974358976 135.8653846153846 45.28846153846154 11.5 33.78846153846154 1.7540760999982012
362000 692.5384615384615 0.19473235440718656 58.11538461538461 0.7003205128205129 135.8653846153846 45.28846153846154 11.5 33.78846153846154 1.6471354000095744
364000 688.0961538461538 0.19177104259675243 58.13461538461539 0.7051282051282052 135.8653846153846 45.28846153846154 11.51923076923077 33.76923076923077 1.6627383000013651
366000 670.7692307692307 0.19173843885926317 58.94230769230769 0.7035256410256411 135.8653846153846 45.28846153846154 11.326923076923077 33.96153846153846 1.7530456999957096
368000 691.3653846153846 0.1942096344613146 58.05769230769231 0.7099358974358976 135.8653846153846 45.28846153846154 11.48076923076923 33.80769230769231 1.7574487999954727
370000 687.4230769230769 0.19181429947156053 58.0 0.7051282051282052 135.8653846153846 45.28846153846154 11.538461538461538 33.75 1.6418468999909237
372000 680.2692307692307 0.1889409003074762 58.05769230769231 0.7099358974358976 135.8653846153846 45.28846153846154 11.557692307692308 33.73076923076923 1.6814394999964861
374000 681.6538461538462 0.19012303176349074 58.13461538461539 0.7195512820512822 135.8653846153846 45.28846153846154 11.557692307692308 33.73076923076923 1.6558427999989362
376000 681.6538461538462 0.19012303176349074 58.13461538461539 0.7195512820512822 135.8653846153846 45.28846153846154 11.557692307692308 33.73076923076923 1.7848583000013605
378000 685.5192307692307 0.1904757907933125 58.17307692307692 0.7147435897435899 135.8653846153846 45.28846153846154 11.51923076923077 33.76923076923077 1.724423099993146
380000 680.0576923076923 0.1881825342215002 58.17307692307692 0.7147435897435899 135.8653846153846 45.28846153846154 11.538461538461538 33.75 1.736233399991761
382000 681.6153846153846 0.18906175679378004 58.11538461538461 0.7147435897435899 135.8653846153846 45.28846153846154 11.538461538461538 33.75 1.685778900005971
384000 684.0769230769231 0.18927678067333187 58.09615384615385 0.7051282051282052 135.8653846153846 45.28846153846154 11.51923076923077 33.76923076923077 1.6944707999937236
386000 681.3461538461538 0.1890387476847813 58.15384615384615 0.7195512820512822 135.8653846153846 45.28846153846154 11.557692307692308 33.73076923076923 1.7041420999885304
388000 681.4038461538462 0.19205713916607053 58.15384615384615 0.7195512820512822 135.8653846153846 45.28846153846154 11.557692307692308 33.73076923076923 1.648621499989531
390000 681.8653846153846 0.18998856121146862 58.15384615384615 0.7195512820512822 135.8653846153846 45.28846153846154 11.538461538461538 33.75 1.5324391000031028
392000 682.9615384615385 0.19293636173835038 58.09615384615385 0.7195512820512822 135.8653846153846 45.28846153846154 11.557692307692308 33.73076923076923 1.6895633999956772
394000 681.7115384615385 0.19013991042745684 58.13461538461539 0.7195512820512822 135.8653846153846 45.28846153846154 11.557692307692308 33.73076923076923 1.6211154999909922
396000 678.8269230769231 0.18836606869628283 58.03846153846154 0.7099358974358976 135.8653846153846 45.28846153846154 11.557692307692308 33.73076923076923 1.6379713000060292
398000 683.2692307692307 0.1910191329997367 58.07692307692308 0.7195512820512822 135.8653846153846 45.28846153846154 11.557692307692308 33.73076923076923 1.6513431000057608
400000 681.6538461538462 0.19124096708080765 57.94230769230769 0.7147435897435899 135.8653846153846 45.28846153846154 11.576923076923077 33.71153846153846 1.7167057000042405
402000 680.2115384615385 0.189280170007086 58.05769230769231 0.7099358974358976 135.8653846153846 45.28846153846154 11.557692307692308 33.73076923076923 1.6544346999871777
404000 677.6538461538462 0.18682309143514889 57.96153846153846 0.7147435897435899 135.8653846153846 45.28846153846154 11.596153846153847 33.69230769230769 1.6396836000058101
406000 677.3846153846154 0.18681464425422553 57.94230769230769 0.7099358974358976 135.8653846153846 45.28846153846154 11.615384615384615 33.67307692307692 1.7189536000078078
408000 677.8846153846154 0.18738205983179368 57.92307692307692 0.7147435897435899 135.8653846153846 45.28846153846154 11.615384615384615 33.67307692307692 1.7035184999986086
410000 679.0 0.18828086042790143 57.96153846153846 0.7243589743589745 135.8653846153846 45.28846153846154 11.615384615384615 33.67307692307692 1.6550222000078065
412000 679.3269230769231 0.18858106995177432 58.0 0.7243589743589745 135.8653846153846 45.28846153846154 11.615384615384615 33.67307692307692 1.6700323999975808
414000 679.9423076923077 0.18674464433356486 58.17307692307692 0.7147435897435899 135.8653846153846 45.28846153846154 11.576923076923077 33.71153846153846 1.7812135999993188
416000 681.25 0.1878152325593569 58.17307692307692 0.7147435897435899 135.8653846153846 45.28846153846154 11.576923076923077 33.71153846153846 1.6237446000013733
418000 681.7692307692307 0.1876638462129488 58.21153846153846 0.7003205128205129 135.8653846153846 45.28846153846154 11.576923076923077 33.71153846153846 1.582766300009098
420000 680.9615384615385 0.1871606735647249 58.19230769230769 0.7051282051282052 135.8653846153846 45.28846153846154 11.576923076923077 33.71153846153846 1.6562484000023687
422000 678.8461538461538 0.187059858518759 58.21153846153846 0.7051282051282052 135.8653846153846 45.28846153846154 11.596153846153847 33.69230769230769 1.7083761999965645
424000 679.9038461538462 0.18744530828760425 58.19230769230769 0.7115384615384616 135.8653846153846 45.28846153846154 11.596153846153847 33.69230769230769 1.694190800000797
426000 676.6153846153846 0.18603724896699225 58.19230769230769 0.7099358974358976 135.8653846153846 45.28846153846154 11.596153846153847 33.69230769230769 1.6535036000132095
428000 678.1730769230769 0.18699011431340565 58.15384615384615 0.7211538461538461 135.8653846153846 45.28846153846154 11.596153846153847 33.69230769230769 1.7011198999971384
430000 678.4230769230769 0.18571494265824803 58.15384615384615 0.7067307692307693 135.8653846153846 45.28846153846154 11.576923076923077 33.71153846153846 1.6116803999902913
432000 676.6923076923077 0.18620661415368345 58.05769230769231 0.7211538461538461 135.8653846153846 45.28846153846154 11.596153846153847 33.69230769230769 1.6855956999934278
434000 679.75 0.18675509499790416 58.09615384615385 0.7211538461538461 135.8653846153846 45.28846153846154 11.576923076923077 33.71153846153846 1.817171499991673
436000 682.5 0.18727016983968697 58.15384615384615 0.7019230769230769 135.8653846153846 45.28846153846154 11.576923076923077 33.71153846153846 1.688034200007678
438000 686.4423076923077 0.1916711668213796 58.13461538461539 0.7019230769230769 135.8653846153846 45.28846153846154 11.557692307692308 33.73076923076923 1.654086400012602
440000 678.3076923076923 0.18582411502313492 58.07692307692308 0.7211538461538461 135.8653846153846 45.28846153846154 11.576923076923077 33.71153846153846 1.6077493999910075
442000 681.8846153846154 0.18990918884618832 58.05769230769231 0.7307692307692307 135.8653846153846 45.28846153846154 11.576923076923077 33.71153846153846 1.6380855000024894
444000 681.8846153846154 0.18990918884618832 58.05769230769231 0.7307692307692307 135.8653846153846 45.28846153846154 11.576923076923077 33.71153846153846 1.7067848000006052
446000 685.8269230769231 0.19431018582788095 58.03846153846154 0.7307692307692307 135.8653846153846 45.28846153846154 11.557692307692308 33.73076923076923 1.7276132999977563
448000 685.7884615384615 0.19224716098836428 58.11538461538461 0.7259615384615384 135.8653846153846 45.28846153846154 11.557692307692308 33.73076923076923 1.7202919999981532
450000 683.6153846153846 0.19107532606391478 58.05769230769231 0.7307692307692307 135.8653846153846 45.28846153846154 11.557692307692308 33.73076923076923 1.6163621000014246
452000 685.8269230769231 0.19431018582788095 58.03846153846154 0.7307692307692307 135.8653846153846 45.28846153846154 11.557692307692308 33.73076923076923 1.6367700999981025
454000 683.6153846153846 0.18935391261839993 58.15384615384615 0.7259615384615384 135.8653846153846 45.28846153846154 11.596153846153847 33.69230769230769 1.7317462999926647
456000 680.6153846153846 0.18668174511584734 58.11538461538461 0.7259615384615384 135.8653846153846 45.28846153846154 11.576923076923077 33.71153846153846 1.6582914000027813
458000 680.9423076923077 0.18817855745213888 58.15384615384615 0.7259615384615384 135.8653846153846 45.28846153846154 11.596153846153847 33.69230769230769 1.6388338999968255
460000 688.0769230769231 0.19400131455279224 58.17307692307692 0.7115384615384616 135.8653846153846 45.28846153846154 11.576923076923077 33.71153846153846 1.855806899999152
462000 682.8461538461538 0.18806050303119 58.13461538461539 0.7211538461538461 135.8653846153846 45.28846153846154 11.576923076923077 33.71153846153846 1.7375891999981832
464000 682.1538461538462 0.19138912251851373 58.09615384615385 0.7307692307692307 135.8653846153846 45.28846153846154 11.596153846153847 33.69230769230769 1.7154624999966472
466000 680.7115384615385 0.1904581425437445 58.07692307692308 0.7307692307692307 135.8653846153846 45.28846153846154 11.596153846153847 33.69230769230769 1.630996599997161
468000 680.6538461538462 0.19096351628000308 58.11538461538461 0.7307692307692307 135.8653846153846 45.28846153846154 11.596153846153847 33.69230769230769 1.637675499994657
470000 680.6538461538462 0.19096351628000308 58.11538461538461 0.7307692307692307 135.8653846153846 45.28846153846154 11.596153846153847 33.69230769230769 1.6507918999996036
472000 679.2115384615385 0.1903886846688097 58.09615384615385 0.7307692307692307 135.8653846153846 45.28846153846154 11.596153846153847 33.69230769230769 1.400979300000472
474000 680.7692307692307 0.18999449638746174 58.05769230769231 0.7307692307692307 135.8653846153846 45.28846153846154 11.615384615384615 33.67307692307692 0.9682402000034926
476000 680.1538461538462 0.19035445776690307 58.13461538461539 0.7259615384615384 135.8653846153846 45.28846153846154 11.596153846153847 33.69230769230769 0.9805930999864358
478000 681.3846153846154 0.1896562786966642 58.07692307692308 0.7259615384615384 135.8653846153846 45.28846153846154 11.576923076923077 33.71153846153846 0.9409084999933839
480000 682.2307692307693 0.1898969286493995 57.96153846153846 0.7307692307692307 135.8653846153846 45.28846153846154 11.615384615384615 33.67307692307692 1.05627290000848
482000 682.6923076923077 0.19147267272346283 57.94230769230769 0.7307692307692307 135.8653846153846 45.28846153846154 11.615384615384615 33.67307692307692 0.9828375999932177
484000 681.6538461538462 0.18818646709868098 57.98076923076923 0.7259615384615384 135.8653846153846 45.28846153846154 11.596153846153847 33.69230769230769 0.9619571999937762
486000 682.8461538461538 0.19023255382710058 58.0 0.7307692307692307 135.8653846153846 45.28846153846154 11.557692307692308 33.73076923076923 0.9147018999938155
488000 681.4230769230769 0.18762749870203616 58.01923076923077 0.7259615384615384 135.8653846153846 45.28846153846154 11.576923076923077 33.71153846153846 0.9259423000039533
490000 681.4038461538462 0.18748685769793363 57.96153846153846 0.7259615384615384 135.8653846153846 45.28846153846154 11.615384615384615 33.67307692307692 0.9373999000090407
492000 680.2307692307693 0.18699873197312197 58.0 0.7259615384615384 135.8653846153846 45.28846153846154 11.615384615384615 33.67307692307692 0.9605030999955488
494000 684.2115384615385 0.18981048985089105 58.0 0.7259615384615384 135.8653846153846 45.28846153846154 11.615384615384615 33.67307692307692 0.9367791999975452
496000 683.9038461538462 0.18802204290670688 58.15384615384615 0.7211538461538461 135.8653846153846 45.28846153846154 11.576923076923077 33.71153846153846 0.9606458999915048
498000 687.6538461538462 0.19258376002596492 58.13461538461539 0.7163461538461539 135.8653846153846 45.28846153846154 11.557692307692308 33.73076923076923 0.9498979000054533
500000 683.6730769230769 0.18857841263788824 58.21153846153846 0.7163461538461539 135.8653846153846 45.28846153846154 11.596153846153847 33.69230769230769 0.9450199999992037
