2000 0.21153846153846154 -0.019063122792155496 40.05763894230769 0.07211538461538461 45.301282057692305 45.30769230769231 1.0384615384615385 44.26923076923077 1.0929754999815486
4000 0.09615384615384616 -0.057640304240146496 39.85660659615385 0.08974358974358974 45.301282057692305 45.30769230769231 1.3269230769230769 43.98076923076923 1.3407930000103079
6000 0.3269230769230769 -0.07678173177729038 39.213611538461535 0.1266025641025641 45.301282057692305 45.30769230769231 1.0384615384615385 44.26923076923077 1.38825530000031
8000 0.5961538461538461 -0.018979344322512935 37.86991065384615 0.1490384615384615 45.301282057692305 45.30769230769231 1.0576923076923077 44.25 1.9885718000005
10000 0.34615384615384615 -0.13431561533012418 38.2386409423077 0.17147435897435892 45.301282057692305 45.30769230769231 1.0576923076923077 44.25 1.7885944999870844
12000 0.09615384615384616 -0.01914460407923085 40.09603563461539 0.0625 45.301282057692305 45.30769230769231 1.0384615384615385 44.26923076923077 1.7750743000069633
14000 0.15384615384615385 0.0001677233843946565 39.17447800000001 0.17628205128205127 45.301282057692305 45.30769230769231 1.2307692307692308 44.07692307692308 2.2063118000223767
16000 0.40384615384615385 0.00016260373139619352 38.41248094230768 0.17147435897435898 45.301282057692305 45.30769230769231 1.2307692307692308 44.07692307692308 2.0926357000134885
18000 0.4423076923076923 0.0001137249990342671 38.647871480769226 0.16185897435897434 45.301282057692305 45.30769230769231 1.2307692307692308 44.07692307692308 1.8806977999920491
20000 0.6346153846153846 0.00021911241565103146 38.29459496153845 0.17307692307692307 45.301282057692305 45.30769230769231 1.0384615384615385 44.26923076923077 1.8941512000164948
22000 0.3269230769230769 0.00019299508836426017 38.34326626923077 0.1474358974358974 45.301282057692305 45.30769230769231 1.0384615384615385 44.26923076923077 1.803917699988233
24000 1.6153846153846154 0.0006859439676943176 37.60514171153846 0.2083333333333333 45.301282057692305 45.30769230769231 1.0384615384615385 44.26923076923077 1.9407743999909144
26000 0.6923076923076923 0.00019554404641888645 38.48299036538462 0.1618589743589743 45.301282057692305 45.30769230769231 1.0384615384615385 44.26923076923077 1.8388798999949358
28000 0.3269230769230769 7.708884152931686e-05 37.825568423076916 0.22115384615384615 45.301282057692305 45.30769230769231 1.0384615384615385 44.26923076923077 1.9665692999842577
30000 0.5769230769230769 0.00017369184261727428 38.20520648076925 0.17307692307692304 45.301282057692305 45.30769230769231 1.0384615384615385 44.26923076923077 1.8236223999992944
32000 0.5961538461538461 0.00023857856585744744 38.18286001923079 0.17788461538461536 45.301282057692305 45.30769230769231 1.0384615384615385 44.26923076923077 1.8536019000166561
34000 0.8461538461538461 0.0003618889155652971 37.988520500000014 0.18749999999999997 45.301282057692305 45.30769230769231 1.0384615384615385 44.26923076923077 2.1434666000131983
36000 2.0 0.0007920470401334983 36.944113846153854 0.2243589743589744 45.301282057692305 45.30769230769231 1.0384615384615385 44.26923076923077 2.0234694000100717
38000 0.9423076923076923 0.0003596232798393764 37.62925823076924 0.24839743589743593 45.301282057692305 45.30769230769231 1.0384615384615385 44.26923076923077 2.0112914000055753
40000 2.0576923076923075 0.0008244264360790711 36.77670632692308 0.25480769230769235 45.301282057692305 45.30769230769231 1.0384615384615385 44.26923076923077 1.9803659000026528
42000 1.5384615384615385 -0.15351647542549915 37.02867334615385 0.2435897435897436 45.301282057692305 45.30769230769231 1.0384615384615385 44.26923076923077 1.9054176999779884
44000 0.5 -0.019113552691478512 38.190858326923085 0.1778846153846154 45.301282057692305 45.30769230769231 1.0384615384615385 44.26923076923077 2.284713200002443
46000 0.36538461538461536 -0.44225403012135706 38.51744578846154 0.16666666666666666 45.301282057692305 45.30769230769231 1.0384615384615385 44.26923076923077 1.8948174000252038
48000 0.19230769230769232 -0.4422526313037581 38.817674653846154 0.16185897435897434 45.301282057692305 45.30769230769231 1.0384615384615385 44.26923076923077 2.008982700004708
50000 0.4230769230769231 -0.4420843148753945 38.38128421153847 0.16826923076923078 45.301282057692305 45.30769230769231 1.0384615384615385 44.26923076923077 1.9911842999863438
52000 0.28846153846153844 0.00023614558368683711 38.23171899999999 0.15384615384615385 45.301282057692305 45.30769230769231 1.1538461538461537 44.15384615384615 2.0131976999982726
54000 0.40384615384615385 0.0001955935243624051 38.52861323076924 0.16506410256410253 45.301282057692305 45.30769230769231 1.3653846153846154 43.94230769230769 1.9604775999905542
56000 0.4807692307692308 -0.15358349774526803 37.9842621923077 0.17147435897435898 45.301282057692305 45.30769230769231 1.0384615384615385 44.26923076923077 1.898441700002877
58000 1.3076923076923077 -0.07638071256488208 37.753940673076926 0.17948717948717946 45.301282057692305 45.30769230769231 1.1153846153846154 44.19230769230769 1.9882511000032537
60000 2.0384615384615383 -0.15328603386171488 38.28853259615386 0.12499999999999999 45.301282057692305 45.30769230769231 1.0384615384615385 44.26923076923077 2.1105323000228964
62000 1.3846153846153846 -0.1537244936947362 35.9743895 0.24038461538461536 45.301282057692305 45.30769230769231 1.0384615384615385 44.26923076923077 2.1368495999777224
64000 1.0769230769230769 -0.15370508108609224 37.04626401923077 0.16346153846153846 45.301282057692305 45.30769230769231 1.0384615384615385 44.26923076923077 2.2889579000184312
66000 1.0576923076923077 -0.1535384891720634 37.43607600000001 0.15224358974358976 45.301282057692305 45.30769230769231 1.0384615384615385 44.26923076923077 2.191281599982176
68000 0.9038461538461539 -0.15373850722020968 38.64849867307693 0.08333333333333334 45.301282057692305 45.30769230769231 1.0384615384615385 44.26923076923077 2.3887231000117026
70000 0.9038461538461539 -0.15380587786163943 38.932716442307694 0.09455128205128206 45.301282057692305 45.30769230769231 1.0384615384615385 44.26923076923077 2.1614669999980833
72000 1.0384615384615385 -0.15369870331949947 37.892219884615386 0.1185897435897436 45.301282057692305 45.30769230769231 1.0384615384615385 44.26923076923077 2.1399071000050753
74000 1.2307692307692308 -0.15346818861940342 36.44116132692307 0.22275641025641027 45.301282057692305 45.30769230769231 1.0384615384615385 44.26923076923077 2.3476059999957215
76000 1.2884615384615385 -0.153391873434985 36.418530403846155 0.24519230769230768 45.301282057692305 45.30769230769231 1.1538461538461537 44.15384615384615 2.301828399999067
78000 3.173076923076923 -0.15307808868866907 35.05143013461537 0.2724358974358974 45.301282057692305 45.30769230769231 2.6153846153846154 42.69230769230769 2.4533641999878455
80000 2.2884615384615383 -0.15334146137871432 35.28549103846154 0.24519230769230765 45.301282057692305 45.30769230769231 2.3653846153846154 42.94230769230769 2.319857599999523
82000 2.923076923076923 -0.11460234059755448 34.36919044230769 0.3637820512820512 45.301282057692305 45.30769230769231 2.8461538461538463 42.46153846153846 2.5011755999876186
84000 2.3076923076923075 -0.09563327275511814 35.17143748076922 0.2724358974358974 45.301282057692305 45.30769230769231 1.9423076923076923 43.36538461538461 2.436381800012896
86000 1.4615384615384615 0.0006105167047516983 35.30463023076923 0.3605769230769231 45.301282057692305 45.30769230769231 1.4230769230769231 43.88461538461539 2.5891655000159517
88000 1.6730769230769231 -0.1533880550923041 35.91813984615384 0.30929487179487186 45.301282057692305 45.30769230769231 1.0384615384615385 44.26923076923077 2.565542299998924
90000 1.0769230769230769 -0.15354249251418858 36.63768926923077 0.2516025641025641 45.301282057692305 45.30769230769231 1.0384615384615385 44.26923076923077 2.352915399998892
92000 0.9807692307692307 -0.15370675323535832 37.19486490384615 0.23717948717948717 45.301282057692305 45.30769230769231 1.0576923076923077 44.25 2.4036669000051916
94000 0.9423076923076923 -0.172955788972957 37.86083048076922 0.1955128205128205 45.301282057692305 45.30769230769231 1.0384615384615385 44.26923076923077 2.347689599992009
96000 1.4807692307692308 -0.018479590787902136 37.15932038461539 0.2403846153846154 45.301282057692305 45.30769230769231 1.0384615384615385 44.26923076923077 2.332537600013893
98000 1.0961538461538463 -0.15360700700770416 36.5025484423077 0.2532051282051282 45.301282057692305 45.30769230769231 1.0384615384615385 44.26923076923077 2.4737634000193793
100000 2.0 -0.018411452047874543 35.66976401923077 0.33333333333333337 45.301282057692305 45.30769230769231 1.0384615384615385 44.26923076923077 2.33069240002078
102000 1.4230769230769231 0.0008785207488855346 37.062091673076935 0.20833333333333334 45.301282057692305 45.30769230769231 1.0769230769230769 44.23076923076923 2.2922212000121363
104000 2.4423076923076925 -0.153039302884113 36.83133859615385 0.1907051282051282 45.301282057692305 45.30769230769231 1.2307692307692308 44.07692307692308 2.366202900011558
106000 6.615384615384615 -0.11097564316843382 35.85048451923076 0.20352564102564102 45.301282057692305 45.30769230769231 1.2307692307692308 44.07692307692308 2.227935000002617
108000 11.75 -0.07075173889987228 35.06085074999999 0.21474358974358973 45.301282057692305 45.30769230769231 1.3076923076923077 44.0 2.511567899986403
110000 12.307692307692308 -0.1280222625171436 35.76349371153846 0.1971153846153846 45.301282057692305 45.30769230769231 1.2115384615384615 44.09615384615385 2.1902298999775667
112000 7.230769230769231 0.0041122515666710685 36.2736984423077 0.1810897435897436 45.301282057692305 45.30769230769231 1.3461538461538463 43.96153846153846 2.468260299996473
114000 20.557692307692307 -0.04513539593728549 34.279518038461525 0.23237179487179485 45.301282057692305 45.30769230769231 1.2692307692307692 44.03846153846154 2.2917143999948166
116000 13.461538461538462 0.006267677803756078 35.59302301923076 0.20352564102564102 45.301282057692305 45.30769230769231 1.2692307692307692 44.03846153846154 2.234612300002482
118000 15.903846153846153 0.007044541927031609 34.89926950000001 0.21314102564102566 45.301282057692305 45.30769230769231 1.3846153846153846 43.92307692307692 2.4077940999995917
120000 11.807692307692308 0.005812919442633608 36.048351576923075 0.19391025641025642 45.301282057692305 45.30769230769231 1.2307692307692308 44.07692307692308 2.4479503000038676
122000 11.692307692307692 0.006965235533879512 35.16136601923077 0.2403846153846154 45.301282057692305 45.30769230769231 1.2884615384615385 44.01923076923077 2.2247970999742392
124000 28.0 0.012331348120405476 29.453679076923077 0.40544871794871795 45.301282057692305 45.30769230769231 1.3269230769230769 43.98076923076923 2.1668884999817237
126000 26.076923076923077 0.011711750660918407 33.10866503846154 0.33333333333333337 45.301282057692305 45.30769230769231 1.3461538461538463 43.96153846153846 2.114814899978228
128000 36.76923076923077 0.017827431112089544 27.891714307692308 0.5016025641025641 45.301282057692305 45.30769230769231 1.2692307692307692 44.03846153846154 2.1902769999869633
130000 36.82692307692308 0.01732187057333467 27.546810961538462 0.4855769230769231 45.301282057692305 45.30769230769231 1.2692307692307692 44.03846153846154 2.2653795999940485
132000 39.86538461538461 0.01893476065038109 26.590716076923066 0.530448717948718 45.301282057692305 45.30769230769231 1.0961538461538463 44.21153846153846 2.1676374999806285
134000 42.82692307692308 0.02019029608133271 26.085793153846147 0.5384615384615385 45.301282057692305 45.30769230769231 1.1538461538461537 44.15384615384615 2.3108610000053886
136000 44.90384615384615 0.022294037518506407 25.99030576923076 0.5432692307692308 45.301282057692305 45.30769230769231 1.1153846153846154 44.19230769230769 2.2016043000039645
138000 44.63461538461539 0.0217669629044856 26.086459019230762 0.5432692307692308 45.301282057692305 45.30769230769231 1.0961538461538463 44.21153846153846 2.2076920999970753
140000 46.71153846153846 0.022668558534181375 25.97137336538461 0.5689102564102565 45.301282057692305 45.30769230769231 1.0576923076923077 44.25 2.1514014000131283
142000 45.65384615384615 0.022167428842161115 25.906970442307685 0.5753205128205129 45.301282057692305 45.30769230769231 1.0384615384615385 44.26923076923077 2.2129637000034563
144000 45.32692307692308 0.022002806633776448 25.80440628846153 0.5705128205128205 45.301282057692305 45.30769230769231 1.0384615384615385 44.26923076923077 2.314539100014372
146000 55.21153846153846 0.02638420982226449 25.901317865384613 0.576923076923077 45.301282057692305 45.30769230769231 1.0384615384615385 44.26923076923077 2.389001100003952
148000 53.53846153846154 0.026523239287710162 27.070722057692308 0.5544871794871795 45.301282057692305 45.30769230769231 1.0384615384615385 44.26923076923077 2.1719247000000905
150000 56.80769230769231 0.02831007493970269 26.599692923076915 0.560897435897436 45.301282057692305 45.30769230769231 1.0384615384615385 44.26923076923077 2.3601022999791894
152000 69.0576923076923 0.033098569159418924 25.55481863461538 0.608974358974359 45.301282057692305 45.30769230769231 1.0384615384615385 44.26923076923077 2.347307299991371
154000 69.15384615384616 0.03354544303459029 25.529177596153843 0.608974358974359 45.301282057692305 45.30769230769231 1.0384615384615385 44.26923076923077 2.3455520999850705
156000 69.51923076923077 0.03407059063351861 25.5035365576923 0.6137820512820513 45.301282057692305 45.30769230769231 1.0384615384615385 44.26923076923077 2.1676817999978084
158000 70.15384615384616 0.033907898543389485 25.452254480769227 0.6137820512820513 45.301282057692305 45.30769230769231 1.0384615384615385 44.26923076923077 2.4017748000042047
160000 69.92307692307692 0.0343465888414932 25.42661344230769 0.6153846153846154 45.301282057692305 45.30769230769231 1.0384615384615385 44.26923076923077 2.4850695000204723
162000 70.26923076923077 0.0344031695197549 25.465074999999995 0.6137820512820513 45.301282057692305 45.30769230769231 1.0384615384615385 44.26923076923077 2.2563772999856155
164000 70.26923076923077 0.0344031695197549 25.465074999999995 0.6137820512820513 45.301282057692305 45.30769230769231 1.0384615384615385 44.26923076923077 2.274318600015249
166000 69.98076923076923 0.034321096506537085 25.49071603846153 0.6137820512820513 45.301282057692305 45.30769230769231 1.0384615384615385 44.26923076923077 2.3023394999909215
168000 69.98076923076923 0.034321096506537085 25.49071603846153 0.6137820512820513 45.301282057692305 45.30769230769231 1.0384615384615385 44.26923076923077 2.5864017000130843
170000 69.98076923076923 0.034321096506537085 25.49071603846153 0.6137820512820513 45.301282057692305 45.30769230769231 1.0384615384615385 44.26923076923077 2.371924900013255
172000 69.98076923076923 0.034321096506537085 25.49071603846153 0.6137820512820513 45.301282057692305 45.30769230769231 1.0384615384615385 44.26923076923077 2.1527306999778375
174000 69.98076923076923 0.034321096506537085 25.49071603846153 0.6137820512820513 45.301282057692305 45.30769230769231 1.0384615384615385 44.26923076923077 2.2760101999738254
176000 69.98076923076923 0.034321096506537085 25.49071603846153 0.6137820512820513 45.301282057692305 45.30769230769231 1.0384615384615385 44.26923076923077 2.413044099987019
178000 69.98076923076923 0.034321096506537085 25.49071603846153 0.6137820512820513 45.301282057692305 45.30769230769231 1.0384615384615385 44.26923076923077 2.2362871000077575
180000 69.96153846153847 0.03495824328384837 25.471485288461533 0.6137820512820513 45.301282057692305 45.30769230769231 1.0576923076923077 44.25 2.3712793000158854
182000 69.90384615384616 0.034893288388094294 25.465075057692307 0.6153846153846154 45.301282057692305 45.30769230769231 1.0769230769230769 44.23076923076923 2.1889105000009295
184000 69.90384615384616 0.034893288388094294 25.465075057692307 0.6153846153846154 45.301282057692305 45.30769230769231 1.0769230769230769 44.23076923076923 2.5648382999934256
186000 69.96153846153847 0.03495824328384837 25.471485288461533 0.6137820512820513 45.301282057692305 45.30769230769231 1.0576923076923077 44.25 2.206108500016853
188000 69.98076923076923 0.034321096506537085 25.49071603846153 0.6137820512820513 45.301282057692305 45.30769230769231 1.0384615384615385 44.26923076923077 2.317218599986518
190000 69.9423076923077 0.034156630745943196 25.484305788461537 0.6137820512820513 45.301282057692305 45.30769230769231 1.0384615384615385 44.26923076923077 2.523815000022296
192000 69.98076923076923 0.034321096506537085 25.49071603846153 0.6137820512820513 45.301282057692305 45.30769230769231 1.0384615384615385 44.26923076923077 2.2151045999780763
194000 69.9423076923077 0.034948095679834354 25.46507503846154 0.6201923076923077 45.301282057692305 45.30769230769231 1.0576923076923077 44.25 2.388043100014329
196000 69.9423076923077 0.034156630745943196 25.484305788461537 0.6137820512820513 45.301282057692305 45.30769230769231 1.0384615384615385 44.26923076923077 2.3766380999877583
198000 69.9423076923077 0.034948095679834354 25.46507503846154 0.6201923076923077 45.301282057692305 45.30769230769231 1.0576923076923077 44.25 2.2514131999923848
200000 69.9423076923077 0.034156630745943196 25.484305788461537 0.6137820512820513 45.301282057692305 45.30769230769231 1.0384615384615385 44.26923076923077 2.423735599993961
202000 69.9423076923077 0.034948095679834354 25.46507503846154 0.6201923076923077 45.301282057692305 45.30769230769231 1.0576923076923077 44.25 2.3322496000037063
204000 69.9423076923077 0.034156630745943196 25.484305788461537 0.6137820512820513 45.301282057692305 45.30769230769231 1.0384615384615385 44.26923076923077 2.2095674999873154
206000 69.9423076923077 0.034948095679834354 25.46507503846154 0.6201923076923077 45.301282057692305 45.30769230769231 1.0576923076923077 44.25 2.1996248999785166
208000 69.9423076923077 0.034156630745943196 25.484305788461537 0.6137820512820513 45.301282057692305 45.30769230769231 1.0384615384615385 44.26923076923077 2.4322018999955617
210000 69.9423076923077 0.034948095679834354 25.46507503846154 0.6201923076923077 45.301282057692305 45.30769230769231 1.0576923076923077 44.25 2.159260600019479
212000 69.9423076923077 0.034156630745943196 25.484305788461537 0.6137820512820513 45.301282057692305 45.30769230769231 1.0384615384615385 44.26923076923077 2.1489594999875408
214000 69.9423076923077 0.034156630745943196 25.484305788461537 0.6137820512820513 45.301282057692305 45.30769230769231 1.0384615384615385 44.26923076923077 2.2952074999921024
216000 69.90384615384616 0.034893288388094294 25.465075057692307 0.6153846153846154 45.301282057692305 45.30769230769231 1.0769230769230769 44.23076923076923 2.266878700000234
218000 69.90384615384616 0.034893288388094294 25.465075057692307 0.6153846153846154 45.301282057692305 45.30769230769231 1.0769230769230769 44.23076923076923 2.514434999990044
220000 69.90384615384616 0.034893288388094294 25.465075057692307 0.6153846153846154 45.301282057692305 45.30769230769231 1.0769230769230769 44.23076923076923 2.537651399994502
222000 69.90384615384616 0.034893288388094294 25.465075057692307 0.6153846153846154 45.301282057692305 45.30769230769231 1.0769230769230769 44.23076923076923 2.260834299988346
224000 69.90384615384616 0.034893288388094294 25.465075057692307 0.6153846153846154 45.301282057692305 45.30769230769231 1.0769230769230769 44.23076923076923 2.4681797999946866
226000 69.9423076923077 0.034948095679834354 25.46507503846154 0.6201923076923077 45.301282057692305 45.30769230769231 1.0576923076923077 44.25 2.2046899999841116
228000 69.9423076923077 0.034948095679834354 25.46507503846154 0.6201923076923077 45.301282057692305 45.30769230769231 1.0576923076923077 44.25 2.347836900007678
230000 69.90384615384616 0.034893288388094294 25.465075057692307 0.6153846153846154 45.301282057692305 45.30769230769231 1.0769230769230769 44.23076923076923 2.2633370000112336
232000 69.90384615384616 0.034893288388094294 25.465075057692307 0.6153846153846154 45.301282057692305 45.30769230769231 1.0769230769230769 44.23076923076923 2.3115195999853313
234000 69.90384615384616 0.034893288388094294 25.465075057692307 0.6153846153846154 45.301282057692305 45.30769230769231 1.0769230769230769 44.23076923076923 2.2345062000094913
236000 69.90384615384616 0.034893288388094294 25.465075057692307 0.6153846153846154 45.301282057692305 45.30769230769231 1.0769230769230769 44.23076923076923 2.462798299995484
238000 69.90384615384616 0.034893288388094294 25.465075057692307 0.6153846153846154 45.301282057692305 45.30769230769231 1.0769230769230769 44.23076923076923 2.333339100005105
240000 69.90384615384616 0.034893288388094294 25.465075057692307 0.6153846153846154 45.301282057692305 45.30769230769231 1.0769230769230769 44.23076923076923 2.3188829999999143
242000 69.90384615384616 0.034893288388094294 25.465075057692307 0.6153846153846154 45.301282057692305 45.30769230769231 1.0769230769230769 44.23076923076923 2.3178566999849863
244000 69.9423076923077 0.034948095679834354 25.46507503846154 0.6201923076923077 45.301282057692305 45.30769230769231 1.0576923076923077 44.25 2.5163766000187024
246000 69.9423076923077 0.034948095679834354 25.46507503846154 0.6201923076923077 45.301282057692305 45.30769230769231 1.0576923076923077 44.25 2.3727330999972764
248000 69.9423076923077 0.034948095679834354 25.46507503846154 0.6201923076923077 45.301282057692305 45.30769230769231 1.0576923076923077 44.25 2.2797505000198726
250000 69.9423076923077 0.034948095679834354 25.46507503846154 0.6201923076923077 45.301282057692305 45.30769230769231 1.0576923076923077 44.25 2.3611580000142567
252000 69.9423076923077 0.034948095679834354 25.46507503846154 0.6201923076923077 45.301282057692305 45.30769230769231 1.0576923076923077 44.25 2.645419900014531
254000 69.9423076923077 0.034948095679834354 25.46507503846154 0.6201923076923077 45.301282057692305 45.30769230769231 1.0576923076923077 44.25 2.4262026000069454
256000 69.90384615384616 0.034893288388094294 25.465075057692307 0.6153846153846154 45.301282057692305 45.30769230769231 1.0769230769230769 44.23076923076923 2.282467099983478
258000 69.90384615384616 0.034893288388094294 25.465075057692307 0.6153846153846154 45.301282057692305 45.30769230769231 1.0769230769230769 44.23076923076923 2.2301768000179436
260000 69.90384615384616 0.034893288388094294 25.465075057692307 0.6153846153846154 45.301282057692305 45.30769230769231 1.0769230769230769 44.23076923076923 2.380809499998577
262000 69.90384615384616 0.034893288388094294 25.465075057692307 0.6153846153846154 45.301282057692305 45.30769230769231 1.0769230769230769 44.23076923076923 2.2629062000196427
264000 69.9423076923077 0.034948095679834354 25.46507503846154 0.6201923076923077 45.301282057692305 45.30769230769231 1.0576923076923077 44.25 2.262592700019013
266000 69.90384615384616 0.034893288388094294 25.465075057692307 0.6153846153846154 45.301282057692305 45.30769230769231 1.0769230769230769 44.23076923076923 2.35786210000515
268000 69.90384615384616 0.034893288388094294 25.465075057692307 0.6153846153846154 45.301282057692305 45.30769230769231 1.0769230769230769 44.23076923076923 2.234751200012397
270000 69.90384615384616 0.034893288388094294 25.465075057692307 0.6153846153846154 45.301282057692305 45.30769230769231 1.0769230769230769 44.23076923076923 2.1510381000116467
272000 69.90384615384616 0.034893288388094294 25.465075057692307 0.6153846153846154 45.301282057692305 45.30769230769231 1.0769230769230769 44.23076923076923 2.264066499978071
274000 69.90384615384616 0.034893288388094294 25.465075057692307 0.6153846153846154 45.301282057692305 45.30769230769231 1.0769230769230769 44.23076923076923 2.2821117999847047
276000 69.90384615384616 0.034893288388094294 25.465075057692307 0.6153846153846154 45.301282057692305 45.30769230769231 1.0769230769230769 44.23076923076923 2.565731799986679
278000 69.90384615384616 0.034893288388094294 25.465075057692307 0.6153846153846154 45.301282057692305 45.30769230769231 1.0769230769230769 44.23076923076923 2.3332605000177864
280000 69.90384615384616 0.034893288388094294 25.465075057692307 0.6153846153846154 45.301282057692305 45.30769230769231 1.0769230769230769 44.23076923076923 2.246253400022397
282000 69.90384615384616 0.034893288388094294 25.465075057692307 0.6153846153846154 45.301282057692305 45.30769230769231 1.0769230769230769 44.23076923076923 2.235161099990364
284000 69.90384615384616 0.034893288388094294 25.465075057692307 0.6153846153846154 45.301282057692305 45.30769230769231 1.0769230769230769 44.23076923076923 2.2286687000014354
286000 69.90384615384616 0.034893288388094294 25.465075057692307 0.6153846153846154 45.301282057692305 45.30769230769231 1.0769230769230769 44.23076923076923 2.1910907000128645
288000 69.90384615384616 0.034893288388094294 25.465075057692307 0.6153846153846154 45.301282057692305 45.30769230769231 1.0769230769230769 44.23076923076923 2.4518138999992516
290000 69.90384615384616 0.034893288388094294 25.465075057692307 0.6153846153846154 45.301282057692305 45.30769230769231 1.0769230769230769 44.23076923076923 2.4257424999959767
292000 69.90384615384616 0.034893288388094294 25.465075057692307 0.6153846153846154 45.301282057692305 45.30769230769231 1.0769230769230769 44.23076923076923 2.273250600002939
294000 69.90384615384616 0.034893288388094294 25.465075057692307 0.6153846153846154 45.301282057692305 45.30769230769231 1.0769230769230769 44.23076923076923 2.153840599989053
296000 69.90384615384616 0.034893288388094294 25.465075057692307 0.6153846153846154 45.301282057692305 45.30769230769231 1.0769230769230769 44.23076923076923 2.228639499982819
298000 69.90384615384616 0.034893288388094294 25.465075057692307 0.6153846153846154 45.301282057692305 45.30769230769231 1.0769230769230769 44.23076923076923 2.198127400013618
300000 69.90384615384616 0.034893288388094294 25.465075057692307 0.6153846153846154 45.301282057692305 45.30769230769231 1.0769230769230769 44.23076923076923 2.3271574999962468
302000 69.90384615384616 0.034893288388094294 25.465075057692307 0.6153846153846154 45.301282057692305 45.30769230769231 1.0769230769230769 44.23076923076923 2.2582457000098657
304000 71.61538461538461 0.03573040690677566 25.458664826923076 0.6153846153846154 45.301282057692305 45.30769230769231 1.1346153846153846 44.17307692307692 2.3090768000110984
306000 71.46153846153847 0.03539896678658467 25.596129980769227 0.6057692307692308 45.301282057692305 45.30769230769231 1.1538461538461537 44.15384615384615 2.2136807000206318
308000 70.4423076923077 0.014658628490779806 25.805079153846155 0.6057692307692308 45.301282057692305 45.30769230769231 1.1538461538461537 44.15384615384615 2.3739343999768607
310000 70.4423076923077 0.014658628490779806 25.805079153846155 0.6057692307692308 45.301282057692305 45.30769230769231 1.1538461538461537 44.15384615384615 2.34603730001254
312000 70.5576923076923 0.01481838813994303 25.857226673076923 0.6057692307692308 45.301282057692305 45.30769230769231 1.2307692307692308 44.07692307692308 2.4169201999902725
314000 72.75 0.036393442289832705 25.650974596153844 0.608974358974359 45.301282057692305 45.30769230769231 1.3076923076923077 44.0 2.3272907999926247
316000 72.75 0.03643515678655152 25.69584773076923 0.5993589743589745 45.301282057692305 45.30769230769231 1.4038461538461537 43.90384615384615 2.2642379000026267
318000 61.94230769230769 -0.006091177649676712 27.389804076923074 0.5384615384615385 45.301282057692305 45.30769230769231 1.4038461538461537 43.90384615384615 2.3725672000146005
320000 72.73076923076923 0.03635030231785501 25.708668269230767 0.5993589743589745 45.301282057692305 45.30769230769231 1.4615384615384615 43.84615384615385 2.2249145999958273
322000 74.42307692307692 0.037281679249497594 25.465078384615385 0.608974358974359 45.301282057692305 45.30769230769231 1.4615384615384615 43.84615384615385 2.33093330002157
324000 74.42307692307692 0.037281679249497594 25.465078384615385 0.608974358974359 45.301282057692305 45.30769230769231 1.4615384615384615 43.84615384615385 2.5100347000116017
326000 74.42307692307692 0.037281679249497594 25.465078384615385 0.608974358974359 45.301282057692305 45.30769230769231 1.4615384615384615 43.84615384615385 2.193716100009624
328000 74.42307692307692 0.037281679249497594 25.465078384615385 0.608974358974359 45.301282057692305 45.30769230769231 1.4615384615384615 43.84615384615385 2.4972338000079617
330000 74.42307692307692 0.037281679249497594 25.465078384615385 0.608974358974359 45.301282057692305 45.30769230769231 1.4615384615384615 43.84615384615385 2.4409271999902558
332000 74.42307692307692 0.037281679249497594 25.465078384615385 0.608974358974359 45.301282057692305 45.30769230769231 1.4615384615384615 43.84615384615385 2.304226000007475
334000 74.42307692307692 0.037281679249497594 25.465078384615385 0.608974358974359 45.301282057692305 45.30769230769231 1.4615384615384615 43.84615384615385 2.3843215000233613
336000 74.42307692307692 0.037281679249497594 25.465078384615385 0.608974358974359 45.301282057692305 45.30769230769231 1.4615384615384615 43.84615384615385 2.2227889000205323
338000 74.42307692307692 0.037281679249497594 25.465078384615385 0.608974358974359 45.301282057692305 45.30769230769231 1.4615384615384615 43.84615384615385 2.3069661000045016
340000 74.42307692307692 0.037281679249497594 25.465078384615385 0.608974358974359 45.301282057692305 45.30769230769231 1.4615384615384615 43.84615384615385 2.5759490999917034
342000 74.42307692307692 0.037281679249497594 25.465078384615385 0.608974358974359 45.301282057692305 45.30769230769231 1.4615384615384615 43.84615384615385 2.1872014999971725
344000 74.42307692307692 0.037281679249497594 25.465078384615385 0.608974358974359 45.301282057692305 45.30769230769231 1.4615384615384615 43.84615384615385 2.2517933000053745
346000 74.42307692307692 0.037281679249497594 25.465078384615385 0.608974358974359 45.301282057692305 45.30769230769231 1.4615384615384615 43.84615384615385 2.5711102999921422
348000 74.42307692307692 0.037281679249497594 25.465078384615385 0.608974358974359 45.301282057692305 45.30769230769231 1.4615384615384615 43.84615384615385 2.5132604999816976
350000 74.42307692307692 0.037281679249497594 25.465078384615385 0.608974358974359 45.301282057692305 45.30769230769231 1.4615384615384615 43.84615384615385 2.3731633000134025
352000 74.42307692307692 0.037281679249497594 25.465078384615385 0.608974358974359 45.301282057692305 45.30769230769231 1.4615384615384615 43.84615384615385 2.275510400009807
354000 74.42307692307692 0.037281679249497594 25.465078384615385 0.608974358974359 45.301282057692305 45.30769230769231 1.4615384615384615 43.84615384615385 2.1731297000078484
356000 74.42307692307692 0.037281679249497594 25.465078384615385 0.608974358974359 45.301282057692305 45.30769230769231 1.4615384615384615 43.84615384615385 2.2295726999873295
358000 74.42307692307692 0.037281679249497594 25.465078384615385 0.608974358974359 45.301282057692305 45.30769230769231 1.4615384615384615 43.84615384615385 2.2683577999996487
360000 74.42307692307692 0.037281679249497594 25.465078384615385 0.608974358974359 45.301282057692305 45.30769230769231 1.4615384615384615 43.84615384615385 2.3933751999866217
362000 74.42307692307692 0.037281679249497594 25.465078384615385 0.608974358974359 45.301282057692305 45.30769230769231 1.4615384615384615 43.84615384615385 2.310759500018321
364000 74.42307692307692 0.037281679249497594 25.465078384615385 0.608974358974359 45.301282057692305 45.30769230769231 1.4615384615384615 43.84615384615385 2.231395100010559
366000 74.42307692307692 0.037281679249497594 25.465078384615385 0.608974358974359 45.301282057692305 45.30769230769231 1.4615384615384615 43.84615384615385 2.3892285999900196
368000 74.42307692307692 0.037281679249497594 25.465078384615385 0.608974358974359 45.301282057692305 45.30769230769231 1.4615384615384615 43.84615384615385 2.3125815000094008
370000 74.42307692307692 0.037281679249497594 25.465078384615385 0.608974358974359 45.301282057692305 45.30769230769231 1.4615384615384615 43.84615384615385 2.320895200013183
372000 74.42307692307692 0.037281679249497594 25.465078384615385 0.608974358974359 45.301282057692305 45.30769230769231 1.4615384615384615 43.84615384615385 2.447920900012832
374000 74.42307692307692 0.037281679249497594 25.465078384615385 0.608974358974359 45.301282057692305 45.30769230769231 1.4615384615384615 43.84615384615385 2.434254499996314
376000 74.42307692307692 0.037281679249497594 25.465078384615385 0.608974358974359 45.301282057692305 45.30769230769231 1.4615384615384615 43.84615384615385 2.238220300001558
378000 74.42307692307692 0.037281679249497594 25.465078384615385 0.608974358974359 45.301282057692305 45.30769230769231 1.4615384615384615 43.84615384615385 2.2820445999968797
380000 74.42307692307692 0.037281679249497594 25.465078384615385 0.608974358974359 45.301282057692305 45.30769230769231 1.4615384615384615 43.84615384615385 2.2936029999982566
382000 74.42307692307692 0.037281679249497594 25.465078384615385 0.608974358974359 45.301282057692305 45.30769230769231 1.4615384615384615 43.84615384615385 2.2439812000084203
384000 74.42307692307692 0.037281679249497594 25.465078384615385 0.608974358974359 45.301282057692305 45.30769230769231 1.4615384615384615 43.84615384615385 2.3217700000095647
386000 74.42307692307692 0.037281679249497594 25.465078384615385 0.608974358974359 45.301282057692305 45.30769230769231 1.4615384615384615 43.84615384615385 2.199090399983106
388000 74.42307692307692 0.037281679249497594 25.465078384615385 0.608974358974359 45.301282057692305 45.30769230769231 1.4615384615384615 43.84615384615385 2.452687600016361
390000 74.42307692307692 0.037281679249497594 25.465078384615385 0.608974358974359 45.301282057692305 45.30769230769231 1.4615384615384615 43.84615384615385 2.332655699981842
392000 74.42307692307692 0.037281679249497594 25.465078384615385 0.608974358974359 45.301282057692305 45.30769230769231 1.4615384615384615 43.84615384615385 2.149226200010162
394000 74.42307692307692 0.037281679249497594 25.465078384615385 0.608974358974359 45.301282057692305 45.30769230769231 1.4615384615384615 43.84615384615385 2.2761143000097945
396000 74.42307692307692 0.037281679249497594 25.465078384615385 0.608974358974359 45.301282057692305 45.30769230769231 1.4615384615384615 43.84615384615385 2.4249821999983396
398000 74.42307692307692 0.037281679249497594 25.465078384615385 0.608974358974359 45.301282057692305 45.30769230769231 1.4615384615384615 43.84615384615385 2.256421500002034
400000 74.42307692307692 0.037281679249497594 25.465078384615385 0.608974358974359 45.301282057692305 45.30769230769231 1.4615384615384615 43.84615384615385 2.2105183000094257
402000 74.42307692307692 0.037281679249497594 25.465078384615385 0.608974358974359 45.301282057692305 45.30769230769231 1.4615384615384615 43.84615384615385 2.300269200000912
404000 74.42307692307692 0.037281679249497594 25.465078384615385 0.608974358974359 45.301282057692305 45.30769230769231 1.4615384615384615 43.84615384615385 2.259405399992829
406000 74.42307692307692 0.037281679249497594 25.465078384615385 0.608974358974359 45.301282057692305 45.30769230769231 1.4615384615384615 43.84615384615385 2.2376383999944665
408000 74.42307692307692 0.037281679249497594 25.465078384615385 0.608974358974359 45.301282057692305 45.30769230769231 1.4615384615384615 43.84615384615385 2.4019608999951743
410000 74.42307692307692 0.037281679249497594 25.465078384615385 0.608974358974359 45.301282057692305 45.30769230769231 1.4615384615384615 43.84615384615385 2.2571152999880724
412000 74.42307692307692 0.037281679249497594 25.465078384615385 0.608974358974359 45.301282057692305 45.30769230769231 1.4615384615384615 43.84615384615385 2.4584514999878593
414000 74.42307692307692 0.037281679249497594 25.465078384615385 0.608974358974359 45.301282057692305 45.30769230769231 1.4615384615384615 43.84615384615385 2.2370457999932114
416000 74.42307692307692 0.037281679249497594 25.465078384615385 0.608974358974359 45.301282057692305 45.30769230769231 1.4615384615384615 43.84615384615385 2.2014805000217166
418000 74.42307692307692 0.037281679249497594 25.465078384615385 0.608974358974359 45.301282057692305 45.30769230769231 1.4615384615384615 43.84615384615385 2.3590918999980204
420000 74.42307692307692 0.037281679249497594 25.465078384615385 0.608974358974359 45.301282057692305 45.30769230769231 1.4615384615384615 43.84615384615385 2.29144170001382
422000 74.42307692307692 0.037281679249497594 25.465078384615385 0.608974358974359 45.301282057692305 45.30769230769231 1.4615384615384615 43.84615384615385 2.2268115999759175
424000 74.42307692307692 0.037281679249497594 25.465078384615385 0.608974358974359 45.301282057692305 45.30769230769231 1.4615384615384615 43.84615384615385 2.4215734000026714
426000 74.42307692307692 0.037281679249497594 25.465078384615385 0.608974358974359 45.301282057692305 45.30769230769231 1.4615384615384615 43.84615384615385 2.2345918000210077
428000 74.42307692307692 0.037281679249497594 25.465078384615385 0.608974358974359 45.301282057692305 45.30769230769231 1.4615384615384615 43.84615384615385 2.1446924000047147
430000 74.42307692307692 0.037281679249497594 25.465078384615385 0.608974358974359 45.301282057692305 45.30769230769231 1.4615384615384615 43.84615384615385 2.147354200016707
432000 74.42307692307692 0.037281679249497594 25.465078384615385 0.608974358974359 45.301282057692305 45.30769230769231 1.4615384615384615 43.84615384615385 2.1306663999857847
434000 74.42307692307692 0.037281679249497594 25.465078384615385 0.608974358974359 45.301282057692305 45.30769230769231 1.4615384615384615 43.84615384615385 2.214172999985749
436000 74.42307692307692 0.037281679249497594 25.465078384615385 0.608974358974359 45.301282057692305 45.30769230769231 1.4615384615384615 43.84615384615385 2.2235558000102174
438000 74.42307692307692 0.037281679249497594 25.465078384615385 0.608974358974359 45.301282057692305 45.30769230769231 1.4615384615384615 43.84615384615385 2.213846700004069
440000 74.42307692307692 0.037281679249497594 25.465078384615385 0.608974358974359 45.301282057692305 45.30769230769231 1.4615384615384615 43.84615384615385 2.4633770000073127
442000 74.42307692307692 0.037281679249497594 25.465078384615385 0.608974358974359 45.301282057692305 45.30769230769231 1.4615384615384615 43.84615384615385 2.3750068999943323
444000 74.42307692307692 0.037281679249497594 25.465078384615385 0.608974358974359 45.301282057692305 45.30769230769231 1.4615384615384615 43.84615384615385 2.3019902000087313
446000 74.42307692307692 0.037281679249497594 25.465078384615385 0.608974358974359 45.301282057692305 45.30769230769231 1.4615384615384615 43.84615384615385 2.304817099997308
448000 74.42307692307692 0.037281679249497594 25.465078384615385 0.608974358974359 45.301282057692305 45.30769230769231 1.4615384615384615 43.84615384615385 2.248013600008562
450000 74.42307692307692 0.037281679249497594 25.465078384615385 0.608974358974359 45.301282057692305 45.30769230769231 1.4615384615384615 43.84615384615385 2.230268600018462
452000 74.42307692307692 0.037281679249497594 25.465078384615385 0.608974358974359 45.301282057692305 45.30769230769231 1.4615384615384615 43.84615384615385 2.2357360999740195
454000 74.42307692307692 0.037281679249497594 25.465078384615385 0.608974358974359 45.301282057692305 45.30769230769231 1.4615384615384615 43.84615384615385 2.189005399995949
456000 74.42307692307692 0.037281679249497594 25.465078384615385 0.608974358974359 45.301282057692305 45.30769230769231 1.4615384615384615 43.84615384615385 2.4432286999945063
458000 74.42307692307692 0.037281679249497594 25.465078384615385 0.608974358974359 45.301282057692305 45.30769230769231 1.4615384615384615 43.84615384615385 2.1894101000216324
460000 74.42307692307692 0.037281679249497594 25.465078384615385 0.608974358974359 45.301282057692305 45.30769230769231 1.4615384615384615 43.84615384615385 2.281204799975967
462000 74.42307692307692 0.037281679249497594 25.465078384615385 0.608974358974359 45.301282057692305 45.30769230769231 1.4615384615384615 43.84615384615385 2.298607600008836
464000 74.42307692307692 0.037281679249497594 25.465078384615385 0.608974358974359 45.301282057692305 45.30769230769231 1.4615384615384615 43.84615384615385 2.142772299994249
466000 74.42307692307692 0.037281679249497594 25.465078384615385 0.608974358974359 45.301282057692305 45.30769230769231 1.4615384615384615 43.84615384615385 2.511273899988737
468000 74.42307692307692 0.037281679249497594 25.465078384615385 0.608974358974359 45.301282057692305 45.30769230769231 1.4615384615384615 43.84615384615385 2.3289686999924015
470000 74.42307692307692 0.037281679249497594 25.465078384615385 0.608974358974359 45.301282057692305 45.30769230769231 1.4615384615384615 43.84615384615385 2.1923870999889914
472000 74.42307692307692 0.037281679249497594 25.465078384615385 0.608974358974359 45.301282057692305 45.30769230769231 1.4615384615384615 43.84615384615385 2.30052180000348
474000 74.42307692307692 0.037281679249497594 25.465078384615385 0.608974358974359 45.301282057692305 45.30769230769231 1.4615384615384615 43.84615384615385 2.3403968999919016
476000 74.42307692307692 0.037281679249497594 25.465078384615385 0.608974358974359 45.301282057692305 45.30769230769231 1.4615384615384615 43.84615384615385 2.481214800005546
478000 74.42307692307692 0.037281679249497594 25.465078384615385 0.608974358974359 45.301282057692305 45.30769230769231 1.4615384615384615 43.84615384615385 2.364965899992967
480000 74.42307692307692 0.037281679249497594 25.465078384615385 0.608974358974359 45.301282057692305 45.30769230769231 1.4615384615384615 43.84615384615385 2.1595723000064027
482000 74.42307692307692 0.037281679249497594 25.465078384615385 0.608974358974359 45.301282057692305 45.30769230769231 1.4615384615384615 43.84615384615385 2.2928291000134777
484000 74.42307692307692 0.037281679249497594 25.465078384615385 0.608974358974359 45.301282057692305 45.30769230769231 1.4615384615384615 43.84615384615385 2.1496838000020944
486000 74.42307692307692 0.037281679249497594 25.465078384615385 0.608974358974359 45.301282057692305 45.30769230769231 1.4615384615384615 43.84615384615385 2.4070988000021316
488000 74.42307692307692 0.037281679249497594 25.465078384615385 0.608974358974359 45.301282057692305 45.30769230769231 1.4615384615384615 43.84615384615385 2.3537014999892563
490000 74.42307692307692 0.037281679249497594 25.465078384615385 0.608974358974359 45.301282057692305 45.30769230769231 1.4615384615384615 43.84615384615385 2.1942225999955554
492000 74.42307692307692 0.037281679249497594 25.465078384615385 0.608974358974359 45.301282057692305 45.30769230769231 1.4615384615384615 43.84615384615385 2.231989399995655
494000 74.42307692307692 0.037281679249497594 25.465078384615385 0.608974358974359 45.301282057692305 45.30769230769231 1.4615384615384615 43.84615384615385 2.368946699978551
496000 74.42307692307692 0.037281679249497594 25.465078384615385 0.608974358974359 45.301282057692305 45.30769230769231 1.4615384615384615 43.84615384615385 2.137072999990778
498000 74.42307692307692 0.037281679249497594 25.465078384615385 0.608974358974359 45.301282057692305 45.30769230769231 1.4615384615384615 43.84615384615385 2.072697600000538
500000 74.42307692307692 0.037281679249497594 25.465078384615385 0.608974358974359 45.301282057692305 45.30769230769231 1.4615384615384615 43.84615384615385 2.112423000013223
