2000 0.07692307692307693 5.216661585850349e-05 37.509111057692294 0.02564102564102564 45.301282057692305 45.30769230769231 1.0769230769230769 44.23076923076923 0.5676592999952845
4000 0.09615384615384616 6.258834905042113e-05 37.254975134615385 0.07532051282051282 45.301282057692305 45.30769230769231 1.1346153846153846 44.17307692307692 0.6317269999999553
6000 0.09615384615384616 0.00010973748969984018 36.42651301923077 0.1121794871794872 45.301282057692305 45.30769230769231 1.1346153846153846 44.17307692307692 0.7741521999705583
8000 0.09615384615384616 2.6568210424330948e-05 37.33762438461539 0.07692307692307693 45.301282057692305 45.30769230769231 1.0384615384615385 44.26923076923077 0.8915717999916524
10000 0.09615384615384616 5.814776311726338e-05 37.178756865384614 0.09455128205128203 45.301282057692305 45.30769230769231 1.0384615384615385 44.26923076923077 1.0132259000092745
12000 0.19230769230769232 8.226518436174188e-05 37.60717476923077 0.07371794871794872 45.301282057692305 45.30769230769231 1.0769230769230769 44.23076923076923 1.111564900027588
14000 0.11538461538461539 5.5825764050541085e-05 37.34542342307692 0.05929487179487179 45.301282057692305 45.30769230769231 1.0384615384615385 44.26923076923077 1.2878006999962963
16000 0.11538461538461539 8.147718310767791e-05 36.13281588461538 0.10096153846153848 45.301282057692305 45.30769230769231 1.0576923076923077 44.25 1.964616799959913
18000 0.09615384615384616 6.784277526440773e-05 36.89884263461539 0.08493589743589744 45.301282057692305 45.30769230769231 1.0384615384615385 44.26923076923077 2.061328800045885
20000 0.09615384615384616 2.279591893252529e-05 37.52694032692308 0.052884615384615384 45.301282057692305 45.30769230769231 1.0384615384615385 44.26923076923077 1.8096114000072703
22000 0.09615384615384616 5.364702002820509e-05 37.14419424999999 0.0689102564102564 45.301282057692305 45.30769230769231 1.0384615384615385 44.26923076923077 2.26675820001401
24000 0.11538461538461539 8.715147321013665e-05 36.99616065384615 0.05929487179487179 45.301282057692305 45.30769230769231 1.0384615384615385 44.26923076923077 1.9290340000297874
26000 0.11538461538461539 8.955359687767024e-05 36.15792251923076 0.07532051282051282 45.301282057692305 45.30769230769231 1.0384615384615385 44.26923076923077 1.7871009999653324
28000 0.15384615384615385 0.00011009352581221631 36.34451438461538 0.08814102564102565 45.301282057692305 45.30769230769231 1.0384615384615385 44.26923076923077 2.211333499988541
30000 0.1346153846153846 8.675485468848198e-05 35.45001642307692 0.14423076923076922 45.301282057692305 45.30769230769231 1.0961538461538463 44.21153846153846 1.9941112999804318
32000 0.11538461538461539 9.686634479994949e-05 35.28713169230769 0.10416666666666667 45.301282057692305 45.30769230769231 1.0384615384615385 44.26923076923077 1.7852601999766193
34000 0.25 0.00027701094842256553 32.368594326923066 0.22435897435897434 45.301282057692305 45.30769230769231 1.0576923076923077 44.25 1.9267572999815457
36000 0.11538461538461539 8.086074714872434e-05 36.14370286538461 0.08012820512820512 45.301282057692305 45.30769230769231 1.0384615384615385 44.26923076923077 1.73082080000313
38000 0.19230769230769232 0.00012022458129352057 36.29650371153845 0.12980769230769232 45.301282057692305 45.30769230769231 1.2115384615384615 44.09615384615385 1.9352997000096366
40000 0.11538461538461539 -0.01916966282427626 36.15883065384615 0.1266025641025641 45.301282057692305 45.30769230769231 1.0384615384615385 44.26923076923077 1.9468507000128739
42000 0.11538461538461539 0.00012042444223389077 36.05155546153845 0.08974358974358973 45.301282057692305 45.30769230769231 1.0384615384615385 44.26923076923077 1.9270147000206634
44000 0.11538461538461539 0.0001116594327650286 35.93617082692306 0.11057692307692307 45.301282057692305 45.30769230769231 1.0384615384615385 44.26923076923077 1.8297585000400431
46000 0.09615384615384616 -0.05756093909211088 34.70924861538462 0.19230769230769232 45.301282057692305 45.30769230769231 1.0576923076923077 44.25 1.8298719000304118
48000 0.09615384615384616 -0.1920694619285221 34.099472903846156 0.20673076923076922 45.301282057692305 45.30769230769231 1.0384615384615385 44.26923076923077 1.7473644000128843
50000 0.09615384615384616 -0.07684299029365234 35.961652711538456 0.1378205128205128 45.301282057692305 45.30769230769231 1.0384615384615385 44.26923076923077 1.937337400042452
52000 0.1346153846153846 6.547030798703539e-05 37.23842428846154 0.07371794871794872 45.301282057692305 45.30769230769231 1.0384615384615385 44.26923076923077 1.9371479999972507
54000 0.11538461538461539 8.397491426223159e-05 36.82265613461538 0.1137820512820513 45.301282057692305 45.30769230769231 1.0384615384615385 44.26923076923077 1.9971056000213139
56000 0.11538461538461539 9.852881573541245e-05 34.872023980769235 0.17147435897435898 45.301282057692305 45.30769230769231 1.0384615384615385 44.26923076923077 1.87915689998772
58000 0.11538461538461539 6.0543773078901825e-05 36.60354169230769 0.07371794871794872 45.301282057692305 45.30769230769231 1.0384615384615385 44.26923076923077 2.222973199968692
60000 0.15384615384615385 9.109821442480005e-05 35.91604167307692 0.1298076923076923 45.301282057692305 45.30769230769231 1.0384615384615385 44.26923076923077 1.8070632999879308
62000 0.21153846153846154 -0.018950430310818306 33.90834959615385 0.2051282051282051 45.301282057692305 45.30769230769231 1.0384615384615385 44.26923076923077 1.9956601000158116
64000 0.3076923076923077 0.00013074044599096019 33.41742876923077 0.1875 45.301282057692305 45.30769230769231 1.0384615384615385 44.26923076923077 1.912789999973029
66000 0.3269230769230769 0.0002037603075272852 36.15268717307692 0.1201923076923077 45.301282057692305 45.30769230769231 1.0384615384615385 44.26923076923077 1.8912909999489784
68000 0.36538461538461536 0.00012027547306292918 35.30653307692308 0.15224358974358973 45.301282057692305 45.30769230769231 1.0384615384615385 44.26923076923077 1.9876579999690875
70000 0.2692307692307692 9.294340870951002e-05 35.4870886346154 0.14102564102564102 45.301282057692305 45.30769230769231 1.0384615384615385 44.26923076923077 1.8287117999861948
72000 0.2692307692307692 -0.01913847658030527 35.4378059423077 0.1266025641025641 45.301282057692305 45.30769230769231 1.0384615384615385 44.26923076923077 1.8180542000336573
74000 0.17307692307692307 -0.03831802678255229 35.32329832692309 0.17307692307692307 45.301282057692305 45.30769230769231 1.0384615384615385 44.26923076923077 1.9868570999824442
76000 0.23076923076923078 -0.1345189187469122 35.44677109615385 0.171474358974359 45.301282057692305 45.30769230769231 1.0384615384615385 44.26923076923077 1.8664324000128545
78000 0.09615384615384616 7.234833795586317e-05 35.52538517307692 0.15224358974358973 45.301282057692305 45.30769230769231 1.0384615384615385 44.26923076923077 1.9156530000036582
80000 0.09615384615384616 8.841298052830215e-05 35.8992048076923 0.11057692307692306 45.301282057692305 45.30769230769231 1.0384615384615385 44.26923076923077 1.9053747999714687
82000 0.09615384615384616 0.00015236341905194232 36.170817134615376 0.08974358974358974 45.301282057692305 45.30769230769231 1.0384615384615385 44.26923076923077 1.8448705999762751
84000 0.09615384615384616 5.500288253237512e-05 37.38173825 0.052884615384615384 45.301282057692305 45.30769230769231 1.0384615384615385 44.26923076923077 1.891818100004457
86000 0.07692307692307693 9.07960820502746e-05 37.07799919230769 0.04326923076923077 45.301282057692305 45.30769230769231 1.0384615384615385 44.26923076923077 2.1799876000150107
88000 0.07692307692307693 9.789282788156902e-05 36.66603340384616 0.10256410256410257 45.301282057692305 45.30769230769231 1.0384615384615385 44.26923076923077 1.855996900005266
90000 0.057692307692307696 5.086173221865879e-05 36.1210246923077 0.171474358974359 45.301282057692305 45.30769230769231 1.0384615384615385 44.26923076923077 1.9949158999952488
92000 0.07692307692307693 8.977924378269863e-05 36.37497709615385 0.10897435897435898 45.301282057692305 45.30769230769231 1.0384615384615385 44.26923076923077 1.9401990000042133
94000 0.057692307692307696 0.00010645487732331149 35.54004026923077 0.13782051282051283 45.301282057692305 45.30769230769231 1.0384615384615385 44.26923076923077 2.0857896999805234
96000 0.21153846153846154 0.00017782860996809797 35.21511928846153 0.125 45.301282057692305 45.30769230769231 1.1538461538461537 44.15384615384615 1.8440298999776132
98000 0.17307692307692307 0.00012243056370481422 35.544877673076925 0.13141025641025642 45.301282057692305 45.30769230769231 1.0384615384615385 44.26923076923077 1.793911000015214
100000 0.1346153846153846 9.672971137718347e-05 36.59231409615384 0.07532051282051282 45.301282057692305 45.30769230769231 1.0384615384615385 44.26923076923077 1.7758611999452114
102000 0.09615384615384616 8.652236849269503e-05 37.178853 0.0625 45.301282057692305 45.30769230769231 1.0384615384615385 44.26923076923077 2.1311197000322863
104000 0.09615384615384616 6.614100657924179e-05 36.813094038461536 0.07371794871794872 45.301282057692305 45.30769230769231 1.0384615384615385 44.26923076923077 2.142628400004469
106000 0.17307692307692307 0.00012025475276724984 36.1582323076923 0.09455128205128203 45.301282057692305 45.30769230769231 1.0384615384615385 44.26923076923077 1.8462732000043616
108000 0.1346153846153846 0.00014961572920216832 36.283659942307686 0.08814102564102565 45.301282057692305 45.30769230769231 1.0384615384615385 44.26923076923077 1.8686817000270821
110000 0.15384615384615385 6.08795608772986e-05 36.17993019230768 0.07852564102564104 45.301282057692305 45.30769230769231 1.0384615384615385 44.26923076923077 1.7864241999923252
112000 0.1346153846153846 4.877721734062859e-05 36.15972823076922 0.07852564102564104 45.301282057692305 45.30769230769231 1.0384615384615385 44.26923076923077 1.8882261000107974
114000 0.1346153846153846 0.0001393440808913898 36.30663011538461 0.0689102564102564 45.301282057692305 45.30769230769231 1.0384615384615385 44.26923076923077 1.9312190000200644
116000 0.19230769230769232 0.00016395534577484297 36.41560436538463 0.08814102564102565 45.301282057692305 45.30769230769231 1.0384615384615385 44.26923076923077 1.8823544000042602
118000 0.1346153846153846 8.7773497837853e-05 36.38034830769231 0.05929487179487179 45.301282057692305 45.30769230769231 1.0384615384615385 44.26923076923077 1.8971925000078045
120000 0.21153846153846154 0.00014002520878419043 36.14209971153845 0.0673076923076923 45.301282057692305 45.30769230769231 1.0384615384615385 44.26923076923077 1.91231520002475
122000 0.1346153846153846 9.536732367872168e-05 36.19338169230768 0.049679487179487176 45.301282057692305 45.30769230769231 1.0384615384615385 44.26923076923077 2.017876799975056
124000 0.07692307692307693 5.105287990556811e-05 36.4946643076923 0.08012820512820513 45.301282057692305 45.30769230769231 1.0384615384615385 44.26923076923077 2.0832732999697328
126000 0.07692307692307693 0.0001497093255611973 35.818381980769225 0.07371794871794872 45.301282057692305 45.30769230769231 1.0769230769230769 44.23076923076923 2.0650700999540277
128000 0.11538461538461539 0.00010420420694559645 35.56517713461538 0.10256410256410256 45.301282057692305 45.30769230769231 1.0769230769230769 44.23076923076923 1.9419052000157535
130000 0.21153846153846154 0.0001767612753612847 36.00748453846154 0.11217948717948717 45.301282057692305 45.30769230769231 1.1346153846153846 44.17307692307692 1.8246100999531336
132000 0.23076923076923078 0.00010024083876784853 35.681629596153854 0.11538461538461539 45.301282057692305 45.30769230769231 1.25 44.05769230769231 2.2100068000145257
134000 0.23076923076923078 0.00010594306188098815 35.7136810576923 0.125 45.301282057692305 45.30769230769231 1.1730769230769231 44.13461538461539 1.816322400001809
136000 0.25 0.00014398238443610027 36.278852115384616 0.07692307692307693 45.301282057692305 45.30769230769231 1.1346153846153846 44.17307692307692 2.043489400006365
138000 0.17307692307692307 0.00021467560467331337 35.58408726923078 0.14262820512820512 45.301282057692305 45.30769230769231 1.4230769230769231 43.88461538461539 1.9375849000061862
140000 0.1346153846153846 0.0001561952784729583 35.73870796153846 0.10897435897435896 45.301282057692305 45.30769230769231 1.9038461538461537 43.40384615384615 1.8837580000399612
142000 0.11538461538461539 0.00012000170170971895 36.192955211538454 0.10737179487179487 45.301282057692305 45.30769230769231 1.9038461538461537 43.40384615384615 1.905226800008677
144000 0.11538461538461539 9.596196846319875e-05 36.19162026923077 0.1233974358974359 45.301282057692305 45.30769230769231 2.9615384615384617 42.34615384615385 1.9914072999963537
146000 0.1346153846153846 0.00013426629648709404 36.107388403846144 0.10256410256410256 45.301282057692305 45.30769230769231 3.3076923076923075 42.0 1.8919328000047244
148000 0.1346153846153846 0.00013402847779568188 36.125648019230766 0.1121794871794872 45.301282057692305 45.30769230769231 3.269230769230769 42.03846153846154 1.8735682999831624
150000 0.11538461538461539 6.329343309088644e-05 36.16330357692307 0.1201923076923077 45.301282057692305 45.30769230769231 3.1346153846153846 42.17307692307692 2.1877799999783747
152000 0.11538461538461539 8.915463637530459e-05 36.475625192307696 0.09294871794871794 45.301282057692305 45.30769230769231 2.6538461538461537 42.65384615384615 1.8586915000341833
154000 0.15384615384615385 0.00013069576027198494 35.48053974999999 0.12019230769230768 45.301282057692305 45.30769230769231 4.076923076923077 41.23076923076923 1.904414699994959
156000 0.1346153846153846 0.0001120053549488025 36.544825192307684 0.10416666666666667 45.301282057692305 45.30769230769231 1.5576923076923077 43.75 2.3402916000341065
158000 0.1346153846153846 5.612382548119335e-05 36.291886673076924 0.09294871794871797 45.301282057692305 45.30769230769231 1.2115384615384615 44.09615384615385 2.0382242999621667
160000 0.1346153846153846 7.963221008606217e-05 36.12735661538461 0.1169871794871795 45.301282057692305 45.30769230769231 1.2115384615384615 44.09615384615385 1.8350247999769635
162000 0.15384615384615385 5.6292253375403946e-05 35.98419446153846 0.1233974358974359 45.301282057692305 45.30769230769231 1.3269230769230769 43.98076923076923 1.8962631999747828
164000 0.15384615384615385 9.717082004731335e-05 36.188949 0.08653846153846154 45.301282057692305 45.30769230769231 1.3846153846153846 43.92307692307692 1.8450892000109889
166000 0.15384615384615385 0.0001182215730927784 36.53296628846154 0.0673076923076923 45.301282057692305 45.30769230769231 1.1538461538461537 44.15384615384615 1.9380955999949947
168000 0.17307692307692307 0.0001351798600945998 35.954920692307674 0.09455128205128206 45.301282057692305 45.30769230769231 1.3846153846153846 43.92307692307692 1.850061800039839
170000 0.21153846153846154 0.00010105704652843873 33.958111980769225 0.17467948717948717 45.301282057692305 45.30769230769231 1.8269230769230769 43.48076923076923 1.8094552000402473
172000 0.3076923076923077 0.0001527714063972974 33.16340005769232 0.1955128205128205 45.301282057692305 45.30769230769231 1.8269230769230769 43.48076923076923 1.800758900004439
174000 0.36538461538461536 0.00012716373113028244 32.431050596153845 0.2435897435897436 45.301282057692305 45.30769230769231 1.1538461538461537 44.15384615384615 1.8287781000253744
176000 0.36538461538461536 0.00017213671462863113 33.141735 0.2275641025641026 45.301282057692305 45.30769230769231 1.7115384615384615 43.59615384615385 1.928867899987381
178000 0.4230769230769231 -0.019000562306351033 31.581561423076927 0.2516025641025641 45.301282057692305 45.30769230769231 1.2115384615384615 44.09615384615385 1.9023495999863371
180000 0.3076923076923077 -0.019025784466317558 32.922203961538465 0.18910256410256412 45.301282057692305 45.30769230769231 1.1538461538461537 44.15384615384615 2.0947923999628983
182000 0.23076923076923078 0.00039911027567305463 33.71765925000001 0.1875 45.301282057692305 45.30769230769231 1.3653846153846154 43.94230769230769 1.8792378000216559
184000 0.40384615384615385 0.0004990627803772507 32.92444805769231 0.20833333333333334 45.301282057692305 45.30769230769231 1.7692307692307692 43.53846153846154 1.8367015999974683
186000 0.25 0.00026983727098767104 34.45350888461538 0.1955128205128205 45.301282057692305 45.30769230769231 1.8269230769230769 43.48076923076923 2.286459900031332
188000 0.23076923076923078 0.00017341181325062672 35.00318888461539 0.16826923076923078 45.301282057692305 45.30769230769231 2.0961538461538463 43.21153846153846 1.8652733999770135
190000 0.19230769230769232 -0.019070434509639404 35.10521876923077 0.16025641025641027 45.301282057692305 45.30769230769231 2.0961538461538463 43.21153846153846 2.1358181000105105
192000 0.19230769230769232 0.00015904628115924574 34.977819365384605 0.18108974358974358 45.301282057692305 45.30769230769231 1.6346153846153846 43.67307692307692 1.8763781000161543
194000 0.11538461538461539 0.0001017956729677046 35.170839096153856 0.15064102564102563 45.301282057692305 45.30769230769231 1.0384615384615385 44.26923076923077 1.8984342000330798
196000 0.1346153846153846 -0.019111291949350663 35.496747 0.1201923076923077 45.301282057692305 45.30769230769231 1.0961538461538463 44.21153846153846 1.9042863000067882
198000 0.34615384615384615 0.00013050170842865392 33.80070890384616 0.21153846153846154 45.301282057692305 45.30769230769231 1.3076923076923077 44.0 1.9143448999966495
200000 0.23076923076923078 0.00014365703867588752 34.961815557692304 0.1346153846153846 45.301282057692305 45.30769230769231 1.0384615384615385 44.26923076923077 1.834270599996671
202000 0.2692307692307692 0.00019454088112607945 34.34680486538461 0.16025641025641024 45.301282057692305 45.30769230769231 1.0384615384615385 44.26923076923077 1.926411000022199
204000 0.2692307692307692 0.0002005519192385663 33.53187311538461 0.20993589743589747 45.301282057692305 45.30769230769231 1.0384615384615385 44.26923076923077 1.9461786999600008
206000 0.21153846153846154 -0.038309869271499514 34.90953238461538 0.18589743589743593 45.301282057692305 45.30769230769231 1.0384615384615385 44.26923076923077 1.9653189000091515
208000 0.15384615384615385 -0.038306637640448525 34.093915557692306 0.22756410256410262 45.301282057692305 45.30769230769231 1.0384615384615385 44.26923076923077 1.772299500007648
210000 0.17307692307692307 -0.038305213640387005 34.46277249999999 0.19391025641025642 45.301282057692305 45.30769230769231 1.0384615384615385 44.26923076923077 1.9836872999439947
212000 0.21153846153846154 -0.019026612652173272 33.20176786538462 0.2419871794871795 45.301282057692305 45.30769230769231 1.0384615384615385 44.26923076923077 1.9378149999538437
214000 0.23076923076923078 -0.019054173456018605 32.91592853846154 0.27884615384615385 45.301282057692305 45.30769230769231 1.0384615384615385 44.26923076923077 1.8895257000112906
216000 0.23076923076923078 -0.03832104376106575 33.906842999999995 0.19391025641025642 45.301282057692305 45.30769230769231 1.0384615384615385 44.26923076923077 2.036810700024944
218000 0.17307692307692307 -0.019065406945024607 34.16624480769231 0.1778846153846154 45.301282057692305 45.30769230769231 1.0576923076923077 44.25 1.886035100033041
220000 0.15384615384615385 -0.019021227996108028 32.473940807692316 0.2435897435897436 45.301282057692305 45.30769230769231 1.0576923076923077 44.25 1.921963999979198
222000 0.17307692307692307 -0.01903470340848911 31.720842096153852 0.28044871794871795 45.301282057692305 45.30769230769231 1.0576923076923077 44.25 1.9555502000148408
224000 0.36538461538461536 0.0005874363066186903 29.35278986538462 0.3205128205128206 45.301282057692305 45.30769230769231 1.0576923076923077 44.25 2.0115777000319213
226000 0.3076923076923077 -0.01887702126453025 30.40855978846154 0.2932692307692308 45.301282057692305 45.30769230769231 1.0576923076923077 44.25 1.8620816000038758
228000 0.2692307692307692 -0.01893205838649402 31.295409519230773 0.25961538461538464 45.301282057692305 45.30769230769231 1.2115384615384615 44.09615384615385 2.075312400003895
230000 0.21153846153846154 0.0004927817413064314 33.51843434615384 0.16987179487179485 45.301282057692305 45.30769230769231 1.0576923076923077 44.25 1.8113216999918222
232000 0.34615384615384615 0.0006095746980187239 30.154072230769234 0.2932692307692308 45.301282057692305 45.30769230769231 1.2884615384615385 44.01923076923077 1.9434872000128962
234000 0.23076923076923078 0.00031451627970062793 32.06426659615385 0.25 45.301282057692305 45.30769230769231 1.0576923076923077 44.25 2.0488892999710515
236000 0.23076923076923078 -0.018913472933150027 32.24567698076923 0.24839743589743593 45.301282057692305 45.30769230769231 1.0576923076923077 44.25 1.9754366000415757
238000 0.23076923076923078 -0.018916568007331144 31.660821634615388 0.22756410256410253 45.301282057692305 45.30769230769231 1.0576923076923077 44.25 2.098718799999915
240000 0.28846153846153844 -0.018847156623845767 30.790041288461534 0.2596153846153846 45.301282057692305 45.30769230769231 1.0576923076923077 44.25 1.9617360000265762
242000 0.25 -0.01889220015928793 31.610010576923074 0.2243589743589743 45.301282057692305 45.30769230769231 1.0576923076923077 44.25 1.8988181999884546
244000 0.17307692307692307 -0.038134766529176516 32.40723332692308 0.17147435897435892 45.301282057692305 45.30769230769231 1.3076923076923077 44.0 1.940650700009428
246000 0.19230769230769232 -0.03818141339420853 32.70268819230769 0.19711538461538458 45.301282057692305 45.30769230769231 1.1153846153846154 44.19230769230769 1.8051081000012346
248000 0.19230769230769232 0.0002454188318210834 33.47612219230769 0.20512820512820512 45.301282057692305 45.30769230769231 1.0576923076923077 44.25 1.8059640999999829
250000 0.19230769230769232 0.00028558641158860825 33.221003826923074 0.2355769230769231 45.301282057692305 45.30769230769231 1.1346153846153846 44.17307692307692 1.8096992999780923
252000 0.21153846153846154 0.0003012029309724826 33.289547596153845 0.22275641025641024 45.301282057692305 45.30769230769231 1.2307692307692308 44.07692307692308 1.8326098000397906
254000 0.15384615384615385 0.00010360040306789006 33.04004103846153 0.23878205128205135 45.301282057692305 45.30769230769231 1.0769230769230769 44.23076923076923 1.8951593000092544
256000 0.21153846153846154 0.00010333579145108822 33.23873851923076 0.2371794871794872 45.301282057692305 45.30769230769231 1.1538461538461537 44.15384615384615 1.847665999957826
258000 0.17307692307692307 0.00010064800843075447 33.97011219230768 0.21314102564102566 45.301282057692305 45.30769230769231 1.1346153846153846 44.17307692307692 2.2146785000222735
260000 0.15384615384615385 0.00014478818988931247 34.75622325 0.16506410256410253 45.301282057692305 45.30769230769231 1.3461538461538463 43.96153846153846 1.8081841000239365
262000 0.3076923076923077 0.0003331758922691006 33.28720582692308 0.20512820512820512 45.301282057692305 45.30769230769231 2.826923076923077 42.48076923076923 2.143904399999883
264000 0.3076923076923077 0.0003388149550335687 33.00933096153845 0.25 45.301282057692305 45.30769230769231 2.7884615384615383 42.51923076923077 2.008081400010269
266000 0.4230769230769231 0.00039144078620111745 32.33053449999999 0.26282051282051283 45.301282057692305 45.30769230769231 3.480769230769231 41.82692307692308 1.867161300033331
268000 0.4230769230769231 0.0004383566681305138 32.06704213461538 0.25000000000000006 45.301282057692305 45.30769230769231 3.3846153846153846 41.92307692307692 1.8808484000037424
270000 0.5 0.00047296172660670117 31.29695615384615 0.3012820512820513 45.301282057692305 45.30769230769231 3.1346153846153846 42.17307692307692 1.9152291000355035
272000 0.36538461538461536 0.0004190349827837349 31.985088096153838 0.2435897435897436 45.301282057692305 45.30769230769231 3.1538461538461537 42.15384615384615 2.2505930999759585
274000 0.3076923076923077 0.0002459485862627026 32.7642044423077 0.2163461538461538 45.301282057692305 45.30769230769231 1.9423076923076923 43.36538461538461 1.8604773000115529
276000 0.3269230769230769 0.00024978021985361867 32.901753 0.2131410256410256 45.301282057692305 45.30769230769231 2.3076923076923075 43.0 1.8562716000014916
278000 0.19230769230769232 0.00020520900211185605 32.07715015384615 0.2532051282051282 45.301282057692305 45.30769230769231 1.1153846153846154 44.19230769230769 2.1240169999655336
280000 0.11538461538461539 0.0001636324027050151 33.136222230769235 0.20993589743589738 45.301282057692305 45.30769230769231 1.0384615384615385 44.26923076923077 1.8396963000413962
282000 0.07692307692307693 0.00015346796789802796 34.26816748076923 0.16506410256410253 45.301282057692305 45.30769230769231 1.1153846153846154 44.19230769230769 1.9116292000398971
284000 0.1346153846153846 0.0001736790198166477 34.72436426923077 0.14262820512820512 45.301282057692305 45.30769230769231 1.0384615384615385 44.26923076923077 1.9382556999917142
286000 0.09615384615384616 0.00013380795252990367 34.6840333076923 0.17147435897435892 45.301282057692305 45.30769230769231 1.0384615384615385 44.26923076923077 1.8258229999919422
288000 0.09615384615384616 0.00016145018552271383 34.46185986538461 0.19871794871794873 45.301282057692305 45.30769230769231 1.0384615384615385 44.26923076923077 1.886501999979373
290000 0.09615384615384616 7.793955914982021e-05 35.12698986538461 0.1346153846153846 45.301282057692305 45.30769230769231 1.0961538461538463 44.21153846153846 1.984481199993752
292000 0.09615384615384616 0.00010189567658161552 35.22421251923076 0.1346153846153846 45.301282057692305 45.30769230769231 1.1346153846153846 44.17307692307692 1.877879599982407
294000 0.11538461538461539 0.00016767250617825554 35.47976803846152 0.15865384615384615 45.301282057692305 45.30769230769231 1.25 44.05769230769231 2.0009594000293873
296000 0.11538461538461539 0.00015757233717645936 34.58873403846153 0.1538461538461538 45.301282057692305 45.30769230769231 1.1923076923076923 44.11538461538461 1.9512593000545166
298000 0.17307692307692307 0.00026653077570642836 35.08463076923077 0.14262820512820512 45.301282057692305 45.30769230769231 1.3076923076923077 44.0 1.9669633000157773
300000 0.17307692307692307 0.00026776677295588285 35.021169288461536 0.1490384615384615 45.301282057692305 45.30769230769231 1.3653846153846154 43.94230769230769 2.0082552000530995
302000 0.15384615384615385 6.765504461131097e-05 35.208722730769225 0.16987179487179485 45.301282057692305 45.30769230769231 1.0576923076923077 44.25 1.9940018000197597
304000 0.15384615384615385 8.387230939088635e-05 34.832440865384605 0.16025641025641024 45.301282057692305 45.30769230769231 1.0384615384615385 44.26923076923077 1.9647746999980882
306000 0.23076923076923078 0.00010425163604855267 34.821596384615376 0.15384615384615383 45.301282057692305 45.30769230769231 1.1153846153846154 44.19230769230769 1.898395799973514
308000 0.25 0.00012476346547681205 34.72159636538461 0.1298076923076923 45.301282057692305 45.30769230769231 1.1538461538461537 44.15384615384615 1.869519500003662
310000 0.1346153846153846 6.640352628518867e-05 35.50696024999999 0.11858974358974358 45.301282057692305 45.30769230769231 1.1153846153846154 44.19230769230769 2.045500100008212
312000 0.1346153846153846 6.462432692258549e-05 35.93313578846152 0.125 45.301282057692305 45.30769230769231 1.1538461538461537 44.15384615384615 1.8218935999902897
314000 0.09615384615384616 6.780654045340305e-05 35.97510851923076 0.09775641025641026 45.301282057692305 45.30769230769231 1.2115384615384615 44.09615384615385 1.9210337999975309
316000 0.21153846153846154 0.00010937549141788513 35.088889807692304 0.11698717948717949 45.301282057692305 45.30769230769231 1.0961538461538463 44.21153846153846 1.8385004000156187
318000 0.19230769230769232 0.00010843666518208883 35.25048669230768 0.11378205128205127 45.301282057692305 45.30769230769231 1.0384615384615385 44.26923076923077 1.8048775999923237
320000 0.21153846153846154 9.720362038007889e-05 35.63307236538462 0.09775641025641026 45.301282057692305 45.30769230769231 1.1153846153846154 44.19230769230769 1.789825199986808
322000 0.1346153846153846 0.0001065704501735925 35.924632403846154 0.07211538461538461 45.301282057692305 45.30769230769231 1.0384615384615385 44.26923076923077 1.9943011999712326
324000 0.17307692307692307 9.735040642139e-05 35.37933261538462 0.11057692307692307 45.301282057692305 45.30769230769231 1.1730769230769231 44.13461538461539 1.8432725999737158
326000 0.11538461538461539 6.586502706959062e-05 35.469503576923074 0.10416666666666667 45.301282057692305 45.30769230769231 1.0384615384615385 44.26923076923077 1.968736600014381
328000 0.1346153846153846 0.00011484849190243606 34.85561413461538 0.10737179487179488 45.301282057692305 45.30769230769231 1.1730769230769231 44.13461538461539 1.8679908000049181
330000 0.19230769230769232 0.00026043898187853745 34.92202357692307 0.1185897435897436 45.301282057692305 45.30769230769231 1.1923076923076923 44.11538461538461 2.0533676999621093
332000 0.15384615384615385 0.00010645990333173528 34.270357865384604 0.16506410256410253 45.301282057692305 45.30769230769231 1.5192307692307692 43.78846153846154 2.042477000039071
334000 0.1346153846153846 0.0002372061777843685 34.770571596153836 0.11057692307692306 45.301282057692305 45.30769230769231 1.3653846153846154 43.94230769230769 1.8356610999908298
336000 0.11538461538461539 0.00021695477979204788 35.01036871153846 0.11217948717948717 45.301282057692305 45.30769230769231 1.2307692307692308 44.07692307692308 2.087464499985799
338000 0.11538461538461539 0.00022590024163388474 34.97126617307693 0.1362179487179487 45.301282057692305 45.30769230769231 1.2307692307692308 44.07692307692308 1.9217085000127554
340000 0.15384615384615385 0.00014289075816572075 34.70780430769231 0.1618589743589744 45.301282057692305 45.30769230769231 1.2115384615384615 44.09615384615385 1.7671845000004396
342000 0.21153846153846154 0.00011319092642952612 33.90235511538461 0.17948717948717946 45.301282057692305 45.30769230769231 1.3461538461538463 43.96153846153846 1.9369435000116937
344000 0.17307692307692307 -0.01913995959212132 34.01838076923077 0.16826923076923078 45.301282057692305 45.30769230769231 1.0384615384615385 44.26923076923077 2.0145683999871835
346000 0.1346153846153846 -0.019157160191917447 34.21282536538461 0.18269230769230768 45.301282057692305 45.30769230769231 1.0384615384615385 44.26923076923077 1.911167700018268
348000 0.11538461538461539 8.910120013488661e-05 34.521158980769215 0.16987179487179485 45.301282057692305 45.30769230769231 1.3461538461538463 43.96153846153846 2.045160199981183
350000 0.15384615384615385 0.00016161723253291227 33.67489788461537 0.18108974358974356 45.301282057692305 45.30769230769231 1.3461538461538463 43.96153846153846 1.8702296999981627
352000 0.1346153846153846 -0.019149303217810644 33.57895761538461 0.1939102564102564 45.301282057692305 45.30769230769231 1.1730769230769231 44.13461538461539 1.8370493999682367
354000 0.1346153846153846 0.00011828618783454421 33.46763267307692 0.1939102564102564 45.301282057692305 45.30769230769231 1.1730769230769231 44.13461538461539 2.073653600004036
356000 0.19230769230769232 0.0002477261679806334 33.97629646153847 0.2131410256410256 45.301282057692305 45.30769230769231 1.0384615384615385 44.26923076923077 1.8259724999661557
358000 0.15384615384615385 0.00022935507140321444 34.30642496153846 0.1955128205128205 45.301282057692305 45.30769230769231 1.0384615384615385 44.26923076923077 1.9484147999901325
360000 0.17307692307692307 0.00024297180317267117 33.57318825 0.21794871794871795 45.301282057692305 45.30769230769231 1.0384615384615385 44.26923076923077 1.9894213000079617
362000 0.17307692307692307 0.00024171976873939418 33.47779184615384 0.19070512820512817 45.301282057692305 45.30769230769231 1.1153846153846154 44.19230769230769 1.952907899976708
364000 0.21153846153846154 0.00025630589560885457 32.68740684615384 0.24839743589743588 45.301282057692305 45.30769230769231 1.1346153846153846 44.17307692307692 1.9529712999938056
366000 0.19230769230769232 0.0002523024093136313 33.231210711538466 0.23397435897435898 45.301282057692305 45.30769230769231 1.3653846153846154 43.94230769230769 2.0276730000041425
368000 0.21153846153846154 -0.019004218973548925 33.374800538461535 0.20512820512820515 45.301282057692305 45.30769230769231 1.3846153846153846 43.92307692307692 2.036816900013946
370000 0.19230769230769232 -0.018987883332354818 33.52361555769232 0.18429487179487178 45.301282057692305 45.30769230769231 1.2307692307692308 44.07692307692308 2.305148100014776
372000 0.23076923076923078 0.00027526358756390507 33.34274898076922 0.18589743589743588 45.301282057692305 45.30769230769231 1.0384615384615385 44.26923076923077 1.9573218000005
374000 0.25 -0.019069084486355196 33.577578057692314 0.16666666666666663 45.301282057692305 45.30769230769231 1.0384615384615385 44.26923076923077 2.0183834000490606
376000 0.21153846153846154 -0.019112192315000155 33.89873217307692 0.16185897435897434 45.301282057692305 45.30769230769231 1.0576923076923077 44.25 2.1902890999917872
378000 0.23076923076923078 -0.01909537055284585 34.09360409615384 0.1346153846153846 45.301282057692305 45.30769230769231 1.0384615384615385 44.26923076923077 1.9788582000182942
380000 0.25 -0.019077480671753914 33.625655192307704 0.16826923076923078 45.301282057692305 45.30769230769231 1.1923076923076923 44.11538461538461 2.0949530999641865
382000 0.2692307692307692 -0.01910131706149205 33.79873211538462 0.1233974358974359 45.301282057692305 45.30769230769231 1.1923076923076923 44.11538461538461 2.1542986999847926
384000 0.2692307692307692 -0.01910945797547328 33.86497142307693 0.15064102564102566 45.301282057692305 45.30769230769231 1.1923076923076923 44.11538461538461 2.051046899985522
386000 0.3076923076923077 0.00017265405645522215 33.94467219230769 0.14102564102564102 45.301282057692305 45.30769230769231 1.1923076923076923 44.11538461538461 2.151331199973356
388000 0.2692307692307692 0.00017440803303104153 33.97159546153846 0.15865384615384615 45.301282057692305 45.30769230769231 1.0384615384615385 44.26923076923077 2.291843200044241
390000 0.19230769230769232 0.00010900168523126902 33.34595438461538 0.16506410256410253 45.301282057692305 45.30769230769231 1.7115384615384615 43.59615384615385 1.9705913999932818
392000 0.21153846153846154 0.00010245139323153602 33.94285632692308 0.15705128205128208 45.301282057692305 45.30769230769231 1.4038461538461537 43.90384615384615 1.9668069999897853
394000 0.3269230769230769 0.00015462596937736124 33.762506557692305 0.17467948717948717 45.301282057692305 45.30769230769231 2.230769230769231 43.07692307692308 2.405512700031977
396000 0.3269230769230769 0.00016047459214543384 33.34155717307692 0.16666666666666663 45.301282057692305 45.30769230769231 3.6153846153846154 41.69230769230769 2.015345999971032
398000 0.5192307692307693 -0.03819435271028592 33.364278269230766 0.15865384615384615 45.301282057692305 45.30769230769231 4.153846153846154 41.15384615384615 2.094959000009112
400000 0.4230769230769231 -0.019005146906363492 33.587355134615386 0.16025641025641024 45.301282057692305 45.30769230769231 3.769230769230769 41.53846153846154 2.0157798000145704
402000 0.28846153846153844 -0.03832133712099382 33.441575288461536 0.14903846153846154 45.301282057692305 45.30769230769231 3.6538461538461537 41.65384615384615 2.039467099995818
404000 0.5 -0.03814197205745215 33.23191478846154 0.16025641025641024 45.301282057692305 45.30769230769231 4.3076923076923075 41.0 2.045940999989398
406000 0.36538461538461536 -0.038300734003669186 33.557769307692304 0.1506410256410256 45.301282057692305 45.30769230769231 3.6538461538461537 41.65384615384615 2.1930729000014253
408000 0.25 -0.03834352518488039 34.01332478846154 0.13141025641025642 45.301282057692305 45.30769230769231 2.923076923076923 42.38461538461539 2.168702499999199
410000 0.21153846153846154 -0.03834753182484103 34.232128192307705 0.10416666666666667 45.301282057692305 45.30769230769231 2.6346153846153846 42.67307692307692 1.9985082999919541
412000 0.21153846153846154 -0.03834509778296233 34.223794903846155 0.13942307692307693 45.301282057692305 45.30769230769231 2.6538461538461537 42.65384615384615 2.1123804000089876
414000 0.19230769230769232 -0.03835361773820691 34.330205173076926 0.12660256410256412 45.301282057692305 45.30769230769231 2.6153846153846154 42.69230769230769 1.9579895999631844
416000 0.19230769230769232 -0.038350718065914356 34.22443588461539 0.15544871794871795 45.301282057692305 45.30769230769231 2.576923076923077 42.73076923076923 2.04137140000239
418000 0.23076923076923078 -0.03833606633349554 34.072629346153846 0.15384615384615383 45.301282057692305 45.30769230769231 2.6346153846153846 42.67307692307692 1.9882831000140868
420000 0.23076923076923078 -0.0383358852736643 34.09691717307692 0.15224358974358976 45.301282057692305 45.30769230769231 2.7115384615384617 42.59615384615385 1.986560300050769
422000 0.23076923076923078 -0.038329605154947585 33.9085268076923 0.14583333333333331 45.301282057692305 45.30769230769231 2.923076923076923 42.38461538461539 1.9799432000145316
424000 0.23076923076923078 -0.038333195175793575 33.99114790384615 0.1474358974358974 45.301282057692305 45.30769230769231 2.8846153846153846 42.42307692307692 2.0034755999804474
426000 0.25 -0.038317912619757706 33.907814480769225 0.1522435897435897 45.301282057692305 45.30769230769231 2.9038461538461537 42.40384615384615 1.9290113000315614
428000 0.23076923076923078 -0.03833108041186907 34.04371194230768 0.15384615384615383 45.301282057692305 45.30769230769231 2.75 42.55769230769231 2.0265489000012167
430000 0.23076923076923078 -0.038312845549537296 34.039224692307684 0.15865384615384615 45.301282057692305 45.30769230769231 2.4615384615384617 42.84615384615385 2.0578428999870084
432000 0.25 -0.03831599700131197 34.122558038461534 0.1778846153846154 45.301282057692305 45.30769230769231 2.4423076923076925 42.86538461538461 1.9335013999952935
434000 0.21153846153846154 -0.03832413610273072 34.13537857692307 0.1490384615384615 45.301282057692305 45.30769230769231 2.480769230769231 42.82692307692308 1.9751344000105746
436000 0.19230769230769232 -0.01909468363618736 34.02960924999999 0.16185897435897434 45.301282057692305 45.30769230769231 2.3076923076923075 43.0 2.0381803999771364
438000 0.19230769230769232 -0.0191115352573891 34.088369865384614 0.14743589743589744 45.301282057692305 45.30769230769231 2.4038461538461537 42.90384615384615 2.1191056999959983
440000 0.19230769230769232 -0.019116607176032356 34.14574175 0.1233974358974359 45.301282057692305 45.30769230769231 2.4423076923076925 42.86538461538461 1.9269771999679506
442000 0.25 0.0001519558461892495 33.921703153846146 0.1330128205128205 45.301282057692305 45.30769230769231 2.519230769230769 42.78846153846154 1.9851146999862976
444000 0.21153846153846154 -0.019116712223192237 34.216575211538455 0.1185897435897436 45.301282057692305 45.30769230769231 2.519230769230769 42.78846153846154 2.1117402000236325
446000 0.3076923076923077 0.00014648434680024523 34.053113499999995 0.12820512820512822 45.301282057692305 45.30769230769231 2.2884615384615383 43.01923076923077 1.9425846000085585
448000 0.3269230769230769 0.0001622222060212843 33.70215178846154 0.1298076923076923 45.301282057692305 45.30769230769231 2.4423076923076925 42.86538461538461 2.0437793999444693
450000 0.3269230769230769 0.00016468196864979323 33.79029292307693 0.16666666666666666 45.301282057692305 45.30769230769231 2.1538461538461537 43.15384615384615 2.0529696000157855
452000 0.3076923076923077 0.00015004129901066061 33.682921134615384 0.15705128205128205 45.301282057692305 45.30769230769231 2.3076923076923075 43.0 2.0373176999855787
454000 0.28846153846153844 0.00014637464417753215 33.82715186538462 0.15705128205128205 45.301282057692305 45.30769230769231 2.1923076923076925 43.11538461538461 1.9438533999491483
456000 0.3076923076923077 0.00015333782390597152 33.694138923076935 0.15705128205128205 45.301282057692305 45.30769230769231 2.25 43.05769230769231 2.12914620002266
458000 0.3269230769230769 0.00015591913352486786 33.75343363461539 0.16346153846153846 45.301282057692305 45.30769230769231 2.0 43.30769230769231 2.045284599997103
460000 0.3076923076923077 0.00015062868407923 33.36080519230771 0.15544871794871792 45.301282057692305 45.30769230769231 1.9615384615384615 43.34615384615385 2.008509800012689
462000 0.38461538461538464 0.0001674730617048918 33.34584782692309 0.1778846153846154 45.301282057692305 45.30769230769231 1.8269230769230769 43.48076923076923 2.1615561999497004
464000 0.38461538461538464 0.0001580228154073275 33.27982217307693 0.18108974358974358 45.301282057692305 45.30769230769231 1.8461538461538463 43.46153846153846 2.095067299960647
466000 0.38461538461538464 0.0001642921304070952 33.30086909615385 0.21634615384615385 45.301282057692305 45.30769230769231 1.5384615384615385 43.76923076923077 1.933091200015042
468000 0.4230769230769231 0.00018041115993239237 32.57202267307693 0.2419871794871795 45.301282057692305 45.30769230769231 1.9423076923076923 43.36538461538461 1.9706141999922693
470000 0.4230769230769231 0.00017626709380900855 32.6569586923077 0.2355769230769231 45.301282057692305 45.30769230769231 1.9423076923076923 43.36538461538461 1.8568323999643326
472000 0.38461538461538464 0.00017893120982043767 32.61689438461539 0.2371794871794872 45.301282057692305 45.30769230769231 1.75 43.55769230769231 1.8064062999910675
474000 0.3076923076923077 7.528683348976951e-05 32.92298451923077 0.19230769230769232 45.301282057692305 45.30769230769231 1.9230769230769231 43.38461538461539 1.9003018999937922
476000 0.34615384615384615 7.74097628077941e-05 32.555106903846166 0.22596153846153846 45.301282057692305 45.30769230769231 2.0576923076923075 43.25 2.0462043000152335
478000 0.2692307692307692 7.933433723581502e-05 32.50142092307693 0.23397435897435892 45.301282057692305 45.30769230769231 2.0 43.30769230769231 2.058704300026875
480000 0.38461538461538464 9.329224034327871e-05 32.472574846153854 0.23557692307692307 45.301282057692305 45.30769230769231 2.076923076923077 43.23076923076923 1.9610895999940112
482000 0.38461538461538464 0.00010348144329714 32.694316346153855 0.203525641025641 45.301282057692305 45.30769230769231 2.076923076923077 43.23076923076923 1.8082831999636255
484000 0.38461538461538464 0.0001089525910420593 32.51162386538462 0.22916666666666663 45.301282057692305 45.30769230769231 2.1346153846153846 43.17307692307692 1.901190000004135
486000 0.34615384615384615 0.00010819195961103084 32.11151673076923 0.25961538461538464 45.301282057692305 45.30769230769231 2.0 43.30769230769231 1.925928499957081
488000 0.4423076923076923 0.0001388675370931952 32.029251769230775 0.2612179487179487 45.301282057692305 45.30769230769231 2.1153846153846154 43.19230769230769 1.9877418999676593
490000 0.4807692307692308 0.00016620325786145977 31.46514875000001 0.2612179487179487 45.301282057692305 45.30769230769231 1.9423076923076923 43.36538461538461 1.8929662000155076
492000 0.46153846153846156 0.00015348515476892188 31.327328115384624 0.25641025641025644 45.301282057692305 45.30769230769231 1.8269230769230769 43.48076923076923 1.8566152999992482
494000 0.6538461538461539 0.00029587636167938944 30.276045230769235 0.2900641025641026 45.301282057692305 45.30769230769231 1.5384615384615385 43.76923076923077 1.8727259999723174
496000 0.6153846153846154 0.0005254872535025699 29.819314307692313 0.28846153846153844 45.301282057692305 45.30769230769231 1.5576923076923077 43.75 1.8801901999977417
498000 0.6346153846153846 0.00029094931426761647 30.324122230769238 0.2980769230769231 45.301282057692305 45.30769230769231 1.5961538461538463 43.71153846153846 1.7490490000345744
500000 0.6730769230769231 0.0005568254942995443 29.593352557692317 0.30288461538461536 45.301282057692305 45.30769230769231 1.4807692307692308 43.82692307692308 1.702918299997691
