2000 0.07692307692307693 -0.6537978104102715 39.594855 0.03685897435897435 45.286538461538456 45.30769230769231 0.019230769230769232 45.28846153846154 0.517602999927476
4000 0.07692307692307693 -0.4230297845064888 39.085749711538455 0.049679487179487176 45.286538461538456 45.30769230769231 0.0 45.30769230769231 0.5419063000008464
6000 0.09615384615384616 -0.1729805188291493 38.486113730769226 0.07852564102564102 45.286538461538456 45.30769230769231 0.019230769230769232 45.28846153846154 0.5740990000776947
8000 0.09615384615384616 -0.1345831198711209 38.66683488461538 0.10096153846153845 45.286538461538456 45.30769230769231 0.0 45.30769230769231 0.7022065999917686
10000 0.09615384615384616 -0.6153686578789501 38.92068103846152 0.12019230769230768 45.286538461538456 45.30769230769231 0.0 45.30769230769231 0.735935099888593
12000 0.09615384615384616 -0.13457921634343467 38.558181038461534 0.10096153846153845 45.286538461538456 45.30769230769231 0.0 45.30769230769231 0.7963306000456214
14000 0.07692307692307693 -0.11529342019150882 38.74500796153848 0.07051282051282051 45.286538461538456 45.30769230769231 0.0 45.30769230769231 0.6958712001796812
16000 0.057692307692307696 -0.4614991266232552 38.88552807692308 0.07051282051282051 45.286538461538456 45.30769230769231 0.0 45.30769230769231 0.8514543999917805
18000 0.057692307692307696 -0.11533735865922673 38.86365307692308 0.04647435897435897 45.286538461538456 45.30769230769231 0.0 45.30769230769231 0.9538933001458645
20000 0.07692307692307693 -0.057617239809389306 38.81509538461539 0.03685897435897435 45.286538461538456 45.30769230769231 0.0 45.30769230769231 1.2194448001682758
22000 0.057692307692307696 4.293751787196465e-05 39.115768461538465 0.05929487179487179 45.286538461538456 45.30769230769231 0.0 45.30769230769231 1.4680723999626935
24000 0.09615384615384616 8.61395488536175e-05 39.09990307692307 0.04006410256410256 45.286538461538456 45.30769230769231 0.0 45.30769230769231 1.2093404999468476
26000 0.23076923076923078 -0.36517664189341714 38.49369353846154 0.10897435897435896 45.286538461538456 45.30769230769231 0.0 45.30769230769231 1.773271300131455
28000 0.3076923076923077 -0.8461344068364685 38.2092910576923 0.10096153846153846 45.286538461538456 45.30769230769231 0.0 45.30769230769231 1.410826499806717
30000 0.3076923076923077 -0.9230625188922812 38.420829519230765 0.10416666666666666 45.286538461538456 45.30769230769231 0.0 45.30769230769231 1.3033880000002682
32000 0.28846153846153844 -0.9038440568455084 38.36025259615384 0.11698717948717946 45.286538461538456 45.30769230769231 0.0 45.30769230769231 1.555774200009182
34000 0.15384615384615385 -0.5191934308280902 38.89413384615385 0.11057692307692307 45.286538461538456 45.30769230769231 0.0 45.30769230769231 1.8642068998888135
36000 0.28846153846153844 -0.8653680755850222 38.29294490384615 0.1201923076923077 45.286538461538456 45.30769230769231 0.0 45.30769230769231 1.8948951000347733
38000 0.3076923076923077 -0.8269089816992083 38.32986798076923 0.12179487179487179 45.286538461538456 45.30769230769231 0.0 45.30769230769231 1.7095077000558376
40000 0.3076923076923077 -0.8846068190234754 38.389098749999995 0.10897435897435896 45.286538461538456 45.30769230769231 0.0 45.30769230769231 1.8405572997871786
42000 0.07692307692307693 -0.4998965985119262 39.01620990384616 0.04647435897435897 45.286538461538456 45.30769230769231 0.0 45.30769230769231 1.6950469999574125
44000 0.057692307692307696 -0.5768733094218741 39.24355692307692 0.035256410256410256 45.286538461538456 45.30769230769231 0.0 45.30769230769231 1.733567399904132
46000 0.09615384615384616 -0.2114269876892935 39.105392596153855 0.03205128205128205 45.286538461538456 45.30769230769231 0.0 45.30769230769231 1.9066292000934482
48000 0.057692307692307696 -0.26916688244428655 38.874710769230774 0.08012820512820512 45.286538461538456 45.30769230769231 0.0 45.30769230769231 1.844699100125581
50000 0.057692307692307696 5.719126839955286e-05 38.852018461538464 0.0689102564102564 45.286538461538456 45.30769230769231 0.0 45.30769230769231 1.6926408999133855
52000 0.057692307692307696 -0.01917653854040168 38.99648961538462 0.060897435897435896 45.286538461538456 45.30769230769231 0.0 45.30769230769231 1.9343231001403183
54000 0.057692307692307696 -0.019184825215058113 39.12173 0.052884615384615384 45.286538461538456 45.30769230769231 0.0 45.30769230769231 1.7233514999970794
56000 0.057692307692307696 -0.173002659656903 39.21365307692308 0.03365384615384615 45.286538461538456 45.30769230769231 0.0 45.30769230769231 1.677010799990967
58000 0.1346153846153846 -0.07674784579156134 38.702499230769234 0.06891025641025642 45.286538461538456 45.30769230769231 0.0 45.30769230769231 1.7277538999915123
60000 0.1346153846153846 -0.01914499209445743 39.04030517307693 0.038461538461538464 45.286538461538456 45.30769230769231 0.0 45.30769230769231 1.7822249000892043
62000 0.09615384615384616 -0.019154664734702745 38.93563734615384 0.057692307692307696 45.286538461538456 45.30769230769231 0.0 45.30769230769231 1.8524275000672787
64000 0.17307692307692307 -0.019105127034613274 38.168189788461525 0.08333333333333333 45.286538461538456 45.30769230769231 0.0 45.30769230769231 1.7751338998787105
66000 0.21153846153846154 -0.057581875431781865 38.00309363461538 0.08173076923076923 45.286538461538456 45.30769230769231 0.0 45.30769230769231 1.908106500050053
68000 0.1346153846153846 0.00021674839889869116 38.06751671153846 0.09294871794871797 45.286538461538456 45.30769230769231 0.0 45.30769230769231 1.9759897000622004
70000 0.19230769230769232 0.00015522799355383363 38.554055173076925 0.060897435897435896 45.286538461538456 45.30769230769231 0.0 45.30769230769231 1.749795800074935
72000 0.2692307692307692 0.00019651399867394852 38.09059363461539 0.08012820512820512 45.286538461538456 45.30769230769231 0.0 45.30769230769231 1.851204999955371
74000 0.1346153846153846 0.0001361096597196371 38.50790132692309 0.07692307692307693 45.286538461538456 45.30769230769231 0.0 45.30769230769231 1.7809068001806736
76000 0.07692307692307693 4.910903338554749e-05 38.98757478846154 0.060897435897435896 45.286538461538456 45.30769230769231 0.0 45.30769230769231 1.7064818001817912
78000 0.09615384615384616 -0.09609315487914662 39.15875798076922 0.08974358974358973 45.286538461538456 45.30769230769231 0.0 45.30769230769231 1.6996512000914663
80000 0.07692307692307693 -0.1345791155431207 39.246738750000006 0.04807692307692308 45.286538461538456 45.30769230769231 0.0 45.30769230769231 1.7158576999790967
82000 0.057692307692307696 -0.2499443862075745 39.32365307692308 0.05128205128205128 45.286538461538456 45.30769230769231 0.0 45.30769230769231 1.9687579998280853
84000 0.11538461538461539 9.566656161744235e-05 38.77553680769231 0.07852564102564104 45.286538461538456 45.30769230769231 0.0 45.30769230769231 1.8063934000674635
86000 0.11538461538461539 8.172393509611057e-05 38.90573786538462 0.05929487179487179 45.286538461538456 45.30769230769231 0.0 45.30769230769231 1.926133800065145
88000 0.15384615384615385 0.00011215919735102018 38.7007771923077 0.07852564102564104 45.286538461538456 45.30769230769231 0.0 45.30769230769231 1.997882799943909
90000 0.15384615384615385 9.00089816451988e-05 38.691754750000015 0.07852564102564104 45.286538461538456 45.30769230769231 0.0 45.30769230769231 1.6829016001429409
92000 0.11538461538461539 6.585573121458098e-05 38.69789257692308 0.09134615384615384 45.286538461538456 45.30769230769231 0.0 45.30769230769231 1.6687143999151886
94000 0.15384615384615385 0.00014246295242341752 38.344254750000005 0.08012820512820513 45.286538461538456 45.30769230769231 0.0 45.30769230769231 1.832692300202325
96000 0.2692307692307692 0.0002646678477263763 37.91544490384615 0.12339743589743589 45.286538461538456 45.30769230769231 0.0 45.30769230769231 1.8271435999777168
98000 0.15384615384615385 0.0001134366934557847 38.170697057692315 0.08814102564102565 45.286538461538456 45.30769230769231 0.0 45.30769230769231 1.6970411001238972
100000 0.4423076923076923 -0.057393287053076766 37.41832951923077 0.12339743589743589 45.286538461538456 45.30769230769231 0.0 45.30769230769231 1.8067962999921292
102000 0.17307692307692307 -0.32686274681358063 38.73613432692308 0.04326923076923077 45.286538461538456 45.30769230769231 0.0 45.30769230769231 1.7440875000320375
104000 0.25 -0.32681783189527813 38.548084884615385 0.057692307692307696 45.286538461538456 45.30769230769231 0.0 45.30769230769231 1.8216632001567632
106000 0.3269230769230769 -0.32678946090285776 38.63445853846153 0.09775641025641026 45.286538461538456 45.30769230769231 0.0 45.30769230769231 1.7619677998591214
108000 0.4230769230769231 -0.23057877377565658 37.281706692307694 0.1346153846153846 45.286538461538456 45.30769230769231 0.0 45.30769230769231 1.8857434000819921
110000 0.28846153846153844 -0.826913705459255 38.34390644230769 0.10897435897435896 45.286538461538456 45.30769230769231 0.0 45.30769230769231 1.6427049001213163
112000 0.28846153846153844 -0.7884525010459426 38.28044490384615 0.09935897435897437 45.286538461538456 45.30769230769231 0.0 45.30769230769231 1.6162523999810219
114000 0.3269230769230769 -0.28834546705806213 37.882367980769224 0.10416666666666666 45.286538461538456 45.30769230769231 0.0 45.30769230769231 1.7926037998404354
116000 0.28846153846153844 -0.8269101320271945 38.26698336538461 0.09455128205128206 45.286538461538456 45.30769230769231 0.0 45.30769230769231 1.6511771001387388
118000 0.34615384615384615 -0.6536723935667152 38.07467567307692 0.11698717948717946 45.286538461538456 45.30769230769231 0.0 45.30769230769231 2.057123800041154
120000 0.21153846153846154 0.0001416926252759279 38.10877398076924 0.052884615384615384 45.286538461538456 45.30769230769231 0.0 45.30769230769231 1.7458970001898706
122000 0.19230769230769232 -0.019085709971040327 38.36443103846155 0.06891025641025642 45.286538461538456 45.30769230769231 0.0 45.30769230769231 1.8090910997707397
124000 0.1346153846153846 -0.1537891773277958 38.658181038461535 0.03525641025641025 45.286538461538456 45.30769230769231 0.0 45.30769230769231 1.8402037001214921
126000 0.1346153846153846 -0.09604688116461452 38.196218634615384 0.07852564102564104 45.286538461538456 45.30769230769231 0.0 45.30769230769231 1.8633582999464124
128000 0.1346153846153846 -0.13451728437690058 38.249968634615385 0.0689102564102564 45.286538461538456 45.30769230769231 0.0 45.30769230769231 1.689684099983424
130000 0.1346153846153846 -0.057597388678398115 38.52424748076923 0.07852564102564102 45.286538461538456 45.30769230769231 0.0 45.30769230769231 1.74684360018
132000 0.11538461538461539 0.00010936571893293049 37.87572911538462 0.10096153846153846 45.286538461538456 45.30769230769231 0.0 45.30769230769231 1.8101433999836445
134000 0.1346153846153846 0.00012748263591682045 37.96348115384616 0.08974358974358974 45.286538461538456 45.30769230769231 0.0 45.30769230769231 1.6500913000199944
136000 0.17307692307692307 -0.2691577312363218 38.420127230769225 0.08012820512820512 45.286538461538456 45.30769230769231 0.0 45.30769230769231 1.7631125999614596
138000 0.17307692307692307 -0.32684805992654403 38.33462334615385 0.08653846153846154 45.286538461538456 45.30769230769231 0.0 45.30769230769231 1.8225648999214172
140000 0.15384615384615385 -0.28840864823631523 38.87500796153846 0.04647435897435897 45.286538461538456 45.30769230769231 0.0 45.30769230769231 2.032016000011936
142000 0.25 -0.3845262634302325 38.89035615384615 0.07532051282051283 45.286538461538456 45.30769230769231 0.0 45.30769230769231 1.7425828000996262
144000 0.15384615384615385 -0.3268797374463389 38.98270026923076 0.035256410256410256 45.286538461538456 45.30769230769231 0.0 45.30769230769231 1.8839203999377787
146000 0.15384615384615385 -0.19225855377773426 38.722796423076915 0.052884615384615384 45.286538461538456 45.30769230769231 0.0 45.30769230769231 1.9720340999774635
148000 0.1346153846153846 -0.19227146256778457 38.72933488461539 0.035256410256410256 45.286538461538456 45.30769230769231 0.0 45.30769230769231 2.024787100031972
150000 0.15384615384615385 -0.1922685169075659 38.83963209615385 0.044871794871794865 45.286538461538456 45.30769230769231 0.0 45.30769230769231 1.8798422999680042
152000 0.11538461538461539 -0.24997083567121098 38.84856565384616 0.044871794871794865 45.286538461538456 45.30769230769231 0.0 45.30769230769231 2.154879800044
154000 0.15384615384615385 -0.15378764409738474 38.74616180769231 0.0560897435897436 45.286538461538456 45.30769230769231 0.0 45.30769230769231 1.9727207000833005
156000 0.19230769230769232 -0.11532913884014238 38.710016711538465 0.08974358974358973 45.286538461538456 45.30769230769231 0.0 45.30769230769231 2.5975329000502825
158000 0.15384615384615385 9.379462849779579e-05 38.24253982692308 0.07211538461538461 45.286538461538456 45.30769230769231 0.0 45.30769230769231 2.0164844000246376
160000 0.19230769230769232 -0.01911667834215473 38.21929555769231 0.09455128205128206 45.286538461538456 45.30769230769231 0.0 45.30769230769231 2.1010793999303132
162000 0.21153846153846154 -0.05755923544113218 38.11905517307693 0.08012820512820512 45.286538461538456 45.30769230769231 0.0 45.30769230769231 2.0540376000571996
164000 0.19230769230769232 -0.05756263815393751 38.13722825 0.12179487179487179 45.286538461538456 45.30769230769231 0.0 45.30769230769231 1.7651457998435944
166000 0.19230769230769232 -0.019012417852794176 37.807805173076936 0.09775641025641026 45.286538461538456 45.30769230769231 0.0 45.30769230769231 2.1918873998802155
168000 0.1346153846153846 8.511405654034523e-05 38.13280517307693 0.09294871794871794 45.286538461538456 45.30769230769231 0.0 45.30769230769231 1.7338107000105083
170000 0.15384615384615385 0.0001842693983892993 37.92112248076924 0.11217948717948717 45.286538461538456 45.30769230769231 0.0 45.30769230769231 1.8529819000978023
172000 0.15384615384615385 0.00016496351266060872 38.08169940384616 0.1282051282051282 45.286538461538456 45.30769230769231 0.0 45.30769230769231 1.9962102000135928
174000 0.21153846153846154 -0.19214657967978171 38.30381478846154 0.09455128205128203 45.286538461538456 45.30769230769231 0.0 45.30769230769231 2.084969999967143
176000 0.25 0.0001956899412081385 37.663189788461544 0.09455128205128203 45.286538461538456 45.30769230769231 0.0 45.30769230769231 2.036847700132057
178000 0.1346153846153846 8.502379752937022e-05 37.98981565384616 0.08333333333333334 45.286538461538456 45.30769230769231 0.0 45.30769230769231 1.9417692001443356
180000 0.1346153846153846 -0.2114709468210721 38.427796423076934 0.07852564102564102 45.286538461538456 45.30769230769231 0.0 45.30769230769231 1.8226196998730302
182000 0.15384615384615385 -0.09607685795494168 38.1417911923077 0.10576923076923075 45.286538461538456 45.30769230769231 0.0 45.30769230769231 2.16401379997842
184000 0.17307692307692307 -0.03826469614155416 37.42409888461538 0.17307692307692307 45.286538461538456 45.30769230769231 0.0 45.30769230769231 1.9709069000091404
186000 0.15384615384615385 -0.01909312472800441 37.87890657692308 0.125 45.286538461538456 45.30769230769231 0.0 45.30769230769231 1.7165831001475453
188000 0.21153846153846154 -0.05757569924615943 37.44780080769231 0.13782051282051283 45.286538461538456 45.30769230769231 0.0 45.30769230769231 1.7716610000934452
190000 0.17307692307692307 8.257198996954242e-05 37.608661826923075 0.1217948717948718 45.286538461538456 45.30769230769231 0.0 45.30769230769231 1.9013267001137137
192000 0.19230769230769232 0.00014091093008895968 37.06731567307692 0.16826923076923078 45.286538461538456 45.30769230769231 0.0 45.30769230769231 1.995899099856615
194000 0.15384615384615385 9.320812208292101e-05 37.827267596153845 0.11217948717948717 45.286538461538456 45.30769230769231 0.0 45.30769230769231 1.9594014000613242
196000 0.19230769230769232 0.00012200049169596427 37.620087903846155 0.1362179487179487 45.286538461538456 45.30769230769231 0.0 45.30769230769231 1.8028945999685675
198000 0.17307692307692307 9.578712930611055e-05 37.80395028846153 0.10416666666666667 45.286538461538456 45.30769230769231 0.0 45.30769230769231 1.8489389999303967
200000 0.25 -0.11516424537897199 36.79688734615384 0.18589743589743593 45.286538461538456 45.30769230769231 0.0 45.30769230769231 1.870785300154239
202000 0.1346153846153846 0.0001357919304023587 37.676337903846154 0.1378205128205128 45.286538461538456 45.30769230769231 0.0 45.30769230769231 1.9112157002091408
204000 0.25 -0.11521547733756804 36.65265657692308 0.20673076923076927 45.286538461538456 45.30769230769231 0.0 45.30769230769231 1.9842139999382198
206000 0.21153846153846154 -0.13451781787215983 36.70597825 0.1987179487179487 45.286538461538456 45.30769230769231 0.0 45.30769230769231 1.7643425001297146
208000 0.19230769230769232 -0.15371850937641546 36.89323786538462 0.17467948717948717 45.286538461538456 45.30769230769231 0.0 45.30769230769231 2.1235780001152307
210000 0.19230769230769232 -0.13446979989956742 36.88963209615384 0.1842948717948718 45.286538461538456 45.30769230769231 0.0 45.30769230769231 1.8681173999793828
212000 0.15384615384615385 -0.17288958654975956 37.20645901923077 0.16826923076923078 45.286538461538456 45.30769230769231 0.0 45.30769230769231 1.9987590999808162
214000 0.1346153846153846 -0.15367450086859258 37.46367055769231 0.14583333333333334 45.286538461538456 45.30769230769231 0.0 45.30769230769231 1.9448462999425828
216000 0.11538461538461539 -0.057503523569630385 37.776823038461536 0.11378205128205127 45.286538461538456 45.30769230769231 0.0 45.30769230769231 1.956309299916029
218000 0.15384615384615385 -0.09592757824064592 37.33267413461538 0.12499999999999999 45.286538461538456 45.30769230769231 0.0 45.30769230769231 2.1654618999455124
220000 0.07692307692307693 -0.24993245717976828 37.679602749999994 0.1298076923076923 45.286538461538456 45.30769230769231 0.0 45.30769230769231 1.9075784999877214
222000 0.11538461538461539 -0.3268491243219692 38.23500796153846 0.11217948717948717 45.286538461538456 45.30769230769231 0.0 45.30769230769231 1.9912901998031884
224000 0.15384615384615385 -0.0960338395330868 38.24347825 0.09134615384615383 45.286538461538456 45.30769230769231 0.0 45.30769230769231 1.9500498999841511
226000 0.11538461538461539 8.196601611806337e-05 37.55453594230768 0.10256410256410257 45.286538461538456 45.30769230769231 0.0 45.30769230769231 1.9616338999476284
228000 0.15384615384615385 -0.09598982728508751 37.073285942307685 0.1875 45.286538461538456 45.30769230769231 0.0 45.30769230769231 2.1350879000965506
230000 0.17307692307692307 -0.21138429818835852 37.12809363461538 0.16346153846153846 45.286538461538456 45.30769230769231 0.0 45.30769230769231 1.75372159993276
232000 0.19230769230769232 -0.13445950246310578 36.922440634615384 0.18108974358974358 45.286538461538456 45.30769230769231 0.0 45.30769230769231 2.0469487998634577
234000 0.15384615384615385 -0.3845874340153188 37.95501671153845 0.1346153846153846 45.286538461538456 45.30769230769231 0.0 45.30769230769231 2.168724099872634
236000 0.15384615384615385 -0.13447793366658012 37.14636286538461 0.18269230769230768 45.286538461538456 45.30769230769231 0.0 45.30769230769231 1.7691394998691976
238000 0.21153846153846154 -0.13440285996000478 36.579055173076924 0.20673076923076922 45.286538461538456 45.30769230769231 0.0 45.30769230769231 2.0492380000650883
240000 0.15384615384615385 -0.15366924352148686 36.87232440384615 0.21794871794871792 45.286538461538456 45.30769230769231 0.0 45.30769230769231 1.8382195997983217
242000 0.15384615384615385 -0.05752247567656585 37.009824403846146 0.1939102564102564 45.286538461538456 45.30769230769231 0.0 45.30769230769231 2.063100199913606
244000 0.23076923076923078 -0.038252386889172846 36.38818978846153 0.24519230769230768 45.286538461538456 45.30769230769231 0.0 45.30769230769231 1.816763099981472
246000 0.1346153846153846 0.00010119705723197227 37.68629419230769 0.10416666666666667 45.286538461538456 45.30769230769231 0.0 45.30769230769231 2.3661821000277996
248000 0.1346153846153846 -0.057472906933276266 36.91119803846154 0.21634615384615385 45.286538461538456 45.30769230769231 0.0 45.30769230769231 1.9432648001238704
250000 0.1346153846153846 -0.17289880633131524 36.956871115384615 0.1955128205128205 45.286538461538456 45.30769230769231 0.0 45.30769230769231 2.000430000014603
252000 0.11538461538461539 -0.15368347080957262 37.0616788076923 0.16826923076923078 45.286538461538456 45.30769230769231 0.0 45.30769230769231 1.9905689998995513
254000 0.11538461538461539 -0.19223740171804876 37.240284576923074 0.19230769230769226 45.286538461538456 45.30769230769231 0.0 45.30769230769231 2.0016897001769394
256000 0.09615384615384616 -0.1922364816471025 37.421381596153836 0.15384615384615385 45.286538461538456 45.30769230769231 0.0 45.30769230769231 2.033817500108853
258000 0.09615384615384616 -0.15375828774421713 38.06932615384615 0.10096153846153846 45.286538461538456 45.30769230769231 0.0 45.30769230769231 1.8497774999123067
260000 0.15384615384615385 -0.13440389845465808 37.21504419230769 0.17948717948717946 45.286538461538456 45.30769230769231 0.0 45.30769230769231 1.9573307000100613
262000 0.19230769230769232 -0.03822625882453005 36.96937111538461 0.1778846153846154 45.286538461538456 45.30769230769231 0.0 45.30769230769231 2.129240399925038
264000 0.15384615384615385 -0.05746957470030049 37.098741749999995 0.15865384615384615 45.286538461538456 45.30769230769231 0.0 45.30769230769231 1.9643220000434667
266000 0.15384615384615385 -0.1343940375711233 37.02617055769231 0.20352564102564102 45.286538461538456 45.30769230769231 0.0 45.30769230769231 1.9531048000790179
268000 0.15384615384615385 -0.15363368494362153 37.297564788461536 0.18589743589743588 45.286538461538456 45.30769230769231 0.0 45.30769230769231 1.7221923000179231
270000 0.1346153846153846 -0.13446273526425473 37.28475573076923 0.17467948717948717 45.286538461538456 45.30769230769231 0.0 45.30769230769231 1.915605999995023
272000 0.1346153846153846 0.00013828028377023055 37.43283265384615 0.14423076923076922 45.286538461538456 45.30769230769231 0.0 45.30769230769231 2.040152099914849
274000 0.1346153846153846 0.00010563229301437509 37.843425807692306 0.08493589743589744 45.286538461538456 45.30769230769231 0.0 45.30769230769231 2.1729141999967396
276000 0.1346153846153846 0.00012799373649338396 38.168934057692304 0.07532051282051283 45.286538461538456 45.30769230769231 0.0 45.30769230769231 1.9973943000659347
278000 0.11538461538461539 -0.03837092148598423 37.92813734615384 0.09615384615384613 45.286538461538456 45.30769230769231 0.0 45.30769230769231 2.0001705000177026
280000 0.11538461538461539 8.887386481500344e-05 38.07909888461539 0.08974358974358974 45.286538461538456 45.30769230769231 0.0 45.30769230769231 1.7875862999353558
282000 0.19230769230769232 0.00019278986504258348 37.45306867307692 0.1394230769230769 45.286538461538456 45.30769230769231 0.0 45.30769230769231 1.7821706000249833
284000 0.17307692307692307 0.00017356196375176408 37.41611811538462 0.11057692307692307 45.286538461538456 45.30769230769231 0.0 45.30769230769231 1.9356525000184774
286000 0.1346153846153846 0.00011306149568621834 37.921362865384616 0.11698717948717949 45.286538461538456 45.30769230769231 0.0 45.30769230769231 2.0566235000733286
288000 0.15384615384615385 0.0001215701841898301 37.80746426923077 0.10737179487179487 45.286538461538456 45.30769230769231 0.0 45.30769230769231 2.0516701000742614
290000 0.11538461538461539 7.953140717308554e-05 37.95657140384615 0.057692307692307696 45.286538461538456 45.30769230769231 0.0 45.30769230769231 2.1156579002272338
292000 0.1346153846153846 6.885594761765853e-05 37.85893153846154 0.06891025641025642 45.286538461538456 45.30769230769231 0.0 45.30769230769231 2.0273297999519855
294000 0.11538461538461539 9.552471148633473e-05 37.798217269230776 0.10256410256410255 45.286538461538456 45.30769230769231 0.0 45.30769230769231 2.018520399928093
296000 0.1346153846153846 0.00013882431082595721 37.59244803846154 0.1201923076923077 45.286538461538456 45.30769230769231 0.0 45.30769230769231 1.9708201999310404
298000 0.1346153846153846 0.00011883053822344822 37.753986499999996 0.10416666666666667 45.286538461538456 45.30769230769231 0.0 45.30769230769231 1.8992694998160005
300000 0.11538461538461539 7.41100623556621e-05 37.82280517307693 0.09615384615384616 45.286538461538456 45.30769230769231 0.0 45.30769230769231 1.9234412999358028
302000 0.1346153846153846 -0.01914931857271251 37.93915132692308 0.09455128205128206 45.286538461538456 45.30769230769231 0.0 45.30769230769231 2.1376887001097202
304000 0.15384615384615385 -0.01914654731836229 37.91167880769231 0.09294871794871794 45.286538461538456 45.30769230769231 0.0 45.30769230769231 1.9668215001001954
306000 0.15384615384615385 0.00011060541926062313 37.726170557692306 0.1378205128205128 45.286538461538456 45.30769230769231 0.0 45.30769230769231 1.9984311000443995
308000 0.15384615384615385 0.00013856153220730854 37.575140346153844 0.14262820512820512 45.286538461538456 45.30769230769231 0.0 45.30769230769231 2.08138639992103
310000 0.15384615384615385 0.0001386091834927005 37.75958401923078 0.1201923076923077 45.286538461538456 45.30769230769231 0.0 45.30769230769231 2.1018284000456333
312000 0.15384615384615385 0.0001331387919189005 37.65807303846154 0.11378205128205127 45.286538461538456 45.30769230769231 0.0 45.30769230769231 1.948862300021574
314000 0.15384615384615385 0.0001316857618849326 37.62538073076923 0.1330128205128205 45.286538461538456 45.30769230769231 0.0 45.30769230769231 1.9271515998989344
316000 0.15384615384615385 0.00014830559158071583 37.60326534615385 0.125 45.286538461538456 45.30769230769231 0.0 45.30769230769231 1.9738950000610203
318000 0.11538461538461539 0.00014309771680027936 37.61288073076923 0.11538461538461539 45.286538461538456 45.30769230769231 0.0 45.30769230769231 2.005842800019309
320000 0.1346153846153846 -0.01908530483247672 37.62393842307693 0.11057692307692307 45.286538461538456 45.30769230769231 0.0 45.30769230769231 1.9945916999131441
322000 0.09615384615384616 -0.4422426243228438 38.5242824423077 0.11538461538461536 45.286538461538456 45.30769230769231 0.0 45.30769230769231 2.058918699854985
324000 0.07692307692307693 -0.5960993449600017 38.77509538461539 0.10576923076923075 45.286538461538456 45.30769230769231 0.0 45.30769230769231 2.160189500078559
326000 0.07692307692307693 -0.5960993785593135 38.832739615384625 0.11538461538461536 45.286538461538456 45.30769230769231 0.0 45.30769230769231 2.1398002998903394
328000 0.07692307692307693 -0.6153324697467246 38.89826846153847 0.10576923076923075 45.286538461538456 45.30769230769231 0.0 45.30769230769231 1.8440292999148369
330000 0.07692307692307693 -0.7692235677082652 39.18307615384616 0.09134615384615383 45.286538461538456 45.30769230769231 0.0 45.30769230769231 1.8444600000511855
332000 0.07692307692307693 -0.730762293867946 39.07096076923078 0.10096153846153845 45.286538461538456 45.30769230769231 0.0 45.30769230769231 2.1883938000537455
334000 0.07692307692307693 -0.49992623998931585 38.626585769230786 0.1298076923076923 45.286538461538456 45.30769230769231 0.0 45.30769230769231 2.0119017001707107
336000 0.1346153846153846 -0.2883343576063552 38.324378596153856 0.09615384615384616 45.286538461538456 45.30769230769231 0.0 45.30769230769231 2.130452699959278
338000 0.1346153846153846 -0.2883660548288599 38.45770026923078 0.1346153846153846 45.286538461538456 45.30769230769231 0.0 45.30769230769231 1.9594330999534577
340000 0.15384615384615385 -0.019103521062785147 37.965284576923075 0.12179487179487179 45.286538461538456 45.30769230769231 0.0 45.30769230769231 2.0205693999305367
342000 0.15384615384615385 -0.019120587318363077 37.83932303846154 0.1330128205128205 45.286538461538456 45.30769230769231 0.0 45.30769230769231 1.9829599000513554
344000 0.1346153846153846 -0.01910285490994812 38.185300807692315 0.1169871794871795 45.286538461538456 45.30769230769231 0.0 45.30769230769231 1.9091360000893474
346000 0.1346153846153846 -0.019126520490860787 38.260809057692306 0.10256410256410257 45.286538461538456 45.30769230769231 0.0 45.30769230769231 1.7855906998738647
348000 0.1346153846153846 -0.038301584538120256 37.958256596153845 0.10897435897435898 45.286538461538456 45.30769230769231 0.0 45.30769230769231 1.800319799920544
350000 0.11538461538461539 -0.0575606032531731 38.13311236538462 0.10737179487179487 45.286538461538456 45.30769230769231 0.0 45.30769230769231 2.3201100998558104
352000 0.09615384615384616 -0.03831850178961968 38.17007478846154 0.07692307692307693 45.286538461538456 45.30769230769231 0.0 45.30769230769231 2.215267099905759
354000 0.09615384615384616 -0.09602243190546268 38.165024192307705 0.11217948717948717 45.286538461538456 45.30769230769231 0.0 45.30769230769231 1.9865669999271631
356000 0.09615384615384616 -0.307656108607477 38.68132915384614 0.10096153846153846 45.286538461538456 45.30769230769231 0.0 45.30769230769231 1.9930659998208284
358000 0.09615384615384616 -0.13448921899219984 38.32257915384615 0.09455128205128206 45.286538461538456 45.30769230769231 0.0 45.30769230769231 1.8584986999630928
360000 0.11538461538461539 -0.17295663023742291 38.14630603846154 0.11057692307692307 45.286538461538456 45.30769230769231 0.0 45.30769230769231 2.042711300076917
362000 0.1346153846153846 -0.13448685226645452 37.91055282692309 0.09935897435897437 45.286538461538456 45.30769230769231 0.0 45.30769230769231 1.886754299979657
364000 0.07692307692307693 -0.115225801799147 37.88622863461539 0.11538461538461539 45.286538461538456 45.30769230769231 0.0 45.30769230769231 1.7248295000754297
366000 0.057692307692307696 -0.15370010947877955 38.192526711538456 0.10897435897435898 45.286538461538456 45.30769230769231 0.0 45.30769230769231 1.799810699885711
368000 0.09615384615384616 -0.30756364882408344 38.45797999999999 0.10897435897435896 45.286538461538456 45.30769230769231 0.0 45.30769230769231 1.9335580000188202
370000 0.09615384615384616 -0.24993906598504886 38.368028076923075 0.10897435897435896 45.286538461538456 45.30769230769231 0.0 45.30769230769231 1.742688899859786
372000 0.057692307692307696 -0.3845345165586827 38.667595384615375 0.1266025641025641 45.286538461538456 45.30769230769231 0.0 45.30769230769231 1.8472848001401871
374000 0.11538461538461539 -0.03830814928606891 37.952691538461536 0.14262820512820512 45.286538461538456 45.30769230769231 0.0 45.30769230769231 1.9398421000223607
376000 0.15384615384615385 -0.03830133995468567 37.988728634615384 0.08814102564102563 45.286538461538456 45.30769230769231 0.0 45.30769230769231 1.868837600108236
378000 0.1346153846153846 -0.038304270159424815 37.95152146153846 0.11217948717948717 45.286538461538456 45.30769230769231 0.0 45.30769230769231 1.8758353998418897
380000 0.07692307692307693 -0.057544129981050844 37.958496980769226 0.11698717948717949 45.286538461538456 45.30769230769231 0.0 45.30769230769231 1.883899600012228
382000 0.057692307692307696 -0.1729315156002135 38.021180557692304 0.09775641025641027 45.286538461538456 45.30769230769231 0.0 45.30769230769231 2.172315699979663
384000 0.057692307692307696 -0.2113963841853637 38.14132478846153 0.09294871794871797 45.286538461538456 45.30769230769231 0.0 45.30769230769231 1.9000088998582214
386000 0.1346153846153846 -0.1536954408586362 38.07782828846153 0.09294871794871797 45.286538461538456 45.30769230769231 0.0 45.30769230769231 1.8391975001432002
388000 0.09615384615384616 -0.13445700354711135 38.05571290384615 0.10416666666666667 45.286538461538456 45.30769230769231 0.0 45.30769230769231 1.9663811998907477
390000 0.09615384615384616 -0.09600099438567035 37.96628982692307 0.10096153846153846 45.286538461538456 45.30769230769231 0.0 45.30769230769231 2.0045773000456393
392000 0.07692307692307693 -0.0767636913825124 37.827391211538455 0.1474358974358974 45.286538461538456 45.30769230769231 0.0 45.30769230769231 2.207759599899873
394000 0.07692307692307693 -0.19215754224186776 38.257547307692306 0.10416666666666667 45.286538461538456 45.30769230769231 0.0 45.30769230769231 2.117788700154051
396000 0.07692307692307693 -0.057537922686006146 38.15158576923077 0.08653846153846154 45.286538461538456 45.30769230769231 0.0 45.30769230769231 1.855601199902594
398000 0.07692307692307693 -0.07675982454340992 37.91810363461538 0.1282051282051282 45.286538461538456 45.30769230769231 0.0 45.30769230769231 2.053222200134769
400000 0.09615384615384616 -0.1152342354320583 38.23394153846154 0.12980769230769232 45.286538461538456 45.30769230769231 0.0 45.30769230769231 2.0137920000124723
402000 0.057692307692307696 -0.2690954906052717 38.11958713461539 0.09935897435897437 45.286538461538456 45.30769230769231 0.0 45.30769230769231 2.3758473000489175
404000 0.057692307692307696 -0.3075578257069344 38.188337134615395 0.09935897435897437 45.286538461538456 45.30769230769231 0.0 45.30769230769231 1.877991600194946
406000 0.07692307692307693 -0.2690862548847582 38.14913384615385 0.11538461538461539 45.286538461538456 45.30769230769231 0.0 45.30769230769231 1.8715868999715894
408000 0.057692307692307696 -0.23062061750136145 38.022980000000004 0.125 45.286538461538456 45.30769230769231 0.0 45.30769230769231 1.7690946999937296
410000 0.057692307692307696 -0.24985287411076249 38.00886598076923 0.1201923076923077 45.286538461538456 45.30769230769231 0.0 45.30769230769231 1.9101386000402272
412000 0.11538461538461539 -0.30757815812263933 38.24343328846154 0.12179487179487179 45.286538461538456 45.30769230769231 0.0 45.30769230769231 2.0096603999845684
414000 0.07692307692307693 -0.4806874053089078 38.517691538461534 0.08493589743589744 45.286538461538456 45.30769230769231 0.0 45.30769230769231 1.9718788000755012
416000 0.07692307692307693 -0.1729282802341429 38.018801673076936 0.12179487179487179 45.286538461538456 45.30769230769231 0.0 45.30769230769231 1.832585500087589
418000 0.07692307692307693 -0.01906610630096745 37.72260411538462 0.10256410256410257 45.286538461538456 45.30769230769231 0.0 45.30769230769231 2.4843426002189517
420000 0.09615384615384616 -0.019059225783889813 37.51520026923078 0.1362179487179487 45.286538461538456 45.30769230769231 0.0 45.30769230769231 1.8906997998710722
422000 0.1346153846153846 -0.019074848276934578 37.571362865384614 0.16506410256410253 45.286538461538456 45.30769230769231 0.0 45.30769230769231 1.9101762000937015
424000 0.1346153846153846 -0.01907631818884484 37.57797 0.18269230769230768 45.286538461538456 45.30769230769231 0.0 45.30769230769231 1.8679572998080403
426000 0.15384615384615385 -0.019066784975055963 37.60867055769231 0.15544871794871792 45.286538461538456 45.30769230769231 0.0 45.30769230769231 2.0918665998615324
428000 0.15384615384615385 -0.019048739931058774 37.642271961538455 0.14102564102564102 45.286538461538456 45.30769230769231 0.0 45.30769230769231 1.9547193998005241
430000 0.17307692307692307 -0.03828544839162087 37.59040132692308 0.16987179487179485 45.286538461538456 45.30769230769231 0.0 45.30769230769231 1.885041399858892
432000 0.15384615384615385 -0.038369520291467174 37.699123846153846 0.16025641025641024 45.286538461538456 45.30769230769231 0.0 45.30769230769231 2.117010299814865
434000 0.15384615384615385 8.345407980628824e-05 37.50563734615385 0.18269230769230765 45.286538461538456 45.30769230769231 0.0 45.30769230769231 2.1662151000928134
436000 0.15384615384615385 8.69877325565464e-05 37.562368115384615 0.18269230769230765 45.286538461538456 45.30769230769231 0.0 45.30769230769231 2.0103203000035137
438000 0.1346153846153846 8.582662798484417e-05 37.757035942307695 0.15705128205128205 45.286538461538456 45.30769230769231 0.0 45.30769230769231 2.1054487000219524
440000 0.1346153846153846 9.242048260152425e-05 37.66280517307693 0.18269230769230765 45.286538461538456 45.30769230769231 0.0 45.30769230769231 2.0325993997976184
442000 0.11538461538461539 0.0001496748516026509 37.49612248076924 0.17948717948717946 45.286538461538456 45.30769230769231 0.0 45.30769230769231 2.171562699833885
444000 0.11538461538461539 0.00014994293136525556 37.65025273076923 0.16987179487179485 45.286538461538456 45.30769230769231 0.0 45.30769230769231 2.0826753999572247
446000 0.11538461538461539 -0.019079892538918137 37.585348884615385 0.17788461538461536 45.286538461538456 45.30769230769231 0.0 45.30769230769231 1.8709521999116987
448000 0.1346153846153846 -0.019079247039778473 37.68039696153846 0.15544871794871792 45.286538461538456 45.30769230769231 0.0 45.30769230769231 2.045727899996564
450000 0.1346153846153846 -0.019078954345011386 37.50876234615385 0.17788461538461536 45.286538461538456 45.30769230769231 0.0 45.30769230769231 1.9901890000328422
452000 0.1346153846153846 0.00015858924215327494 37.312468634615385 0.17467948717948717 45.286538461538456 45.30769230769231 0.0 45.30769230769231 1.9115594001486897
454000 0.1346153846153846 -0.03829603889172149 37.2976085 0.18589743589743585 45.286538461538456 45.30769230769231 0.0 45.30769230769231 1.9853580999188125
456000 0.1346153846153846 -0.03830497906459751 37.44777332692308 0.16666666666666666 45.286538461538456 45.30769230769231 0.0 45.30769230769231 2.029147499939427
458000 0.11538461538461539 -0.03832455708029712 37.69008101923077 0.13141025641025642 45.286538461538456 45.30769230769231 0.0 45.30769230769231 2.009481300134212
460000 0.1346153846153846 -0.03831998381683381 37.626619480769236 0.14262820512820512 45.286538461538456 45.30769230769231 0.0 45.30769230769231 2.0667965998873115
462000 0.1346153846153846 -0.03831915240680614 37.62030080769231 0.14262820512820512 45.286538461538456 45.30769230769231 0.0 45.30769230769231 1.9873426998965442
464000 0.1346153846153846 0.00015660344403686295 37.372084019230776 0.16987179487179485 45.286538461538456 45.30769230769231 0.0 45.30769230769231 2.0296386000700295
466000 0.1346153846153846 0.0001507963334827992 37.40838209615385 0.16346153846153846 45.286538461538456 45.30769230769231 0.0 45.30769230769231 1.842414499958977
468000 0.1346153846153846 0.00012017746760607928 37.53145901923077 0.17788461538461536 45.286538461538456 45.30769230769231 0.0 45.30769230769231 1.7977418000809848
470000 0.1346153846153846 0.00011772179101233764 37.55742055769231 0.16346153846153846 45.286538461538456 45.30769230769231 0.0 45.30769230769231 2.007437000051141
472000 0.1346153846153846 0.0001165202350122338 37.55645901923078 0.17307692307692307 45.286538461538456 45.30769230769231 0.0 45.30769230769231 2.182495499961078
474000 0.1346153846153846 0.00011325592944766406 37.583959019230775 0.16506410256410253 45.286538461538456 45.30769230769231 0.0 45.30769230769231 1.988132999977097
476000 0.1346153846153846 0.00011749850525291093 37.55768153846154 0.15064102564102563 45.286538461538456 45.30769230769231 0.0 45.30769230769231 2.193251699907705
478000 0.11538461538461539 0.00010663311062723241 37.62068105769231 0.15064102564102563 45.286538461538456 45.30769230769231 0.0 45.30769230769231 1.9207129999995232
480000 0.1346153846153846 0.00011687262465139046 37.537464269230775 0.15064102564102563 45.286538461538456 45.30769230769231 0.0 45.30769230769231 1.942282399861142
482000 0.11538461538461539 0.00010713383580281867 37.5980411923077 0.15064102564102563 45.286538461538456 45.30769230769231 0.0 45.30769230769231 1.7576643000356853
484000 0.11538461538461539 0.00010820733885838679 37.61919503846155 0.16666666666666663 45.286538461538456 45.30769230769231 0.0 45.30769230769231 2.0913160999771208
486000 0.11538461538461539 7.822561287291777e-05 37.59955217307692 0.1618589743589743 45.286538461538456 45.30769230769231 0.0 45.30769230769231 1.95673119998537
488000 0.11538461538461539 7.639338528597454e-05 37.58770465384616 0.1474358974358974 45.286538461538456 45.30769230769231 0.0 45.30769230769231 2.1447433000430465
490000 0.11538461538461539 8.175432161032834e-05 37.59022525 0.12820512820512817 45.286538461538456 45.30769230769231 0.0 45.30769230769231 2.1359798000194132
492000 0.11538461538461539 7.54251663784451e-05 37.510039826923084 0.1378205128205128 45.286538461538456 45.30769230769231 0.0 45.30769230769231 1.8101832000538707
494000 0.1346153846153846 0.00016040464857551697 37.35547251923078 0.1490384615384615 45.286538461538456 45.30769230769231 0.0 45.30769230769231 2.0512802000157535
496000 0.1346153846153846 0.00011116120211468225 37.468934057692316 0.1378205128205128 45.286538461538456 45.30769230769231 0.0 45.30769230769231 2.1855897998902947
498000 0.17307692307692307 0.00011297334438883584 37.35403021153847 0.1490384615384615 45.286538461538456 45.30769230769231 0.0 45.30769230769231 2.048676500096917
500000 0.17307692307692307 0.00016737808544479264 37.375621115384625 0.14102564102564102 45.286538461538456 45.30769230769231 0.0 45.30769230769231 2.153185199946165
