2000 0.7115384615384616 0.00018112235695759768 116.82692307692308 0.04807692307692308 135.8653846153846 45.28846153846154 1.1538461538461537 44.13461538461539 0.462719900009688
4000 1.8076923076923077 0.0006321370902770885 113.03846153846153 0.07532051282051282 135.8653846153846 45.28846153846154 1.1153846153846154 44.17307692307692 0.6277606000076048
6000 0.4423076923076923 0.00013094999100153322 113.59615384615384 0.08653846153846154 135.8653846153846 45.28846153846154 1.1153846153846154 44.17307692307692 0.5309048000053735
8000 0.5961538461538461 0.0003296004991677437 112.34615384615384 0.16025641025641024 135.8653846153846 45.28846153846154 1.1153846153846154 44.17307692307692 0.5342190000083065
10000 1.9038461538461537 0.0008765147762924004 111.96153846153847 0.14423076923076922 135.8653846153846 45.28846153846154 1.1346153846153846 44.15384615384615 0.564539999992121
12000 2.3076923076923075 0.0003297842178201054 112.11538461538461 0.13942307692307693 135.8653846153846 45.28846153846154 1.1153846153846154 44.17307692307692 0.5625882999884197
14000 1.7307692307692308 0.0005563200969372371 104.34615384615384 0.20512820512820515 135.8653846153846 45.28846153846154 1.1153846153846154 44.17307692307692 0.6628694999963045
16000 0.8269230769230769 0.00041314945900073317 110.3076923076923 0.08012820512820512 135.8653846153846 45.28846153846154 1.1153846153846154 44.17307692307692 0.7073805999971228
18000 0.8269230769230769 0.0002443344207348724 114.25 0.09134615384615384 135.8653846153846 45.28846153846154 2.6346153846153846 42.65384615384615 0.6739382000087062
20000 0.5384615384615384 0.00014199138755483325 114.63461538461539 0.04006410256410256 135.8653846153846 45.28846153846154 1.1538461538461537 44.13461538461539 0.7216936000040732
22000 1.0 0.0002606524238943346 113.88461538461539 0.1137820512820513 135.8653846153846 45.28846153846154 2.5576923076923075 42.73076923076923 0.749797700002091
24000 2.3846153846153846 0.001130298121501305 110.88461538461539 0.1506410256410256 135.8653846153846 45.28846153846154 2.423076923076923 42.86538461538461 0.7281043999973917
26000 1.0576923076923077 0.0003856027070552724 111.01923076923077 0.09935897435897435 135.8653846153846 45.28846153846154 1.3461538461538463 43.94230769230769 0.8471324999991339
28000 0.8269230769230769 0.00026549220060017047 112.76923076923077 0.1378205128205128 135.8653846153846 45.28846153846154 1.9615384615384615 43.32692307692308 0.8316908999986481
30000 0.5769230769230769 0.00015040303849880697 109.78846153846153 0.16987179487179485 135.8653846153846 45.28846153846154 1.1153846153846154 44.17307692307692 0.8826303999958327
32000 1.0384615384615385 0.0005616982509863059 108.98076923076923 0.1939102564102564 135.8653846153846 45.28846153846154 1.1153846153846154 44.17307692307692 0.9102978999871993
34000 1.25 0.0003538371200050909 105.38461538461539 0.20673076923076922 135.8653846153846 45.28846153846154 1.1153846153846154 44.17307692307692 1.0164726999937557
36000 1.1346153846153846 0.00054588190435642 110.59615384615384 0.18108974358974356 135.8653846153846 45.28846153846154 1.2307692307692308 44.05769230769231 0.8783643000060692
38000 1.5961538461538463 0.0009447349519360697 109.09615384615384 0.18589743589743585 135.8653846153846 45.28846153846154 1.9230769230769231 43.36538461538461 0.8627179000031902
40000 0.9615384615384616 0.000364653932746979 111.65384615384616 0.14262820512820512 135.8653846153846 45.28846153846154 1.9615384615384615 43.32692307692308 0.8449422999983653
42000 5.980769230769231 0.003072220270189237 103.38461538461539 0.2612179487179487 135.8653846153846 45.28846153846154 2.019230769230769 43.26923076923077 0.8570448000100441
44000 10.346153846153847 0.0056510781310441455 92.38461538461539 0.3557692307692308 135.8653846153846 45.28846153846154 2.019230769230769 43.26923076923077 0.863344599987613
46000 10.192307692307692 0.005108311744989261 93.11538461538461 0.34935897435897434 135.8653846153846 45.28846153846154 1.8653846153846154 43.42307692307692 0.8697732000000542
48000 9.057692307692308 0.004265113178666096 94.42307692307692 0.3349358974358974 135.8653846153846 45.28846153846154 1.9615384615384615 43.32692307692308 0.8711726000037743
50000 10.423076923076923 0.003361596758638357 92.40384615384616 0.36858974358974356 135.8653846153846 45.28846153846154 1.7884615384615385 43.5 0.8456239000079222
52000 10.596153846153847 0.003854980633809704 93.3076923076923 0.3637820512820513 135.8653846153846 45.28846153846154 1.5 43.78846153846154 0.856542100009392
54000 10.423076923076923 0.0031970673246487285 92.42307692307692 0.3637820512820513 135.8653846153846 45.28846153846154 1.4615384615384615 43.82692307692308 0.8175552000029711
56000 9.615384615384615 0.0031135354736631054 95.40384615384616 0.3317307692307692 135.8653846153846 45.28846153846154 1.4230769230769231 43.86538461538461 0.9697196000051918
58000 10.153846153846153 0.0037422901310807505 93.73076923076923 0.3669871794871795 135.8653846153846 45.28846153846154 1.4615384615384615 43.82692307692308 0.9057733000081498
60000 8.711538461538462 0.002341615503314901 98.23076923076923 0.3125 135.8653846153846 45.28846153846154 1.2884615384615385 44.0 0.9823160999949323
62000 9.615384615384615 0.0029574840363480034 94.26923076923077 0.3557692307692308 135.8653846153846 45.28846153846154 1.4038461538461537 43.88461538461539 0.9065165000065463
64000 8.711538461538462 0.002779250869286182 98.0576923076923 0.3205128205128205 135.8653846153846 45.28846153846154 1.3076923076923077 43.98076923076923 0.8306366000033449
66000 9.384615384615385 0.0032287903184697437 97.01923076923077 0.3173076923076923 135.8653846153846 45.28846153846154 1.3461538461538463 43.94230769230769 0.8787037999863969
68000 11.5 0.0038436980172545207 93.03846153846153 0.358974358974359 135.8653846153846 45.28846153846154 1.1153846153846154 44.17307692307692 0.8512671000062255
70000 10.26923076923077 0.0030963746461726244 94.73076923076923 0.3269230769230769 135.8653846153846 45.28846153846154 1.1153846153846154 44.17307692307692 0.8344206000037957
72000 10.884615384615385 0.003525304481060918 93.90384615384616 0.3669871794871795 135.8653846153846 45.28846153846154 1.1153846153846154 44.17307692307692 0.8906290999875637
74000 11.057692307692308 0.003584362804864231 92.46153846153847 0.3798076923076923 135.8653846153846 45.28846153846154 1.1153846153846154 44.17307692307692 0.8591948000103002
76000 11.5 0.003952582463346524 92.36538461538461 0.38461538461538464 135.8653846153846 45.28846153846154 1.1153846153846154 44.17307692307692 0.8464703999925405
78000 13.307692307692308 0.004369367563264682 91.75 0.373397435897436 135.8653846153846 45.28846153846154 1.1153846153846154 44.17307692307692 0.9167123999941396
80000 18.28846153846154 0.006859149593416504 95.46153846153847 0.36538461538461536 135.8653846153846 45.28846153846154 1.1153846153846154 44.17307692307692 0.9251950000034412
82000 27.73076923076923 0.011938660962688284 92.03846153846153 0.40224358974358976 135.8653846153846 45.28846153846154 1.1153846153846154 44.17307692307692 0.8877314999990631
84000 28.153846153846153 0.012171343335246134 91.21153846153847 0.37820512820512814 135.8653846153846 45.28846153846154 1.1153846153846154 44.17307692307692 0.9762849000107963
86000 29.01923076923077 0.012458246677490754 89.13461538461539 0.4230769230769231 135.8653846153846 45.28846153846154 1.1153846153846154 44.17307692307692 0.8294588999997359
88000 30.5 0.013174774372966259 87.15384615384616 0.44551282051282054 135.8653846153846 45.28846153846154 1.1153846153846154 44.17307692307692 0.8406854000058956
90000 31.23076923076923 0.01351390461597928 87.13461538461539 0.44551282051282054 135.8653846153846 45.28846153846154 1.1153846153846154 44.17307692307692 0.9036802000046009
92000 31.403846153846153 0.013607805988557068 87.71153846153847 0.4375 135.8653846153846 45.28846153846154 1.1153846153846154 44.17307692307692 0.9068831000040518
94000 30.865384615384617 0.013282011366745585 87.59615384615384 0.45032051282051283 135.8653846153846 45.28846153846154 1.1153846153846154 44.17307692307692 0.8287655000021914
96000 30.96153846153846 0.013525470746658365 87.51923076923077 0.45032051282051283 135.8653846153846 45.28846153846154 1.1153846153846154 44.17307692307692 0.8589180000126362
98000 30.75 0.013541337068666375 87.51923076923077 0.45032051282051283 135.8653846153846 45.28846153846154 1.1153846153846154 44.17307692307692 0.9349015000043437
100000 30.673076923076923 0.013446415366270309 87.09615384615384 0.4551282051282052 135.8653846153846 45.28846153846154 1.1153846153846154 44.17307692307692 0.8854239999927813
102000 30.384615384615383 0.013297922442493797 88.13461538461539 0.45993589743589747 135.8653846153846 45.28846153846154 1.1153846153846154 44.17307692307692 0.8729619999940041
104000 30.326923076923077 0.013300564175201915 88.21153846153847 0.45032051282051283 135.8653846153846 45.28846153846154 1.1153846153846154 44.17307692307692 0.8289717000006931
106000 30.307692307692307 0.013308942904186464 88.1923076923077 0.4551282051282052 135.8653846153846 45.28846153846154 1.1153846153846154 44.17307692307692 0.8380646000005072
108000 26.96153846153846 0.012427098913779237 88.1923076923077 0.4358974358974359 135.8653846153846 45.28846153846154 1.1153846153846154 44.17307692307692 0.8642321999941487
110000 30.596153846153847 0.01340517792992089 87.57692307692308 0.45032051282051283 135.8653846153846 45.28846153846154 1.1153846153846154 44.17307692307692 0.9234926999924937
112000 30.51923076923077 0.013414144357891709 87.1923076923077 0.4551282051282052 135.8653846153846 45.28846153846154 1.1153846153846154 44.17307692307692 0.8614576000109082
114000 29.98076923076923 0.01320250505895141 88.63461538461539 0.44391025641025644 135.8653846153846 45.28846153846154 1.1153846153846154 44.17307692307692 0.9046666999929585
116000 29.96153846153846 0.013186480167298655 88.09615384615384 0.4487179487179487 135.8653846153846 45.28846153846154 1.1153846153846154 44.17307692307692 0.8457920999935595
118000 29.942307692307693 0.013145618892156478 88.38461538461539 0.4439102564102564 135.8653846153846 45.28846153846154 1.1346153846153846 44.15384615384615 0.9014632000034908
120000 30.307692307692307 0.013266612872444834 87.78846153846153 0.4487179487179487 135.8653846153846 45.28846153846154 1.1346153846153846 44.15384615384615 0.8359722000022884
122000 31.134615384615383 0.013774913985966676 87.57692307692308 0.4439102564102564 135.8653846153846 45.28846153846154 1.1346153846153846 44.15384615384615 0.908427499991376
124000 33.34615384615385 0.015596868286494484 85.82692307692308 0.4791666666666667 135.8653846153846 45.28846153846154 1.1153846153846154 44.17307692307692 1.0277493999892613
126000 34.65384615384615 0.0162564982927213 84.86538461538461 0.4903846153846155 135.8653846153846 45.28846153846154 1.1153846153846154 44.17307692307692 0.8984400999906939
128000 36.36538461538461 0.016914416612242023 84.1923076923077 0.5032051282051282 135.8653846153846 45.28846153846154 1.1153846153846154 44.17307692307692 0.8247008999896934
130000 36.30769230769231 0.01675858123913877 84.11538461538461 0.5096153846153846 135.8653846153846 45.28846153846154 1.1153846153846154 44.17307692307692 0.9074447000020882
132000 36.78846153846154 0.017027961888168887 84.57692307692308 0.5048076923076923 135.8653846153846 45.28846153846154 1.1153846153846154 44.17307692307692 0.8620306000084383
134000 36.30769230769231 0.0168887084557163 84.63461538461539 0.5048076923076923 135.8653846153846 45.28846153846154 1.1153846153846154 44.17307692307692 0.8553562000015518
136000 36.30769230769231 0.016890408754035448 84.26923076923077 0.5096153846153846 135.8653846153846 45.28846153846154 1.1153846153846154 44.17307692307692 0.93737770000007
138000 36.38461538461539 0.016896362788399257 83.78846153846153 0.5144230769230769 135.8653846153846 45.28846153846154 1.1153846153846154 44.17307692307692 0.9350933999958215
140000 36.86538461538461 0.017035616220851847 83.73076923076923 0.5144230769230769 135.8653846153846 45.28846153846154 1.1153846153846154 44.17307692307692 0.8483691000001272
142000 37.01923076923077 0.017121991315631763 83.78846153846153 0.5144230769230769 135.8653846153846 45.28846153846154 1.1153846153846154 44.17307692307692 0.9088118000072427
144000 36.71153846153846 0.016984380584250357 83.67307692307692 0.5144230769230769 135.8653846153846 45.28846153846154 1.1153846153846154 44.17307692307692 0.9096102999901632
146000 36.84615384615385 0.017085151493837915 83.51923076923077 0.530448717948718 135.8653846153846 45.28846153846154 1.1153846153846154 44.17307692307692 0.8638298000005307
148000 38.82692307692308 0.01791778740811176 83.36538461538461 0.5448717948717948 135.8653846153846 45.28846153846154 1.1153846153846154 44.17307692307692 0.8205807999911485
150000 39.51923076923077 0.01815433608728965 83.34615384615384 0.5448717948717948 135.8653846153846 45.28846153846154 1.1153846153846154 44.17307692307692 0.8606364000006579
152000 39.86538461538461 0.018402649077019988 83.13461538461539 0.5448717948717948 135.8653846153846 45.28846153846154 1.1153846153846154 44.17307692307692 0.8568367999978364
154000 40.13461538461539 0.0184507654255178 83.03846153846153 0.5224358974358974 135.8653846153846 45.28846153846154 1.1153846153846154 44.17307692307692 0.9030656999966595
156000 40.13461538461539 0.01843802744260598 83.01923076923077 0.5224358974358974 135.8653846153846 45.28846153846154 1.1153846153846154 44.17307692307692 1.0390827999945031
158000 40.13461538461539 0.01843802744260598 83.01923076923077 0.5224358974358974 135.8653846153846 45.28846153846154 1.1153846153846154 44.17307692307692 0.8581619000033243
160000 40.13461538461539 0.01843802744260598 83.01923076923077 0.5224358974358974 135.8653846153846 45.28846153846154 1.1153846153846154 44.17307692307692 0.884716100001242
162000 41.13461538461539 0.01873725801461768 82.84615384615384 0.5176282051282051 135.8653846153846 45.28846153846154 1.1153846153846154 44.17307692307692 0.8341017000057036
164000 41.11538461538461 0.018712271916369042 82.75 0.5112179487179487 135.8653846153846 45.28846153846154 1.1153846153846154 44.17307692307692 0.8646379999991041
166000 41.36538461538461 0.01873616003897206 82.76923076923077 0.5112179487179487 135.8653846153846 45.28846153846154 1.1153846153846154 44.17307692307692 0.8279547999991337
168000 42.40384615384615 0.019280133356423115 82.59615384615384 0.5112179487179487 135.8653846153846 45.28846153846154 1.1153846153846154 44.17307692307692 0.9519890000083251
170000 42.69230769230769 0.019370390151046114 82.5 0.5112179487179487 135.8653846153846 45.28846153846154 1.1153846153846154 44.17307692307692 0.8983215000043856
172000 42.69230769230769 0.019370390151046114 82.5 0.5112179487179487 135.8653846153846 45.28846153846154 1.1153846153846154 44.17307692307692 0.8564331999950809
174000 42.76923076923077 0.019620290280812427 82.34615384615384 0.5112179487179487 135.8653846153846 45.28846153846154 1.1153846153846154 44.17307692307692 0.8467743000073824
176000 42.76923076923077 0.019620290280812427 82.34615384615384 0.5112179487179487 135.8653846153846 45.28846153846154 1.1153846153846154 44.17307692307692 0.921294299987494
178000 42.76923076923077 0.019620290280812427 82.34615384615384 0.5112179487179487 135.8653846153846 45.28846153846154 1.1153846153846154 44.17307692307692 0.8040750999934971
180000 42.46153846153846 0.01954382185079686 82.36538461538461 0.5112179487179487 135.8653846153846 45.28846153846154 1.1153846153846154 44.17307692307692 0.8521127999993041
182000 42.76923076923077 0.019620290280812427 82.34615384615384 0.5112179487179487 135.8653846153846 45.28846153846154 1.1153846153846154 44.17307692307692 0.9873456999921473
184000 42.76923076923077 0.019620290280812427 82.34615384615384 0.5112179487179487 135.8653846153846 45.28846153846154 1.1153846153846154 44.17307692307692 0.9012048000004143
186000 42.46153846153846 0.01954382185079686 82.36538461538461 0.5112179487179487 135.8653846153846 45.28846153846154 1.1153846153846154 44.17307692307692 0.8931854000111343
188000 42.76923076923077 0.019620290280812427 82.34615384615384 0.5112179487179487 135.8653846153846 45.28846153846154 1.1153846153846154 44.17307692307692 0.9665754000016022
190000 42.76923076923077 0.019620290280812427 82.34615384615384 0.5112179487179487 135.8653846153846 45.28846153846154 1.1153846153846154 44.17307692307692 0.9733042000007117
192000 42.76923076923077 0.019620290280812427 82.34615384615384 0.5112179487179487 135.8653846153846 45.28846153846154 1.1153846153846154 44.17307692307692 0.9951920999883441
194000 42.76923076923077 0.019620290280812427 82.34615384615384 0.5112179487179487 135.8653846153846 45.28846153846154 1.1153846153846154 44.17307692307692 0.8503471999865724
196000 42.76923076923077 0.019620290280812427 82.34615384615384 0.5112179487179487 135.8653846153846 45.28846153846154 1.1153846153846154 44.17307692307692 0.9355712999968091
198000 42.76923076923077 0.019620290280812427 82.34615384615384 0.5112179487179487 135.8653846153846 45.28846153846154 1.1153846153846154 44.17307692307692 0.8801499999972293
200000 42.76923076923077 0.019620290280812427 82.34615384615384 0.5112179487179487 135.8653846153846 45.28846153846154 1.1153846153846154 44.17307692307692 0.9023885000060545
202000 42.76923076923077 0.019620290280812427 82.34615384615384 0.5112179487179487 135.8653846153846 45.28846153846154 1.1153846153846154 44.17307692307692 0.8484584000107134
204000 42.73076923076923 0.020355972557401927 82.28846153846153 0.5064102564102564 135.8653846153846 45.28846153846154 1.1153846153846154 44.17307692307692 0.8479957000090508
206000 43.98076923076923 0.020919078037563064 82.11538461538461 0.5032051282051282 135.8653846153846 45.28846153846154 1.1153846153846154 44.17307692307692 0.9156364999944344
208000 43.98076923076923 0.020919078037563064 82.11538461538461 0.5032051282051282 135.8653846153846 45.28846153846154 1.1153846153846154 44.17307692307692 0.8582635999919148
210000 45.55769230769231 0.02120866880846806 81.71153846153847 0.5192307692307693 135.8653846153846 45.28846153846154 1.1153846153846154 44.17307692307692 0.8706706000084523
212000 46.55769230769231 0.021726287702707327 81.51923076923077 0.5352564102564102 135.8653846153846 45.28846153846154 1.1153846153846154 44.17307692307692 0.8638045999978203
214000 46.55769230769231 0.021726287702707327 81.51923076923077 0.5352564102564102 135.8653846153846 45.28846153846154 1.1153846153846154 44.17307692307692 0.9444758000026923
216000 46.55769230769231 0.021726287702707327 81.51923076923077 0.5352564102564102 135.8653846153846 45.28846153846154 1.1153846153846154 44.17307692307692 0.9308932999992976
218000 46.55769230769231 0.021726287702707327 81.51923076923077 0.5352564102564102 135.8653846153846 45.28846153846154 1.1153846153846154 44.17307692307692 0.8556505000015022
220000 46.55769230769231 0.021726287702707327 81.51923076923077 0.5352564102564102 135.8653846153846 45.28846153846154 1.1153846153846154 44.17307692307692 0.9530761999922106
222000 46.55769230769231 0.021726287702707327 81.51923076923077 0.5352564102564102 135.8653846153846 45.28846153846154 1.1153846153846154 44.17307692307692 0.8816223000030732
224000 46.55769230769231 0.021726287702707327 81.51923076923077 0.5352564102564102 135.8653846153846 45.28846153846154 1.1153846153846154 44.17307692307692 0.9583959000010509
226000 46.55769230769231 0.02174070265754246 81.51923076923077 0.5352564102564102 135.8653846153846 45.28846153846154 1.1153846153846154 44.17307692307692 0.8003639999951702
228000 46.55769230769231 0.02194942526409637 81.51923076923077 0.5352564102564102 135.8653846153846 45.28846153846154 1.1153846153846154 44.17307692307692 0.8346455999999307
230000 46.55769230769231 0.02185032304560517 81.51923076923077 0.5352564102564102 135.8653846153846 45.28846153846154 1.1153846153846154 44.17307692307692 0.8862770999985514
232000 46.55769230769231 0.021726287702707327 81.51923076923077 0.5352564102564102 135.8653846153846 45.28846153846154 1.1153846153846154 44.17307692307692 0.887898300003144
234000 46.57692307692308 0.021710108232779392 81.51923076923077 0.5352564102564102 135.8653846153846 45.28846153846154 1.1153846153846154 44.17307692307692 0.8426028999965638
236000 46.57692307692308 0.021710108232779392 81.51923076923077 0.5352564102564102 135.8653846153846 45.28846153846154 1.1153846153846154 44.17307692307692 0.9254424999962794
238000 47.34615384615385 0.021992706812115594 81.32692307692308 0.5448717948717948 135.8653846153846 45.28846153846154 1.1730769230769231 44.11538461538461 0.8906263000098988
240000 47.65384615384615 0.022154413339416423 81.28846153846153 0.5448717948717948 135.8653846153846 45.28846153846154 1.2115384615384615 44.07692307692308 0.8971798000129638
242000 46.71153846153846 0.00244734797399748 81.86538461538461 0.5512820512820513 135.8653846153846 45.28846153846154 1.2115384615384615 44.07692307692308 0.9004597000021022
244000 46.76923076923077 0.0025989939483296092 81.71153846153847 0.5352564102564102 135.8653846153846 45.28846153846154 1.2307692307692308 44.05769230769231 0.919788500003051
246000 45.82692307692308 -0.01694171109627916 82.15384615384616 0.5256410256410257 135.8653846153846 45.28846153846154 1.2692307692307692 44.01923076923077 0.9048301000002539
248000 45.96153846153846 0.0023860677285939933 82.09615384615384 0.5256410256410257 135.8653846153846 45.28846153846154 1.2884615384615385 44.0 0.8753055999986827
250000 45.69230769230769 -0.017021466747818317 82.67307692307692 0.5256410256410257 135.8653846153846 45.28846153846154 1.2692307692307692 44.01923076923077 0.9685634000052232
252000 47.67307692307692 0.022305906878299232 81.1923076923077 0.5352564102564102 135.8653846153846 45.28846153846154 1.2692307692307692 44.01923076923077 0.8525406999979168
254000 49.40384615384615 0.02279844390175068 81.11538461538461 0.5512820512820512 135.8653846153846 45.28846153846154 1.2884615384615385 44.0 0.889674299993203
256000 49.40384615384615 0.02279844390175068 81.11538461538461 0.5512820512820512 135.8653846153846 45.28846153846154 1.2884615384615385 44.0 0.9063715999945998
258000 49.34615384615385 0.02263331235326916 80.96153846153847 0.5464743589743589 135.8653846153846 45.28846153846154 1.3846153846153846 43.90384615384615 0.9081136000022525
260000 49.0 0.02250349452919072 80.9423076923077 0.5464743589743589 135.8653846153846 45.28846153846154 1.4807692307692308 43.80769230769231 0.8894332000054419
262000 48.28846153846154 0.022321372655682844 81.0 0.5272435897435896 135.8653846153846 45.28846153846154 1.5 43.78846153846154 0.832053399994038
264000 48.01923076923077 0.022278900525942946 81.36538461538461 0.5240384615384615 135.8653846153846 45.28846153846154 1.5 43.78846153846154 0.8849744999897666
266000 48.84615384615385 0.022520408569101345 80.96153846153847 0.5368589743589743 135.8653846153846 45.28846153846154 1.4807692307692308 43.80769230769231 0.8946997000020929
268000 48.28846153846154 0.022600588584898183 81.0 0.5272435897435896 135.8653846153846 45.28846153846154 1.5 43.78846153846154 0.8945558999985224
270000 47.90384615384615 0.022176437257671697 81.11538461538461 0.5272435897435896 135.8653846153846 45.28846153846154 1.5 43.78846153846154 0.9092866999999387
272000 47.90384615384615 0.022083804518906163 81.11538461538461 0.5272435897435896 135.8653846153846 45.28846153846154 1.5 43.78846153846154 0.8095680000114953
274000 47.90384615384615 0.022082865084131077 81.11538461538461 0.5272435897435896 135.8653846153846 45.28846153846154 1.5 43.78846153846154 0.9172581000020728
276000 47.88461538461539 0.022198268009153175 81.13461538461539 0.533653846153846 135.8653846153846 45.28846153846154 1.5 43.78846153846154 0.9073184000008041
278000 47.88461538461539 0.022088647621090456 81.13461538461539 0.533653846153846 135.8653846153846 45.28846153846154 1.5 43.78846153846154 0.9248206000047503
280000 48.26923076923077 0.022327155192642223 81.01923076923077 0.533653846153846 135.8653846153846 45.28846153846154 1.5 43.78846153846154 0.9093461999873398
282000 48.26923076923077 0.02243677558070494 81.01923076923077 0.533653846153846 135.8653846153846 45.28846153846154 1.5 43.78846153846154 0.8227596000069752
284000 48.0 0.02245221802442192 81.21153846153847 0.533653846153846 135.8653846153846 45.28846153846154 1.5192307692307692 43.76923076923077 0.9353905000025406
286000 48.75 0.022922177230338885 81.03846153846153 0.5432692307692307 135.8653846153846 45.28846153846154 1.4615384615384615 43.82692307692308 0.9012252999964403
288000 48.75 0.022922177230338885 81.03846153846153 0.5432692307692307 135.8653846153846 45.28846153846154 1.4615384615384615 43.82692307692308 0.8611075999942841
290000 49.61538461538461 0.02308617501020905 80.9423076923077 0.5368589743589743 135.8653846153846 45.28846153846154 1.4038461538461537 43.88461538461539 0.9461716000078013
292000 48.38461538461539 0.022575677042325507 81.0576923076923 0.5272435897435896 135.8653846153846 45.28846153846154 1.4615384615384615 43.82692307692308 0.8590682000067318
294000 49.05769230769231 0.022887139096790552 80.98076923076923 0.5272435897435896 135.8653846153846 45.28846153846154 1.4230769230769231 43.86538461538461 0.8918419000110589
296000 49.05769230769231 0.022887139096790552 80.98076923076923 0.5272435897435896 135.8653846153846 45.28846153846154 1.4230769230769231 43.86538461538461 0.888306199994986
298000 49.01923076923077 0.022777710514482772 81.0 0.5272435897435896 135.8653846153846 45.28846153846154 1.4230769230769231 43.86538461538461 0.8907314999960363
300000 49.01923076923077 0.022777710514482772 81.0 0.5272435897435896 135.8653846153846 45.28846153846154 1.4230769230769231 43.86538461538461 0.9248193000094034
302000 49.01923076923077 0.02270792822528374 81.0 0.5272435897435896 135.8653846153846 45.28846153846154 1.4230769230769231 43.86538461538461 0.9088634000072489
304000 49.05769230769231 0.022591874953053113 80.98076923076923 0.5272435897435896 135.8653846153846 45.28846153846154 1.4230769230769231 43.86538461538461 0.8519318000035128
306000 49.01923076923077 0.02259830783722102 81.0 0.5272435897435896 135.8653846153846 45.28846153846154 1.4230769230769231 43.86538461538461 0.8682181000040146
308000 49.01923076923077 0.02270792822528374 81.0 0.5272435897435896 135.8653846153846 45.28846153846154 1.4230769230769231 43.86538461538461 0.8591978000040399
310000 49.01923076923077 0.02259830783722102 81.0 0.5272435897435896 135.8653846153846 45.28846153846154 1.4230769230769231 43.86538461538461 0.9455482000048505
312000 49.88461538461539 0.02315102676327873 80.92307692307692 0.5368589743589743 135.8653846153846 45.28846153846154 1.3846153846153846 43.90384615384615 0.9149545999971451
314000 50.05769230769231 0.023381360340832793 80.96153846153847 0.5368589743589743 135.8653846153846 45.28846153846154 1.3269230769230769 43.96153846153846 0.9101876000058837
316000 50.09615384615385 0.023374927456664887 80.9423076923077 0.5368589743589743 135.8653846153846 45.28846153846154 1.3269230769230769 43.96153846153846 0.9107559000112815
318000 49.92307692307692 0.023164338797215064 80.9423076923077 0.5368589743589743 135.8653846153846 45.28846153846154 1.3653846153846154 43.92307692307692 0.9545454999897629
320000 50.05769230769231 0.023216372618406176 80.96153846153847 0.5368589743589743 135.8653846153846 45.28846153846154 1.3269230769230769 43.96153846153846 0.9258332000026712
322000 50.32692307692308 0.023362043570460657 81.01923076923077 0.5416666666666666 135.8653846153846 45.28846153846154 1.25 44.03846153846154 0.8932808999961708
324000 50.34615384615385 0.023368227901352828 80.98076923076923 0.5416666666666666 135.8653846153846 45.28846153846154 1.3076923076923077 43.98076923076923 0.8507138999993913
326000 49.92307692307692 0.023164338797215064 80.9423076923077 0.5368589743589743 135.8653846153846 45.28846153846154 1.3653846153846154 43.92307692307692 0.8479074000060791
328000 49.53846153846154 0.022880985118160835 81.0 0.5368589743589743 135.8653846153846 45.28846153846154 1.3269230769230769 43.96153846153846 0.9818449000013061
330000 49.69230769230769 0.022937427742884563 81.01923076923077 0.5416666666666666 135.8653846153846 45.28846153846154 1.3076923076923077 43.98076923076923 0.814495500002522
332000 50.32692307692308 0.023362043570460657 81.01923076923077 0.5416666666666666 135.8653846153846 45.28846153846154 1.25 44.03846153846154 0.8637430999951903
334000 50.32692307692308 0.023362043570460657 81.01923076923077 0.5416666666666666 135.8653846153846 45.28846153846154 1.25 44.03846153846154 0.8689453999977559
336000 50.32692307692308 0.023362043570460657 81.01923076923077 0.5416666666666666 135.8653846153846 45.28846153846154 1.25 44.03846153846154 0.8817475999967428
338000 50.32692307692308 0.023362043570460657 81.01923076923077 0.5416666666666666 135.8653846153846 45.28846153846154 1.25 44.03846153846154 0.8808499000006123
340000 49.92307692307692 0.02315488974533916 81.11538461538461 0.548076923076923 135.8653846153846 45.28846153846154 1.25 44.03846153846154 0.8546065000118688
342000 50.32692307692308 0.023362043570460657 81.01923076923077 0.5416666666666666 135.8653846153846 45.28846153846154 1.25 44.03846153846154 0.8854043000028469
344000 50.32692307692308 0.02341741090482456 81.01923076923077 0.5416666666666666 135.8653846153846 45.28846153846154 1.25 44.03846153846154 0.982429099996807
346000 50.32692307692308 0.023541446247722406 81.01923076923077 0.5416666666666666 135.8653846153846 45.28846153846154 1.25 44.03846153846154 0.8763861000043107
348000 50.32692307692308 0.02341741090482456 81.01923076923077 0.5416666666666666 135.8653846153846 45.28846153846154 1.25 44.03846153846154 0.8412549000058789
350000 50.36538461538461 0.023372949547164932 81.01923076923077 0.5416666666666666 135.8653846153846 45.28846153846154 1.2692307692307692 44.01923076923077 0.8651964000018779
352000 50.32692307692308 0.02341741090482456 81.01923076923077 0.5416666666666666 135.8653846153846 45.28846153846154 1.25 44.03846153846154 0.9044219999923371
354000 49.98076923076923 0.02321169629594628 81.09615384615384 0.548076923076923 135.8653846153846 45.28846153846154 1.2307692307692308 44.05769230769231 0.9952221999992616
356000 49.98076923076923 0.02321169629594628 81.09615384615384 0.548076923076923 135.8653846153846 45.28846153846154 1.2307692307692308 44.05769230769231 0.9570725999947172
358000 50.28846153846154 0.02334012600820308 81.0576923076923 0.5416666666666666 135.8653846153846 45.28846153846154 1.2307692307692308 44.05769230769231 0.914679099994828
360000 49.78846153846154 0.023238723019490058 81.07692307692308 0.5352564102564102 135.8653846153846 45.28846153846154 1.2115384615384615 44.07692307692308 0.9731769999925746
362000 50.32692307692308 0.02341741090482456 81.01923076923077 0.5416666666666666 135.8653846153846 45.28846153846154 1.25 44.03846153846154 0.9219725000002654
364000 50.28846153846154 0.02334012600820308 81.0576923076923 0.5416666666666666 135.8653846153846 45.28846153846154 1.2307692307692308 44.05769230769231 0.8781707999878563
366000 50.28846153846154 0.02339549334256698 81.0576923076923 0.5416666666666666 135.8653846153846 45.28846153846154 1.2307692307692308 44.05769230769231 0.839471200000844
368000 49.78846153846154 0.023348343407552777 81.07692307692308 0.5352564102564102 135.8653846153846 45.28846153846154 1.2115384615384615 44.07692307692308 0.8679276000038953
370000 49.98076923076923 0.023376684018372895 81.09615384615384 0.548076923076923 135.8653846153846 45.28846153846154 1.2307692307692308 44.05769230769231 1.0016553000023123
372000 49.48076923076923 0.023219913695295972 81.11538461538461 0.5416666666666666 135.8653846153846 45.28846153846154 1.2115384615384615 44.07692307692308 0.8612178999901516
374000 49.75 0.023547169453863925 81.13461538461539 0.5352564102564102 135.8653846153846 45.28846153846154 1.1923076923076923 44.09615384615385 0.9048471999994945
376000 49.44230769230769 0.023418739741607124 81.17307692307692 0.5416666666666666 135.8653846153846 45.28846153846154 1.1923076923076923 44.09615384615385 0.9000052000046708
378000 49.44230769230769 0.023418739741607124 81.17307692307692 0.5416666666666666 135.8653846153846 45.28846153846154 1.1923076923076923 44.09615384615385 0.8848282999970252
380000 49.44230769230769 0.023418739741607124 81.17307692307692 0.5416666666666666 135.8653846153846 45.28846153846154 1.1923076923076923 44.09615384615385 0.975616199997603
382000 49.44230769230769 0.023202821530219228 81.17307692307692 0.5416666666666666 135.8653846153846 45.28846153846154 1.1923076923076923 44.09615384615385 0.9623603999934858
384000 50.25 0.02370393977694085 81.11538461538461 0.5416666666666666 135.8653846153846 45.28846153846154 1.2115384615384615 44.07692307692308 0.9456337000010535
386000 49.75 0.023547169453863925 81.13461538461539 0.5352564102564102 135.8653846153846 45.28846153846154 1.1923076923076923 44.09615384615385 1.0825202999985777
388000 49.75 0.0233168362876409 81.13461538461539 0.5352564102564102 135.8653846153846 45.28846153846154 1.1923076923076923 44.09615384615385 0.9611921000032453
390000 49.90384615384615 0.023299922247730278 81.11538461538461 0.5448717948717948 135.8653846153846 45.28846153846154 1.1923076923076923 44.09615384615385 0.9640603000007104
392000 49.90384615384615 0.023299922247730278 81.11538461538461 0.5448717948717948 135.8653846153846 45.28846153846154 1.1923076923076923 44.09615384615385 0.9411477999965427
394000 49.90384615384615 0.023299922247730278 81.11538461538461 0.5448717948717948 135.8653846153846 45.28846153846154 1.1923076923076923 44.09615384615385 0.9755741999979364
396000 49.90384615384615 0.023299922247730278 81.11538461538461 0.5448717948717948 135.8653846153846 45.28846153846154 1.1923076923076923 44.09615384615385 0.9732981999986805
398000 50.11538461538461 0.023270652198610242 81.65384615384616 0.5512820512820512 135.8653846153846 45.28846153846154 1.2115384615384615 44.07692307692308 1.0209786999912467
400000 49.80769230769231 0.02314222248635344 81.6923076923077 0.5576923076923076 135.8653846153846 45.28846153846154 1.2115384615384615 44.07692307692308 0.9972873000078835
402000 49.80769230769231 0.02314222248635344 81.6923076923077 0.5576923076923076 135.8653846153846 45.28846153846154 1.2115384615384615 44.07692307692308 0.9467970999976387
404000 49.80769230769231 0.02314222248635344 81.6923076923077 0.5576923076923076 135.8653846153846 45.28846153846154 1.2115384615384615 44.07692307692308 1.0247645000054035
406000 49.65384615384615 0.02315913652626406 81.71153846153847 0.548076923076923 135.8653846153846 45.28846153846154 1.2115384615384615 44.07692307692308 0.9465951000020141
408000 49.15384615384615 0.023002366203187137 81.73076923076923 0.5416666666666666 135.8653846153846 45.28846153846154 1.1923076923076923 44.09615384615385 0.9082677000114927
410000 49.65384615384615 0.023158997821551654 81.73076923076923 0.548076923076923 135.8653846153846 45.28846153846154 1.2115384615384615 44.07692307692308 0.9342953000013949
412000 49.65384615384615 0.023158997821551654 81.73076923076923 0.548076923076923 135.8653846153846 45.28846153846154 1.2115384615384615 44.07692307692308 0.9632514999975683
414000 49.15384615384615 0.02289260711041202 81.75 0.5416666666666666 135.8653846153846 45.28846153846154 1.1923076923076923 44.09615384615385 0.9571347000019159
416000 49.44230769230769 0.0231884065753841 81.17307692307692 0.5416666666666666 135.8653846153846 45.28846153846154 1.1923076923076923 44.09615384615385 1.0286134000052698
418000 49.94230769230769 0.023235556510398308 81.15384615384616 0.548076923076923 135.8653846153846 45.28846153846154 1.2115384615384615 44.07692307692308 0.9532816999999341
420000 49.94230769230769 0.023235556510398308 81.15384615384616 0.548076923076923 135.8653846153846 45.28846153846154 1.2115384615384615 44.07692307692308 0.909511099991505
422000 50.25 0.023363986222655106 81.11538461538461 0.5416666666666666 135.8653846153846 45.28846153846154 1.2115384615384615 44.07692307692308 0.9821082999987993
424000 50.25 0.023363986222655106 81.11538461538461 0.5416666666666666 135.8653846153846 45.28846153846154 1.2115384615384615 44.07692307692308 0.8693296999990707
426000 49.94230769230769 0.023235556510398308 81.15384615384616 0.548076923076923 135.8653846153846 45.28846153846154 1.2115384615384615 44.07692307692308 0.9847466999926837
428000 49.94230769230769 0.023235556510398308 81.15384615384616 0.548076923076923 135.8653846153846 45.28846153846154 1.2115384615384615 44.07692307692308 0.9188592999998946
430000 49.94230769230769 0.023235556510398308 81.15384615384616 0.548076923076923 135.8653846153846 45.28846153846154 1.2115384615384615 44.07692307692308 0.9946605000004638
432000 50.25 0.023363986222655106 81.11538461538461 0.5416666666666666 135.8653846153846 45.28846153846154 1.2115384615384615 44.07692307692308 1.0290733000001637
434000 49.94230769230769 0.023235556510398308 81.15384615384616 0.548076923076923 135.8653846153846 45.28846153846154 1.2115384615384615 44.07692307692308 0.8728436999954283
436000 49.94230769230769 0.023235556510398308 81.15384615384616 0.548076923076923 135.8653846153846 45.28846153846154 1.2115384615384615 44.07692307692308 0.9231829000054859
438000 49.94230769230769 0.023235556510398308 81.15384615384616 0.548076923076923 135.8653846153846 45.28846153846154 1.2115384615384615 44.07692307692308 0.9746188999997685
440000 49.94230769230769 0.023235556510398308 81.15384615384616 0.548076923076923 135.8653846153846 45.28846153846154 1.2115384615384615 44.07692307692308 0.9338986999937333
442000 49.94230769230769 0.023235556510398308 81.15384615384616 0.548076923076923 135.8653846153846 45.28846153846154 1.2115384615384615 44.07692307692308 0.9815353999874787
444000 49.94230769230769 0.023235556510398308 81.15384615384616 0.548076923076923 135.8653846153846 45.28846153846154 1.2115384615384615 44.07692307692308 0.9427509999950416
446000 49.94230769230769 0.023235556510398308 81.15384615384616 0.548076923076923 135.8653846153846 45.28846153846154 1.2115384615384615 44.07692307692308 0.9264705999958096
448000 49.94230769230769 0.023235556510398308 81.15384615384616 0.548076923076923 135.8653846153846 45.28846153846154 1.2115384615384615 44.07692307692308 0.9493023999966681
450000 49.94230769230769 0.023235556510398308 81.15384615384616 0.548076923076923 135.8653846153846 45.28846153846154 1.2115384615384615 44.07692307692308 0.9363573000009637
452000 49.94230769230769 0.023235556510398308 81.15384615384616 0.548076923076923 135.8653846153846 45.28846153846154 1.2115384615384615 44.07692307692308 0.99987770000007
454000 49.94230769230769 0.023235556510398308 81.15384615384616 0.548076923076923 135.8653846153846 45.28846153846154 1.2115384615384615 44.07692307692308 0.9404101999971317
456000 49.94230769230769 0.023235556510398308 81.15384615384616 0.548076923076923 135.8653846153846 45.28846153846154 1.2115384615384615 44.07692307692308 0.8289636999979848
458000 50.09615384615385 0.0233282628585504 81.13461538461539 0.5576923076923076 135.8653846153846 45.28846153846154 1.2115384615384615 44.07692307692308 0.8556548000051407
460000 50.09615384615385 0.0233282628585504 81.13461538461539 0.5576923076923076 135.8653846153846 45.28846153846154 1.2115384615384615 44.07692307692308 0.9402132000104757
462000 49.94230769230769 0.023561095109848915 81.15384615384616 0.548076923076923 135.8653846153846 45.28846153846154 1.2115384615384615 44.07692307692308 0.7290726000064751
464000 50.09615384615385 0.0233282628585504 81.13461538461539 0.5576923076923076 135.8653846153846 45.28846153846154 1.2115384615384615 44.07692307692308 0.7591737999900943
466000 50.09615384615385 0.023544181069938292 81.13461538461539 0.5576923076923076 135.8653846153846 45.28846153846154 1.2115384615384615 44.07692307692308 0.8122900999878766
468000 49.94230769230769 0.02334517689846102 81.15384615384616 0.548076923076923 135.8653846153846 45.28846153846154 1.2115384615384615 44.07692307692308 0.5215469999966444
470000 49.94230769230769 0.02334517689846102 81.15384615384616 0.548076923076923 135.8653846153846 45.28846153846154 1.2115384615384615 44.07692307692308 0.5930767999961972
472000 49.94230769230769 0.02334517689846102 81.15384615384616 0.548076923076923 135.8653846153846 45.28846153846154 1.2115384615384615 44.07692307692308 0.5308380000060424
474000 49.88461538461539 0.023552915099535075 81.17307692307692 0.548076923076923 135.8653846153846 45.28846153846154 1.2115384615384615 44.07692307692308 0.5293201000022236
476000 49.88461538461539 0.023552915099535075 81.17307692307692 0.548076923076923 135.8653846153846 45.28846153846154 1.2115384615384615 44.07692307692308 0.5273958000034327
478000 50.19230769230769 0.024065475364760783 81.07692307692308 0.548076923076923 135.8653846153846 45.28846153846154 1.2115384615384615 44.07692307692308 0.5227560000057565
480000 49.94230769230769 0.023561095109848915 81.15384615384616 0.548076923076923 135.8653846153846 45.28846153846154 1.2115384615384615 44.07692307692308 0.5174570999952266
482000 49.94230769230769 0.023575510064684044 81.15384615384616 0.548076923076923 135.8653846153846 45.28846153846154 1.2115384615384615 44.07692307692308 0.518031500003417
484000 49.94230769230769 0.02334517689846102 81.15384615384616 0.548076923076923 135.8653846153846 45.28846153846154 1.2115384615384615 44.07692307692308 0.515431499996339
486000 49.94230769230769 0.02334517689846102 81.15384615384616 0.548076923076923 135.8653846153846 45.28846153846154 1.2115384615384615 44.07692307692308 0.539286599989282
488000 49.94230769230769 0.02334517689846102 81.15384615384616 0.548076923076923 135.8653846153846 45.28846153846154 1.2115384615384615 44.07692307692308 0.5121596999961184
490000 49.94230769230769 0.02334517689846102 81.15384615384616 0.548076923076923 135.8653846153846 45.28846153846154 1.2115384615384615 44.07692307692308 0.612003200003528
492000 50.19230769230769 0.02371928073206208 81.07692307692308 0.548076923076923 135.8653846153846 45.28846153846154 1.2115384615384615 44.07692307692308 0.6659239000000525
494000 50.13461538461539 0.023696685766913108 81.09615384615384 0.548076923076923 135.8653846153846 45.28846153846154 1.2115384615384615 44.07692307692308 0.7421744999883231
496000 50.19230769230769 0.023609660343999365 81.07692307692308 0.548076923076923 135.8653846153846 45.28846153846154 1.2115384615384615 44.07692307692308 0.9051084999955492
498000 49.94230769230769 0.023235556510398308 81.15384615384616 0.548076923076923 135.8653846153846 45.28846153846154 1.2115384615384615 44.07692307692308 0.7763083000027109
500000 49.94230769230769 0.023235556510398308 81.15384615384616 0.548076923076923 135.8653846153846 45.28846153846154 1.2115384615384615 44.07692307692308 0.7761521999927936
