2000 0.9423076923076923 -0.2880384052206122 129.15384615384616 0.03685897435897435 135.46153846153845 45.30769230769231 0.0 45.30769230769231 0.6234886000020197
4000 1.3846153846153846 -0.09577100819822114 128.75 0.04647435897435897 135.46153846153845 45.30769230769231 0.0 45.30769230769231 0.5626538000069559
6000 1.5192307692307692 -0.46117777043466596 128.69230769230768 0.04647435897435897 135.46153846153845 45.30769230769231 0.0 45.30769230769231 0.4910507000022335
8000 1.0961538461538463 -0.40362189724090364 128.67307692307693 0.11538461538461536 135.46153846153845 45.30769230769231 0.0 45.30769230769231 0.6629754999885336
10000 1.5 0.0005019692422986868 127.63461538461539 0.15384615384615383 135.46153846153845 45.30769230769231 0.0 45.30769230769231 0.5992085000034422
12000 1.0192307692307692 -0.07669441139930112 128.84615384615384 0.09294871794871794 135.46153846153845 45.30769230769231 0.0 45.30769230769231 0.693417699993006
14000 1.9615384615384615 -0.0764729634970945 128.57692307692307 0.07371794871794872 135.46153846153845 45.30769230769231 0.0 45.30769230769231 0.6458274000033271
16000 1.7115384615384615 -0.28809000311126903 128.40384615384616 0.09935897435897435 135.46153846153845 45.30769230769231 0.0 45.30769230769231 0.71291360000032
18000 1.0 -0.3075431058051669 128.96153846153845 0.10256410256410256 135.46153846153845 45.30769230769231 0.0 45.30769230769231 0.6322362999926554
20000 1.0384615384615385 -0.018997953735388144 128.57692307692307 0.08493589743589743 135.46153846153845 45.30769230769231 0.0 45.30769230769231 0.6485431000037352
22000 1.4615384615384615 -0.018814950426574013 128.3653846153846 0.08653846153846154 135.46153846153845 45.30769230769231 0.0 45.30769230769231 0.6506358999904478
24000 1.8461538461538463 0.0006022435944819578 128.19230769230768 0.10096153846153846 135.46153846153845 45.30769230769231 0.0 45.30769230769231 0.7946444999979576
26000 3.6153846153846154 0.0013680406373328179 127.71153846153847 0.1185897435897436 135.46153846153845 45.30769230769231 0.0 45.30769230769231 0.7720813999912934
28000 3.230769230769231 0.0011572139909053127 127.76923076923077 0.14743589743589744 135.46153846153845 45.30769230769231 0.0 45.30769230769231 0.8855658999964362
30000 1.5384615384615385 0.000642716969000943 127.23076923076923 0.1185897435897436 135.46153846153845 45.30769230769231 0.0 45.30769230769231 0.8232819999975618
32000 1.5384615384615385 0.0006420621028943222 127.26923076923077 0.12820512820512822 135.46153846153845 45.30769230769231 0.0 45.30769230769231 0.8072804999974323
34000 1.25 0.0003183071722010917 128.34615384615384 0.09775641025641026 135.46153846153845 45.30769230769231 0.0 45.30769230769231 0.8457912000012584
36000 1.3076923076923077 0.000417238230196101 128.28846153846155 0.10256410256410256 135.46153846153845 45.30769230769231 0.0 45.30769230769231 0.8457875000021886
38000 1.5576923076923077 0.00036640605193201246 127.1923076923077 0.1185897435897436 135.46153846153845 45.30769230769231 0.0 45.30769230769231 0.8634808999922825
40000 1.7307692307692308 0.00047414467821892684 127.51923076923077 0.09935897435897437 135.46153846153845 45.30769230769231 0.0 45.30769230769231 0.9644413999922108
42000 2.3076923076923075 -0.3642462636741757 127.92307692307692 0.07852564102564104 135.46153846153845 45.30769230769231 0.0 45.30769230769231 0.8406687000097008
44000 3.730769230769231 0.001593715832314978 127.28846153846153 0.1346153846153846 135.46153846153845 45.30769230769231 0.0 45.30769230769231 0.9259965999954147
46000 3.7884615384615383 0.0014749195353270584 127.17307692307692 0.12980769230769232 135.46153846153845 45.30769230769231 0.0 45.30769230769231 0.8142351999995299
48000 1.9807692307692308 0.0006350478580847584 127.32692307692308 0.11057692307692307 135.46153846153845 45.30769230769231 0.0 45.30769230769231 0.8822839999920689
50000 3.576923076923077 0.0014531359919566845 127.3076923076923 0.11057692307692307 135.46153846153845 45.30769230769231 0.0 45.30769230769231 0.8924853000062285
52000 2.1923076923076925 0.0008814449556441011 127.5576923076923 0.07692307692307693 135.46153846153845 45.30769230769231 0.0 45.30769230769231 0.8987603999994462
54000 3.8846153846153846 0.0016232632159544277 127.03846153846153 0.08974358974358974 135.46153846153845 45.30769230769231 0.0 45.30769230769231 0.8737955999968108
56000 3.8846153846153846 0.00134611917135063 127.03846153846153 0.08974358974358974 135.46153846153845 45.30769230769231 0.0 45.30769230769231 0.875045399996452
58000 3.923076923076923 0.0013671974465961152 126.9423076923077 0.11057692307692306 135.46153846153845 45.30769230769231 0.0 45.30769230769231 0.8601246000034735
60000 3.3653846153846154 0.0010639740594074263 127.36538461538461 0.11057692307692306 135.46153846153845 45.30769230769231 0.019230769230769232 45.28846153846154 0.8344245000043884
62000 3.576923076923077 0.0011750179364101233 127.3076923076923 0.11057692307692307 135.46153846153845 45.30769230769231 0.0 45.30769230769231 0.8668722000002163
64000 3.8653846153846154 0.0012528466997005206 127.23076923076923 0.11538461538461536 135.46153846153845 45.30769230769231 0.0 45.30769230769231 0.8058293000067351
66000 3.8653846153846154 0.001253042966604976 127.21153846153847 0.11538461538461536 135.46153846153845 45.30769230769231 0.0 45.30769230769231 0.8866150000103517
68000 1.1538461538461537 -0.44225110367984705 128.21153846153845 0.11858974358974358 135.46153846153845 45.30769230769231 0.019230769230769232 45.28846153846154 0.8240860000078101
70000 4.076923076923077 -0.03707054753564189 127.28846153846153 0.11698717948717946 135.46153846153845 45.30769230769231 0.0 45.30769230769231 0.8633936999976868
72000 3.0961538461538463 -0.037472056354656766 127.42307692307692 0.10897435897435896 135.46153846153845 45.30769230769231 0.0 45.30769230769231 0.8667075000121258
74000 1.3461538461538463 -0.09599286055564157 128.23076923076923 0.10416666666666666 135.46153846153845 45.30769230769231 0.0 45.30769230769231 0.9008740999997826
76000 3.019230769230769 -0.03746790723517626 127.75 0.08814102564102563 135.46153846153845 45.30769230769231 0.0 45.30769230769231 0.9146126999985427
78000 1.4423076923076923 -0.01902030062700103 128.23076923076923 0.09775641025641026 135.46153846153845 45.30769230769231 0.0 45.30769230769231 0.8895725999900606
80000 1.3846153846153846 0.00019822735422161066 128.1346153846154 0.08653846153846154 135.46153846153845 45.30769230769231 0.0 45.30769230769231 0.9358434999885503
82000 1.1153846153846154 0.0003304243816439955 127.90384615384616 0.10897435897435896 135.46153846153845 45.30769230769231 0.0 45.30769230769231 0.8752697000018088
84000 3.019230769230769 -0.05634761036341401 127.46153846153847 0.1282051282051282 135.46153846153845 45.30769230769231 0.0 45.30769230769231 0.9565162999933818
86000 3.0961538461538463 -0.05631739273451722 127.4423076923077 0.1282051282051282 135.46153846153845 45.30769230769231 0.0 45.30769230769231 0.9644842999987304
88000 1.9615384615384615 -0.8845173666499536 128.26923076923077 0.08814102564102563 135.46153846153845 45.30769230769231 0.0 45.30769230769231 0.7784131000080379
90000 2.9038461538461537 -0.8455459803905576 127.98076923076923 0.08653846153846154 135.46153846153845 45.30769230769231 0.0 45.30769230769231 0.7462268000090262
92000 6.730769230769231 -0.325079288532674 126.63461538461539 0.14102564102564102 135.46153846153845 45.30769230769231 0.0 45.30769230769231 0.8236776999983704
94000 5.326923076923077 -0.34500144746647615 127.59615384615384 0.11057692307692306 135.46153846153845 45.30769230769231 0.0 45.30769230769231 1.0375744000048144
96000 3.9038461538461537 -0.3447401527655543 127.75 0.10897435897435898 135.46153846153845 45.30769230769231 0.0 45.30769230769231 0.7834132999996655
98000 6.423076923076923 -0.3445511254054846 126.71153846153847 0.15544871794871792 135.46153846153845 45.30769230769231 0.0 45.30769230769231 0.8259803000109969
100000 8.096153846153847 -0.3438791852941548 126.11538461538461 0.17307692307692307 135.46153846153845 45.30769230769231 0.0 45.30769230769231 0.8054332000028808
102000 5.634615384615385 0.0014971026549254177 126.01923076923077 0.20032051282051277 135.46153846153845 45.30769230769231 0.019230769230769232 45.28846153846154 0.8760817000002135
104000 4.9423076923076925 -0.3061353305243763 125.88461538461539 0.19711538461538458 135.46153846153845 45.30769230769231 0.019230769230769232 45.28846153846154 0.8753097000007983
106000 4.0 0.0014142311263341779 123.96153846153847 0.22756410256410253 135.46153846153845 45.30769230769231 0.019230769230769232 45.28846153846154 0.854398499999661
108000 3.9423076923076925 0.0011656299011318133 124.0576923076923 0.22115384615384612 135.46153846153845 45.30769230769231 0.019230769230769232 45.28846153846154 0.8864861000038218
110000 3.0 -0.037115976870659165 126.11538461538461 0.16025641025641024 135.46153846153845 45.30769230769231 0.019230769230769232 45.28846153846154 0.834246999991592
112000 4.653846153846154 0.002016263320258812 126.26923076923077 0.15865384615384615 135.46153846153845 45.30769230769231 0.0 45.30769230769231 0.8694233999995049
114000 1.8846153846153846 0.0006489046051360006 128.3653846153846 0.0641025641025641 135.46153846153845 45.30769230769231 0.0 45.30769230769231 0.8143466000037733
116000 1.1346153846153846 0.00041154520417674363 128.59615384615384 0.060897435897435896 135.46153846153845 45.30769230769231 0.0 45.30769230769231 0.8962349999928847
118000 0.9038461538461539 -0.057424009375930694 128.51923076923077 0.0625 135.46153846153845 45.30769230769231 0.0 45.30769230769231 0.8730065999989165
120000 1.5769230769230769 -0.018884021111633734 128.32692307692307 0.09775641025641026 135.46153846153845 45.30769230769231 0.0 45.30769230769231 0.8522083999996539
122000 1.3461538461538463 -0.01875795480382353 128.1153846153846 0.08653846153846154 135.46153846153845 45.30769230769231 0.0 45.30769230769231 0.9141597999987425
124000 1.5384615384615385 -0.17280444473359852 128.40384615384616 0.08493589743589744 135.46153846153845 45.30769230769231 0.0 45.30769230769231 0.9470061000029091
126000 1.5 -0.03803556859133942 128.40384615384616 0.057692307692307696 135.46153846153845 45.30769230769231 0.0 45.30769230769231 0.841181099996902
128000 1.4423076923076923 0.0005009594293084331 127.88461538461539 0.08814102564102563 135.46153846153845 45.30769230769231 0.0 45.30769230769231 0.871653599999263
130000 0.9230769230769231 0.00027035956197504237 128.23076923076923 0.0625 135.46153846153845 45.30769230769231 0.0 45.30769230769231 0.8932484999968437
132000 1.9038461538461537 -0.05714798069339114 127.82692307692308 0.11698717948717949 135.46153846153845 45.30769230769231 0.0 45.30769230769231 0.8757314999966184
134000 2.1923076923076925 -0.05661801015872677 127.46153846153847 0.09935897435897437 135.46153846153845 45.30769230769231 0.0 45.30769230769231 0.8563979000027757
136000 2.1153846153846154 -0.018196602555711858 127.59615384615384 0.07852564102564104 135.46153846153845 45.30769230769231 0.0 45.30769230769231 0.8572818999964511
138000 1.7307692307692308 -0.09555332632908034 127.82692307692308 0.10576923076923077 135.46153846153845 45.30769230769231 0.0 45.30769230769231 0.7908167999994475
140000 1.7692307692307692 -0.03786361371859107 127.8076923076923 0.11057692307692307 135.46153846153845 45.30769230769231 0.0 45.30769230769231 0.8434182000055443
142000 2.019230769230769 -0.172506305987644 127.76923076923077 0.06570512820512821 135.46153846153845 45.30769230769231 0.0 45.30769230769231 0.8983040000020992
144000 4.115384615384615 -0.03677541996772017 127.51923076923077 0.11538461538461536 135.46153846153845 45.30769230769231 0.0 45.30769230769231 0.8350650000065798
146000 2.480769230769231 -0.13393509660205977 127.40384615384616 0.11538461538461539 135.46153846153845 45.30769230769231 0.0 45.30769230769231 0.9706800999992993
148000 5.519230769230769 -0.24793954467587626 126.90384615384616 0.1474358974358974 135.46153846153845 45.30769230769231 0.0 45.30769230769231 0.9680970000044908
150000 4.711538461538462 0.0019651467670423854 127.0 0.09134615384615384 135.46153846153845 45.30769230769231 0.0 45.30769230769231 0.9251065999997081
152000 4.961538461538462 -0.0364634209299654 126.42307692307692 0.125 135.46153846153845 45.30769230769231 0.0 45.30769230769231 0.8779367999959504
154000 6.211538461538462 -0.01663999647910287 126.42307692307692 0.15064102564102563 135.46153846153845 45.30769230769231 0.0 45.30769230769231 0.8758974000083981
156000 6.230769230769231 -0.2090465505509546 126.51923076923077 0.1330128205128205 135.46153846153845 45.30769230769231 0.0 45.30769230769231 0.8899462999979733
158000 6.961538461538462 0.0027638808567318277 126.09615384615384 0.14102564102564102 135.46153846153845 45.30769230769231 0.0 45.30769230769231 0.878096700005699
160000 7.0576923076923075 -0.016485527544492427 125.63461538461539 0.15064102564102563 135.46153846153845 45.30769230769231 0.0 45.30769230769231 0.8680651000031503
162000 4.596153846153846 -0.1333308288839241 126.15384615384616 0.1490384615384615 135.46153846153845 45.30769230769231 0.0 45.30769230769231 0.951585899994825
164000 4.0576923076923075 -0.2298219004534499 126.1923076923077 0.15064102564102563 135.46153846153845 45.30769230769231 0.0 45.30769230769231 0.8405262000014773
166000 10.23076923076923 -0.015550403853560947 125.21153846153847 0.23878205128205127 135.46153846153845 45.30769230769231 0.019230769230769232 45.28846153846154 0.8317057999956887
168000 10.98076923076923 0.00393485192543159 125.15384615384616 0.22916666666666666 135.46153846153845 45.30769230769231 0.0 45.30769230769231 0.9192929999990156
170000 10.153846153846153 -0.1311869049412335 125.90384615384616 0.1955128205128205 135.46153846153845 45.30769230769231 0.0 45.30769230769231 0.8816516999941086
172000 10.423076923076923 -0.034855619030325254 125.59615384615384 0.2243589743589744 135.46153846153845 45.30769230769231 0.0 45.30769230769231 0.8144754000095418
174000 10.961538461538462 -0.03421042138631842 125.09615384615384 0.22756410256410253 135.46153846153845 45.30769230769231 0.0 45.30769230769231 0.8307269000069937
176000 5.519230769230769 -0.1909408582227011 126.03846153846153 0.18269230769230768 135.46153846153845 45.30769230769231 0.0 45.30769230769231 0.929506800006493
178000 4.576923076923077 -0.4218151937999073 126.53846153846153 0.17948717948717946 135.46153846153845 45.30769230769231 0.0 45.30769230769231 0.8261400000046706
180000 4.903846153846154 -0.2483551305114179 126.15384615384616 0.16185897435897434 135.46153846153845 45.30769230769231 0.0 45.30769230769231 0.8451016999897547
182000 4.903846153846154 -0.3058694819380197 124.96153846153847 0.19230769230769232 135.46153846153845 45.30769230769231 0.0 45.30769230769231 0.8326964000007138
184000 3.75 -0.30627341874009334 126.03846153846153 0.15224358974358976 135.46153846153845 45.30769230769231 0.0 45.30769230769231 0.9314961000054609
186000 3.6538461538461537 -0.2102000195770007 126.36538461538461 0.1201923076923077 135.46153846153845 45.30769230769231 0.0 45.30769230769231 0.9003342999931192
188000 6.4423076923076925 -0.2094208079712128 125.36538461538461 0.17628205128205127 135.46153846153845 45.30769230769231 0.0 45.30769230769231 0.8925741999992169
190000 4.769230769230769 -0.21003362196140635 126.1923076923077 0.1490384615384615 135.46153846153845 45.30769230769231 0.0 45.30769230769231 0.8190195000061067
192000 3.3653846153846154 -0.21075177579523352 126.46153846153847 0.1233974358974359 135.46153846153845 45.30769230769231 0.0 45.30769230769231 0.8956145999982255
194000 3.4423076923076925 -0.19172088605715548 126.8076923076923 0.11217948717948717 135.46153846153845 45.30769230769231 0.0 45.30769230769231 0.8531976999947801
196000 2.7115384615384617 -0.2302787229410712 126.73076923076923 0.1346153846153846 135.46153846153845 45.30769230769231 0.019230769230769232 45.28846153846154 0.7956916999974055
198000 2.826923076923077 -0.23021102897178508 126.53846153846153 0.15064102564102566 135.46153846153845 45.30769230769231 0.019230769230769232 45.28846153846154 0.8498594999982743
200000 5.769230769230769 -0.2295158428621051 124.82692307692308 0.21955128205128205 135.46153846153845 45.30769230769231 0.019230769230769232 45.28846153846154 0.8809930999996141
202000 6.0576923076923075 -0.2294890971676001 125.01923076923077 0.219551282051282 135.46153846153845 45.30769230769231 0.019230769230769232 45.28846153846154 0.804684200003976
204000 7.211538461538462 -0.2291306139675736 124.86538461538461 0.21474358974358973 135.46153846153845 45.30769230769231 0.019230769230769232 45.28846153846154 0.8972516999929212
206000 6.634615384615385 -0.22899796422849453 124.51923076923077 0.24519230769230768 135.46153846153845 45.30769230769231 0.019230769230769232 45.28846153846154 0.77702720000525
208000 8.5 -0.22840719295314602 124.25 0.2676282051282051 135.46153846153845 45.30769230769231 0.019230769230769232 45.28846153846154 0.9212826000002678
210000 12.25 -0.24638393438199946 124.25 0.2596153846153846 135.46153846153845 45.30769230769231 0.0 45.30769230769231 0.8486885000020266
212000 15.461538461538462 -0.24454294851344358 123.09615384615384 0.2692307692307692 135.46153846153845 45.30769230769231 0.0 45.30769230769231 0.8058636999921873
214000 14.211538461538462 -0.22595363806560215 123.48076923076923 0.26442307692307687 135.46153846153845 45.30769230769231 0.0 45.30769230769231 0.8338976000086404
216000 16.057692307692307 -0.22497759389199895 123.03846153846153 0.2948717948717949 135.46153846153845 45.30769230769231 0.0 45.30769230769231 0.8696787000080803
218000 19.942307692307693 -0.011649793455365228 122.4423076923077 0.35737179487179493 135.46153846153845 45.30769230769231 0.019230769230769232 45.28846153846154 0.8512394999997923
220000 16.28846153846154 0.006178158932137061 123.03846153846153 0.3381410256410256 135.46153846153845 45.30769230769231 0.019230769230769232 45.28846153846154 0.882249000002048
222000 18.48076923076923 -0.012242389916082414 122.1923076923077 0.3926282051282052 135.46153846153845 45.30769230769231 0.019230769230769232 45.28846153846154 0.9402551000093808
224000 20.865384615384617 0.008209871340122033 122.17307692307692 0.3637820512820513 135.46153846153845 45.30769230769231 0.0 45.30769230769231 0.8840309000079287
226000 20.923076923076923 -0.030353769801350683 122.40384615384616 0.34615384615384615 135.46153846153845 45.30769230769231 0.0 45.30769230769231 0.8476234999980079
228000 21.75 0.008907339471221338 122.1923076923077 0.37820512820512825 135.46153846153845 45.30769230769231 0.0 45.30769230769231 0.8719506000052206
230000 21.923076923076923 0.008866298489323885 122.15384615384616 0.38301282051282054 135.46153846153845 45.30769230769231 0.0 45.30769230769231 0.9119237999984762
232000 21.73076923076923 0.008982986203489213 122.21153846153847 0.37820512820512825 135.46153846153845 45.30769230769231 0.0 45.30769230769231 0.8589693999965675
234000 21.942307692307693 0.008827131129986843 122.17307692307692 0.3637820512820513 135.46153846153845 45.30769230769231 0.0 45.30769230769231 0.838484799998696
236000 21.75 0.008989757807813406 122.1923076923077 0.37820512820512825 135.46153846153845 45.30769230769231 0.0 45.30769230769231 0.8522996000101557
238000 21.615384615384617 0.008529950530357646 122.25 0.3685897435897436 135.46153846153845 45.30769230769231 0.0 45.30769230769231 0.8486521999875549
240000 21.596153846153847 0.008818423214928595 122.17307692307692 0.3605769230769231 135.46153846153845 45.30769230769231 0.0 45.30769230769231 0.8303904000058537
242000 21.653846153846153 0.008565113083515466 122.28846153846153 0.3685897435897436 135.46153846153845 45.30769230769231 0.0 45.30769230769231 0.8463925999967614
244000 21.78846153846154 0.008942502024379158 122.23076923076923 0.37820512820512825 135.46153846153845 45.30769230769231 0.0 45.30769230769231 0.8715164999885019
246000 21.865384615384617 0.008466000279632478 122.17307692307692 0.3685897435897436 135.46153846153845 45.30769230769231 0.0 45.30769230769231 0.8742985999997472
248000 21.615384615384617 0.008544979402712512 122.25 0.3685897435897436 135.46153846153845 45.30769230769231 0.0 45.30769230769231 0.9357436999998754
250000 21.365384615384617 0.008117868991719339 122.26923076923077 0.36858974358974356 135.46153846153845 45.30769230769231 0.0 45.30769230769231 0.8874491000024136
252000 21.96153846153846 0.008628200566780082 122.1923076923077 0.38782051282051283 135.46153846153845 45.30769230769231 0.0 45.30769230769231 0.8126862999924924
254000 22.115384615384617 0.008782673491762188 122.17307692307692 0.38301282051282054 135.46153846153845 45.30769230769231 0.0 45.30769230769231 0.8552737000136403
256000 21.51923076923077 0.008492572240964766 122.21153846153847 0.37820512820512814 135.46153846153845 45.30769230769231 0.0 45.30769230769231 0.887491699992097
258000 22.115384615384617 0.008783468392898992 122.17307692307692 0.37820512820512825 135.46153846153845 45.30769230769231 0.0 45.30769230769231 0.903962299998966
260000 21.98076923076923 0.008708235536694612 122.23076923076923 0.38782051282051283 135.46153846153845 45.30769230769231 0.0 45.30769230769231 0.9325607999926433
262000 22.153846153846153 0.009080395162604173 122.1923076923077 0.37820512820512825 135.46153846153845 45.30769230769231 0.0 45.30769230769231 0.8806280999997398
264000 21.942307692307693 0.00864165782923638 122.28846153846153 0.3637820512820513 135.46153846153845 45.30769230769231 0.0 45.30769230769231 0.8444381000008434
266000 22.115384615384617 0.008945749937275507 122.25 0.3637820512820513 135.46153846153845 45.30769230769231 0.0 45.30769230769231 0.8779351999983191
268000 22.076923076923077 0.009027465037009607 122.3076923076923 0.38782051282051283 135.46153846153845 45.30769230769231 0.0 45.30769230769231 0.9559873999969568
270000 21.923076923076923 0.00883702155831134 122.34615384615384 0.38782051282051283 135.46153846153845 45.30769230769231 0.0 45.30769230769231 0.8481915000011213
272000 22.134615384615383 0.009143410780944205 122.26923076923077 0.38301282051282054 135.46153846153845 45.30769230769231 0.0 45.30769230769231 0.8597651000018232
274000 21.884615384615383 0.009050941172282499 122.34615384615384 0.38782051282051283 135.46153846153845 45.30769230769231 0.0 45.30769230769231 0.9304539000004297
276000 22.134615384615383 0.009191348978591649 122.26923076923077 0.38301282051282054 135.46153846153845 45.30769230769231 0.0 45.30769230769231 0.8621768000011798
278000 22.057692307692307 0.009138934577351515 122.1923076923077 0.38301282051282054 135.46153846153845 45.30769230769231 0.0 45.30769230769231 0.9701439000054961
280000 21.942307692307693 0.009062687111254047 122.34615384615384 0.3701923076923077 135.46153846153845 45.30769230769231 0.0 45.30769230769231 0.9169653999997536
282000 21.96153846153846 0.00906936392211503 122.25 0.3766025641025641 135.46153846153845 45.30769230769231 0.0 45.30769230769231 0.8234731000120519
284000 22.01923076923077 -0.010099516850748539 122.3076923076923 0.38301282051282054 135.46153846153845 45.30769230769231 0.0 45.30769230769231 0.9459015000029467
286000 22.076923076923077 -0.010062585078331684 122.3076923076923 0.38301282051282054 135.46153846153845 45.30769230769231 0.0 45.30769230769231 0.8938101999956416
288000 22.615384615384617 -0.00971461901334043 122.15384615384616 0.3862179487179487 135.46153846153845 45.30769230769231 0.0 45.30769230769231 0.8747310000035213
290000 22.192307692307693 -0.010023192422228365 122.3076923076923 0.37660256410256415 135.46153846153845 45.30769230769231 0.0 45.30769230769231 0.8863010999921244
292000 22.057692307692307 -0.029306097591733304 122.32692307692308 0.37820512820512825 135.46153846153845 45.30769230769231 0.0 45.30769230769231 0.8400184999918565
294000 22.057692307692307 -0.02930499886602811 122.3076923076923 0.37820512820512825 135.46153846153845 45.30769230769231 0.0 45.30769230769231 0.8417403000057675
296000 21.96153846153846 0.00914334210108436 122.13461538461539 0.37820512820512825 135.46153846153845 45.30769230769231 0.0 45.30769230769231 0.8364769000036176
298000 22.096153846153847 0.009155396584411156 122.09615384615384 0.37820512820512825 135.46153846153845 45.30769230769231 0.0 45.30769230769231 0.8715423999965424
300000 22.173076923076923 0.009199345388412114 122.17307692307692 0.38461538461538464 135.46153846153845 45.30769230769231 0.0 45.30769230769231 0.8896619000006467
302000 21.884615384615383 0.009092128720075409 122.23076923076923 0.37820512820512825 135.46153846153845 45.30769230769231 0.0 45.30769230769231 0.8036218999914126
304000 21.96153846153846 0.009132210195038282 122.09615384615384 0.3733974358974359 135.46153846153845 45.30769230769231 0.0 45.30769230769231 0.9937427999975625
306000 21.634615384615383 0.00898504938699357 122.26923076923077 0.3733974358974359 135.46153846153845 45.30769230769231 0.0 45.30769230769231 0.9405504000023939
308000 21.884615384615383 0.009077150904485418 122.25 0.37820512820512825 135.46153846153845 45.30769230769231 0.0 45.30769230769231 0.9093299999949522
310000 21.596153846153847 0.008880006819706977 122.26923076923077 0.37820512820512825 135.46153846153845 45.30769230769231 0.0 45.30769230769231 0.8231601000006776
312000 21.557692307692307 0.008856911779219797 122.23076923076923 0.3733974358974359 135.46153846153845 45.30769230769231 0.0 45.30769230769231 0.845484999998007
314000 21.826923076923077 0.008607748154355725 122.15384615384616 0.3733974358974359 135.46153846153845 45.30769230769231 0.0 45.30769230769231 0.8636747999989893
316000 21.846153846153847 0.008620812215193072 122.15384615384616 0.3733974358974359 135.46153846153845 45.30769230769231 0.0 45.30769230769231 0.8853120999992825
318000 21.923076923076923 0.008748160977912135 122.11538461538461 0.375 135.46153846153845 45.30769230769231 0.0 45.30769230769231 0.8662480000057258
320000 22.057692307692307 0.008811499511003802 122.1923076923077 0.3685897435897436 135.46153846153845 45.30769230769231 0.0 45.30769230769231 0.8717068999976618
322000 22.51923076923077 0.009106046448871875 122.28846153846153 0.3701923076923077 135.46153846153845 45.30769230769231 0.0 45.30769230769231 0.8672268000082113
324000 22.76923076923077 0.009211690857186311 122.3076923076923 0.3701923076923077 135.46153846153845 45.30769230769231 0.0 45.30769230769231 0.8772466000082204
326000 22.673076923076923 0.009162272465500571 122.3076923076923 0.3701923076923077 135.46153846153845 45.30769230769231 0.0 45.30769230769231 0.8830358999985037
328000 22.403846153846153 0.008899791437742593 122.34615384615384 0.3605769230769231 135.46153846153845 45.30769230769231 0.0 45.30769230769231 0.9068785999988904
330000 22.423076923076923 0.008912855498579937 122.34615384615384 0.3605769230769231 135.46153846153845 45.30769230769231 0.0 45.30769230769231 0.9067136999947252
332000 22.442307692307693 0.008926584529856521 122.36538461538461 0.3605769230769231 135.46153846153845 45.30769230769231 0.0 45.30769230769231 0.9018485999986297
334000 22.346153846153847 0.009188187918236524 122.42307692307692 0.36538461538461536 135.46153846153845 45.30769230769231 0.0 45.30769230769231 0.8338553000066895
336000 22.326923076923077 0.009270558935803095 122.48076923076923 0.36538461538461536 135.46153846153845 45.30769230769231 0.0 45.30769230769231 0.861902699994971
338000 22.326923076923077 0.009270558935803095 122.48076923076923 0.36538461538461536 135.46153846153845 45.30769230769231 0.0 45.30769230769231 0.8666405999974813
340000 22.326923076923077 0.009270558935803095 122.48076923076923 0.36538461538461536 135.46153846153845 45.30769230769231 0.0 45.30769230769231 0.82189279999875
342000 22.326923076923077 0.009270558935803095 122.48076923076923 0.36538461538461536 135.46153846153845 45.30769230769231 0.0 45.30769230769231 0.8685075999965193
344000 22.326923076923077 0.009270558935803095 122.48076923076923 0.36538461538461536 135.46153846153845 45.30769230769231 0.0 45.30769230769231 0.956566799999564
346000 22.365384615384617 0.009297991016790066 122.4423076923077 0.36538461538461536 135.46153846153845 45.30769230769231 0.0 45.30769230769231 0.8352861000021221
348000 22.384615384615383 0.009309156691989166 122.38461538461539 0.36538461538461536 135.46153846153845 45.30769230769231 0.0 45.30769230769231 0.8994988999911584
350000 22.365384615384617 0.009297991016790066 122.4423076923077 0.36538461538461536 135.46153846153845 45.30769230769231 0.0 45.30769230769231 0.9086719000042649
352000 22.46153846153846 0.009336673379110875 122.4423076923077 0.3701923076923077 135.46153846153845 45.30769230769231 0.0 45.30769230769231 0.8599117999983719
354000 22.71153846153846 0.009361905192515884 122.4423076923077 0.3701923076923077 135.46153846153845 45.30769230769231 0.0 45.30769230769231 0.9453899999934947
356000 22.48076923076923 0.00919257021863303 122.40384615384616 0.3557692307692308 135.46153846153845 45.30769230769231 0.0 45.30769230769231 0.8846857000025921
358000 22.807692307692307 0.009295535782383266 122.40384615384616 0.36538461538461536 135.46153846153845 45.30769230769231 0.0 45.30769230769231 0.878229599999031
360000 24.634615384615383 0.010701200293154495 122.38461538461539 0.37179487179487186 135.46153846153845 45.30769230769231 0.0 45.30769230769231 0.966885200003162
362000 24.634615384615383 0.010701200293154495 122.38461538461539 0.37179487179487186 135.46153846153845 45.30769230769231 0.0 45.30769230769231 0.798505099999602
364000 24.442307692307693 0.010496390931390705 122.51923076923077 0.3397435897435897 135.46153846153845 45.30769230769231 0.0 45.30769230769231 0.8717574000038439
366000 25.23076923076923 0.010951725077594041 122.25 0.37179487179487186 135.46153846153845 45.30769230769231 0.0 45.30769230769231 0.8627491000079317
368000 35.94230769230769 0.015880701112899263 121.4423076923077 0.3894230769230769 135.46153846153845 45.30769230769231 0.0 45.30769230769231 0.8895032000000356
370000 36.84615384615385 0.016194690454571874 121.40384615384616 0.3942307692307692 135.46153846153845 45.30769230769231 0.0 45.30769230769231 0.8932214000087697
372000 36.46153846153846 -0.003724092582720381 121.5576923076923 0.3942307692307692 135.46153846153845 45.30769230769231 0.0 45.30769230769231 0.8046780000004219
374000 41.94230769230769 -0.01887015040096468 121.0576923076923 0.41506410256410253 135.46153846153845 45.30769230769231 0.0 45.30769230769231 0.820741800009273
376000 44.86538461538461 0.02125425086358077 120.75 0.4182692307692308 135.46153846153845 45.30769230769231 0.0 45.30769230769231 0.7953508999926271
378000 46.28846153846154 0.022696940815942854 120.6923076923077 0.43749999999999994 135.46153846153845 45.30769230769231 0.0 45.30769230769231 0.8538574000122026
380000 45.0 0.021543139199307487 120.75 0.4182692307692308 135.46153846153845 45.30769230769231 0.0 45.30769230769231 0.8933322000084445
382000 44.86538461538461 0.02125425086358077 120.75 0.4182692307692308 135.46153846153845 45.30769230769231 0.0 45.30769230769231 0.865083800003049
384000 44.86538461538461 0.02125425086358077 120.75 0.4182692307692308 135.46153846153845 45.30769230769231 0.0 45.30769230769231 0.9542082999978447
386000 46.19230769230769 0.022654368833179457 120.73076923076923 0.43108974358974356 135.46153846153845 45.30769230769231 0.0 45.30769230769231 0.9329774999932852
388000 46.32692307692308 0.022734028763056986 120.6923076923077 0.4262820512820512 135.46153846153845 45.30769230769231 0.0 45.30769230769231 0.9348240999970585
390000 46.0 0.02240644345507433 120.86538461538461 0.4262820512820512 135.46153846153845 45.30769230769231 0.0 45.30769230769231 0.8939232999982778
392000 45.09615384615385 0.02214119827584152 120.92307692307692 0.407051282051282 135.46153846153845 45.30769230769231 0.0 45.30769230769231 0.8909347000007983
394000 45.09615384615385 0.02214119827584152 120.92307692307692 0.407051282051282 135.46153846153845 45.30769230769231 0.0 45.30769230769231 0.8321652000013273
396000 45.09615384615385 0.02214119827584152 120.92307692307692 0.407051282051282 135.46153846153845 45.30769230769231 0.0 45.30769230769231 0.9229186000011396
398000 46.73076923076923 0.02029548698557389 121.0 0.407051282051282 135.46153846153845 45.30769230769231 0.0 45.30769230769231 1.0609335999906762
400000 46.51923076923077 0.000979746004082527 121.15384615384616 0.407051282051282 135.46153846153845 45.30769230769231 0.0 45.30769230769231 1.0214816000079736
402000 46.78846153846154 0.0011181046265814525 121.01923076923077 0.40064102564102566 135.46153846153845 45.30769230769231 0.0 45.30769230769231 0.8892581999971299
404000 46.55769230769231 0.0010534520078048987 121.13461538461539 0.3910256410256411 135.46153846153845 45.30769230769231 0.0 45.30769230769231 0.852330499998061
406000 46.59615384615385 0.02034658937576875 121.01923076923077 0.407051282051282 135.46153846153845 45.30769230769231 0.0 45.30769230769231 0.859567400009837
408000 46.25 0.01984091930461774 120.9423076923077 0.41025641025641024 135.46153846153845 45.30769230769231 0.0 45.30769230769231 0.8888340999983484
410000 48.28846153846154 0.020110091202797886 120.32692307692308 0.4423076923076923 135.46153846153845 45.30769230769231 0.0 45.30769230769231 0.8516147999907844
412000 48.48076923076923 0.020764289250229793 120.26923076923077 0.4423076923076923 135.46153846153845 45.30769230769231 0.0 45.30769230769231 0.8365326000057394
414000 57.05769230769231 0.024538795874964763 120.11538461538461 0.4487179487179487 135.46153846153845 45.30769230769231 0.0 45.30769230769231 0.8872504999890225
416000 57.11538461538461 0.02447167504220811 120.17307692307692 0.45512820512820507 135.46153846153845 45.30769230769231 0.0 45.30769230769231 0.9060158000065712
418000 58.15384615384615 0.024833577527474823 120.01923076923077 0.45512820512820507 135.46153846153845 45.30769230769231 0.0 45.30769230769231 0.867556400000467
420000 58.15384615384615 0.024833577527474823 120.01923076923077 0.45512820512820507 135.46153846153845 45.30769230769231 0.0 45.30769230769231 0.8604341000027489
422000 58.5 0.025030256577194068 119.86538461538461 0.4599358974358974 135.46153846153845 45.30769230769231 0.0 45.30769230769231 0.9179356999957236
424000 56.30769230769231 0.024288036637393578 120.09615384615384 0.4503205128205128 135.46153846153845 45.30769230769231 0.0 45.30769230769231 0.8672950000036508
426000 57.44230769230769 0.02479962512690154 119.88461538461539 0.4599358974358974 135.46153846153845 45.30769230769231 0.0 45.30769230769231 0.9044976999866776
428000 57.44230769230769 0.02479962512690154 119.88461538461539 0.4599358974358974 135.46153846153845 45.30769230769231 0.0 45.30769230769231 0.8878797999932431
430000 57.44230769230769 0.02479962512690154 119.88461538461539 0.4599358974358974 135.46153846153845 45.30769230769231 0.0 45.30769230769231 0.8336045000032755
432000 57.44230769230769 0.02479962512690154 119.88461538461539 0.4599358974358974 135.46153846153845 45.30769230769231 0.0 45.30769230769231 0.8104886999935843
434000 57.44230769230769 0.02479962512690154 119.88461538461539 0.4599358974358974 135.46153846153845 45.30769230769231 0.0 45.30769230769231 0.9394596999918576
436000 57.44230769230769 0.02479962512690154 119.88461538461539 0.4599358974358974 135.46153846153845 45.30769230769231 0.0 45.30769230769231 0.8311730999994325
438000 57.44230769230769 0.02479962512690154 119.88461538461539 0.4599358974358974 135.46153846153845 45.30769230769231 0.0 45.30769230769231 0.869787500007078
440000 58.23076923076923 0.025056272398314094 119.86538461538461 0.4599358974358974 135.46153846153845 45.30769230769231 0.0 45.30769230769231 0.8831197000108659
442000 58.23076923076923 0.025056272398314094 119.86538461538461 0.4599358974358974 135.46153846153845 45.30769230769231 0.0 45.30769230769231 0.857910599996103
444000 58.23076923076923 0.025056272398314094 119.86538461538461 0.4599358974358974 135.46153846153845 45.30769230769231 0.0 45.30769230769231 0.8823608999955468
446000 58.23076923076923 0.025056272398314094 119.86538461538461 0.4599358974358974 135.46153846153845 45.30769230769231 0.0 45.30769230769231 0.861676600005012
448000 58.23076923076923 0.025056272398314094 119.86538461538461 0.4599358974358974 135.46153846153845 45.30769230769231 0.0 45.30769230769231 0.8501823999977205
450000 58.23076923076923 0.025056272398314094 119.86538461538461 0.4599358974358974 135.46153846153845 45.30769230769231 0.0 45.30769230769231 0.8743741999933263
452000 58.23076923076923 0.025056272398314094 119.86538461538461 0.4599358974358974 135.46153846153845 45.30769230769231 0.0 45.30769230769231 0.8820072999951662
454000 58.23076923076923 0.025056272398314094 119.86538461538461 0.4599358974358974 135.46153846153845 45.30769230769231 0.0 45.30769230769231 1.0457235000067158
456000 58.23076923076923 0.025056272398314094 119.86538461538461 0.4599358974358974 135.46153846153845 45.30769230769231 0.0 45.30769230769231 0.8810570999921765
458000 58.23076923076923 0.025056272398314094 119.86538461538461 0.4599358974358974 135.46153846153845 45.30769230769231 0.0 45.30769230769231 0.8644858999905409
460000 58.23076923076923 0.025056272398314094 119.86538461538461 0.4599358974358974 135.46153846153845 45.30769230769231 0.0 45.30769230769231 0.8958109000086552
462000 58.23076923076923 0.025056272398314094 119.86538461538461 0.4599358974358974 135.46153846153845 45.30769230769231 0.0 45.30769230769231 0.9038344000000507
464000 58.23076923076923 0.025056272398314094 119.86538461538461 0.4599358974358974 135.46153846153845 45.30769230769231 0.0 45.30769230769231 0.9131573000049684
466000 58.23076923076923 0.025056272398314094 119.86538461538461 0.4599358974358974 135.46153846153845 45.30769230769231 0.0 45.30769230769231 0.8383560000074795
468000 58.23076923076923 0.025056272398314094 119.86538461538461 0.4599358974358974 135.46153846153845 45.30769230769231 0.0 45.30769230769231 0.8444630999874789
470000 58.23076923076923 0.025056272398314094 119.86538461538461 0.4599358974358974 135.46153846153845 45.30769230769231 0.0 45.30769230769231 0.9121575999888591
472000 58.23076923076923 0.025056272398314094 119.86538461538461 0.4599358974358974 135.46153846153845 45.30769230769231 0.0 45.30769230769231 0.8530007999943336
474000 58.23076923076923 0.025056272398314094 119.86538461538461 0.4599358974358974 135.46153846153845 45.30769230769231 0.0 45.30769230769231 0.8816081999975722
476000 58.23076923076923 0.025056272398314094 119.86538461538461 0.4599358974358974 135.46153846153845 45.30769230769231 0.0 45.30769230769231 0.848848800000269
478000 58.23076923076923 0.025056272398314094 119.86538461538461 0.4599358974358974 135.46153846153845 45.30769230769231 0.0 45.30769230769231 0.8449855999933789
480000 58.23076923076923 0.025056272398314094 119.86538461538461 0.4599358974358974 135.46153846153845 45.30769230769231 0.0 45.30769230769231 0.872180299993488
482000 58.23076923076923 0.025056272398314094 119.86538461538461 0.4599358974358974 135.46153846153845 45.30769230769231 0.0 45.30769230769231 0.8982221999904141
484000 58.23076923076923 0.025056272398314094 119.86538461538461 0.4599358974358974 135.46153846153845 45.30769230769231 0.0 45.30769230769231 0.8772912999993423
486000 58.23076923076923 0.025056272398314094 119.86538461538461 0.4599358974358974 135.46153846153845 45.30769230769231 0.0 45.30769230769231 0.8908891000028234
488000 58.23076923076923 0.025056272398314094 119.86538461538461 0.4599358974358974 135.46153846153845 45.30769230769231 0.0 45.30769230769231 0.8937319999968167
490000 58.23076923076923 0.025056272398314094 119.86538461538461 0.4599358974358974 135.46153846153845 45.30769230769231 0.0 45.30769230769231 0.86508909999975
492000 58.23076923076923 0.025056272398314094 119.86538461538461 0.4599358974358974 135.46153846153845 45.30769230769231 0.0 45.30769230769231 0.903978599992115
494000 58.23076923076923 0.025056272398314094 119.86538461538461 0.4599358974358974 135.46153846153845 45.30769230769231 0.0 45.30769230769231 0.8798442000115756
496000 58.23076923076923 0.025056272398314094 119.86538461538461 0.4599358974358974 135.46153846153845 45.30769230769231 0.0 45.30769230769231 0.918435400002636
498000 58.23076923076923 0.025056272398314094 119.86538461538461 0.4599358974358974 135.46153846153845 45.30769230769231 0.0 45.30769230769231 0.8793659999937518
500000 58.23076923076923 0.025056272398314094 119.86538461538461 0.4599358974358974 135.46153846153845 45.30769230769231 0.0 45.30769230769231 0.9141518999967957
