2000 3.6923076923076925 -0.05639209758458907 36.296667846153845 0.1314102564102564 45.301282057692305 45.30769230769231 2.6346153846153846 42.67307692307692 0.69050539995078
4000 2.0961538461538463 -0.11478728736116596 36.172805173076924 0.15544871794871792 45.301282057692305 45.30769230769231 2.6346153846153846 42.67307692307692 0.7401009000022896
6000 1.2692307692307692 0.00024743990477260256 37.01856967307693 0.09294871794871794 45.301282057692305 45.30769230769231 2.6346153846153846 42.67307692307692 0.8756470000371337
8000 1.7884615384615385 -0.018761511014189908 36.168820173076924 0.10897435897435898 45.301282057692305 45.30769230769231 3.8076923076923075 41.5 0.8342780999955721
10000 3.230769230769231 0.0012725656215258425 34.36402961538461 0.12980769230769232 45.301282057692305 45.30769230769231 6.711538461538462 38.59615384615385 0.9198672999627888
12000 2.6153846153846154 -0.05696732334492616 35.61360246153847 0.09134615384615384 45.301282057692305 45.30769230769231 5.326923076923077 39.98076923076923 1.001497199991718
14000 3.5 -0.018511486705838208 36.45809686538461 0.09294871794871797 45.301282057692305 45.30769230769231 2.8076923076923075 42.5 1.2063760999590158
16000 3.5576923076923075 0.0012898498787869465 36.23057021153846 0.09935897435897437 45.301282057692305 45.30769230769231 2.6346153846153846 42.67307692307692 1.632504599983804
18000 1.6730769230769231 0.00044154741700638215 36.04566913461539 0.10096153846153846 45.301282057692305 45.30769230769231 3.4615384615384617 41.84615384615385 1.7514764000079595
20000 3.1153846153846154 0.0005943960505462512 34.95259619230769 0.11538461538461536 45.301282057692305 45.30769230769231 2.6923076923076925 42.61538461538461 1.8058421000023372
22000 3.1538461538461537 0.001047245532642614 35.755855749999995 0.09615384615384616 45.301282057692305 45.30769230769231 2.6346153846153846 42.67307692307692 1.9710532000171952
24000 4.5 -0.15250006896950988 35.018974096153855 0.16826923076923078 45.301282057692305 45.30769230769231 2.6346153846153846 42.67307692307692 1.878004800004419
26000 2.1538461538461537 0.0007909423096330409 36.36185557692306 0.09134615384615384 45.301282057692305 45.30769230769231 2.6346153846153846 42.67307692307692 2.063220900017768
28000 3.6538461538461537 0.0006716689976150656 35.15024663461538 0.11378205128205127 45.301282057692305 45.30769230769231 2.6346153846153846 42.67307692307692 1.921477199997753
30000 3.269230769230769 0.0014035691428527686 35.81913921153846 0.14903846153846156 45.301282057692305 45.30769230769231 2.6346153846153846 42.67307692307692 1.7775606999639422
32000 4.173076923076923 0.0019860107480868146 34.96523928846154 0.15865384615384615 45.301282057692305 45.30769230769231 2.6346153846153846 42.67307692307692 1.8793527000234462
34000 4.846153846153846 0.0017026412910830478 35.07930607692306 0.11538461538461536 45.301282057692305 45.30769230769231 2.673076923076923 42.63461538461539 2.0107225000392646
36000 3.769230769230769 0.0013428750419379513 35.207511211538446 0.11538461538461536 45.301282057692305 45.30769230769231 2.6346153846153846 42.67307692307692 1.9686987000168301
38000 1.2115384615384615 -0.07667406772637869 36.13135384615384 0.11538461538461539 45.301282057692305 45.30769230769231 2.7884615384615383 42.51923076923077 1.7977113000233658
40000 2.4038461538461537 0.0009707369872468462 36.034969192307706 0.13621794871794873 45.301282057692305 45.30769230769231 2.6346153846153846 42.67307692307692 1.844887099985499
42000 4.5576923076923075 0.0019495054505378614 34.81114319230768 0.11217948717948717 45.301282057692305 45.30769230769231 2.6346153846153846 42.67307692307692 1.8996583000407554
44000 4.038461538461538 0.0016439880862860806 35.13058796153844 0.11217948717948717 45.301282057692305 45.30769230769231 2.6346153846153846 42.67307692307692 1.8932218999834731
46000 1.6730769230769231 0.0004884861274617109 36.69843132692307 0.09615384615384613 45.301282057692305 45.30769230769231 2.6346153846153846 42.67307692307692 2.151552300027106
48000 5.8076923076923075 0.002387790337868675 35.14031021153845 0.10096153846153846 45.301282057692305 45.30769230769231 2.6346153846153846 42.67307692307692 2.033611999999266
50000 5.269230769230769 0.002233190802342865 35.15526746153845 0.10096153846153846 45.301282057692305 45.30769230769231 2.6346153846153846 42.67307692307692 2.057854100014083
52000 3.6346153846153846 0.001221025317035211 36.44736261538462 0.08173076923076923 45.301282057692305 45.30769230769231 2.6346153846153846 42.67307692307692 1.7548429000307806
54000 3.5576923076923075 0.0012665264532307366 36.650353480769226 0.05288461538461538 45.301282057692305 45.30769230769231 2.6346153846153846 42.67307692307692 1.9731674999929965
56000 4.038461538461538 0.0017088915578765602 36.30847280769231 0.06570512820512821 45.301282057692305 45.30769230769231 2.6346153846153846 42.67307692307692 1.7602053000009619
58000 2.6923076923076925 0.0008414783426540703 36.62818473076925 0.07211538461538461 45.301282057692305 45.30769230769231 2.6346153846153846 42.67307692307692 1.7898813999490812
60000 4.1923076923076925 0.0014479998066177764 36.11295975 0.08333333333333334 45.301282057692305 45.30769230769231 2.6346153846153846 42.67307692307692 1.7582520000287332
62000 2.480769230769231 0.0007026268880586915 36.80168898076924 0.06249999999999999 45.301282057692305 45.30769230769231 2.6346153846153846 42.67307692307692 1.983490200014785
64000 4.1923076923076925 0.0015264731614452005 35.86011038461538 0.1121794871794872 45.301282057692305 45.30769230769231 2.6346153846153846 42.67307692307692 1.8463041999493726
66000 3.9615384615384617 0.0013629466765977757 36.42882523076923 0.09615384615384617 45.301282057692305 45.30769230769231 2.6346153846153846 42.67307692307692 2.001094400009606
68000 4.596153846153846 0.0014359227683821542 36.37968003846153 0.10096153846153848 45.301282057692305 45.30769230769231 2.6346153846153846 42.67307692307692 1.8094442000146955
70000 4.884615384615385 0.0015320892068392982 36.0605913076923 0.12500000000000003 45.301282057692305 45.30769230769231 2.6346153846153846 42.67307692307692 1.9477669000043534
72000 4.346153846153846 0.001366518596605379 36.44378257692308 0.09615384615384617 45.301282057692305 45.30769230769231 2.6923076923076925 42.61538461538461 1.9523563999682665
74000 2.9615384615384617 0.0009129018063778036 36.89303511538462 0.06410256410256411 45.301282057692305 45.30769230769231 2.8653846153846154 42.44230769230769 1.8388705999823287
76000 2.673076923076923 0.0007765682881007619 36.352703403846164 0.0641025641025641 45.301282057692305 45.30769230769231 3.0 42.30769230769231 1.7972958000027575
78000 1.9615384615384615 0.00042984400546817146 36.86750111538463 0.06249999999999999 45.301282057692305 45.30769230769231 3.0 42.30769230769231 1.8554412999656051
80000 2.4615384615384617 0.0008107370131369175 34.74650638461539 0.14743589743589744 45.301282057692305 45.30769230769231 3.019230769230769 42.28846153846154 1.8714679999975488
82000 1.7884615384615385 0.00022876788987812835 37.02455282692308 0.07532051282051282 45.301282057692305 45.30769230769231 3.0 42.30769230769231 1.801127499958966
84000 2.0384615384615383 0.00033012013594831363 36.67145515384615 0.13141025641025642 45.301282057692305 45.30769230769231 2.6346153846153846 42.67307692307692 1.93393699999433
86000 3.0576923076923075 0.0008353113675100935 35.52116926923076 0.15544871794871795 45.301282057692305 45.30769230769231 2.673076923076923 42.63461538461539 2.0019903000211343
88000 5.634615384615385 0.001954765713741079 32.576882557692315 0.16666666666666669 45.301282057692305 45.30769230769231 2.6538461538461537 42.65384615384615 1.990485800022725
90000 5.5576923076923075 0.0019354866967865982 32.62816446153847 0.16666666666666666 45.301282057692305 45.30769230769231 2.6538461538461537 42.65384615384615 2.0400284999632277
92000 8.615384615384615 0.002761452896886838 30.040556 0.24519230769230768 45.301282057692305 45.30769230769231 2.6538461538461537 42.65384615384615 1.922581800026819
94000 5.115384615384615 -0.11421679542848474 35.79670948076923 0.1153846153846154 45.301282057692305 45.30769230769231 2.9038461538461537 42.40384615384615 1.8522531000198796
96000 10.576923076923077 -0.4591463454452 34.19360444230768 0.17628205128205127 45.301282057692305 45.30769230769231 3.173076923076923 42.13461538461539 1.749523299979046
98000 10.903846153846153 -0.45891191789751473 33.689330692307685 0.18269230769230768 45.301282057692305 45.30769230769231 3.2115384615384617 42.09615384615385 1.819378400046844
100000 10.711538461538462 -0.6143966529585446 32.2795011923077 0.27724358974358976 45.301282057692305 45.30769230769231 3.4038461538461537 41.90384615384615 1.6985932000097819
102000 9.653846153846153 -0.6148639838790982 33.04723648076923 0.20833333333333334 45.301282057692305 45.30769230769231 3.3076923076923075 42.0 1.7313164999941364
104000 9.788461538461538 -0.5757875813772632 32.51133913461538 0.2676282051282051 45.301282057692305 45.30769230769231 3.326923076923077 41.98076923076923 1.7303880999679677
106000 10.153846153846153 -0.5755844541052307 32.110697788461536 0.2788461538461538 45.301282057692305 45.30769230769231 3.3653846153846154 41.94230769230769 1.7328087000059895
108000 10.307692307692308 -0.4786212477830795 32.636979807692306 0.203525641025641 45.301282057692305 45.30769230769231 3.1923076923076925 42.11538461538461 1.9499934000195935
110000 11.01923076923077 -0.5752172198570533 31.99061215384615 0.25320512820512825 45.301282057692305 45.30769230769231 3.3846153846153846 41.92307692307692 1.7011645999737084
112000 13.173076923076923 -0.05176408814439696 31.774800096153847 0.26121794871794873 45.301282057692305 45.30769230769231 3.3076923076923075 42.0 1.7927629000041634
114000 14.788461538461538 0.005263810820216973 31.39517015384616 0.28365384615384615 45.301282057692305 45.30769230769231 2.980769230769231 42.32692307692308 1.7818199000321329
116000 11.653846153846153 0.0029653523085644683 32.37121975 0.2564102564102564 45.301282057692305 45.30769230769231 2.6538461538461537 42.65384615384615 1.9143087000120431
118000 17.326923076923077 0.006647273267299792 30.76269161538462 0.32532051282051283 45.301282057692305 45.30769230769231 3.25 42.05769230769231 1.8504176999558695
120000 10.423076923076923 0.002036184081435374 32.36480980769232 0.2628205128205128 45.301282057692305 45.30769230769231 2.7115384615384617 42.59615384615385 1.901914099988062
122000 10.557692307692308 0.0025999514517406055 32.34237432692308 0.27403846153846156 45.301282057692305 45.30769230769231 2.769230769230769 42.53846153846154 1.8015567000256851
124000 22.76923076923077 0.009653605794672494 29.957651596153855 0.3349358974358974 45.301282057692305 45.30769230769231 3.5384615384615383 41.76923076923077 2.2276370000327006
126000 19.115384615384617 0.00706925826955178 30.792800346153847 0.30128205128205127 45.301282057692305 45.30769230769231 2.8846153846153846 42.42307692307692 2.1301704999641515
128000 22.0 0.008648316530182418 30.153164461538474 0.32211538461538464 45.301282057692305 45.30769230769231 3.480769230769231 41.82692307692308 1.9623643000377342
130000 21.115384615384617 0.008170866303265363 30.26249498076924 0.3317307692307692 45.301282057692305 45.30769230769231 3.423076923076923 41.88461538461539 1.7924069999717176
132000 10.076923076923077 0.0030914252307112614 32.04216100000001 0.2692307692307692 45.301282057692305 45.30769230769231 2.9038461538461537 42.40384615384615 2.1519582999753766
134000 22.057692307692307 0.008757743523121348 30.14889096153847 0.32211538461538464 45.301282057692305 45.30769230769231 3.480769230769231 41.82692307692308 1.8263499000458978
136000 21.98076923076923 0.009164996447660124 30.185118557692313 0.32532051282051283 45.301282057692305 45.30769230769231 3.4615384615384617 41.84615384615385 1.8417565999552608
138000 16.76923076923077 0.00655106475227664 30.58943376923077 0.3253205128205128 45.301282057692305 45.30769230769231 3.25 42.05769230769231 1.7865542999934405
140000 14.384615384615385 0.0055470013881404176 29.490164461538477 0.30929487179487186 45.301282057692305 45.30769230769231 2.9423076923076925 42.36538461538461 1.8353116000071168
142000 9.692307692307692 0.0024503366146964097 29.277200807692314 0.2948717948717948 45.301282057692305 45.30769230769231 2.6538461538461537 42.65384615384615 1.9111111999955028
144000 9.692307692307692 0.0024503366146964097 29.277200807692314 0.2948717948717948 45.301282057692305 45.30769230769231 2.6538461538461537 42.65384615384615 1.8724240000010468
146000 9.692307692307692 0.0024503366146964097 29.277200807692314 0.2948717948717948 45.301282057692305 45.30769230769231 2.6538461538461537 42.65384615384615 1.9675890999496914
148000 10.01923076923077 0.0025845278653759147 29.50155992307693 0.3141025641025641 45.301282057692305 45.30769230769231 2.6538461538461537 42.65384615384615 1.8755966000026092
150000 10.01923076923077 0.0026079681568241015 29.50155992307693 0.3141025641025641 45.301282057692305 45.30769230769231 2.6538461538461537 42.65384615384615 1.8264645000454038
152000 10.01923076923077 0.0025678939786879453 29.740876307692318 0.3269230769230769 45.301282057692305 45.30769230769231 2.6538461538461537 42.65384615384615 1.8946979000465944
154000 10.134615384615385 0.0026998050421800555 29.822072942307695 0.33333333333333337 45.301282057692305 45.30769230769231 2.6538461538461537 42.65384615384615 1.9794508999912068
156000 9.692307692307692 0.0024503366146964097 29.277200807692314 0.2948717948717948 45.301282057692305 45.30769230769231 2.6538461538461537 42.65384615384615 1.8024064999772236
158000 22.346153846153847 0.008875465037508504 30.256474692307698 0.3189102564102564 45.301282057692305 45.30769230769231 2.6346153846153846 42.67307692307692 1.8572227000258863
160000 21.73076923076923 0.008306752312781197 30.333397807692315 0.3173076923076923 45.301282057692305 45.30769230769231 2.6346153846153846 42.67307692307692 2.1234221000340767
162000 13.307692307692308 0.0039551871555144735 31.809680692307705 0.2692307692307692 45.301282057692305 45.30769230769231 2.6346153846153846 42.67307692307692 1.7947580000036396
164000 21.846153846153847 0.00847130601203874 30.42955173076924 0.3189102564102564 45.301282057692305 45.30769230769231 2.6346153846153846 42.67307692307692 1.8274024000274949
166000 22.346153846153847 0.008875465037508504 30.256474692307698 0.3189102564102564 45.301282057692305 45.30769230769231 2.6346153846153846 42.67307692307692 2.2535299999872223
168000 22.346153846153847 0.008875465037508504 30.256474692307698 0.3189102564102564 45.301282057692305 45.30769230769231 2.6346153846153846 42.67307692307692 1.7925203000195324
170000 22.346153846153847 0.008875465037508504 30.256474692307698 0.3189102564102564 45.301282057692305 45.30769230769231 2.6346153846153846 42.67307692307692 1.8337101999786682
172000 21.884615384615383 0.008764905087069121 30.326987557692313 0.3125 45.301282057692305 45.30769230769231 2.6538461538461537 42.65384615384615 2.0293939999537542
174000 21.78846153846154 0.008702355045101678 30.397500423076927 0.30288461538461536 45.301282057692305 45.30769230769231 2.673076923076923 42.63461538461539 1.8070246000424959
176000 21.76923076923077 0.008721228377000657 30.403910711538472 0.30929487179487175 45.301282057692305 45.30769230769231 2.6346153846153846 42.67307692307692 1.7932704000268131
178000 21.634615384615383 0.008583325570854129 30.503269826923084 0.3189102564102564 45.301282057692305 45.30769230769231 2.6346153846153846 42.67307692307692 1.8493876000284217
180000 21.634615384615383 0.00858329038799575 30.53852623076924 0.30929487179487175 45.301282057692305 45.30769230769231 2.6538461538461537 42.65384615384615 1.8940675999619998
182000 21.673076923076923 0.008634674707351084 30.455192807692313 0.30288461538461536 45.301282057692305 45.30769230769231 2.673076923076923 42.63461538461539 2.015246999973897
184000 21.76923076923077 0.008682758279096914 30.543136134615388 0.30288461538461536 45.301282057692305 45.30769230769231 2.730769230769231 42.57692307692308 1.880057799979113
186000 21.51923076923077 0.008432245298557475 30.588739980769237 0.2980769230769231 45.301282057692305 45.30769230769231 2.6538461538461537 42.65384615384615 1.9735603999579325
188000 21.865384615384617 0.008912707520632415 30.483307096153847 0.2980769230769231 45.301282057692305 45.30769230769231 2.6923076923076925 42.61538461538461 1.877158299961593
190000 31.884615384615383 0.012624375608810332 29.453442980769232 0.3573717948717948 45.301282057692305 45.30769230769231 3.25 42.05769230769231 1.759658999973908
192000 30.846153846153847 0.012030663039791225 29.547673846153845 0.36217948717948717 45.301282057692305 45.30769230769231 3.269230769230769 42.03846153846154 2.085812299977988
194000 32.11538461538461 0.012352285169837607 29.492747538461536 0.34615384615384615 45.301282057692305 45.30769230769231 3.3461538461538463 41.96153846153846 1.904270600003656
196000 32.07692307692308 0.01228792642395964 29.263687538461536 0.3685897435897436 45.301282057692305 45.30769230769231 3.326923076923077 41.98076923076923 1.8700660000322387
198000 31.307692307692307 0.012213448815897825 29.49959694230769 0.36698717948717946 45.301282057692305 45.30769230769231 3.269230769230769 42.03846153846154 1.762284099997487
200000 29.21153846153846 0.011436442256581 29.6395005 0.33653846153846156 45.301282057692305 45.30769230769231 3.173076923076923 42.13461538461539 1.8637995999888517
202000 26.115384615384617 0.010393872654283586 30.294047807692316 0.3076923076923077 45.301282057692305 45.30769230769231 2.9038461538461537 42.40384615384615 1.996470500016585
204000 26.903846153846153 0.01052565360226094 30.203235923076925 0.3173076923076923 45.301282057692305 45.30769230769231 2.9615384615384617 42.34615384615385 2.062635299982503
206000 21.21153846153846 0.008378369501857653 30.566945115384627 0.2932692307692308 45.301282057692305 45.30769230769231 2.6538461538461537 42.65384615384615 2.203067700029351
208000 20.73076923076923 0.00822751042021998 30.70519298076924 0.30608974358974356 45.301282057692305 45.30769230769231 2.6346153846153846 42.67307692307692 1.9010498999850824
210000 21.173076923076923 0.008370822061952356 30.65284257692309 0.30608974358974356 45.301282057692305 45.30769230769231 2.6538461538461537 42.65384615384615 1.9230798999778926
212000 21.48076923076923 0.00843284018110642 30.53532117307693 0.31570512820512814 45.301282057692305 45.30769230769231 2.6538461538461537 42.65384615384615 2.0232087000040337
214000 21.71153846153846 0.00852904242357275 30.520461096153856 0.31570512820512814 45.301282057692305 45.30769230769231 2.673076923076923 42.63461538461539 1.9034615000127815
216000 21.326923076923077 0.00844169344461247 30.546102076923088 0.30929487179487186 45.301282057692305 45.30769230769231 2.673076923076923 42.63461538461539 2.3491943000117317
218000 21.46153846153846 0.008340568368967642 30.488746307692313 0.30929487179487175 45.301282057692305 45.30769230769231 2.730769230769231 42.57692307692308 2.2028098000446334
220000 21.28846153846154 0.008259584167175095 30.542897096153858 0.30929487179487175 45.301282057692305 45.30769230769231 2.6923076923076925 42.61538461538461 1.8826953999814577
222000 21.76923076923077 0.008611491656402607 30.426780442307695 0.3141025641025641 45.301282057692305 45.30769230769231 2.730769230769231 42.57692307692308 1.8690120999817736
224000 21.634615384615383 0.008491953921384795 30.580626596153852 0.29967948717948717 45.301282057692305 45.30769230769231 2.7115384615384617 42.59615384615385 1.9072454000124708
226000 21.5 0.008433792832651684 30.456771250000006 0.2932692307692308 45.301282057692305 45.30769230769231 2.923076923076923 42.38461538461539 2.0628276000497863
228000 21.98076923076923 0.008728456177371592 30.484670750000006 0.3205128205128205 45.301282057692305 45.30769230769231 3.076923076923077 42.23076923076923 1.8835434000357054
230000 21.673076923076923 0.00963773200487206 30.270741173076928 0.33333333333333337 45.301282057692305 45.30769230769231 3.5384615384615383 41.76923076923077 2.0772027000202797
232000 21.51923076923077 0.00817441477769255 30.310992326923078 0.33333333333333337 45.301282057692305 45.30769230769231 3.6538461538461537 41.65384615384615 2.0156611999846064
234000 22.21153846153846 -0.011100315276217246 30.465574807692313 0.34134615384615385 45.301282057692305 45.30769230769231 3.730769230769231 41.57692307692308 1.8449923999723978
236000 22.73076923076923 0.008775490982111257 30.37613363461539 0.30448717948717946 45.301282057692305 45.30769230769231 2.8461538461538463 42.46153846153846 2.0632255999953486
238000 23.826923076923077 0.009310286334417479 30.275337461538463 0.29967948717948717 45.301282057692305 45.30769230769231 3.0576923076923075 42.25 2.0554772000177763
240000 27.076923076923077 0.009812560841833858 29.59515034615385 0.3108974358974359 45.301282057692305 45.30769230769231 2.923076923076923 42.38461538461539 1.94496390002314
242000 29.423076923076923 0.010985298369152456 29.437030307692307 0.3125 45.301282057692305 45.30769230769231 2.769230769230769 42.53846153846154 1.9852909999899566
244000 29.71153846153846 0.01127179300818193 29.02463676923077 0.32211538461538464 45.301282057692305 45.30769230769231 2.769230769230769 42.53846153846154 2.1755543000181206
246000 34.69230769230769 0.013101673435075232 29.06096186538462 0.33012820512820507 45.301282057692305 45.30769230769231 2.8653846153846154 42.44230769230769 1.9197661000071093
248000 41.26923076923077 0.016798304857696452 29.03458905769231 0.33653846153846156 45.301282057692305 45.30769230769231 2.923076923076923 42.38461538461539 2.1472725000348873
250000 44.63461538461539 0.01869819112212916 28.583021826923076 0.34455128205128205 45.301282057692305 45.30769230769231 3.0 42.30769230769231 2.013898200006224
252000 44.69230769230769 0.018871347874405302 28.394097076923074 0.3701923076923077 45.301282057692305 45.30769230769231 2.9615384615384617 42.34615384615385 1.8307130999746732
254000 47.23076923076923 0.01972480059342827 28.252791596153845 0.3814102564102564 45.301282057692305 45.30769230769231 2.980769230769231 42.32692307692308 1.8840957999927923
256000 48.13461538461539 0.020501816507374163 28.12779163461539 0.3830128205128205 45.301282057692305 45.30769230769231 3.019230769230769 42.28846153846154 2.14586310001323
258000 51.15384615384615 0.02227964583812301 27.895775807692303 0.3910256410256409 45.301282057692305 45.30769230769231 3.0384615384615383 42.26923076923077 1.8516255000140518
260000 48.5 0.021890883004817688 27.81495478846153 0.4134615384615383 45.301282057692305 45.30769230769231 2.9038461538461537 42.40384615384615 1.9492947999970056
262000 49.57692307692308 0.021200855806205322 27.878345288461528 0.3862179487179487 45.301282057692305 45.30769230769231 2.8653846153846154 42.44230769230769 1.903416000015568
264000 51.69230769230769 0.02235369177013287 27.85838249999999 0.3862179487179487 45.301282057692305 45.30769230769231 2.8846153846153846 42.42307692307692 1.8891086999792606
266000 50.82692307692308 0.02144989987708223 27.916965057692302 0.3878205128205128 45.301282057692305 45.30769230769231 2.826923076923077 42.48076923076923 1.8837942000245675
268000 51.01923076923077 0.022081378905136215 27.963973730769226 0.3766025641025641 45.301282057692305 45.30769230769231 2.8653846153846154 42.44230769230769 2.0896631000214256
270000 50.42307692307692 0.021855984528735436 27.94474292307692 0.3862179487179487 45.301282057692305 45.30769230769231 2.8461538461538463 42.46153846153846 2.1635578999994323
272000 49.73076923076923 0.02171236774240233 27.85036957692307 0.3958333333333333 45.301282057692305 45.30769230769231 2.8076923076923075 42.5 1.85992640000768
274000 49.26923076923077 0.02111377947960432 27.67083771153845 0.4038461538461538 45.301282057692305 45.30769230769231 2.769230769230769 42.53846153846154 1.9155323000159115
276000 52.15384615384615 0.023521156326937496 27.64127940384615 0.4102564102564102 45.301282057692305 45.30769230769231 2.826923076923077 42.48076923076923 1.9817091999575496
278000 52.76923076923077 0.02387905370606955 27.575930384615383 0.40064102564102555 45.301282057692305 45.30769230769231 2.8461538461538463 42.46153846153846 1.9853363000438549
280000 53.30769230769231 0.023938461765280028 27.618816961538457 0.4262820512820512 45.301282057692305 45.30769230769231 2.923076923076923 42.38461538461539 2.098028099979274
282000 52.61538461538461 0.023378290775203328 27.338058173076924 0.4294871794871794 45.301282057692305 45.30769230769231 2.769230769230769 42.53846153846154 1.8346028000232764
284000 54.01923076923077 0.024669675139134754 27.472819961538463 0.4262820512820512 45.301282057692305 45.30769230769231 2.8076923076923075 42.5 1.8723978000343777
286000 54.51923076923077 0.024266459376998974 27.472820019230767 0.41987179487179477 45.301282057692305 45.30769230769231 2.826923076923077 42.48076923076923 1.927387399948202
288000 53.30769230769231 0.023178461287237603 27.54938694230769 0.41987179487179477 45.301282057692305 45.30769230769231 2.7884615384615383 42.51923076923077 1.9715761000406928
290000 55.65384615384615 0.02422529631366154 27.405156076923074 0.41666666666666663 45.301282057692305 45.30769230769231 2.7884615384615383 42.51923076923077 1.885933900019154
292000 55.38461538461539 0.023921181076966416 27.35764511538462 0.41666666666666663 45.301282057692305 45.30769230769231 2.7884615384615383 42.51923076923077 1.8571356000029482
294000 57.09615384615385 0.024809437783458083 27.31775909615385 0.42788461538461525 45.301282057692305 45.30769230769231 2.7884615384615383 42.51923076923077 1.8468032000237145
296000 54.55769230769231 0.023741693291722574 27.466246500000008 0.41185897435897434 45.301282057692305 45.30769230769231 2.8076923076923075 42.5 1.802139299979899
298000 56.42307692307692 0.023941336356217643 27.395733692307697 0.41185897435897434 45.301282057692305 45.30769230769231 2.9423076923076925 42.36538461538461 1.766222200007178
300000 55.71153846153846 0.024208331544919685 27.41816953846154 0.41185897435897434 45.301282057692305 45.30769230769231 2.8076923076923075 42.5 1.9859297000220977
302000 56.63461538461539 0.024068518478055242 27.472656903846158 0.39262820512820507 45.301282057692305 45.30769230769231 2.8653846153846154 42.44230769230769 1.9291209999937564
304000 56.36538461538461 0.0234956202864392 27.508981730769236 0.3990384615384614 45.301282057692305 45.30769230769231 2.8653846153846154 42.44230769230769 1.8024559000041336
306000 56.36538461538461 0.0234956202864392 27.508981730769236 0.3990384615384614 45.301282057692305 45.30769230769231 2.8653846153846154 42.44230769230769 1.8641919000074267
308000 59.38461538461539 0.024346566837018777 27.494024538461545 0.40865384615384603 45.301282057692305 45.30769230769231 3.0 42.30769230769231 1.9032785999588668
310000 59.82692307692308 0.025394279650244305 27.68375873076924 0.4038461538461538 45.301282057692305 45.30769230769231 3.076923076923077 42.23076923076923 1.8308006000006571
312000 59.53846153846154 0.025279304960797517 27.714029461538473 0.4022435897435897 45.301282057692305 45.30769230769231 3.076923076923077 42.23076923076923 1.8059676000266336
314000 60.38461538461539 0.026091743400911437 27.584658653846166 0.41185897435897434 45.301282057692305 45.30769230769231 2.923076923076923 42.38461538461539 1.8520268000429496
316000 62.86538461538461 0.026968504383903243 27.535254442307703 0.4150641025641025 45.301282057692305 45.30769230769231 3.076923076923077 42.23076923076923 1.9174143999698572
318000 61.11538461538461 0.02610841931727128 27.72468046153847 0.39903846153846145 45.301282057692305 45.30769230769231 2.980769230769231 42.32692307692308 1.9256630999734625
320000 60.65384615384615 0.025609520408122068 27.629262750000013 0.39423076923076916 45.301282057692305 45.30769230769231 3.1153846153846154 42.19230769230769 1.8688368999864906
322000 61.51923076923077 0.02699514030905687 27.64592446153847 0.39423076923076916 45.301282057692305 45.30769230769231 3.1153846153846154 42.19230769230769 1.8192974000121467
324000 62.76923076923077 0.02699888791838711 27.611024192307703 0.4006410256410256 45.301282057692305 45.30769230769231 3.1346153846153846 42.17307692307692 1.8743724999949336
326000 63.01923076923077 0.02728172793133254 27.63524073076924 0.40544871794871795 45.301282057692305 45.30769230769231 3.1538461538461537 42.15384615384615 1.7958456000196747
328000 61.67307692307692 0.028055081346669446 27.664086865384625 0.407051282051282 45.301282057692305 45.30769230769231 3.1346153846153846 42.17307692307692 1.7489780000178143
330000 61.69230769230769 0.02751099020300352 27.642719288461553 0.41185897435897434 45.301282057692305 45.30769230769231 3.1153846153846154 42.19230769230769 1.8288995000184514
332000 62.96153846153846 0.02814264756211495 27.559385942307703 0.4086538461538461 45.301282057692305 45.30769230769231 3.1346153846153846 42.17307692307692 1.8520196999888867
334000 68.9423076923077 0.03139489032995863 27.388445692307705 0.41185897435897434 45.301282057692305 45.30769230769231 3.1346153846153846 42.17307692307692 1.7981975000002421
336000 75.67307692307692 0.03667179787250216 26.977298730769242 0.4278846153846153 45.301282057692305 45.30769230769231 3.1538461538461537 42.15384615384615 1.7807744999881834
338000 94.76923076923077 0.04748791599220935 26.21697630769231 0.453525641025641 45.301282057692305 45.30769230769231 3.0961538461538463 42.21153846153846 1.8072614000411704
340000 117.76923076923077 0.05824538957061229 25.340533615384608 0.4583333333333333 45.301282057692305 45.30769230769231 2.980769230769231 42.32692307692308 2.0666261999867857
342000 124.46153846153847 0.05949272421121066 25.142705846153834 0.47756410256410253 45.301282057692305 45.30769230769231 2.980769230769231 42.32692307692308 1.881300100008957
344000 128.42307692307693 0.0610283758278464 24.57432940384615 0.47115384615384615 45.301282057692305 45.30769230769231 2.923076923076923 42.38461538461539 1.7962965000187978
346000 130.25 0.06203460344059275 24.154279249999988 0.48878205128205116 45.301282057692305 45.30769230769231 2.923076923076923 42.38461538461539 1.8804020999814384
348000 133.42307692307693 0.06409457043543895 24.152187057692295 0.5096153846153846 45.301282057692305 45.30769230769231 2.9423076923076925 42.36538461538461 1.8584951999946497
350000 142.6346153846154 0.06873735003194902 24.247367730769227 0.5048076923076923 45.301282057692305 45.30769230769231 3.0 42.30769230769231 1.9189065999817103
352000 146.40384615384616 0.06999047453112557 24.045444499999995 0.5112179487179487 45.301282057692305 45.30769230769231 3.0 42.30769230769231 1.8466215999796987
354000 153.01923076923077 0.07255298253964934 23.858562884615385 0.530448717948718 45.301282057692305 45.30769230769231 3.0576923076923075 42.25 1.7474840999930166
356000 152.75 0.07284663001057572 24.096079 0.5112179487179487 45.301282057692305 45.30769230769231 3.1346153846153846 42.17307692307692 1.9220962999970652
358000 154.07692307692307 0.0729418834349171 23.829716653846155 0.530448717948718 45.301282057692305 45.30769230769231 3.0384615384615383 42.26923076923077 1.81828189996304
360000 149.1153846153846 0.07093087286626185 23.856341769230763 0.5208333333333333 45.301282057692305 45.30769230769231 2.980769230769231 42.32692307692308 1.804377900029067
362000 149.1153846153846 0.07093087286626185 23.856341769230763 0.5208333333333333 45.301282057692305 45.30769230769231 2.980769230769231 42.32692307692308 1.7789964000112377
364000 149.1153846153846 0.07093087286626185 23.856341769230763 0.5208333333333333 45.301282057692305 45.30769230769231 2.980769230769231 42.32692307692308 1.7865838999859989
366000 149.1153846153846 0.07093087286626185 23.856341769230763 0.5208333333333333 45.301282057692305 45.30769230769231 2.980769230769231 42.32692307692308 1.818936700001359
368000 149.1153846153846 0.07093087286626185 23.856341769230763 0.5208333333333333 45.301282057692305 45.30769230769231 2.980769230769231 42.32692307692308 1.7578995000221767
370000 148.21153846153845 0.07011875893029305 23.870135615384605 0.5208333333333333 45.301282057692305 45.30769230769231 2.9615384615384617 42.34615384615385 1.7937708000536077
372000 149.1153846153846 0.07093087286626185 23.856341769230763 0.5208333333333333 45.301282057692305 45.30769230769231 2.980769230769231 42.32692307692308 1.7976411000126973
374000 151.48076923076923 0.07182190036876931 23.849562461538458 0.530448717948718 45.301282057692305 45.30769230769231 3.0 42.30769230769231 1.7658342000213452
376000 151.21153846153845 0.07170246897657584 23.862382980769226 0.530448717948718 45.301282057692305 45.30769230769231 3.0 42.30769230769231 1.7651033999864012
378000 148.69230769230768 0.0706455360575802 23.974931576923066 0.5208333333333333 45.301282057692305 45.30769230769231 2.980769230769231 42.32692307692308 1.8502261999528855
380000 146.40384615384616 0.06953434360012917 24.085310730769223 0.5208333333333333 45.301282057692305 45.30769230769231 3.0 42.30769230769231 1.9608939999598078
382000 149.76923076923077 0.0719380835649007 24.198571788461535 0.5144230769230769 45.301282057692305 45.30769230769231 3.1153846153846154 42.19230769230769 1.820700200041756
384000 152.51923076923077 0.07215121526527025 23.959961423076916 0.530448717948718 45.301282057692305 45.30769230769231 3.019230769230769 42.28846153846154 1.8145192000083625
386000 158.6153846153846 0.07617473786614068 23.911890769230766 0.5208333333333333 45.301282057692305 45.30769230769231 3.1346153846153846 42.17307692307692 1.9089760000351816
388000 155.21153846153845 0.07363836364254406 23.837531653846153 0.530448717948718 45.301282057692305 45.30769230769231 3.0576923076923075 42.25 1.8706905000144616
390000 161.32692307692307 0.07906440708351102 23.75102392307692 0.5352564102564102 45.301282057692305 45.30769230769231 3.1923076923076925 42.11538461538461 1.798674600024242
392000 156.21153846153845 0.0751312246719707 23.813600019230766 0.530448717948718 45.301282057692305 45.30769230769231 3.076923076923077 42.23076923076923 1.9224190000095405
394000 159.1346153846154 0.07666162454633599 23.78902742307692 0.530448717948718 45.301282057692305 45.30769230769231 3.1153846153846154 42.19230769230769 1.7866294999839738
396000 162.32692307692307 0.08106112970565886 23.736066692307695 0.530448717948718 45.301282057692305 45.30769230769231 3.230769230769231 42.07692307692308 1.7804195000207983
398000 160.57692307692307 0.07826622407094821 23.759570846153846 0.5352564102564102 45.301282057692305 45.30769230769231 3.1538461538461537 42.15384615384615 1.786423499986995
400000 161.80769230769232 0.08050144573400732 23.74247692307692 0.5352564102564102 45.301282057692305 45.30769230769231 3.2115384615384617 42.09615384615385 1.9740407000062987
402000 162.32692307692307 0.08106112970565886 23.736066692307695 0.530448717948718 45.301282057692305 45.30769230769231 3.230769230769231 42.07692307692308 1.7802046000142582
404000 162.98076923076923 0.0814584755342062 23.737135096153846 0.5400641025641025 45.301282057692305 45.30769230769231 3.230769230769231 42.07692307692308 1.9949367999797687
406000 162.98076923076923 0.0814584755342062 23.737135096153846 0.5400641025641025 45.301282057692305 45.30769230769231 3.230769230769231 42.07692307692308 1.7430884999921545
408000 162.98076923076923 0.0814584755342062 23.737135096153846 0.5400641025641025 45.301282057692305 45.30769230769231 3.230769230769231 42.07692307692308 1.8272631000145338
410000 162.98076923076923 0.0814584755342062 23.737135096153846 0.5400641025641025 45.301282057692305 45.30769230769231 3.230769230769231 42.07692307692308 1.8027411999646574
412000 162.98076923076923 0.0814584755342062 23.737135096153846 0.5400641025641025 45.301282057692305 45.30769230769231 3.230769230769231 42.07692307692308 2.0741438000113703
414000 162.98076923076923 0.0814584755342062 23.737135096153846 0.5400641025641025 45.301282057692305 45.30769230769231 3.230769230769231 42.07692307692308 1.7479964999947697
416000 162.98076923076923 0.0814584755342062 23.737135096153846 0.5400641025641025 45.301282057692305 45.30769230769231 3.230769230769231 42.07692307692308 1.8212061999947764
418000 162.98076923076923 0.0814584755342062 23.737135096153846 0.5400641025641025 45.301282057692305 45.30769230769231 3.230769230769231 42.07692307692308 1.9180617000092752
420000 162.98076923076923 0.0814584755342062 23.737135096153846 0.5400641025641025 45.301282057692305 45.30769230769231 3.230769230769231 42.07692307692308 1.746526199975051
422000 162.98076923076923 0.0814584755342062 23.737135096153846 0.5400641025641025 45.301282057692305 45.30769230769231 3.230769230769231 42.07692307692308 1.811866599950008
424000 162.98076923076923 0.0814584755342062 23.737135096153846 0.5400641025641025 45.301282057692305 45.30769230769231 3.230769230769231 42.07692307692308 1.772707799973432
426000 162.98076923076923 0.0814584755342062 23.737135096153846 0.5400641025641025 45.301282057692305 45.30769230769231 3.230769230769231 42.07692307692308 1.8366428000153974
428000 162.98076923076923 0.0814584755342062 23.737135096153846 0.5400641025641025 45.301282057692305 45.30769230769231 3.230769230769231 42.07692307692308 2.07428489997983
430000 162.98076923076923 0.0814584755342062 23.737135096153846 0.5400641025641025 45.301282057692305 45.30769230769231 3.230769230769231 42.07692307692308 1.7979555999627337
432000 162.98076923076923 0.0814584755342062 23.737135096153846 0.5400641025641025 45.301282057692305 45.30769230769231 3.230769230769231 42.07692307692308 1.8841780999791808
434000 162.98076923076923 0.0814584755342062 23.737135096153846 0.5400641025641025 45.301282057692305 45.30769230769231 3.230769230769231 42.07692307692308 1.823085899988655
436000 162.98076923076923 0.0814584755342062 23.737135096153846 0.5400641025641025 45.301282057692305 45.30769230769231 3.230769230769231 42.07692307692308 1.8145285000209697
438000 162.98076923076923 0.0814584755342062 23.737135096153846 0.5400641025641025 45.301282057692305 45.30769230769231 3.230769230769231 42.07692307692308 1.8602557000122033
440000 162.98076923076923 0.0814584755342062 23.737135096153846 0.5400641025641025 45.301282057692305 45.30769230769231 3.230769230769231 42.07692307692308 1.9207758999546058
442000 162.98076923076923 0.0814584755342062 23.737135096153846 0.5400641025641025 45.301282057692305 45.30769230769231 3.230769230769231 42.07692307692308 1.8019482999807224
444000 162.98076923076923 0.0814584755342062 23.737135096153846 0.5400641025641025 45.301282057692305 45.30769230769231 3.230769230769231 42.07692307692308 1.8229954999987967
446000 162.98076923076923 0.0814584755342062 23.737135096153846 0.5400641025641025 45.301282057692305 45.30769230769231 3.230769230769231 42.07692307692308 1.834912299993448
448000 161.28846153846155 0.08089320082762583 23.974314711538458 0.5208333333333333 45.301282057692305 45.30769230769231 3.230769230769231 42.07692307692308 2.031288099999074
450000 162.09615384615384 0.08116401432999411 23.77559665384615 0.530448717948718 45.301282057692305 45.30769230769231 3.230769230769231 42.07692307692308 1.852693900000304
452000 162.09615384615384 0.08116401432999411 23.77559665384615 0.530448717948718 45.301282057692305 45.30769230769231 3.230769230769231 42.07692307692308 1.8835176999564283
454000 162.98076923076923 0.0814584755342062 23.737135096153846 0.5400641025641025 45.301282057692305 45.30769230769231 3.230769230769231 42.07692307692308 1.986995100043714
456000 162.98076923076923 0.0814584755342062 23.737135096153846 0.5400641025641025 45.301282057692305 45.30769230769231 3.230769230769231 42.07692307692308 1.7877147999824956
458000 162.98076923076923 0.0814584755342062 23.737135096153846 0.5400641025641025 45.301282057692305 45.30769230769231 3.230769230769231 42.07692307692308 1.7749822999467142
460000 162.98076923076923 0.0814584755342062 23.737135096153846 0.5400641025641025 45.301282057692305 45.30769230769231 3.230769230769231 42.07692307692308 1.9437873999704607
462000 162.98076923076923 0.0814584755342062 23.737135096153846 0.5400641025641025 45.301282057692305 45.30769230769231 3.230769230769231 42.07692307692308 1.759949300030712
464000 162.98076923076923 0.0814584755342062 23.737135096153846 0.5400641025641025 45.301282057692305 45.30769230769231 3.230769230769231 42.07692307692308 1.9095881000394002
466000 162.98076923076923 0.0814584755342062 23.737135096153846 0.5400641025641025 45.301282057692305 45.30769230769231 3.230769230769231 42.07692307692308 1.7999217999749817
468000 162.98076923076923 0.0814584755342062 23.737135096153846 0.5400641025641025 45.301282057692305 45.30769230769231 3.230769230769231 42.07692307692308 1.9443697000388056
470000 162.98076923076923 0.0814584755342062 23.737135096153846 0.5400641025641025 45.301282057692305 45.30769230769231 3.230769230769231 42.07692307692308 1.7794850000063889
472000 162.98076923076923 0.0814584755342062 23.737135096153846 0.5400641025641025 45.301282057692305 45.30769230769231 3.230769230769231 42.07692307692308 2.102775700041093
474000 162.98076923076923 0.0814584755342062 23.737135096153846 0.5400641025641025 45.301282057692305 45.30769230769231 3.230769230769231 42.07692307692308 1.7653627000399865
476000 162.98076923076923 0.0814584755342062 23.737135096153846 0.5400641025641025 45.301282057692305 45.30769230769231 3.230769230769231 42.07692307692308 1.864279700035695
478000 162.98076923076923 0.0814584755342062 23.737135096153846 0.5400641025641025 45.301282057692305 45.30769230769231 3.230769230769231 42.07692307692308 1.9122182999853976
480000 162.98076923076923 0.0814584755342062 23.737135096153846 0.5400641025641025 45.301282057692305 45.30769230769231 3.230769230769231 42.07692307692308 1.973961399984546
482000 162.98076923076923 0.0814584755342062 23.737135096153846 0.5400641025641025 45.301282057692305 45.30769230769231 3.230769230769231 42.07692307692308 1.989323699963279
484000 162.98076923076923 0.0814584755342062 23.737135096153846 0.5400641025641025 45.301282057692305 45.30769230769231 3.230769230769231 42.07692307692308 1.817661200009752
486000 162.98076923076923 0.0814584755342062 23.737135096153846 0.5400641025641025 45.301282057692305 45.30769230769231 3.230769230769231 42.07692307692308 2.025967599998694
488000 162.98076923076923 0.0814584755342062 23.737135096153846 0.5400641025641025 45.301282057692305 45.30769230769231 3.230769230769231 42.07692307692308 1.821770499984268
490000 162.98076923076923 0.0814584755342062 23.737135096153846 0.5400641025641025 45.301282057692305 45.30769230769231 3.230769230769231 42.07692307692308 1.8887424999848008
492000 162.98076923076923 0.0814584755342062 23.737135096153846 0.5400641025641025 45.301282057692305 45.30769230769231 3.230769230769231 42.07692307692308 1.7997122000087984
494000 162.98076923076923 0.0814584755342062 23.737135096153846 0.5400641025641025 45.301282057692305 45.30769230769231 3.230769230769231 42.07692307692308 1.8119228000286967
496000 162.98076923076923 0.0814584755342062 23.737135096153846 0.5400641025641025 45.301282057692305 45.30769230769231 3.230769230769231 42.07692307692308 1.8485974000068381
498000 162.98076923076923 0.0814584755342062 23.737135096153846 0.5400641025641025 45.301282057692305 45.30769230769231 3.230769230769231 42.07692307692308 1.742876400006935
500000 162.98076923076923 0.0814584755342062 23.737135096153846 0.5400641025641025 45.301282057692305 45.30769230769231 3.230769230769231 42.07692307692308 1.7030586999608204
