2000 0.6153846153846154 -0.0189000591946192 39.45714540384616 0.125 45.301282057692305 45.30769230769231 1.0384615384615385 44.26923076923077 1.0390301999868825
4000 0.34615384615384615 -0.0190010415479647 39.09742230769231 0.14743589743589744 45.301282057692305 45.30769230769231 1.0384615384615385 44.26923076923077 1.092907100042794
6000 0.17307692307692307 6.327136501503085e-05 40.099685692307695 0.07852564102564104 45.301282057692305 45.30769230769231 1.0384615384615385 44.26923076923077 1.390476199972909
8000 0.11538461538461539 8.251770821084626e-05 39.479898173076926 0.12980769230769232 45.301282057692305 45.30769230769231 1.8269230769230769 43.48076923076923 1.4322699999902397
10000 0.6538461538461539 0.0004058921391979691 35.91119401923077 0.15384615384615385 45.301282057692305 45.30769230769231 6.269230769230769 39.03846153846154 1.7310191000578925
12000 0.5961538461538461 -0.07657486731048284 38.10727473076923 0.11057692307692307 45.301282057692305 45.30769230769231 3.8076923076923075 41.5 2.1359204999753274
14000 0.3269230769230769 8.101839242875955e-05 40.40907730769232 0.04326923076923077 45.301282057692305 45.30769230769231 1.1730769230769231 44.13461538461539 2.1100538999889977
16000 0.3269230769230769 0.00024208356587232942 39.9363699423077 0.060897435897435896 45.301282057692305 45.30769230769231 1.0384615384615385 44.26923076923077 2.03423190000467
18000 0.1346153846153846 7.299593819346255e-05 39.1602141923077 0.10576923076923077 45.301282057692305 45.30769230769231 1.5192307692307692 43.78846153846154 2.3468522000475787
20000 1.0192307692307692 0.00046205797729430525 37.14333276923076 0.17307692307692307 45.301282057692305 45.30769230769231 1.1153846153846154 44.19230769230769 2.1601711999974214
22000 0.9615384615384616 0.00048444163726912794 38.689772615384626 0.11698717948717946 45.301282057692305 45.30769230769231 1.0384615384615385 44.26923076923077 1.9402666999958456
24000 1.9038461538461537 -0.28770302546129584 37.21662982692308 0.20833333333333331 45.301282057692305 45.30769230769231 1.0384615384615385 44.26923076923077 1.9459384999936447
26000 0.28846153846153844 0.00014915202654541923 39.03468682692307 0.09615384615384616 45.301282057692305 45.30769230769231 1.0384615384615385 44.26923076923077 1.8823214000440203
28000 1.0 0.00041525382641551277 38.18403807692307 0.14583333333333331 45.301282057692305 45.30769230769231 1.0384615384615385 44.26923076923077 1.888979899988044
30000 0.6346153846153846 0.00021476941458199036 39.26919407692307 0.11538461538461539 45.301282057692305 45.30769230769231 1.0384615384615385 44.26923076923077 2.08256710000569
32000 0.8461538461538461 0.00043591381509345146 37.92500188461538 0.15064102564102566 45.301282057692305 45.30769230769231 1.0384615384615385 44.26923076923077 1.8860497000277974
34000 0.75 0.0003579502784090648 37.88357899999999 0.16506410256410253 45.301282057692305 45.30769230769231 1.0576923076923077 44.25 1.8056193999946117
36000 0.5384615384615384 0.00026322938856186196 38.00845725 0.15544871794871792 45.301282057692305 45.30769230769231 1.0384615384615385 44.26923076923077 1.8496415999834426
38000 0.09615384615384616 -0.15375207579818617 39.126101653846156 0.11538461538461539 45.301282057692305 45.30769230769231 1.1923076923076923 44.11538461538461 1.9604379000375047
40000 1.2692307692307692 0.0008032331694576259 38.27140803846155 0.1650641025641026 45.301282057692305 45.30769230769231 1.0384615384615385 44.26923076923077 1.961002699972596
42000 1.5192307692307692 0.0008655849252765072 37.41560726923077 0.1233974358974359 45.301282057692305 45.30769230769231 1.0384615384615385 44.26923076923077 1.9328734000446275
44000 0.7115384615384616 0.0003059660649788885 38.21589732692307 0.1330128205128205 45.301282057692305 45.30769230769231 1.0384615384615385 44.26923076923077 1.836910599959083
46000 0.36538461538461536 0.00018613178372831342 39.63200376923077 0.11538461538461536 45.301282057692305 45.30769230769231 1.0384615384615385 44.26923076923077 1.9415346999885514
48000 2.326923076923077 0.0009431425863721889 37.85753790384616 0.14583333333333331 45.301282057692305 45.30769230769231 1.0384615384615385 44.26923076923077 2.365716300031636
50000 2.269230769230769 0.0009200770287773042 38.002834538461535 0.14423076923076922 45.301282057692305 45.30769230769231 1.0384615384615385 44.26923076923077 2.0476084999972954
52000 1.5384615384615385 0.00061167752207839 39.09371 0.1378205128205128 45.301282057692305 45.30769230769231 1.0384615384615385 44.26923076923077 2.0759902999852784
54000 1.5384615384615385 0.0006429203986150557 39.70266273076925 0.09134615384615384 45.301282057692305 45.30769230769231 1.0384615384615385 44.26923076923077 1.9788189000100829
56000 1.4230769230769231 0.0006294004818632003 39.325191788461545 0.10256410256410256 45.301282057692305 45.30769230769231 1.0384615384615385 44.26923076923077 1.84503590001259
58000 1.1538461538461537 0.0005181235155848865 39.67792550000001 0.11378205128205127 45.301282057692305 45.30769230769231 1.0384615384615385 44.26923076923077 1.967323300021235
60000 1.3846153846153846 0.0006035720407809298 39.310023134615385 0.11538461538461539 45.301282057692305 45.30769230769231 1.0384615384615385 44.26923076923077 2.006777799979318
62000 0.7884615384615384 0.0003369322139044668 39.89030511538462 0.125 45.301282057692305 45.30769230769231 1.0384615384615385 44.26923076923077 1.8867636999930255
64000 1.3269230769230769 0.0006296431391531113 39.12579830769231 0.11217948717948717 45.301282057692305 45.30769230769231 1.0384615384615385 44.26923076923077 2.104141100018751
66000 1.2884615384615385 0.0006003331614167174 40.0790021923077 0.10416666666666666 45.301282057692305 45.30769230769231 1.0384615384615385 44.26923076923077 1.969459900050424
68000 1.4230769230769231 0.000550866401019831 40.09195953846154 0.07532051282051282 45.301282057692305 45.30769230769231 1.0384615384615385 44.26923076923077 1.9395503000123426
70000 1.4807692307692308 0.0006064081806810351 39.97150590384616 0.10897435897435896 45.301282057692305 45.30769230769231 1.0384615384615385 44.26923076923077 1.962368200009223
72000 1.3076923076923077 0.0005549878985191978 40.1487601923077 0.08012820512820512 45.301282057692305 45.30769230769231 1.0576923076923077 44.25 1.9265601999941282
74000 1.0576923076923077 0.00040802249101691383 40.304403519230775 0.08493589743589743 45.301282057692305 45.30769230769231 1.1346153846153846 44.17307692307692 2.0000319000100717
76000 0.7115384615384616 0.00024392944473244644 39.70765134615386 0.09615384615384616 45.301282057692305 45.30769230769231 1.2115384615384615 44.09615384615385 2.22876999998698
78000 0.5961538461538461 0.00018689648335569705 40.05107265384617 0.07532051282051282 45.301282057692305 45.30769230769231 1.2115384615384615 44.09615384615385 2.0026130999904126
80000 0.9038461538461539 0.0002887911981120319 35.98279915384614 0.1987179487179487 45.301282057692305 45.30769230769231 1.2115384615384615 44.09615384615385 1.9814517000340857
82000 0.3269230769230769 5.806389465933409e-05 40.34208434615385 0.04807692307692308 45.301282057692305 45.30769230769231 1.1923076923076923 44.11538461538461 1.9036975999479182
84000 0.6730769230769231 0.0002316680507952131 39.797544115384625 0.14423076923076922 45.301282057692305 45.30769230769231 1.0384615384615385 44.26923076923077 1.8332573999650776
86000 1.0192307692307692 0.00041482935601003934 38.98229967307693 0.19230769230769235 45.301282057692305 45.30769230769231 1.0384615384615385 44.26923076923077 1.8922276999801397
88000 1.5384615384615385 0.0007260635847134634 35.970829634615384 0.23717948717948717 45.301282057692305 45.30769230769231 1.0384615384615385 44.26923076923077 2.110666799999308
90000 1.4423076923076923 0.0007458751268310648 36.751321 0.21955128205128205 45.301282057692305 45.30769230769231 1.0384615384615385 44.26923076923077 2.115979800000787
92000 3.326923076923077 0.001380575457216289 32.49644819230769 0.31570512820512814 45.301282057692305 45.30769230769231 1.0384615384615385 44.26923076923077 2.241679699975066
94000 0.6923076923076923 -0.0382225059509696 39.83657980769231 0.08173076923076923 45.301282057692305 45.30769230769231 1.1153846153846154 44.19230769230769 2.2215881000156514
96000 1.5769230769230769 -0.1916935310743644 38.890140499999994 0.1185897435897436 45.301282057692305 45.30769230769231 1.2692307692307692 44.03846153846154 1.9963535999995656
98000 2.5576923076923075 -0.19134504148341053 37.62145182692307 0.1746794871794872 45.301282057692305 45.30769230769231 1.3461538461538463 43.96153846153846 1.9542652000091039
100000 6.576923076923077 -0.2277813985352757 33.40232534615383 0.34615384615384615 45.301282057692305 45.30769230769231 1.8461538461538463 43.46153846153846 1.9787825999665074
102000 4.653846153846154 -0.22873531120226784 35.03472440384615 0.2948717948717949 45.301282057692305 45.30769230769231 1.6538461538461537 43.65384615384615 2.1679891999810934
104000 2.8653846153846154 -0.17181515029841155 35.94838986538461 0.2467948717948718 45.301282057692305 45.30769230769231 1.5576923076923077 43.75 2.064157100045122
106000 4.365384615384615 -0.19025087051145725 34.47156080769231 0.3076923076923076 45.301282057692305 45.30769230769231 1.6923076923076923 43.61538461538461 2.217871100001503
108000 3.75 -0.1909279836639846 35.399291019230766 0.22275641025641024 45.301282057692305 45.30769230769231 1.3653846153846154 43.94230769230769 1.9133119999896735
110000 5.730769230769231 -0.22832202401232313 33.704290538461535 0.34775641025641024 45.301282057692305 45.30769230769231 1.7115384615384615 43.59615384615385 1.8475566999986768
112000 7.5 0.0033601526985277135 32.925300423076926 0.32211538461538464 45.301282057692305 45.30769230769231 1.6538461538461537 43.65384615384615 1.9622911000042222
114000 7.711538461538462 0.002777169546459703 32.793139288461525 0.31410256410256415 45.301282057692305 45.30769230769231 1.3846153846153846 43.92307692307692 1.9515546000329778
116000 5.576923076923077 0.0017543683715012545 34.4419259423077 0.2724358974358974 45.301282057692305 45.30769230769231 1.0384615384615385 44.26923076923077 2.044740899989847
118000 9.403846153846153 0.0038295973555482806 32.26795301923076 0.3878205128205128 45.301282057692305 45.30769230769231 1.7115384615384615 43.59615384615385 2.0026125000440516
120000 4.3076923076923075 0.0007721576646715825 34.416846615384614 0.28365384615384615 45.301282057692305 45.30769230769231 1.0961538461538463 44.21153846153846 1.9709412999800406
122000 4.653846153846154 0.0011316246668887171 34.2391105 0.30769230769230765 45.301282057692305 45.30769230769231 1.1730769230769231 44.13461538461539 2.274800699960906
124000 11.25 0.005225192596597892 31.42665471153846 0.40865384615384615 45.301282057692305 45.30769230769231 1.9615384615384615 43.34615384615385 2.1621628000284545
126000 11.538461538461538 0.004783878885791618 32.24270498076923 0.3605769230769231 45.301282057692305 45.30769230769231 1.3076923076923077 44.0 2.056955999985803
128000 10.346153846153847 0.0046663997684642435 31.91329842307692 0.41185897435897434 45.301282057692305 45.30769230769231 1.8269230769230769 43.48076923076923 2.1073332999949344
130000 9.423076923076923 0.00404220742830284 32.00304203846153 0.39262820512820507 45.301282057692305 45.30769230769231 1.7884615384615385 43.51923076923077 2.046439500001725
132000 5.096153846153846 0.0016825046163255323 33.874797057692305 0.328525641025641 45.301282057692305 45.30769230769231 1.2884615384615385 44.01923076923077 1.8858203000272624
134000 10.403846153846153 0.004805374111357278 31.91329778846153 0.3958333333333333 45.301282057692305 45.30769230769231 1.8269230769230769 43.48076923076923 1.9343713999842294
136000 10.596153846153847 0.004894081166687405 31.868425942307688 0.40544871794871795 45.301282057692305 45.30769230769231 1.8269230769230769 43.48076923076923 2.120487799984403
138000 9.01923076923077 0.003852028459883021 32.37155532692309 0.3958333333333333 45.301282057692305 45.30769230769231 1.6153846153846154 43.69230769230769 2.017433999979403
140000 6.9423076923076925 0.0031643910906494497 30.951477788461546 0.4214743589743591 45.301282057692305 45.30769230769231 1.3076923076923077 44.0 2.195826200011652
142000 4.019230769230769 0.0012217288930718012 31.161794288461543 0.375 45.301282057692305 45.30769230769231 1.0576923076923077 44.25 2.2328160000033677
144000 4.115384615384615 0.0012321527365214261 30.860511442307697 0.3894230769230769 45.301282057692305 45.30769230769231 1.0576923076923077 44.25 2.0301539999782108
146000 4.115384615384615 0.0012321527365214261 30.860511442307697 0.3894230769230769 45.301282057692305 45.30769230769231 1.0576923076923077 44.25 1.974407599947881
148000 4.153846153846154 0.0012365979855279584 30.988717288461547 0.3894230769230769 45.301282057692305 45.30769230769231 1.0576923076923077 44.25 2.013380699965637
150000 4.115384615384615 0.0012330915706971286 30.937434557692317 0.3894230769230769 45.301282057692305 45.30769230769231 1.0576923076923077 44.25 2.2280815999838524
152000 4.0576923076923075 0.0012818092167510209 31.08451511538463 0.3894230769230769 45.301282057692305 45.30769230769231 1.0576923076923077 44.25 1.970536999986507
154000 4.0576923076923075 0.0011852199636144716 31.08451511538463 0.3894230769230769 45.301282057692305 45.30769230769231 1.0576923076923077 44.25 1.9687912999652326
156000 4.115384615384615 0.001242461827288034 30.860511442307697 0.3894230769230769 45.301282057692305 45.30769230769231 1.0576923076923077 44.25 1.9711512999492697
158000 13.865384615384615 0.005779025313318952 31.700736173076937 0.38461538461538464 45.301282057692305 45.30769230769231 1.0384615384615385 44.26923076923077 2.023987099993974
160000 13.115384615384615 0.005380719766310222 31.828941365384626 0.37820512820512814 45.301282057692305 45.30769230769231 1.0384615384615385 44.26923076923077 1.977233299985528
162000 6.711538461538462 0.0023513900831487492 33.641515384615396 0.296474358974359 45.301282057692305 45.30769230769231 1.0384615384615385 44.26923076923077 2.1247666000272147
164000 13.346153846153847 0.005380367444545568 32.00570428846155 0.37339743589743585 45.301282057692305 45.30769230769231 1.0384615384615385 44.26923076923077 2.184918100014329
166000 13.634615384615385 0.005616331253916398 32.09603928846155 0.37339743589743585 45.301282057692305 45.30769230769231 1.0384615384615385 44.26923076923077 1.9922034000046551
168000 13.634615384615385 0.005616331253916398 32.09603928846155 0.37339743589743585 45.301282057692305 45.30769230769231 1.0384615384615385 44.26923076923077 2.181493899959605
170000 13.865384615384615 0.005754735806411426 31.700736173076937 0.38461538461538464 45.301282057692305 45.30769230769231 1.0384615384615385 44.26923076923077 1.9278637999668717
172000 13.26923076923077 0.005511541924738927 31.979758153846166 0.37179487179487175 45.301282057692305 45.30769230769231 1.0769230769230769 44.23076923076923 1.9584666999871843
174000 12.73076923076923 0.005290026904815035 32.3675801923077 0.35256410256410253 45.301282057692305 45.30769230769231 1.1730769230769231 44.13461538461539 2.168801399995573
176000 12.692307692307692 0.005260103753730606 32.389749596153855 0.36538461538461536 45.301282057692305 45.30769230769231 1.0576923076923077 44.25 2.1419172000023536
178000 11.884615384615385 0.004907342319283206 32.596648288461544 0.34134615384615385 45.301282057692305 45.30769230769231 1.0384615384615385 44.26923076923077 2.1461057999986224
180000 12.423076923076923 0.0052090082644456505 32.400853942307705 0.3557692307692308 45.301282057692305 45.30769230769231 1.0961538461538463 44.21153846153846 2.0625616000033915
182000 12.192307692307692 0.005075177463838801 32.48552996153847 0.328525641025641 45.301282057692305 45.30769230769231 1.1346153846153846 44.17307692307692 1.9638153999694623
184000 11.692307692307692 0.004845117609119613 32.60596592307694 0.33012820512820507 45.301282057692305 45.30769230769231 1.1538461538461537 44.15384615384615 2.188765099970624
186000 11.692307692307692 0.004822221157090681 32.701519711538474 0.3237179487179487 45.301282057692305 45.30769230769231 1.0384615384615385 44.26923076923077 2.3705403999774717
188000 12.134615384615385 0.005322926669554671 32.62113967307693 0.342948717948718 45.301282057692305 45.30769230769231 1.0769230769230769 44.23076923076923 2.0890262000029907
190000 11.807692307692308 0.005352435109269708 31.94891226923077 0.34615384615384615 45.301282057692305 45.30769230769231 1.4038461538461537 43.90384615384615 2.03298660001019
192000 11.788461538461538 0.005308641292976731 32.150419173076926 0.3926282051282052 45.301282057692305 45.30769230769231 1.4038461538461537 43.90384615384615 2.2512567000230774
194000 12.615384615384615 0.005713328889302848 31.431781634615376 0.40224358974358976 45.301282057692305 45.30769230769231 1.5961538461538463 43.71153846153846 2.093913300021086
196000 12.192307692307692 0.00554081361502945 31.078952480769228 0.42467948717948717 45.301282057692305 45.30769230769231 1.5961538461538463 43.71153846153846 2.263220700027887
198000 12.711538461538462 0.0055989849564261835 31.670281980769225 0.41346153846153844 45.301282057692305 45.30769230769231 1.4423076923076923 43.86538461538461 1.940752100024838
200000 12.692307692307692 0.005522624266634053 31.852170250000004 0.3942307692307692 45.301282057692305 45.30769230769231 1.2884615384615385 44.01923076923077 2.1621449000085704
202000 11.826923076923077 0.0053281072379641895 32.59742078846155 0.33653846153846156 45.301282057692305 45.30769230769231 1.1538461538461537 44.15384615384615 1.9405596000142395
204000 12.538461538461538 0.005637348851290468 32.38571075000001 0.3573717948717948 45.301282057692305 45.30769230769231 1.2115384615384615 44.09615384615385 2.1285195000236854
206000 13.173076923076923 0.005580237706246537 32.24026890384617 0.3589743589743589 45.301282057692305 45.30769230769231 1.0769230769230769 44.23076923076923 2.1126903000404127
208000 12.576923076923077 0.005417849654997661 32.36017375000001 0.3605769230769231 45.301282057692305 45.30769230769231 1.0769230769230769 44.23076923076923 2.0780354000162333
210000 12.692307692307692 0.005411673762976755 32.460962903846166 0.3557692307692308 45.301282057692305 45.30769230769231 1.0961538461538463 44.21153846153846 1.8990357999573462
212000 12.615384615384615 0.00527884720672495 32.283536634615395 0.35416666666666663 45.301282057692305 45.30769230769231 1.0769230769230769 44.23076923076923 2.0491122999810614
214000 12.596153846153847 0.005307996392731024 32.23864205769232 0.3637820512820512 45.301282057692305 45.30769230769231 1.0961538461538463 44.21153846153846 2.0170961000258103
216000 12.057692307692308 0.005091873849670987 32.46834250000001 0.35737179487179493 45.301282057692305 45.30769230769231 1.0961538461538463 44.21153846153846 2.1395683999871835
218000 12.076923076923077 0.0049217159343134375 32.41552153846155 0.344551282051282 45.301282057692305 45.30769230769231 1.1538461538461537 44.15384615384615 1.9751730000134557
220000 12.192307692307692 0.005059259920069563 32.502701923076934 0.3637820512820512 45.301282057692305 45.30769230769231 1.1346153846153846 44.17307692307692 2.0047900000354275
222000 12.173076923076923 0.005063487399567334 32.527901730769244 0.3573717948717948 45.301282057692305 45.30769230769231 1.1730769230769231 44.13461538461539 2.055380000034347
224000 12.403846153846153 0.005151257689649398 32.50619678846155 0.35416666666666663 45.301282057692305 45.30769230769231 1.3076923076923077 44.0 2.072543799993582
226000 12.576923076923077 0.005174146058727087 32.58449096153848 0.34615384615384615 45.301282057692305 45.30769230769231 1.0576923076923077 44.25 2.262370100012049
228000 12.461538461538462 0.005029498838298618 32.49794073076924 0.36858974358974356 45.301282057692305 45.30769230769231 1.1730769230769231 44.13461538461539 1.8962638000375591
230000 11.5 0.005289467908852435 32.26683903846154 0.375 45.301282057692305 45.30769230769231 1.5961538461538463 43.71153846153846 2.228652699966915
232000 11.346153846153847 0.0050464644248416944 32.485363903846164 0.3798076923076923 45.301282057692305 45.30769230769231 1.7692307692307692 43.53846153846154 1.987889499985613
234000 10.057692307692308 0.004572127156164418 32.95687915384615 0.3573717948717948 45.301282057692305 45.30769230769231 1.8076923076923077 43.5 1.9321345000062138
236000 12.153846153846153 0.005574095329837668 32.864013884615396 0.3557692307692308 45.301282057692305 45.30769230769231 1.3846153846153846 43.92307692307692 2.162607200036291
238000 11.346153846153847 0.005221174386332615 32.78585561538462 0.3477564102564103 45.301282057692305 45.30769230769231 1.3461538461538463 43.96153846153846 2.147106199990958
240000 14.134615384615385 0.006319088370098906 32.44189569230769 0.375 45.301282057692305 45.30769230769231 1.2884615384615385 44.01923076923077 2.1163040000246838
242000 15.384615384615385 0.006525285610959275 32.11159855769231 0.3669871794871795 45.301282057692305 45.30769230769231 1.2692307692307692 44.03846153846154 2.135462299978826
244000 15.26923076923077 0.00663263682081763 32.01794561538462 0.38301282051282054 45.301282057692305 45.30769230769231 1.1923076923076923 44.11538461538461 2.0167658000136726
246000 15.75 0.007165853118802392 31.936556653846154 0.3958333333333333 45.301282057692305 45.30769230769231 1.4807692307692308 43.82692307692308 2.0517792999744415
248000 18.46153846153846 0.008746477948128427 31.702149057692317 0.4022435897435897 45.301282057692305 45.30769230769231 1.2884615384615385 44.01923076923077 2.24343279999448
250000 18.48076923076923 0.00877273306546415 31.55700867307693 0.3830128205128205 45.301282057692305 45.30769230769231 1.4038461538461537 43.90384615384615 2.2412339000147767
252000 20.307692307692307 -0.009738206769324345 30.895185461538457 0.45673076923076916 45.301282057692305 45.30769230769231 1.2884615384615385 44.01923076923077 2.022851299960166
254000 20.25 -0.0097730809090645 30.97965619230769 0.45192307692307687 45.301282057692305 45.30769230769231 1.1538461538461537 44.15384615384615 2.004303499998059
256000 19.653846153846153 0.009315650573345696 30.745380134615385 0.46314102564102555 45.301282057692305 45.30769230769231 1.1538461538461537 44.15384615384615 2.000263400026597
258000 20.75 0.010200463439254365 30.505808192307693 0.47435897435897434 45.301282057692305 45.30769230769231 1.1730769230769231 44.13461538461539 2.0494868000387214
260000 21.557692307692307 0.010575787783768813 30.020831788461543 0.4887820512820512 45.301282057692305 45.30769230769231 1.1538461538461537 44.15384615384615 1.9566693999804556
262000 22.307692307692307 -0.00817075573057393 30.22839844230769 0.47115384615384615 45.301282057692305 45.30769230769231 1.1730769230769231 44.13461538461539 2.106172500003595
264000 22.307692307692307 -0.00817075573057393 30.22839844230769 0.47115384615384615 45.301282057692305 45.30769230769231 1.1730769230769231 44.13461538461539 2.0901435000123456
266000 21.75 -0.008848572220106276 30.256175557692305 0.47115384615384615 45.301282057692305 45.30769230769231 1.1538461538461537 44.15384615384615 2.0179016000474803
268000 21.192307692307693 0.010706884171513801 30.20779898076923 0.46634615384615385 45.301282057692305 45.30769230769231 1.1538461538461537 44.15384615384615 2.096438499982469
270000 21.76923076923077 0.01117581706574436 30.118518346153845 0.47115384615384615 45.301282057692305 45.30769230769231 1.1538461538461537 44.15384615384615 2.0695660000201315
272000 21.615384615384617 0.010864327096068976 29.950961346153843 0.46634615384615385 45.301282057692305 45.30769230769231 1.1730769230769231 44.13461538461539 2.056157400016673
274000 21.192307692307693 0.010187149120663387 29.887036173076922 0.47115384615384615 45.301282057692305 45.30769230769231 1.1538461538461537 44.15384615384615 2.3956873000133783
276000 22.73076923076923 0.011439538995193054 29.921225538461538 0.4647435897435897 45.301282057692305 45.30769230769231 1.1730769230769231 44.13461538461539 2.012113400036469
278000 22.942307692307693 0.011778910472963785 29.93173121153846 0.469551282051282 45.301282057692305 45.30769230769231 1.1730769230769231 44.13461538461539 2.1835746000288054
280000 22.942307692307693 0.01178772924692949 29.930484730769226 0.47596153846153844 45.301282057692305 45.30769230769231 1.1730769230769231 44.13461538461539 2.2412383000482805
282000 22.423076923076923 -0.008253921666750708 30.16920976923077 0.4631410256410256 45.301282057692305 45.30769230769231 1.1538461538461537 44.15384615384615 1.926799500011839
284000 23.23076923076923 -0.007321680920590957 30.130571423076923 0.46955128205128205 45.301282057692305 45.30769230769231 1.1730769230769231 44.13461538461539 2.3275843000155874
286000 23.53846153846154 -0.007173763646461453 30.096383384615386 0.47275641025641024 45.301282057692305 45.30769230769231 1.1730769230769231 44.13461538461539 2.07678520004265
288000 23.75 -0.0073904479921473535 30.112407730769235 0.46794871794871795 45.301282057692305 45.30769230769231 1.1538461538461537 44.15384615384615 2.076503699994646
290000 24.865384615384617 -0.006932278353290197 30.03121109615385 0.4743589743589744 45.301282057692305 45.30769230769231 1.1538461538461537 44.15384615384615 2.3206568000023253
292000 24.923076923076923 -0.006753281675341508 29.973874846153844 0.4823717948717948 45.301282057692305 45.30769230769231 1.1538461538461537 44.15384615384615 2.062189899967052
294000 26.865384615384617 -0.006311639177582516 29.786018692307685 0.49358974358974356 45.301282057692305 45.30769230769231 1.1730769230769231 44.13461538461539 2.124406300019473
296000 26.903846153846153 -0.005488454500735162 29.90220446153846 0.4887820512820512 45.301282057692305 45.30769230769231 1.1730769230769231 44.13461538461539 2.355204200022854
298000 29.384615384615383 -0.004612857204201049 29.666656769230766 0.49839743589743585 45.301282057692305 45.30769230769231 1.7115384615384615 43.59615384615385 2.3193186999997124
300000 27.596153846153847 -0.0054356415035453735 29.789233788461537 0.4791666666666666 45.301282057692305 45.30769230769231 1.3076923076923077 44.0 2.203901200031396
302000 26.692307692307693 -0.006131370720098542 29.896150288461538 0.46474358974358965 45.301282057692305 45.30769230769231 1.1730769230769231 44.13461538461539 2.0920779000152834
304000 26.326923076923077 -0.00668263037140202 29.958967115384617 0.4583333333333333 45.301282057692305 45.30769230769231 1.1730769230769231 44.13461538461539 2.127059400023427
306000 26.326923076923077 -0.00668263037140202 29.958967115384617 0.4583333333333333 45.301282057692305 45.30769230769231 1.1730769230769231 44.13461538461539 2.0775491000385955
308000 28.596153846153847 -0.005659944169831365 29.64873276923077 0.4663461538461538 45.301282057692305 45.30769230769231 1.5769230769230769 43.73076923076923 2.190178500022739
310000 25.96153846153846 -0.007154247162043522 29.824125326923074 0.4567307692307692 45.301282057692305 45.30769230769231 1.5961538461538463 43.71153846153846 2.0365028000087477
312000 25.75 -0.00691454894747094 29.802046288461536 0.43589743589743585 45.301282057692305 45.30769230769231 1.6153846153846154 43.69230769230769 1.9404171999776736
314000 27.51923076923077 -0.006024922160559569 29.875843634615382 0.4551282051282052 45.301282057692305 45.30769230769231 1.3269230769230769 43.98076923076923 2.19869240000844
316000 29.653846153846153 -0.00524290338767587 29.846525826923077 0.46474358974358976 45.301282057692305 45.30769230769231 1.6153846153846154 43.69230769230769 2.14660019997973
318000 27.692307692307693 -0.005985664348959303 30.525532538461537 0.45032051282051283 45.301282057692305 45.30769230769231 1.2115384615384615 44.09615384615385 2.277810200001113
320000 27.75 -0.006433652263639003 30.26383432692307 0.44551282051282054 45.301282057692305 45.30769230769231 1.3269230769230769 43.98076923076923 2.232779300014954
322000 28.46153846153846 -0.005553736869216631 29.99928482692307 0.44551282051282054 45.301282057692305 45.30769230769231 1.25 44.05769230769231 2.108298899955116
324000 29.98076923076923 -0.004588529555280097 29.890753961538465 0.4358974358974359 45.301282057692305 45.30769230769231 1.2884615384615385 44.01923076923077 2.179354500025511
326000 30.5 -0.004212848849512513 29.694325538461538 0.4487179487179487 45.301282057692305 45.30769230769231 1.3461538461538463 43.96153846153846 2.204550299968105
328000 31.096153846153847 -0.0028056964599595547 29.526418134615376 0.4519230769230769 45.301282057692305 45.30769230769231 1.4038461538461537 43.90384615384615 2.2252260000095703
330000 32.38461538461539 -0.0027229410060361403 29.479921480769228 0.47435897435897434 45.301282057692305 45.30769230769231 1.3461538461538463 43.96153846153846 2.068750499980524
332000 32.44230769230769 -0.0025165360669201823 29.77865246153846 0.4631410256410256 45.301282057692305 45.30769230769231 1.3461538461538463 43.96153846153846 2.039835100003984
334000 37.17307692307692 -0.0009654834023306608 29.64447848076923 0.4887820512820512 45.301282057692305 45.30769230769231 1.3461538461538463 43.96153846153846 1.9868104999768548
336000 40.59615384615385 0.0007894072187740162 29.339991192307693 0.5112179487179487 45.301282057692305 45.30769230769231 1.3653846153846154 43.94230769230769 1.8997068999451585
338000 43.53846153846154 0.0038534019594535585 29.185966884615386 0.5304487179487178 45.301282057692305 45.30769230769231 1.3653846153846154 43.94230769230769 2.2427127999835648
340000 51.71153846153846 0.008523407856037344 28.83872269230769 0.5304487179487178 45.301282057692305 45.30769230769231 1.3461538461538463 43.96153846153846 2.178122200013604
342000 54.03846153846154 0.009364879920489809 28.37964719230769 0.5448717948717948 45.301282057692305 45.30769230769231 1.3461538461538463 43.96153846153846 2.199716000002809
344000 60.40384615384615 0.011901940297437512 27.429884403846156 0.5544871794871795 45.301282057692305 45.30769230769231 1.2692307692307692 44.03846153846154 2.136073600035161
346000 65.46153846153847 0.015225680002792282 26.44937157692308 0.5865384615384616 45.301282057692305 45.30769230769231 1.2692307692307692 44.03846153846154 2.0675390000105835
348000 71.88461538461539 0.018453290160572164 26.18316642307693 0.5897435897435898 45.301282057692305 45.30769230769231 1.2692307692307692 44.03846153846154 2.024322099983692
350000 75.09615384615384 -0.056920679714993 27.003118500000003 0.5512820512820513 45.301282057692305 45.30769230769231 1.2884615384615385 44.01923076923077 2.0733012999990024
352000 75.4423076923077 -0.018292542482011207 26.821419307692313 0.5560897435897436 45.301282057692305 45.30769230769231 1.2692307692307692 44.03846153846154 2.2312985999742523
354000 80.84615384615384 0.022771443738907136 25.76137069230769 0.6025641025641026 45.301282057692305 45.30769230769231 1.3076923076923077 44.0 2.190124200016726
356000 78.32692307692308 0.02268572697344874 26.15667267307692 0.5833333333333334 45.301282057692305 45.30769230769231 1.3269230769230769 43.98076923076923 2.053262999979779
358000 82.09615384615384 0.02375660748733148 25.688721615384615 0.6025641025641026 45.301282057692305 45.30769230769231 1.2692307692307692 44.03846153846154 2.141255499969702
360000 82.09615384615384 0.02375660748733148 25.688721615384615 0.6025641025641026 45.301282057692305 45.30769230769231 1.2692307692307692 44.03846153846154 2.2908023999771103
362000 82.09615384615384 0.02375660748733148 25.688721615384615 0.6025641025641026 45.301282057692305 45.30769230769231 1.2692307692307692 44.03846153846154 2.227376099966932
364000 82.57692307692308 0.02391898746873316 25.680174557692304 0.6073717948717949 45.301282057692305 45.30769230769231 1.25 44.05769230769231 2.0779202999547124
366000 82.9423076923077 0.024094238302419087 25.635391942307688 0.6121794871794872 45.301282057692305 45.30769230769231 1.25 44.05769230769231 2.3119535999721847
368000 82.9423076923077 0.024094238302419087 25.635391942307688 0.6121794871794872 45.301282057692305 45.30769230769231 1.25 44.05769230769231 2.12860619998537
370000 82.9423076923077 0.024094238302419087 25.635391942307688 0.6121794871794872 45.301282057692305 45.30769230769231 1.25 44.05769230769231 1.9802167000016198
372000 79.78846153846153 0.022987865937397736 26.017911538461536 0.6121794871794872 45.301282057692305 45.30769230769231 1.25 44.05769230769231 1.9604575000121258
374000 77.3076923076923 0.020760846419427673 26.905382538461538 0.5817307692307693 45.301282057692305 45.30769230769231 1.25 44.05769230769231 1.966305600013584
376000 77.36538461538461 0.02082763761796956 26.690409019230767 0.5865384615384616 45.301282057692305 45.30769230769231 1.25 44.05769230769231 2.133490400039591
378000 83.03846153846153 0.024334900690905135 25.638825596153843 0.6121794871794872 45.301282057692305 45.30769230769231 1.25 44.05769230769231 2.0801680999575183
380000 77.36538461538461 0.02082763761796956 26.690409019230767 0.5865384615384616 45.301282057692305 45.30769230769231 1.25 44.05769230769231 2.2021046000299975
382000 83.03846153846153 0.024334900690905135 25.638825596153843 0.6121794871794872 45.301282057692305 45.30769230769231 1.25 44.05769230769231 2.060424100025557
384000 83.03846153846153 0.024334900690905135 25.638825596153843 0.6121794871794872 45.301282057692305 45.30769230769231 1.25 44.05769230769231 1.9642770999926142
386000 83.03846153846153 0.024334900690905135 25.638825596153843 0.6121794871794872 45.301282057692305 45.30769230769231 1.25 44.05769230769231 2.337922200036701
388000 83.03846153846153 0.024334900690905135 25.638825596153843 0.6121794871794872 45.301282057692305 45.30769230769231 1.25 44.05769230769231 2.022623000026215
390000 84.1923076923077 0.025547499018051867 25.615323942307686 0.6121794871794872 45.301282057692305 45.30769230769231 1.2884615384615385 44.01923076923077 2.1563152000308037
392000 83.71153846153847 0.025276191706258035 25.47924644230769 0.6217948717948718 45.301282057692305 45.30769230769231 1.25 44.05769230769231 2.23743859998649
394000 83.71153846153847 0.025276191706258035 25.47924644230769 0.6217948717948718 45.301282057692305 45.30769230769231 1.25 44.05769230769231 2.200050099985674
396000 84.86538461538461 0.026488790033404767 25.455744788461534 0.6217948717948718 45.301282057692305 45.30769230769231 1.2884615384615385 44.01923076923077 2.0750679000047967
398000 83.71153846153847 0.025276191706258035 25.47924644230769 0.6217948717948718 45.301282057692305 45.30769230769231 1.25 44.05769230769231 2.0398974000127055
400000 84.86538461538461 0.026488790033404767 25.455744788461534 0.6217948717948718 45.301282057692305 45.30769230769231 1.2884615384615385 44.01923076923077 2.1561933999764733
402000 84.86538461538461 0.026488790033404767 25.455744788461534 0.6217948717948718 45.301282057692305 45.30769230769231 1.2884615384615385 44.01923076923077 2.0507653999957256
404000 79.59615384615384 0.023236402787429666 26.73409890384615 0.6009615384615384 45.301282057692305 45.30769230769231 1.2884615384615385 44.01923076923077 1.9530289999675006
406000 79.59615384615384 0.023236402787429666 26.73409890384615 0.6009615384615384 45.301282057692305 45.30769230769231 1.2884615384615385 44.01923076923077 2.3711452999850735
408000 80.59615384615384 0.023921009185934795 26.278739999999996 0.6153846153846154 45.301282057692305 45.30769230769231 1.2884615384615385 44.01923076923077 2.0116309999721125
410000 79.9423076923077 0.023433067485625843 26.50630486538461 0.6057692307692307 45.301282057692305 45.30769230769231 1.2884615384615385 44.01923076923077 1.9313273999723606
412000 79.59615384615384 0.023236402787429666 26.73409890384615 0.6009615384615384 45.301282057692305 45.30769230769231 1.2884615384615385 44.01923076923077 2.141414299956523
414000 79.5576923076923 0.02321580918502175 26.837611134615376 0.5817307692307693 45.301282057692305 45.30769230769231 1.2884615384615385 44.01923076923077 2.138464700023178
416000 79.59615384615384 0.023236402787429666 26.73409890384615 0.6009615384615384 45.301282057692305 45.30769230769231 1.2884615384615385 44.01923076923077 2.0046328000025824
418000 79.59615384615384 0.023236402787429666 26.73409890384615 0.6009615384615384 45.301282057692305 45.30769230769231 1.2884615384615385 44.01923076923077 2.231755200016778
420000 79.9423076923077 0.023433067485625843 26.50630486538461 0.6057692307692307 45.301282057692305 45.30769230769231 1.2884615384615385 44.01923076923077 2.217379499983508
422000 79.9423076923077 0.023433067485625843 26.50630486538461 0.6057692307692307 45.301282057692305 45.30769230769231 1.2884615384615385 44.01923076923077 1.9364288999931887
424000 79.9423076923077 0.023433067485625843 26.50630486538461 0.6057692307692307 45.301282057692305 45.30769230769231 1.2884615384615385 44.01923076923077 2.101804899983108
426000 79.9423076923077 0.023433067485625843 26.50630486538461 0.6057692307692307 45.301282057692305 45.30769230769231 1.2884615384615385 44.01923076923077 2.058692599995993
428000 79.59615384615384 0.023236402787429666 26.73409890384615 0.6009615384615384 45.301282057692305 45.30769230769231 1.2884615384615385 44.01923076923077 1.9825464999885298
430000 79.59615384615384 0.023236402787429666 26.73409890384615 0.6009615384615384 45.301282057692305 45.30769230769231 1.2884615384615385 44.01923076923077 2.1563996000331827
432000 79.59615384615384 0.023236402787429666 26.73409890384615 0.6009615384615384 45.301282057692305 45.30769230769231 1.2884615384615385 44.01923076923077 2.0819511999725364
434000 79.59615384615384 0.023236402787429666 26.73409890384615 0.6009615384615384 45.301282057692305 45.30769230769231 1.2884615384615385 44.01923076923077 1.978261999960523
436000 79.59615384615384 0.023236402787429666 26.73409890384615 0.6009615384615384 45.301282057692305 45.30769230769231 1.2884615384615385 44.01923076923077 2.1301737999892794
438000 80.59615384615384 0.023921009185934795 26.278739999999996 0.6153846153846154 45.301282057692305 45.30769230769231 1.2884615384615385 44.01923076923077 2.104092800000217
440000 80.59615384615384 0.023921009185934795 26.278739999999996 0.6153846153846154 45.301282057692305 45.30769230769231 1.2884615384615385 44.01923076923077 2.1718370000016876
442000 85.61538461538461 0.026940330558561414 25.454721442307687 0.6314102564102565 45.301282057692305 45.30769230769231 1.2884615384615385 44.01923076923077 2.164557899988722
444000 85.61538461538461 0.026940330558561414 25.454721442307687 0.6314102564102565 45.301282057692305 45.30769230769231 1.2884615384615385 44.01923076923077 2.0718310000374913
446000 84.28846153846153 0.025574753394290824 25.52821090384615 0.625 45.301282057692305 45.30769230769231 1.2884615384615385 44.01923076923077 2.0940321999951266
448000 79.38461538461539 0.023876561837200258 26.18846828846154 0.5961538461538461 45.301282057692305 45.30769230769231 1.2884615384615385 44.01923076923077 2.004557100008242
450000 80.82692307692308 0.024165760386784942 25.717085038461537 0.5961538461538461 45.301282057692305 45.30769230769231 1.2884615384615385 44.01923076923077 2.0686715999618173
452000 80.96153846153847 0.024241459697478367 25.68205713461538 0.5961538461538461 45.301282057692305 45.30769230769231 1.2884615384615385 44.01923076923077 2.033473400049843
454000 83.07692307692308 0.02521770378196334 25.566672461538456 0.625 45.301282057692305 45.30769230769231 1.2884615384615385 44.01923076923077 2.0691346999956295
456000 83.07692307692308 0.02521770378196334 25.566672461538456 0.625 45.301282057692305 45.30769230769231 1.2884615384615385 44.01923076923077 1.9903765000053681
458000 84.28846153846153 0.025574753394290824 25.52821090384615 0.625 45.301282057692305 45.30769230769231 1.2884615384615385 44.01923076923077 2.1356469999882393
460000 85.07692307692308 0.026424352544496835 25.48974934615384 0.6314102564102565 45.301282057692305 45.30769230769231 1.2884615384615385 44.01923076923077 2.1308877999545075
462000 85.61538461538461 0.026940330558561414 25.454721442307687 0.6314102564102565 45.301282057692305 45.30769230769231 1.2884615384615385 44.01923076923077 1.9932385999709368
464000 85.07692307692308 0.026424352544496835 25.48974934615384 0.6314102564102565 45.301282057692305 45.30769230769231 1.2884615384615385 44.01923076923077 1.9617229000432417
466000 85.61538461538461 0.026940330558561414 25.454721442307687 0.6314102564102565 45.301282057692305 45.30769230769231 1.2884615384615385 44.01923076923077 2.266212499991525
468000 85.61538461538461 0.026940330558561414 25.454721442307687 0.6314102564102565 45.301282057692305 45.30769230769231 1.2884615384615385 44.01923076923077 2.11482660000911
470000 85.61538461538461 0.026940330558561414 25.454721442307687 0.6314102564102565 45.301282057692305 45.30769230769231 1.2884615384615385 44.01923076923077 2.1161682999809273
472000 85.61538461538461 0.026940330558561414 25.454721442307687 0.6314102564102565 45.301282057692305 45.30769230769231 1.2884615384615385 44.01923076923077 2.2840496000135317
474000 85.61538461538461 0.026940330558561414 25.454721442307687 0.6314102564102565 45.301282057692305 45.30769230769231 1.2884615384615385 44.01923076923077 2.1986891999840736
476000 85.61538461538461 0.026940330558561414 25.454721442307687 0.6314102564102565 45.301282057692305 45.30769230769231 1.2884615384615385 44.01923076923077 2.0859036999754608
478000 85.61538461538461 0.026940330558561414 25.454721442307687 0.6314102564102565 45.301282057692305 45.30769230769231 1.2884615384615385 44.01923076923077 2.3043309000204317
480000 85.61538461538461 0.026940330558561414 25.454721442307687 0.6314102564102565 45.301282057692305 45.30769230769231 1.2884615384615385 44.01923076923077 2.227703000011388
482000 85.61538461538461 0.026940330558561414 25.454721442307687 0.6314102564102565 45.301282057692305 45.30769230769231 1.2884615384615385 44.01923076923077 2.2230215000454336
484000 85.61538461538461 0.026940330558561414 25.454721442307687 0.6314102564102565 45.301282057692305 45.30769230769231 1.2884615384615385 44.01923076923077 2.1477062000194564
486000 84.28846153846153 0.025574753394290824 25.52821090384615 0.625 45.301282057692305 45.30769230769231 1.2884615384615385 44.01923076923077 2.1526621999801137
488000 85.61538461538461 0.026940330558561414 25.454721442307687 0.6314102564102565 45.301282057692305 45.30769230769231 1.2884615384615385 44.01923076923077 2.4055681000463665
490000 85.61538461538461 0.026940330558561414 25.454721442307687 0.6314102564102565 45.301282057692305 45.30769230769231 1.2884615384615385 44.01923076923077 2.3905204000184312
492000 85.61538461538461 0.026940330558561414 25.454721442307687 0.6314102564102565 45.301282057692305 45.30769230769231 1.2884615384615385 44.01923076923077 1.9918764000176452
494000 85.61538461538461 0.026940330558561414 25.454721442307687 0.6314102564102565 45.301282057692305 45.30769230769231 1.2884615384615385 44.01923076923077 1.8796578999608755
496000 85.61538461538461 0.026940330558561414 25.454721442307687 0.6314102564102565 45.301282057692305 45.30769230769231 1.2884615384615385 44.01923076923077 1.978621700021904
498000 85.61538461538461 0.026940330558561414 25.454721442307687 0.6314102564102565 45.301282057692305 45.30769230769231 1.2884615384615385 44.01923076923077 1.8907739000278525
500000 85.61538461538461 0.026940330558561414 25.454721442307687 0.6314102564102565 45.301282057692305 45.30769230769231 1.2884615384615385 44.01923076923077 1.6189246999565512
