2000 0.6923076923076923 -0.01886004925275849 39.304645673076934 0.125 45.301282057692305 45.30769230769231 1.0384615384615385 44.26923076923077 1.2845204999903217
4000 0.34615384615384615 -0.01900190754475153 39.03148559615384 0.14743589743589744 45.301282057692305 45.30769230769231 1.0384615384615385 44.26923076923077 1.4192918000044301
6000 0.17307692307692307 6.16692642940336e-05 40.06137471153845 0.07852564102564104 45.301282057692305 45.30769230769231 1.0384615384615385 44.26923076923077 1.5361535999691114
8000 0.1346153846153846 8.264502293816068e-05 39.39949953846152 0.1201923076923077 45.301282057692305 45.30769230769231 1.8269230769230769 43.48076923076923 1.824462599994149
10000 0.7307692307692307 0.0004204925312438361 35.8618726923077 0.15384615384615385 45.301282057692305 45.30769230769231 6.269230769230769 39.03846153846154 2.06068429996958
12000 0.6538461538461539 -0.01887584467273816 37.91328792307692 0.11057692307692307 45.301282057692305 45.30769230769231 3.923076923076923 41.38461538461539 2.570451100007631
14000 0.36538461538461536 0.00013572206881966 40.26040221153847 0.03685897435897435 45.301282057692305 45.30769230769231 1.1538461538461537 44.15384615384615 2.5083649000152946
16000 0.4230769230769231 0.0002757684956860106 39.79965671153847 0.056089743589743585 45.301282057692305 45.30769230769231 1.0384615384615385 44.26923076923077 2.302679700020235
18000 0.1346153846153846 7.453688997448502e-05 39.00031303846154 0.10576923076923077 45.301282057692305 45.30769230769231 1.5384615384615385 43.76923076923077 2.144812799990177
20000 1.0769230769230769 0.0005072105968997441 37.16108561538461 0.19230769230769232 45.301282057692305 45.30769230769231 1.1153846153846154 44.19230769230769 2.0692660000058822
22000 1.0192307692307692 0.0004890922048264702 38.63783898076924 0.10416666666666666 45.301282057692305 45.30769230769231 1.0384615384615385 44.26923076923077 2.0115687999641523
24000 1.9807692307692308 -0.34545436762008175 37.208520365384615 0.20833333333333331 45.301282057692305 45.30769230769231 1.0384615384615385 44.26923076923077 1.8187066999962553
26000 0.2692307692307692 0.00014718510346906397 38.948912057692304 0.11057692307692307 45.301282057692305 45.30769230769231 1.0384615384615385 44.26923076923077 1.949576499988325
28000 0.8846153846153846 0.00038519015838058674 38.02045357692308 0.14583333333333331 45.301282057692305 45.30769230769231 1.0384615384615385 44.26923076923077 1.8898606000002474
30000 0.7307692307692307 0.00023562751750708073 38.965859461538464 0.1201923076923077 45.301282057692305 45.30769230769231 1.0384615384615385 44.26923076923077 1.8470631000236608
32000 1.0961538461538463 0.0005221092464468367 37.632829538461536 0.12820512820512822 45.301282057692305 45.30769230769231 1.0384615384615385 44.26923076923077 1.933746599999722
34000 1.1923076923076923 0.0004535464061806465 37.5484265 0.15544871794871792 45.301282057692305 45.30769230769231 1.0769230769230769 44.23076923076923 1.87817709997762
36000 0.75 0.0002890546306201664 37.689452192307684 0.15544871794871792 45.301282057692305 45.30769230769231 1.0384615384615385 44.26923076923077 1.87192619999405
38000 0.36538461538461536 -0.1537296222975894 38.945282365384614 0.12179487179487179 45.301282057692305 45.30769230769231 1.1923076923076923 44.11538461538461 1.9222659000079148
40000 0.9807692307692307 0.000705364474141564 38.55253155769232 0.13942307692307693 45.301282057692305 45.30769230769231 1.0384615384615385 44.26923076923077 2.0157258000108413
42000 1.6153846153846154 0.0008412230774804475 37.25555244230769 0.12820512820512822 45.301282057692305 45.30769230769231 1.0384615384615385 44.26923076923077 1.847115600015968
44000 1.0961538461538463 0.0004808040443571576 37.95946363461537 0.1233974358974359 45.301282057692305 45.30769230769231 1.0384615384615385 44.26923076923077 1.8175406000227667
46000 0.34615384615384615 0.00017806337281542483 39.515164730769236 0.11538461538461536 45.301282057692305 45.30769230769231 1.0384615384615385 44.26923076923077 2.1605390000040643
48000 2.3653846153846154 0.00095228845966102 37.56287823076922 0.1474358974358974 45.301282057692305 45.30769230769231 1.0384615384615385 44.26923076923077 1.8451097999932244
50000 2.3076923076923075 0.0009340438757655141 37.73757446153845 0.14102564102564102 45.301282057692305 45.30769230769231 1.0384615384615385 44.26923076923077 2.0743296000291593
52000 1.5384615384615385 0.0006096544627505946 38.9667555 0.14262820512820512 45.301282057692305 45.30769230769231 1.0384615384615385 44.26923076923077 1.9179651999729685
54000 1.5384615384615385 0.0006439448950049323 39.58029126923077 0.09134615384615384 45.301282057692305 45.30769230769231 1.0384615384615385 44.26923076923077 1.9755635999608785
56000 1.4230769230769231 0.0006313895958971669 39.20291051923077 0.10256410256410256 45.301282057692305 45.30769230769231 1.0384615384615385 44.26923076923077 2.059649000002537
58000 1.1538461538461537 0.0005176472773589263 39.59354628846154 0.11378205128205127 45.301282057692305 45.30769230769231 1.0384615384615385 44.26923076923077 2.2051690999651328
60000 1.3846153846153846 0.0006052638751598302 39.19910094230769 0.11538461538461539 45.301282057692305 45.30769230769231 1.0384615384615385 44.26923076923077 1.9850561000057496
62000 0.7884615384615384 0.00033649086635829993 39.78995523076924 0.125 45.301282057692305 45.30769230769231 1.0384615384615385 44.26923076923077 1.9576465000282042
64000 1.3846153846153846 0.0006612301432778981 38.81909473076924 0.12820512820512822 45.301282057692305 45.30769230769231 1.0384615384615385 44.26923076923077 1.936933399992995
66000 1.2884615384615385 0.0005991633575867011 40.01024821153847 0.10416666666666666 45.301282057692305 45.30769230769231 1.0384615384615385 44.26923076923077 1.9565315999789163
68000 1.4230769230769231 0.0005511664231661624 39.95990773076923 0.07532051282051282 45.301282057692305 45.30769230769231 1.0384615384615385 44.26923076923077 2.18105390004348
70000 1.4807692307692308 0.0006074769921586837 39.79937875 0.10897435897435896 45.301282057692305 45.30769230769231 1.0384615384615385 44.26923076923077 2.046044000016991
72000 1.3076923076923077 0.0005548313292467429 40.04662734615384 0.08012820512820512 45.301282057692305 45.30769230769231 1.0576923076923077 44.25 2.029367299983278
74000 1.0576923076923077 0.0004064181870017517 40.23732763461539 0.08493589743589743 45.301282057692305 45.30769230769231 1.1346153846153846 44.17307692307692 2.100401400006376
76000 0.7307692307692307 0.0002490051925917363 39.631338769230794 0.09615384615384616 45.301282057692305 45.30769230769231 1.2307692307692308 44.07692307692308 2.207192900008522
78000 0.5961538461538461 0.00018677271022968524 39.92063578846155 0.08493589743589743 45.301282057692305 45.30769230769231 1.2307692307692308 44.07692307692308 2.0583175999927334
80000 0.9615384615384616 0.0003193529348899966 35.75696953846154 0.20833333333333331 45.301282057692305 45.30769230769231 1.2307692307692308 44.07692307692308 1.8366746000247076
82000 0.3269230769230769 5.8500642036113455e-05 40.26767949999999 0.04807692307692308 45.301282057692305 45.30769230769231 1.2115384615384615 44.09615384615385 1.9557375999866053
84000 0.6730769230769231 0.00023269004109054204 39.70841096153846 0.14903846153846154 45.301282057692305 45.30769230769231 1.0384615384615385 44.26923076923077 2.003697199979797
86000 1.0192307692307692 0.00041200317924780137 39.05297363461538 0.18750000000000003 45.301282057692305 45.30769230769231 1.0384615384615385 44.26923076923077 2.053099300013855
88000 1.75 0.0008217304125533356 35.29275428846154 0.25801282051282054 45.301282057692305 45.30769230769231 1.0384615384615385 44.26923076923077 1.9892373000038788
90000 1.5384615384615385 0.0008070822051186677 35.93951638461539 0.24519230769230768 45.301282057692305 45.30769230769231 1.0384615384615385 44.26923076923077 2.4297974999644794
92000 3.423076923076923 0.0014173503788173214 32.292844692307696 0.31570512820512814 45.301282057692305 45.30769230769231 1.0384615384615385 44.26923076923077 1.9488704999675974
94000 0.6923076923076923 -0.03822345692277471 39.74432290384615 0.09775641025641027 45.301282057692305 45.30769230769231 1.1153846153846154 44.19230769230769 2.0856439000344835
96000 1.5961538461538463 -0.21092530801988413 38.73586590384615 0.1185897435897436 45.301282057692305 45.30769230769231 1.2692307692307692 44.03846153846154 1.9467086999793537
98000 2.6538461538461537 -0.2105865026662218 37.30788724999999 0.16826923076923078 45.301282057692305 45.30769230769231 1.3653846153846154 43.94230769230769 1.9394910000264645
100000 6.519230769230769 -0.2471596119058542 33.32211544230768 0.33653846153846156 45.301282057692305 45.30769230769231 1.8653846153846154 43.44230769230769 1.9997910999809392
102000 5.211538461538462 -0.24773480575690582 34.46197538461538 0.3205128205128205 45.301282057692305 45.30769230769231 1.7115384615384615 43.59615384615385 2.0119238999905065
104000 4.019230769230769 -0.19063437872501549 35.15098667307693 0.2532051282051282 45.301282057692305 45.30769230769231 1.6346153846153846 43.67307692307692 2.1053637000150047
106000 4.634615384615385 -0.2094744831100503 33.95124480769231 0.314102564102564 45.301282057692305 45.30769230769231 1.7115384615384615 43.59615384615385 1.9886150999809615
108000 3.7115384615384617 -0.21023543543319895 35.321846019230776 0.2131410256410256 45.301282057692305 45.30769230769231 1.3653846153846154 43.94230769230769 2.041324399993755
110000 5.788461538461538 -0.24755709780523347 33.62470926923077 0.34775641025641024 45.301282057692305 45.30769230769231 1.7307692307692308 43.57692307692308 2.035239100048784
112000 7.5576923076923075 0.00339069722251128 32.948361596153845 0.32211538461538464 45.301282057692305 45.30769230769231 1.6538461538461537 43.65384615384615 1.870713300013449
114000 7.826923076923077 0.0028132211476555842 32.80400921153846 0.31410256410256415 45.301282057692305 45.30769230769231 1.3846153846153846 43.92307692307692 2.3336103000328876
116000 5.634615384615385 0.0017829053243319437 34.43126757692308 0.2724358974358974 45.301282057692305 45.30769230769231 1.0384615384615385 44.26923076923077 1.9299214000348002
118000 9.288461538461538 0.0034919846707265026 32.34407303846154 0.3878205128205128 45.301282057692305 45.30769230769231 1.6730769230769231 43.63461538461539 2.0869708000100218
120000 4.384615384615385 0.0008308414725534693 34.375453288461536 0.28365384615384615 45.301282057692305 45.30769230769231 1.0961538461538463 44.21153846153846 1.9934871000004932
122000 4.730769230769231 0.0011890650705867706 34.22346878846154 0.30769230769230765 45.301282057692305 45.30769230769231 1.1730769230769231 44.13461538461539 2.108735700021498
124000 11.346153846153847 0.005239823963312729 31.412563269230777 0.40865384615384615 45.301282057692305 45.30769230769231 1.9615384615384615 43.34615384615385 2.083130400045775
126000 11.557692307692308 0.0047697509333752405 32.225310865384614 0.3605769230769231 45.301282057692305 45.30769230769231 1.3076923076923077 44.0 2.108158499991987
128000 10.442307692307692 0.004681027589943683 31.89834286538462 0.41185897435897434 45.301282057692305 45.30769230769231 1.8269230769230769 43.48076923076923 1.914076799992472
130000 9.51923076923077 0.004056835249782279 31.988086480769233 0.39262820512820507 45.301282057692305 45.30769230769231 1.7884615384615385 43.51923076923077 1.9578542000381276
132000 5.115384615384615 0.0016732074382182832 33.852745096153846 0.328525641025641 45.301282057692305 45.30769230769231 1.2884615384615385 44.01923076923077 2.1628191000199877
134000 10.5 0.0048215088422479254 31.89834223076923 0.3958333333333333 45.301282057692305 45.30769230769231 1.8269230769230769 43.48076923076923 2.223766200011596
136000 10.692307692307692 0.004908708988166843 31.85347038461538 0.40544871794871795 45.301282057692305 45.30769230769231 1.8269230769230769 43.48076923076923 2.2409439000184648
138000 9.057692307692308 0.0038468764605018033 32.355956192307694 0.3958333333333333 45.301282057692305 45.30769230769231 1.6153846153846154 43.69230769230769 2.2447220999747515
140000 6.980769230769231 0.00316458848011697 30.931404673076926 0.4214743589743591 45.301282057692305 45.30769230769231 1.3076923076923077 44.0 1.8716537000145763
142000 4.0576923076923075 0.0012214924574570354 31.14150963461539 0.375 45.301282057692305 45.30769230769231 1.0576923076923077 44.25 2.033914099971298
144000 4.153846153846154 0.001232315874987662 30.840226788461543 0.3894230769230769 45.301282057692305 45.30769230769231 1.0576923076923077 44.25 2.163679699995555
146000 4.153846153846154 0.001232315874987662 30.840226788461543 0.3894230769230769 45.301282057692305 45.30769230769231 1.0576923076923077 44.25 2.189058499992825
148000 4.173076923076923 0.0012071835437958965 31.032535230769234 0.3894230769230769 45.301282057692305 45.30769230769231 1.0576923076923077 44.25 2.111172600009013
150000 4.134615384615385 0.0012156029959260752 30.981252500000004 0.3894230769230769 45.301282057692305 45.30769230769231 1.0576923076923077 44.25 2.053405499958899
152000 4.076923076923077 0.001267594653034791 31.127677288461545 0.3894230769230769 45.301282057692305 45.30769230769231 1.0576923076923077 44.25 1.9468231999780983
154000 4.076923076923077 0.0011557562784961005 31.127677288461545 0.3894230769230769 45.301282057692305 45.30769230769231 1.0576923076923077 44.25 2.0954221000429243
156000 4.153846153846154 0.0012426249657542703 30.840226788461543 0.3894230769230769 45.301282057692305 45.30769230769231 1.0576923076923077 44.25 2.2048117999802344
158000 13.923076923076923 0.0057896709705965825 31.68745759615386 0.38461538461538464 45.301282057692305 45.30769230769231 1.0384615384615385 44.26923076923077 2.1786106000072323
160000 13.173076923076923 0.005391359307298791 31.815662788461548 0.37820512820512814 45.301282057692305 45.30769230769231 1.0384615384615385 44.26923076923077 2.3289522000122815
162000 6.673076923076923 0.002235276051958369 33.66604261538461 0.296474358974359 45.301282057692305 45.30769230769231 1.0384615384615385 44.26923076923077 2.081322700018063
164000 13.51923076923077 0.005422008174587259 31.798614076923084 0.38461538461538464 45.301282057692305 45.30769230769231 1.0384615384615385 44.26923076923077 1.986436900042463
166000 13.692307692307692 0.005626806734933586 32.079993750000014 0.37339743589743585 45.301282057692305 45.30769230769231 1.0384615384615385 44.26923076923077 1.9968816000036895
168000 13.692307692307692 0.0056269310033860145 32.0776126346154 0.37339743589743585 45.301282057692305 45.30769230769231 1.0384615384615385 44.26923076923077 2.06272370001534
170000 13.923076923076923 0.005765318167071982 31.68745759615386 0.38461538461538464 45.301282057692305 45.30769230769231 1.0384615384615385 44.26923076923077 2.1198774999938905
172000 13.326923076923077 0.005522136293243079 31.962999461538477 0.37179487179487175 45.301282057692305 45.30769230769231 1.0769230769230769 44.23076923076923 2.1334109000163153
174000 12.788461538461538 0.0053043083245153675 32.27399836538463 0.35256410256410253 45.301282057692305 45.30769230769231 1.1730769230769231 44.13461538461539 2.187741800036747
176000 12.75 0.005270577967115288 32.36597248076924 0.36538461538461536 45.301282057692305 45.30769230769231 1.0576923076923077 44.25 2.201176200003829
178000 12.211538461538462 0.005013950725630213 32.519024923076934 0.3605769230769231 45.301282057692305 45.30769230769231 1.0384615384615385 44.26923076923077 2.00479139998788
180000 12.48076923076923 0.00521901242659009 32.38263232692309 0.3557692307692308 45.301282057692305 45.30769230769231 1.0961538461538463 44.21153846153846 2.044173399975989
182000 12.25 0.005089304695440821 32.392087692307705 0.328525641025641 45.301282057692305 45.30769230769231 1.1346153846153846 44.17307692307692 1.8462624999810942
184000 11.826923076923077 0.005056342475078963 32.52363030769232 0.3237179487179487 45.301282057692305 45.30769230769231 1.1538461538461537 44.15384615384615 2.060342699987814
186000 12.0 0.00501979309764799 32.6086101346154 0.34294871794871795 45.301282057692305 45.30769230769231 1.0384615384615385 44.26923076923077 2.206264399981592
188000 12.192307692307692 0.005354341499169629 32.59690817307693 0.342948717948718 45.301282057692305 45.30769230769231 1.0769230769230769 44.23076923076923 2.3741704000276513
190000 12.192307692307692 0.005482245877304002 31.885858865384623 0.3557692307692308 45.301282057692305 45.30769230769231 1.4038461538461537 43.90384615384615 1.8770204000175
192000 12.173076923076923 0.005448762116934884 32.05191421153847 0.3926282051282052 45.301282057692305 45.30769230769231 1.4038461538461537 43.90384615384615 2.0367315000039525
194000 13.115384615384615 0.006026690437506296 31.234193961538463 0.40064102564102566 45.301282057692305 45.30769230769231 1.6153846153846154 43.69230769230769 1.9709468000219204
196000 12.865384615384615 0.005941725096521167 30.740214230769233 0.4423076923076923 45.301282057692305 45.30769230769231 1.6538461538461537 43.65384615384615 2.0332458000048064
198000 12.423076923076923 0.005714765176787266 31.587145076923075 0.41185897435897434 45.301282057692305 45.30769230769231 1.4615384615384615 43.84615384615385 2.274226900015492
200000 12.25 0.005577769992795472 31.849489346153852 0.37820512820512814 45.301282057692305 45.30769230769231 1.3076923076923077 44.0 2.1647529000183567
202000 12.538461538461538 0.005539128155982065 32.458497346153855 0.36538461538461536 45.301282057692305 45.30769230769231 1.1538461538461537 44.15384615384615 1.987507399986498
204000 12.807692307692308 0.005839770240107635 32.20255484615386 0.36858974358974356 45.301282057692305 45.30769230769231 1.2115384615384615 44.09615384615385 2.008917500032112
206000 12.961538461538462 0.005432704755403948 32.26450948076925 0.34935897435897434 45.301282057692305 45.30769230769231 1.0769230769230769 44.23076923076923 2.302664900023956
208000 12.346153846153847 0.005327281928981631 32.364864384615394 0.34615384615384615 45.301282057692305 45.30769230769231 1.0769230769230769 44.23076923076923 2.139524500002153
210000 12.442307692307692 0.0052300808270308455 32.555616980769244 0.3349358974358974 45.301282057692305 45.30769230769231 1.0384615384615385 44.26923076923077 2.1584039999870583
212000 12.788461538461538 0.005387013548101917 32.20913853846155 0.3573717948717948 45.301282057692305 45.30769230769231 1.0769230769230769 44.23076923076923 2.270907600002829
214000 12.807692307692308 0.005431629343902559 32.13761450000002 0.3573717948717948 45.301282057692305 45.30769230769231 1.0961538461538463 44.21153846153846 1.9642620999948122
216000 12.288461538461538 0.0052502354241296114 32.39295594230771 0.35096153846153844 45.301282057692305 45.30769230769231 1.0769230769230769 44.23076923076923 2.012673299992457
218000 12.288461538461538 0.005156620469946268 32.37212828846155 0.35096153846153844 45.301282057692305 45.30769230769231 1.1346153846153846 44.17307692307692 2.170622000005096
220000 12.23076923076923 0.005099752331109099 32.46755890384616 0.35416666666666663 45.301282057692305 45.30769230769231 1.1153846153846154 44.19230769230769 2.271295199985616
222000 12.23076923076923 0.005094831833367111 32.52245546153848 0.34775641025641024 45.301282057692305 45.30769230769231 1.0769230769230769 44.23076923076923 2.1447084000101313
224000 12.51923076923077 0.0052132218268963176 32.42390205769232 0.344551282051282 45.301282057692305 45.30769230769231 1.2884615384615385 44.01923076923077 2.1130028000334278
226000 12.48076923076923 0.0051923788278601815 32.53619942307694 0.34615384615384615 45.301282057692305 45.30769230769231 1.0576923076923077 44.25 2.011757700005546
228000 12.423076923076923 0.005030466301049233 32.46834267307694 0.3589743589743589 45.301282057692305 45.30769230769231 1.1538461538461537 44.15384615384615 2.3696290000225417
230000 11.326923076923077 0.005202141201470657 32.31197496153847 0.36538461538461536 45.301282057692305 45.30769230769231 1.5769230769230769 43.73076923076923 2.0305611999938264
232000 11.23076923076923 0.004986502911266669 32.33246692307692 0.3701923076923077 45.301282057692305 45.30769230769231 1.8461538461538463 43.46153846153846 2.138178199995309
234000 10.173076923076923 0.004582238766694351 32.774789038461535 0.3573717948717948 45.301282057692305 45.30769230769231 1.8076923076923077 43.5 1.8832789999432862
236000 12.288461538461538 0.005602245824771118 32.681803423076936 0.3557692307692308 45.301282057692305 45.30769230769231 1.3846153846153846 43.92307692307692 1.926368199987337
238000 11.538461538461538 0.005260980451135411 32.68053190384615 0.35096153846153844 45.301282057692305 45.30769230769231 1.3846153846153846 43.92307692307692 2.129043199995067
240000 15.173076923076923 0.006677846165237906 32.1761508076923 0.37339743589743585 45.301282057692305 45.30769230769231 1.2884615384615385 44.01923076923077 2.0339771000435576
242000 15.98076923076923 0.00677660066431345 31.83086919230768 0.3669871794871795 45.301282057692305 45.30769230769231 1.1538461538461537 44.15384615384615 1.9012115999939851
244000 15.346153846153847 0.006698411254692198 31.955860269230758 0.3926282051282052 45.301282057692305 45.30769230769231 1.1923076923076923 44.11538461538461 2.0157918000477366
246000 15.807692307692308 0.007224487301270381 31.860714615384612 0.40544871794871795 45.301282057692305 45.30769230769231 1.3653846153846154 43.94230769230769 2.127192699990701
248000 18.96153846153846 0.008919940246422923 31.56241580769231 0.41185897435897434 45.301282057692305 45.30769230769231 1.1730769230769231 44.13461538461539 2.0226701999781653
250000 19.153846153846153 0.00901862872975404 31.351689 0.39262820512820507 45.301282057692305 45.30769230769231 1.3076923076923077 44.0 2.09772309998516
252000 20.76923076923077 0.009657735272171904 30.460614461538455 0.45673076923076916 45.301282057692305 45.30769230769231 1.2884615384615385 44.01923076923077 1.8345956999692135
254000 20.5 0.009559307662290524 30.658893423076922 0.4471153846153845 45.301282057692305 45.30769230769231 1.1730769230769231 44.13461538461539 2.0028100999770686
256000 19.942307692307693 0.009397428410084795 30.633561519230764 0.45673076923076916 45.301282057692305 45.30769230769231 1.1538461538461537 44.15384615384615 2.0226125000044703
258000 21.615384615384617 0.01070858197540884 30.110345134615383 0.4711538461538461 45.301282057692305 45.30769230769231 1.1730769230769231 44.13461538461539 1.9921356000122614
260000 21.98076923076923 0.010728794743335953 29.840222211538464 0.48557692307692296 45.301282057692305 45.30769230769231 1.1538461538461537 44.15384615384615 2.165123200044036
262000 22.903846153846153 0.011289469706751199 29.825088596153844 0.46794871794871795 45.301282057692305 45.30769230769231 1.1730769230769231 44.13461538461539 2.027027799980715
264000 22.903846153846153 0.011289469706751199 29.825088596153844 0.46794871794871795 45.301282057692305 45.30769230769231 1.1730769230769231 44.13461538461539 2.0323494999902323
266000 22.346153846153847 0.010611653217218854 29.852865711538463 0.46794871794871795 45.301282057692305 45.30769230769231 1.1538461538461537 44.15384615384615 1.9838206000276841
268000 21.615384615384617 0.010859849884146226 30.027189403846155 0.46314102564102555 45.301282057692305 45.30769230769231 1.1538461538461537 44.15384615384615 2.0850835000164807
270000 22.115384615384617 0.011266792577790676 29.99834323076923 0.4807692307692308 45.301282057692305 45.30769230769231 1.1538461538461537 44.15384615384615 2.1629566999617964
272000 22.192307692307693 0.011295223710567116 29.83933325 0.4807692307692308 45.301282057692305 45.30769230769231 1.1730769230769231 44.13461538461539 2.0532753000152297
274000 21.673076923076923 0.010356274774632858 29.760273769230764 0.4743589743589744 45.301282057692305 45.30769230769231 1.1538461538461537 44.15384615384615 2.0014952999772504
276000 23.115384615384617 0.011566107321697074 29.806392307692306 0.47435897435897434 45.301282057692305 45.30769230769231 1.1730769230769231 44.13461538461539 2.0318257000180893
278000 23.384615384615383 0.011962576033160598 29.80606630769231 0.47916666666666663 45.301282057692305 45.30769230769231 1.1923076923076923 44.11538461538461 1.92709150002338
280000 23.326923076923077 0.011939871737889093 29.774728249999995 0.4791666666666667 45.301282057692305 45.30769230769231 1.1923076923076923 44.11538461538461 2.1577255000011064
282000 22.884615384615383 0.011172532581460523 29.802682192307692 0.47275641025641024 45.301282057692305 45.30769230769231 1.1730769230769231 44.13461538461539 2.088993700046558
284000 23.692307692307693 0.012104761909137377 29.764043846153847 0.4791666666666667 45.301282057692305 45.30769230769231 1.1923076923076923 44.11538461538461 2.034338600002229
286000 23.826923076923077 0.012165372590924067 29.724513923076927 0.4823717948717948 45.301282057692305 45.30769230769231 1.1923076923076923 44.11538461538461 2.11046949995216
288000 24.153846153846153 0.012017947482793393 29.74601873076924 0.4823717948717948 45.301282057692305 45.30769230769231 1.1730769230769231 44.13461538461539 1.9156810999847949
290000 25.615384615384617 0.012606460198740444 29.565495250000005 0.4887820512820512 45.301282057692305 45.30769230769231 1.1730769230769231 44.13461538461539 2.016539999982342
292000 25.557692307692307 0.012769759548107258 29.549413076923084 0.5032051282051282 45.301282057692305 45.30769230769231 1.1730769230769231 44.13461538461539 2.0436633999925107
294000 27.615384615384617 0.013290228516028131 29.345214596153856 0.5192307692307692 45.301282057692305 45.30769230769231 1.1923076923076923 44.11538461538461 2.3408296999987215
296000 27.057692307692307 0.01391175003262583 29.471283057692315 0.5096153846153846 45.301282057692305 45.30769230769231 1.1923076923076923 44.11538461538461 1.974792700028047
298000 29.365384615384617 0.0147622674095232 29.257230884615385 0.5192307692307692 45.301282057692305 45.30769230769231 1.7307692307692308 43.57692307692308 2.143920599948615
300000 27.73076923076923 0.013947903315096377 29.38799882692308 0.5096153846153846 45.301282057692305 45.30769230769231 1.3269230769230769 43.98076923076923 2.3201293000020087
302000 28.096153846153847 0.013604840754586362 29.45647450000001 0.49038461538461525 45.301282057692305 45.30769230769231 1.3461538461538463 43.96153846153846 2.090414000034798
304000 26.576923076923077 0.012639484194240392 29.6182641923077 0.469551282051282 45.301282057692305 45.30769230769231 1.2115384615384615 44.09615384615385 2.0652871999773197
306000 26.576923076923077 0.012639484194240392 29.6182641923077 0.469551282051282 45.301282057692305 45.30769230769231 1.2115384615384615 44.09615384615385 2.1919678999693133
308000 29.28846153846154 0.013844067755487459 29.283184211538465 0.4775641025641025 45.301282057692305 45.30769230769231 1.6153846153846154 43.69230769230769 2.155849200033117
310000 27.153846153846153 0.012495556672774084 29.458576769230774 0.46794871794871795 45.301282057692305 45.30769230769231 1.6346153846153846 43.67307692307692 2.104986100050155
312000 27.076923076923077 0.012586912889716398 29.532045846153853 0.4358974358974359 45.301282057692305 45.30769230769231 1.6538461538461537 43.65384615384615 2.3029188999789767
314000 29.384615384615383 0.01385689511314862 29.445507865384624 0.4551282051282052 45.301282057692305 45.30769230769231 1.5 43.80769230769231 2.0693205999559723
316000 31.134615384615383 0.014482069459440835 29.55152228846155 0.46794871794871795 45.301282057692305 45.30769230769231 1.6538461538461537 43.65384615384615 2.2423856999957934
318000 27.25 0.012713841865819631 30.279644961538466 0.453525641025641 45.301282057692305 45.30769230769231 1.25 44.05769230769231 1.9440060000051744
320000 30.0 0.013563039345549727 29.718113865384616 0.46474358974358976 45.301282057692305 45.30769230769231 1.3653846153846154 43.94230769230769 2.0195191000238992
322000 30.173076923076923 0.014350071353387624 29.47257121153846 0.4551282051282052 45.301282057692305 45.30769230769231 1.2884615384615385 44.01923076923077 2.0525709000066854
324000 31.71153846153846 0.015256310625323576 29.440327019230775 0.45032051282051283 45.301282057692305 45.30769230769231 1.3269230769230769 43.98076923076923 2.116831200022716
326000 32.38461538461539 0.015661044526695287 29.138378980769236 0.46794871794871795 45.301282057692305 45.30769230769231 1.3846153846153846 43.92307692307692 2.0184010000084527
328000 32.76923076923077 0.017022012074419106 29.060608192307697 0.46794871794871795 45.301282057692305 45.30769230769231 1.4423076923076923 43.86538461538461 2.163444800011348
330000 32.76923076923077 0.016779680182601626 29.14100390384616 0.4839743589743589 45.301282057692305 45.30769230769231 1.3846153846153846 43.92307692307692 2.0844444000395015
332000 32.86538461538461 0.017006273538553607 29.439805076923086 0.47275641025641024 45.301282057692305 45.30769230769231 1.3846153846153846 43.92307692307692 1.9778913000482135
334000 37.53846153846154 0.01853663397296759 29.3065349423077 0.49839743589743585 45.301282057692305 45.30769230769231 1.3846153846153846 43.92307692307692 1.9434296000399627
336000 42.53846153846154 0.020953685308098356 28.879934980769235 0.5256410256410255 45.301282057692305 45.30769230769231 1.4038461538461537 43.90384615384615 2.3061782000004314
338000 45.03846153846154 0.023865992853686385 28.94547525000001 0.5352564102564101 45.301282057692305 45.30769230769231 1.4038461538461537 43.90384615384615 2.3209308000514284
340000 53.71153846153846 0.02873764636327482 28.375672653846166 0.5448717948717948 45.301282057692305 45.30769230769231 1.3846153846153846 43.92307692307692 2.099445800005924
342000 55.46153846153846 0.029303297462101092 27.983031019230776 0.5592948717948717 45.301282057692305 45.30769230769231 1.3653846153846154 43.94230769230769 2.2662087000207976
344000 62.46153846153846 0.0324708219212064 27.061035173076927 0.5689102564102564 45.301282057692305 45.30769230769231 1.2884615384615385 44.01923076923077 2.2231500999769196
346000 66.23076923076923 0.03455834865378498 26.239135250000007 0.5913461538461539 45.301282057692305 45.30769230769231 1.2884615384615385 44.01923076923077 2.0514429999748245
348000 71.9423076923077 0.036779538632778205 26.037032692307697 0.594551282051282 45.301282057692305 45.30769230769231 1.2884615384615385 44.01923076923077 2.1816590999951586
350000 73.61538461538461 -0.057712124892177814 27.40668346153847 0.5368589743589743 45.301282057692305 45.30769230769231 1.3076923076923077 44.0 2.227911400026642
352000 77.1923076923077 -0.017831192467049478 26.794931826923087 0.5608974358974359 45.301282057692305 45.30769230769231 1.2884615384615385 44.01923076923077 2.1861002999939956
354000 82.67307692307692 0.04312583058009148 25.384085942307692 0.6217948717948718 45.301282057692305 45.30769230769231 1.3076923076923077 44.0 2.1207195000024512
356000 79.48076923076923 0.0416570266441811 26.023332711538462 0.5833333333333334 45.301282057692305 45.30769230769231 1.3269230769230769 43.98076923076923 2.2790605999762192
358000 85.11538461538461 0.04462375610794967 25.25801798076923 0.6121794871794872 45.301282057692305 45.30769230769231 1.25 44.05769230769231 2.111732099961955
360000 85.11538461538461 0.04462375610794967 25.25801798076923 0.6121794871794872 45.301282057692305 45.30769230769231 1.25 44.05769230769231 2.1138090000022203
362000 85.11538461538461 0.04462375610794967 25.25801798076923 0.6121794871794872 45.301282057692305 45.30769230769231 1.25 44.05769230769231 2.0889365000184625
364000 85.11538461538461 0.04462375610794967 25.25801798076923 0.6121794871794872 45.301282057692305 45.30769230769231 1.25 44.05769230769231 2.224633799982257
366000 83.82692307692308 0.043387382232568404 25.414355884615382 0.6025641025641026 45.301282057692305 45.30769230769231 1.25 44.05769230769231 2.2021244000061415
368000 83.82692307692308 0.043387382232568404 25.414355884615382 0.6025641025641026 45.301282057692305 45.30769230769231 1.25 44.05769230769231 2.065755400049966
370000 83.82692307692308 0.043387382232568404 25.414355884615382 0.6025641025641026 45.301282057692305 45.30769230769231 1.25 44.05769230769231 2.089821400004439
372000 81.34615384615384 0.042839794426958 25.861473788461538 0.6025641025641026 45.301282057692305 45.30769230769231 1.25 44.05769230769231 2.1238797000260092
374000 77.6923076923077 0.04115202418533108 26.797150903846156 0.5592948717948718 45.301282057692305 45.30769230769231 1.25 44.05769230769231 2.174208899959922
376000 77.84615384615384 0.04048273261538701 26.49309528846154 0.5737179487179488 45.301282057692305 45.30769230769231 1.25 44.05769230769231 2.3291621999815106
378000 83.53846153846153 0.043257273749759996 25.42717640384615 0.6025641025641026 45.301282057692305 45.30769230769231 1.25 44.05769230769231 2.2569480999954976
380000 77.84615384615384 0.04048273261538701 26.49309528846154 0.5737179487179488 45.301282057692305 45.30769230769231 1.25 44.05769230769231 2.277957000012975
382000 83.53846153846153 0.043257273749759996 25.42717640384615 0.6025641025641026 45.301282057692305 45.30769230769231 1.25 44.05769230769231 1.95294379995903
384000 83.53846153846153 0.043257273749759996 25.42717640384615 0.6025641025641026 45.301282057692305 45.30769230769231 1.25 44.05769230769231 2.020967299991753
386000 83.53846153846153 0.043257273749759996 25.42717640384615 0.6025641025641026 45.301282057692305 45.30769230769231 1.25 44.05769230769231 2.3758667000220157
388000 83.53846153846153 0.043257273749759996 25.42717640384615 0.6025641025641026 45.301282057692305 45.30769230769231 1.25 44.05769230769231 2.0412265000049956
390000 84.6923076923077 0.04444472261290441 25.403674749999997 0.6025641025641026 45.301282057692305 45.30769230769231 1.2884615384615385 44.01923076923077 2.145957999979146
392000 85.5 0.04543503332730917 25.113422807692306 0.6217948717948718 45.301282057692305 45.30769230769231 1.25 44.05769230769231 2.1833794999984093
394000 85.5 0.04543503332730917 25.113422807692306 0.6217948717948718 45.301282057692305 45.30769230769231 1.25 44.05769230769231 2.1086898999637924
396000 86.65384615384616 0.04662248219045358 25.089921153846152 0.6217948717948718 45.301282057692305 45.30769230769231 1.2884615384615385 44.01923076923077 2.2568521999637596
398000 85.5 0.04543503332730917 25.113422807692306 0.6217948717948718 45.301282057692305 45.30769230769231 1.25 44.05769230769231 2.088867499958724
400000 86.65384615384616 0.04662248219045358 25.089921153846152 0.6217948717948718 45.301282057692305 45.30769230769231 1.2884615384615385 44.01923076923077 2.080022799957078
402000 85.71153846153847 0.046187358661441844 25.288422384615384 0.6217948717948718 45.301282057692305 45.30769230769231 1.2884615384615385 44.01923076923077 2.054077100008726
404000 81.26923076923077 0.04404872675345281 26.383260576923078 0.5977564102564104 45.301282057692305 45.30769230769231 1.2884615384615385 44.01923076923077 2.252425200014841
406000 81.26923076923077 0.04404872675345281 26.383260576923078 0.5977564102564104 45.301282057692305 45.30769230769231 1.2884615384615385 44.01923076923077 2.2003731000004336
408000 84.15384615384616 0.045922563272784725 25.47211628846154 0.6314102564102565 45.301282057692305 45.30769230769231 1.2884615384615385 44.01923076923077 2.1828508999897167
410000 81.61538461538461 0.04424537712149596 26.156841538461542 0.6025641025641026 45.301282057692305 45.30769230769231 1.2884615384615385 44.01923076923077 2.18271189997904
412000 81.26923076923077 0.04404872675345281 26.383260576923078 0.5977564102564104 45.301282057692305 45.30769230769231 1.2884615384615385 44.01923076923077 1.997741099970881
414000 81.23076923076923 0.04402814629719136 26.485942038461538 0.5785256410256411 45.301282057692305 45.30769230769231 1.2884615384615385 44.01923076923077 1.972039699961897
416000 81.26923076923077 0.04404872675345281 26.383260576923078 0.5977564102564104 45.301282057692305 45.30769230769231 1.2884615384615385 44.01923076923077 2.13518479996128
418000 81.26923076923077 0.04404872675345281 26.383260576923078 0.5977564102564104 45.301282057692305 45.30769230769231 1.2884615384615385 44.01923076923077 2.174412199994549
420000 81.61538461538461 0.04424537712149596 26.156841538461542 0.6025641025641026 45.301282057692305 45.30769230769231 1.2884615384615385 44.01923076923077 2.2786408999818377
422000 81.61538461538461 0.04424537712149596 26.156841538461542 0.6025641025641026 45.301282057692305 45.30769230769231 1.2884615384615385 44.01923076923077 2.1773546999902464
424000 81.61538461538461 0.04424537712149596 26.156841538461542 0.6025641025641026 45.301282057692305 45.30769230769231 1.2884615384615385 44.01923076923077 1.9150076999794692
426000 81.61538461538461 0.04424537712149596 26.156841538461542 0.6025641025641026 45.301282057692305 45.30769230769231 1.2884615384615385 44.01923076923077 2.1387498999829404
428000 81.26923076923077 0.04404872675345281 26.383260576923078 0.5977564102564104 45.301282057692305 45.30769230769231 1.2884615384615385 44.01923076923077 2.335992200009059
430000 81.26923076923077 0.04404872675345281 26.383260576923078 0.5977564102564104 45.301282057692305 45.30769230769231 1.2884615384615385 44.01923076923077 2.190297699999064
432000 81.26923076923077 0.04404872675345281 26.383260576923078 0.5977564102564104 45.301282057692305 45.30769230769231 1.2884615384615385 44.01923076923077 2.310777999984566
434000 81.26923076923077 0.04404872675345281 26.383260576923078 0.5977564102564104 45.301282057692305 45.30769230769231 1.2884615384615385 44.01923076923077 2.239421100006439
436000 81.26923076923077 0.04404872675345281 26.383260576923078 0.5977564102564104 45.301282057692305 45.30769230769231 1.2884615384615385 44.01923076923077 2.2184784000273794
438000 84.15384615384616 0.045922563272784725 25.47211628846154 0.6314102564102565 45.301282057692305 45.30769230769231 1.2884615384615385 44.01923076923077 2.154269899998326
440000 84.15384615384616 0.045922563272784725 25.47211628846154 0.6314102564102565 45.301282057692305 45.30769230769231 1.2884615384615385 44.01923076923077 2.168244300002698
442000 87.3076923076923 0.04701991825586896 25.090922653846153 0.6314102564102565 45.301282057692305 45.30769230769231 1.2884615384615385 44.01923076923077 2.22485699999379
444000 86.51923076923077 0.04617035682874726 25.129384211538458 0.625 45.301282057692305 45.30769230769231 1.2884615384615385 44.01923076923077 2.255051399988588
446000 86.51923076923077 0.04617035682874726 25.129384211538458 0.625 45.301282057692305 45.30769230769231 1.2884615384615385 44.01923076923077 2.2220789000275545
448000 81.07692307692308 0.04426861254268702 25.81528263461539 0.5961538461538461 45.301282057692305 45.30769230769231 1.2884615384615385 44.01923076923077 2.147630399966147
450000 82.1923076923077 0.044195096477419454 25.38169844230769 0.5961538461538461 45.301282057692305 45.30769230769231 1.2884615384615385 44.01923076923077 2.1684602000168525
452000 82.32692307692308 0.04427078898536703 25.34733303846154 0.5961538461538461 45.301282057692305 45.30769230769231 1.2884615384615385 44.01923076923077 2.172767299984116
454000 85.3076923076923 0.045813307216419775 25.167845769230766 0.625 45.301282057692305 45.30769230769231 1.2884615384615385 44.01923076923077 2.157764600007795
456000 85.3076923076923 0.045813307216419775 25.167845769230766 0.625 45.301282057692305 45.30769230769231 1.2884615384615385 44.01923076923077 2.1325936000212096
458000 86.51923076923077 0.04617035682874726 25.129384211538458 0.625 45.301282057692305 45.30769230769231 1.2884615384615385 44.01923076923077 2.360304499976337
460000 86.51923076923077 0.04617035682874726 25.129384211538458 0.625 45.301282057692305 45.30769230769231 1.2884615384615385 44.01923076923077 2.3776036000344902
462000 86.51923076923077 0.04617035682874726 25.129384211538458 0.625 45.301282057692305 45.30769230769231 1.2884615384615385 44.01923076923077 2.270324199984316
464000 86.51923076923077 0.04617035682874726 25.129384211538458 0.625 45.301282057692305 45.30769230769231 1.2884615384615385 44.01923076923077 2.140118400042411
466000 86.51923076923077 0.04617035682874726 25.129384211538458 0.625 45.301282057692305 45.30769230769231 1.2884615384615385 44.01923076923077 2.203545700001996
468000 87.3076923076923 0.04701991825586896 25.090922653846153 0.6314102564102565 45.301282057692305 45.30769230769231 1.2884615384615385 44.01923076923077 2.1982765999855474
470000 87.3076923076923 0.04701991825586896 25.090922653846153 0.6314102564102565 45.301282057692305 45.30769230769231 1.2884615384615385 44.01923076923077 2.140056399977766
472000 87.3076923076923 0.04701991825586896 25.090922653846153 0.6314102564102565 45.301282057692305 45.30769230769231 1.2884615384615385 44.01923076923077 2.199378000048455
474000 87.3076923076923 0.04701991825586896 25.090922653846153 0.6314102564102565 45.301282057692305 45.30769230769231 1.2884615384615385 44.01923076923077 2.1187437000335194
476000 87.3076923076923 0.04701991825586896 25.090922653846153 0.6314102564102565 45.301282057692305 45.30769230769231 1.2884615384615385 44.01923076923077 2.2988925999961793
478000 87.3076923076923 0.04701991825586896 25.090922653846153 0.6314102564102565 45.301282057692305 45.30769230769231 1.2884615384615385 44.01923076923077 2.2087683999561705
480000 87.3076923076923 0.04701991825586896 25.090922653846153 0.6314102564102565 45.301282057692305 45.30769230769231 1.2884615384615385 44.01923076923077 2.0585799000109546
482000 86.51923076923077 0.04617035682874726 25.129384211538458 0.625 45.301282057692305 45.30769230769231 1.2884615384615385 44.01923076923077 2.263940699980594
484000 87.3076923076923 0.04701991825586896 25.090922653846153 0.6314102564102565 45.301282057692305 45.30769230769231 1.2884615384615385 44.01923076923077 2.085804200032726
486000 86.51923076923077 0.04617035682874726 25.129384211538458 0.625 45.301282057692305 45.30769230769231 1.2884615384615385 44.01923076923077 2.1320182000054047
488000 87.3076923076923 0.04701991825586896 25.090922653846153 0.6314102564102565 45.301282057692305 45.30769230769231 1.2884615384615385 44.01923076923077 1.999875699984841
490000 87.3076923076923 0.04701991825586896 25.090922653846153 0.6314102564102565 45.301282057692305 45.30769230769231 1.2884615384615385 44.01923076923077 1.9527043999987654
492000 87.3076923076923 0.04701991825586896 25.090922653846153 0.6314102564102565 45.301282057692305 45.30769230769231 1.2884615384615385 44.01923076923077 1.7163903000182472
494000 87.3076923076923 0.04701991825586896 25.090922653846153 0.6314102564102565 45.301282057692305 45.30769230769231 1.2884615384615385 44.01923076923077 1.6791372000006959
496000 87.3076923076923 0.04701991825586896 25.090922653846153 0.6314102564102565 45.301282057692305 45.30769230769231 1.2884615384615385 44.01923076923077 1.4584070999990217
498000 87.3076923076923 0.04701991825586896 25.090922653846153 0.6314102564102565 45.301282057692305 45.30769230769231 1.2884615384615385 44.01923076923077 1.5663721000310034
500000 87.3076923076923 0.04701991825586896 25.090922653846153 0.6314102564102565 45.301282057692305 45.30769230769231 1.2884615384615385 44.01923076923077 1.5360044999979436
