2000 1.3269230769230769 -0.018861684419085076 36.53881851923076 0.06570512820512821 45.301282057692305 45.30769230769231 1.6538461538461537 43.65384615384615 0.5627393000177108
4000 1.4615384615384615 0.00028413340324359623 35.9783545 0.1298076923076923 45.301282057692305 45.30769230769231 1.6538461538461537 43.65384615384615 0.6208889000117779
6000 1.5961538461538463 -0.09579945122212392 35.96967640384617 0.09775641025641026 45.301282057692305 45.30769230769231 1.6538461538461537 43.65384615384615 0.6223195000202395
8000 2.6153846153846154 0.0009950481241973645 35.51419401923077 0.1137820512820513 45.301282057692305 45.30769230769231 1.6538461538461537 43.65384615384615 0.615616700029932
10000 2.2115384615384617 -0.1339366642002015 36.20825073076922 0.07852564102564102 45.301282057692305 45.30769230769231 1.6538461538461537 43.65384615384615 0.6267674000118859
12000 3.730769230769231 -0.11370611035718042 34.22048180769231 0.18589743589743593 45.301282057692305 45.30769230769231 2.1538461538461537 43.15384615384615 0.7761167999706231
14000 3.673076923076923 -0.11363093320945288 34.341750769230764 0.16025641025641024 45.301282057692305 45.30769230769231 2.2115384615384617 43.09615384615385 0.8635940000531264
16000 3.25 -0.3262299913258203 34.44830353846153 0.14903846153846154 45.301282057692305 45.30769230769231 2.2115384615384617 43.09615384615385 0.8918814000207931
18000 4.076923076923077 -0.3257447019901117 34.403020230769236 0.1746794871794872 45.301282057692305 45.30769230769231 1.8269230769230769 43.48076923076923 1.2475069999927655
20000 2.730769230769231 -0.3265162451731938 35.546245653846164 0.12980769230769232 45.301282057692305 45.30769230769231 1.6538461538461537 43.65384615384615 1.2288996999850497
22000 2.076923076923077 0.0006844434180216488 36.085275057692314 0.07211538461538461 45.301282057692305 45.30769230769231 1.6538461538461537 43.65384615384615 1.6695633999770507
24000 1.0192307692307692 0.00018687665509643545 36.85028657692309 0.060897435897435896 45.301282057692305 45.30769230769231 1.6538461538461537 43.65384615384615 2.24058599997079
26000 2.1153846153846154 -0.32634910234268744 35.418743692307686 0.11698717948717949 45.301282057692305 45.30769230769231 1.6538461538461537 43.65384615384615 1.7433052000124007
28000 2.326923076923077 -0.1531685478727422 35.28712909615384 0.1282051282051282 45.301282057692305 45.30769230769231 1.6538461538461537 43.65384615384615 1.992742900038138
30000 2.75 -0.13377976664688507 35.158345749999995 0.15544871794871792 45.301282057692305 45.30769230769231 1.6538461538461537 43.65384615384615 2.123923000006471
32000 2.3461538461538463 -0.05688577614857515 35.27082786538461 0.16666666666666666 45.301282057692305 45.30769230769231 1.6538461538461537 43.65384615384615 2.284817199979443
34000 1.4423076923076923 0.0004708246989537885 36.020537230769236 0.08814102564102563 45.301282057692305 45.30769230769231 1.6730769230769231 43.63461538461539 2.202027699968312
36000 1.5384615384615385 0.0005190743427493008 36.13404717307692 0.0673076923076923 45.301282057692305 45.30769230769231 1.7307692307692308 43.57692307692308 1.8238488000351936
38000 1.5961538461538463 0.00037630808208444715 36.46658850000001 0.08493589743589744 45.301282057692305 45.30769230769231 1.7884615384615385 43.51923076923077 1.7749697000253946
40000 1.25 0.0003700079769994612 36.4437066346154 0.06570512820512821 45.301282057692305 45.30769230769231 1.9615384615384615 43.34615384615385 2.0739802999887615
42000 1.3269230769230769 0.0003622076860708944 36.00174959615384 0.12339743589743589 45.301282057692305 45.30769230769231 1.7884615384615385 43.51923076923077 1.8078766000107862
44000 1.3269230769230769 0.00041892641582263595 35.87650086538462 0.11698717948717949 45.301282057692305 45.30769230769231 1.7884615384615385 43.51923076923077 2.414701000030618
46000 1.75 -0.15331149797690016 35.570644250000015 0.14743589743589744 45.301282057692305 45.30769230769231 1.7884615384615385 43.51923076923077 1.8509734999970533
48000 1.8269230769230769 -0.13402565283528206 35.5171716923077 0.1330128205128205 45.301282057692305 45.30769230769231 1.7884615384615385 43.51923076923077 1.75030610000249
50000 1.5961538461538463 0.0005013978371170666 35.65371448076923 0.1233974358974359 45.301282057692305 45.30769230769231 2.019230769230769 43.28846153846154 1.9580333000048995
52000 1.1730769230769231 0.0003286681879665816 35.72738128846154 0.0673076923076923 45.301282057692305 45.30769230769231 3.3461538461538463 41.96153846153846 1.8750059000449255
54000 3.7115384615384617 0.0013769219962009348 34.70718984615385 0.14423076923076922 45.301282057692305 45.30769230769231 4.346153846153846 40.96153846153846 2.0068257999955676
56000 3.423076923076923 -0.2104985760812645 34.86879094230769 0.14583333333333331 45.301282057692305 45.30769230769231 1.75 43.55769230769231 1.850475599989295
58000 2.5576923076923075 -0.211121171090217 35.41888423076924 0.13141025641025642 45.301282057692305 45.30769230769231 1.6538461538461537 43.65384615384615 2.1515202000155114
60000 2.769230769230769 0.001108985001087038 34.98655315384616 0.1282051282051282 45.301282057692305 45.30769230769231 1.6538461538461537 43.65384615384615 1.8720848999801092
62000 3.9423076923076925 0.0007787166040297501 34.33573288461538 0.1955128205128205 45.301282057692305 45.30769230769231 1.6923076923076923 43.61538461538461 1.9601250000414439
64000 3.769230769230769 0.000875093333178804 34.36564742307693 0.19711538461538458 45.301282057692305 45.30769230769231 1.6923076923076923 43.61538461538461 1.8700124999741092
66000 1.5384615384615385 0.0005930724220715928 36.0616815576923 0.08173076923076923 45.301282057692305 45.30769230769231 2.1153846153846154 43.19230769230769 1.8396323000197299
68000 2.25 0.0010435843076021306 35.435089576923076 0.10096153846153846 45.301282057692305 45.30769230769231 1.6923076923076923 43.61538461538461 2.1476607999647968
70000 2.326923076923077 0.0011239851909257371 35.19648905769231 0.12499999999999999 45.301282057692305 45.30769230769231 1.6923076923076923 43.61538461538461 1.8396599999978207
72000 2.1923076923076925 0.0010185698107248514 35.69088563461538 0.10096153846153846 45.301282057692305 45.30769230769231 1.8846153846153846 43.42307692307692 1.9632208999828435
74000 2.1923076923076925 0.0010216401692739504 35.71358863461539 0.10256410256410256 45.301282057692305 45.30769230769231 1.8846153846153846 43.42307692307692 1.9543872000067495
76000 1.3653846153846154 0.0003930539056103768 36.532942442307686 0.056089743589743585 45.301282057692305 45.30769230769231 2.1153846153846154 43.19230769230769 1.8746111000073142
78000 2.1923076923076925 0.0009113840167940113 35.59231084615385 0.11057692307692307 45.301282057692305 45.30769230769231 1.6538461538461537 43.65384615384615 1.765356799995061
80000 1.6730769230769231 -0.07637221130754321 35.856643807692315 0.10737179487179488 45.301282057692305 45.30769230769231 1.6538461538461537 43.65384615384615 1.867552199983038
82000 2.6538461538461537 0.00040893225856537905 35.000003634615396 0.10576923076923077 45.301282057692305 45.30769230769231 1.6730769230769231 43.63461538461539 1.9938087000045925
84000 2.4423076923076925 0.00021374447688558292 35.23334782692308 0.11698717948717949 45.301282057692305 45.30769230769231 1.6538461538461537 43.65384615384615 1.8440640999469906
86000 2.1346153846153846 0.0009611978128261793 35.83394817307693 0.10096153846153845 45.301282057692305 45.30769230769231 1.6538461538461537 43.65384615384615 2.002532699960284
88000 2.423076923076923 0.0002543518528152033 35.267535884615384 0.10737179487179487 45.301282057692305 45.30769230769231 1.6538461538461537 43.65384615384615 1.9701756999711506
90000 3.826923076923077 0.0009894069621588393 34.9493233846154 0.10737179487179485 45.301282057692305 45.30769230769231 1.6538461538461537 43.65384615384615 1.7834858000278473
92000 1.6153846153846154 0.00047745832195523845 36.26614063461538 0.07051282051282051 45.301282057692305 45.30769230769231 1.6730769230769231 43.63461538461539 2.028420599992387
94000 1.4230769230769231 0.00043700059571309257 36.13347175 0.09455128205128206 45.301282057692305 45.30769230769231 1.6730769230769231 43.63461538461539 1.9815965000307187
96000 2.5961538461538463 0.0012517524902690249 35.5097301923077 0.1282051282051282 45.301282057692305 45.30769230769231 1.6730769230769231 43.63461538461539 1.9911477999994531
98000 3.0576923076923075 0.0016061005597553604 35.056453634615394 0.1474358974358974 45.301282057692305 45.30769230769231 1.6730769230769231 43.63461538461539 1.8756334999925457
100000 2.769230769230769 0.001434150609835779 35.34011455769233 0.1137820512820513 45.301282057692305 45.30769230769231 1.6730769230769231 43.63461538461539 1.8664657999761403
102000 4.403846153846154 0.0020156065893074887 33.90363944230771 0.15224358974358973 45.301282057692305 45.30769230769231 1.6730769230769231 43.63461538461539 1.7746630000183359
104000 5.923076923076923 0.0024858567146879497 33.034596557692325 0.15224358974358973 45.301282057692305 45.30769230769231 1.6730769230769231 43.63461538461539 1.8855323999887332
106000 5.903846153846154 0.0026477046556489586 33.028055403846174 0.18108974358974358 45.301282057692305 45.30769230769231 1.6730769230769231 43.63461538461539 1.873334200005047
108000 7.269230769230769 0.0012366590997611817 32.476065999999996 0.2131410256410256 45.301282057692305 45.30769230769231 1.6730769230769231 43.63461538461539 1.84804129996337
110000 6.865384615384615 0.0013016454300073185 32.540217846153844 0.2131410256410256 45.301282057692305 45.30769230769231 1.6730769230769231 43.63461538461539 1.9951572000281885
112000 10.153846153846153 0.0022601676299153417 31.465168057692303 0.21634615384615385 45.301282057692305 45.30769230769231 1.6538461538461537 43.65384615384615 1.8653139999951236
114000 10.98076923076923 -0.03522597216497208 30.93014742307692 0.2932692307692308 45.301282057692305 45.30769230769231 1.6538461538461537 43.65384615384615 2.277040200016927
116000 9.423076923076923 0.002689850552253555 31.570873307692302 0.2516025641025641 45.301282057692305 45.30769230769231 1.6538461538461537 43.65384615384615 2.054379199980758
118000 7.269230769230769 0.0012639408254292777 32.483117288461536 0.203525641025641 45.301282057692305 45.30769230769231 1.6730769230769231 43.63461538461539 2.1362544000148773
120000 16.03846153846154 0.006487451668299387 30.498434499999995 0.2996794871794872 45.301282057692305 45.30769230769231 3.1538461538461537 42.15384615384615 1.8208930999971926
122000 15.5 0.0061432227695225935 30.57798109615385 0.27884615384615385 45.301282057692305 45.30769230769231 3.3653846153846154 41.94230769230769 2.123749600024894
124000 15.961538461538462 0.006252159644982045 30.624980865384607 0.30608974358974356 45.301282057692305 45.30769230769231 2.269230769230769 43.03846153846154 1.9041997999884188
126000 15.557692307692308 0.005730972287406538 30.59577399999999 0.27724358974358976 45.301282057692305 45.30769230769231 1.6538461538461537 43.65384615384615 1.968601199972909
128000 11.75 -0.014916913132453299 32.07729126923077 0.22916666666666666 45.301282057692305 45.30769230769231 1.8846153846153846 43.42307692307692 1.9926554000121541
130000 15.057692307692308 -0.013622053025173698 31.01800696153847 0.24839743589743588 45.301282057692305 45.30769230769231 4.846153846153846 40.46153846153846 1.9539699999731965
132000 13.25 -0.22642505408997018 31.555232365384622 0.22435897435897434 45.301282057692305 45.30769230769231 4.5576923076923075 40.75 1.8128425999893807
134000 13.634615384615385 -0.2265242622891677 31.685574346153853 0.23557692307692307 45.301282057692305 45.30769230769231 4.5 40.80769230769231 2.0104307000292465
136000 13.788461538461538 -0.3033414795352832 31.778472192307696 0.23717948717948711 45.301282057692305 45.30769230769231 4.538461538461538 40.76923076923077 2.1601803000085056
138000 14.596153846153847 -0.18766397668674853 31.084345826923087 0.23557692307692307 45.301282057692305 45.30769230769231 5.230769230769231 40.07692307692308 1.8812874000286683
140000 14.48076923076923 -0.18788980262674124 31.251012519230777 0.22596153846153844 45.301282057692305 45.30769230769231 5.096153846153846 40.21153846153846 1.882313999987673
142000 15.326923076923077 -0.0142543066991954 30.72313515384616 0.2612179487179487 45.301282057692305 45.30769230769231 5.096153846153846 40.21153846153846 2.140671500004828
144000 15.115384615384615 -0.013855710307632258 30.74557100000001 0.24999999999999997 45.301282057692305 45.30769230769231 5.019230769230769 40.28846153846154 1.8273891999851912
146000 15.403846153846153 -0.013490807439797413 30.65262221153847 0.25961538461538464 45.301282057692305 45.30769230769231 5.019230769230769 40.28846153846154 1.8548885000054725
148000 15.538461538461538 0.005823997053058783 30.55646842307693 0.2612179487179487 45.301282057692305 45.30769230769231 5.153846153846154 40.15384615384615 1.81233779998729
150000 15.326923076923077 -0.013582996390459474 30.710314673076933 0.2612179487179487 45.301282057692305 45.30769230769231 5.153846153846154 40.15384615384615 1.8594576999894343
152000 15.711538461538462 -0.01313447262871949 30.534566846153854 0.2756410256410256 45.301282057692305 45.30769230769231 5.096153846153846 40.21153846153846 1.817574400047306
154000 15.461538461538462 -0.013566749536954846 30.524417250000013 0.266025641025641 45.301282057692305 45.30769230769231 5.3076923076923075 40.0 1.9809024999849498
156000 15.096153846153847 -0.03309400761742667 30.690870076923087 0.23076923076923073 45.301282057692305 45.30769230769231 4.884615384615385 40.42307692307692 2.26238710002508
158000 14.923076923076923 -0.07181386324005426 30.735360403846162 0.22596153846153844 45.301282057692305 45.30769230769231 4.961538461538462 40.34615384615385 1.8705819000024348
160000 15.423076923076923 -0.05225563230168017 30.50404963461539 0.22115384615384612 45.301282057692305 45.30769230769231 4.576923076923077 40.73076923076923 1.9437044999795035
162000 15.096153846153847 -0.03309529445793881 30.670069692307703 0.23076923076923073 45.301282057692305 45.30769230769231 4.730769230769231 40.57692307692308 2.133433800016064
164000 15.5 -0.0715767876189174 30.642582307692315 0.22275641025641024 45.301282057692305 45.30769230769231 4.153846153846154 41.15384615384615 2.0293755999882706
166000 15.615384615384615 -0.0715482470205707 30.519075826923086 0.203525641025641 45.301282057692305 45.30769230769231 3.8461538461538463 41.46153846153846 1.8547099999850616
168000 15.673076923076923 -0.09091268161404836 30.563947730769236 0.2051282051282051 45.301282057692305 45.30769230769231 3.923076923076923 41.38461538461539 1.8528725000214763
170000 15.692307692307692 -0.01358951424505229 30.31672776923078 0.24198717948717946 45.301282057692305 45.30769230769231 4.6923076923076925 40.61538461538461 1.8396413999726065
172000 16.423076923076923 -0.03272103171799352 30.3524091923077 0.23878205128205124 45.301282057692305 45.30769230769231 4.0 41.30769230769231 1.8504098000121303
174000 15.711538461538462 -0.07167009352030496 30.387665557692312 0.203525641025641 45.301282057692305 45.30769230769231 3.923076923076923 41.38461538461539 1.8599823999684304
176000 15.807692307692308 -0.03281453323355097 30.43468130769232 0.23076923076923073 45.301282057692305 45.30769230769231 4.230769230769231 41.07692307692308 2.025083300017286
178000 16.25 -0.01353980733178013 30.29792192307693 0.23237179487179485 45.301282057692305 45.30769230769231 3.923076923076923 41.38461538461539 1.8938709000358358
180000 16.076923076923077 -0.013569130068432706 30.344759750000005 0.24198717948717946 45.301282057692305 45.30769230769231 4.461538461538462 40.84615384615385 1.9626539000310004
182000 15.846153846153847 -0.03279637594522361 30.593157038461552 0.23557692307692304 45.301282057692305 45.30769230769231 4.115384615384615 41.19230769230769 1.8432053999858908
184000 16.442307692307693 -0.01352308669630415 30.36452380769231 0.2676282051282051 45.301282057692305 45.30769230769231 2.480769230769231 42.82692307692308 1.8800640999688767
186000 15.192307692307692 -0.013804470885827647 30.839706769230773 0.23076923076923073 45.301282057692305 45.30769230769231 2.826923076923077 42.48076923076923 1.881661899969913
188000 15.25 -0.03301182205025728 30.84291196153847 0.23717948717948717 45.301282057692305 45.30769230769231 2.9038461538461537 42.40384615384615 1.8401090999832377
190000 16.423076923076923 -0.07137434036111327 30.828110019230774 0.2532051282051282 45.301282057692305 45.30769230769231 2.1153846153846154 43.19230769230769 1.8442863000091165
192000 17.307692307692307 -0.012891015992659221 30.592362076923074 0.2564102564102564 45.301282057692305 45.30769230769231 2.423076923076923 42.88461538461539 2.194274600013159
194000 16.48076923076923 0.005898705224112569 30.429880173076928 0.25320512820512814 45.301282057692305 45.30769230769231 3.0384615384615383 42.26923076923077 1.9875231999903917
196000 17.0 0.005797726107720693 30.046741288461533 0.24198717948717946 45.301282057692305 45.30769230769231 2.1538461538461537 43.15384615384615 2.1873054000316188
198000 18.326923076923077 0.006456465910944547 29.928642480769227 0.24999999999999994 45.301282057692305 45.30769230769231 1.6538461538461537 43.65384615384615 1.9861227000365034
200000 18.96153846153846 0.006937051557427056 29.695957365384615 0.24839743589743585 45.301282057692305 45.30769230769231 1.9230769230769231 43.38461538461539 1.9522732000332326
202000 22.596153846153847 0.009382809124665019 29.27910507692308 0.30608974358974356 45.301282057692305 45.30769230769231 1.6538461538461537 43.65384615384615 1.8279709999915212
204000 22.192307692307693 0.00887787118753557 29.500259038461543 0.2692307692307692 45.301282057692305 45.30769230769231 1.6538461538461537 43.65384615384615 2.0835275999852456
206000 22.365384615384617 0.00839929947227138 29.28441138461538 0.3237179487179487 45.301282057692305 45.30769230769231 1.6538461538461537 43.65384615384615 2.0388515000231564
208000 21.384615384615383 0.008178534025410522 29.486156480769225 0.3076923076923077 45.301282057692305 45.30769230769231 1.6538461538461537 43.65384615384615 2.0793136000283994
210000 25.115384615384617 0.009395397471771292 29.073976730769235 0.30769230769230765 45.301282057692305 45.30769230769231 1.6538461538461537 43.65384615384615 1.8977080999757163
212000 28.076923076923077 0.011061382604646817 28.90196809615385 0.3125 45.301282057692305 45.30769230769231 1.6538461538461537 43.65384615384615 1.9739650000119582
214000 28.846153846153847 0.011494699936390455 28.85068601923077 0.3253205128205128 45.301282057692305 45.30769230769231 1.6538461538461537 43.65384615384615 1.8206084999837913
216000 29.596153846153847 0.012531323950462893 28.785515038461543 0.3349358974358974 45.301282057692305 45.30769230769231 1.6538461538461537 43.65384615384615 2.2770727000315674
218000 31.442307692307693 0.013629790383160725 28.74705348076923 0.3349358974358974 45.301282057692305 45.30769230769231 1.6538461538461537 43.65384615384615 1.9244625000283122
220000 31.75 0.01375265142928499 28.81436121153846 0.3253205128205128 45.301282057692305 45.30769230769231 1.6538461538461537 43.65384615384615 2.310235700046178
222000 31.865384615384617 0.014191150267222204 28.73423296153846 0.3349358974358974 45.301282057692305 45.30769230769231 1.6538461538461537 43.65384615384615 2.5055177999893203
224000 31.865384615384617 0.014223402826503575 28.73423296153846 0.3349358974358974 45.301282057692305 45.30769230769231 1.6538461538461537 43.65384615384615 1.8747916999855079
226000 31.865384615384617 0.014881245511394976 28.73423296153846 0.3349358974358974 45.301282057692305 45.30769230769231 1.6538461538461537 43.65384615384615 1.9881147999549285
228000 31.75 0.014826446666519156 28.81436121153846 0.3253205128205128 45.301282057692305 45.30769230769231 1.6538461538461537 43.65384615384615 1.9651833000243641
230000 31.75 0.014823873845990083 28.852822769230766 0.3253205128205128 45.301282057692305 45.30769230769231 1.6538461538461537 43.65384615384615 1.8540552000049502
232000 31.865384615384617 0.015074110725219778 28.73423296153846 0.3349358974358974 45.301282057692305 45.30769230769231 1.6538461538461537 43.65384615384615 1.90148020000197
234000 31.865384615384617 0.015074110725219778 28.73423296153846 0.3349358974358974 45.301282057692305 45.30769230769231 1.6538461538461537 43.65384615384615 2.1076037000166252
236000 31.75 0.014822692291440006 28.88166894230769 0.3253205128205128 45.301282057692305 45.30769230769231 1.6538461538461537 43.65384615384615 2.0667729999986477
238000 34.82692307692308 0.017444848226446347 28.811690692307685 0.358974358974359 45.301282057692305 45.30769230769231 1.6538461538461537 43.65384615384615 2.0975790999946184
240000 38.17307692307692 0.01937046223139405 28.773001134615377 0.375 45.301282057692305 45.30769230769231 1.6538461538461537 43.65384615384615 2.058991199999582
242000 37.67307692307692 0.018666312950041584 28.850217653846155 0.34134615384615385 45.301282057692305 45.30769230769231 1.6538461538461537 43.65384615384615 1.967376799962949
244000 37.80769230769231 -0.0004764136606711228 28.916813134615385 0.34134615384615385 45.301282057692305 45.30769230769231 1.6538461538461537 43.65384615384615 1.9606782000046223
246000 37.80769230769231 0.018757956240050718 28.89295273076923 0.34134615384615385 45.301282057692305 45.30769230769231 1.6538461538461537 43.65384615384615 1.9263451999868266
248000 37.80769230769231 0.01875464557487428 28.916813134615385 0.34134615384615385 45.301282057692305 45.30769230769231 1.6538461538461537 43.65384615384615 1.9284296000259928
250000 37.80769230769231 0.018757281572596683 28.895872961538466 0.34134615384615385 45.301282057692305 45.30769230769231 1.6730769230769231 43.63461538461539 1.9059550000238232
252000 37.82692307692308 0.018804116252538923 28.768664942307694 0.34134615384615385 45.301282057692305 45.30769230769231 1.6538461538461537 43.65384615384615 1.9051035000011325
254000 37.82692307692308 0.018804116252538923 28.768664942307694 0.34134615384615385 45.301282057692305 45.30769230769231 1.6538461538461537 43.65384615384615 2.2658081999979913
256000 37.82692307692308 0.018804116252538923 28.768664942307694 0.34134615384615385 45.301282057692305 45.30769230769231 1.6538461538461537 43.65384615384615 1.8961544000194408
258000 37.76923076923077 0.018770363249382853 28.86677751923077 0.33653846153846156 45.301282057692305 45.30769230769231 1.6538461538461537 43.65384615384615 2.0842377000371926
260000 37.82692307692308 0.018804116252538923 28.768664942307694 0.34134615384615385 45.301282057692305 45.30769230769231 1.6538461538461537 43.65384615384615 1.9040292999707162
262000 37.82692307692308 0.018804116252538923 28.768664942307694 0.34134615384615385 45.301282057692305 45.30769230769231 1.6538461538461537 43.65384615384615 1.8934772000066005
264000 37.82692307692308 0.018804116252538923 28.768664942307694 0.34134615384615385 45.301282057692305 45.30769230769231 1.6538461538461537 43.65384615384615 1.968543299997691
266000 37.76923076923077 0.018770410739786872 28.891350192307694 0.33653846153846156 45.301282057692305 45.30769230769231 1.6538461538461537 43.65384615384615 2.190818599949125
268000 37.82692307692308 0.018804116252538923 28.768664942307694 0.34134615384615385 45.301282057692305 45.30769230769231 1.6538461538461537 43.65384615384615 2.170915199967567
270000 37.82692307692308 0.018804116252538923 28.768664942307694 0.34134615384615385 45.301282057692305 45.30769230769231 1.6538461538461537 43.65384615384615 2.1526486000511795
272000 37.82692307692308 0.018804116252538923 28.768664942307694 0.34134615384615385 45.301282057692305 45.30769230769231 1.6538461538461537 43.65384615384615 2.0639595999964513
274000 37.82692307692308 0.018804116252538923 28.768664942307694 0.34134615384615385 45.301282057692305 45.30769230769231 1.6538461538461537 43.65384615384615 1.8177561000338756
276000 37.82692307692308 0.018804116252538923 28.768664942307694 0.34134615384615385 45.301282057692305 45.30769230769231 1.6538461538461537 43.65384615384615 1.9894112999900244
278000 37.82692307692308 0.018804116252538923 28.768664942307694 0.34134615384615385 45.301282057692305 45.30769230769231 1.6538461538461537 43.65384615384615 1.9110391000285745
280000 37.82692307692308 0.018804116252538923 28.768664942307694 0.34134615384615385 45.301282057692305 45.30769230769231 1.6538461538461537 43.65384615384615 1.9896506000077352
282000 37.82692307692308 0.018804116252538923 28.768664942307694 0.34134615384615385 45.301282057692305 45.30769230769231 1.6538461538461537 43.65384615384615 1.9633409000234678
284000 37.82692307692308 0.018804116252538923 28.768664942307694 0.34134615384615385 45.301282057692305 45.30769230769231 1.6538461538461537 43.65384615384615 2.054314600012731
286000 37.82692307692308 0.018804116252538923 28.768664942307694 0.34134615384615385 45.301282057692305 45.30769230769231 1.6538461538461537 43.65384615384615 2.1686887000105344
288000 37.82692307692308 0.018804116252538923 28.768664942307694 0.34134615384615385 45.301282057692305 45.30769230769231 1.6538461538461537 43.65384615384615 1.9456842000363395
290000 37.82692307692308 0.018804116252538923 28.768664942307694 0.34134615384615385 45.301282057692305 45.30769230769231 1.6538461538461537 43.65384615384615 1.9388818999868818
292000 37.82692307692308 0.018804116252538923 28.768664942307694 0.34134615384615385 45.301282057692305 45.30769230769231 1.6538461538461537 43.65384615384615 1.842447799979709
294000 37.82692307692308 0.018804116252538923 28.768664942307694 0.34134615384615385 45.301282057692305 45.30769230769231 1.6538461538461537 43.65384615384615 1.8892726000049151
296000 37.82692307692308 0.018804116252538923 28.768664942307694 0.34134615384615385 45.301282057692305 45.30769230769231 1.6538461538461537 43.65384615384615 1.998957900039386
298000 37.82692307692308 0.018804116252538923 28.768664942307694 0.34134615384615385 45.301282057692305 45.30769230769231 1.6538461538461537 43.65384615384615 1.972025599970948
300000 37.82692307692308 0.018804116252538923 28.768664942307694 0.34134615384615385 45.301282057692305 45.30769230769231 1.6538461538461537 43.65384615384615 2.0991262000170536
302000 37.82692307692308 0.018804116252538923 28.768664942307694 0.34134615384615385 45.301282057692305 45.30769230769231 1.6538461538461537 43.65384615384615 2.0590203999890946
304000 37.82692307692308 0.018804116252538923 28.768664942307694 0.34134615384615385 45.301282057692305 45.30769230769231 1.6538461538461537 43.65384615384615 2.179233499977272
306000 37.82692307692308 0.018804116252538923 28.768664942307694 0.34134615384615385 45.301282057692305 45.30769230769231 1.6538461538461537 43.65384615384615 1.9231910000089556
308000 37.82692307692308 0.018804116252538923 28.768664942307694 0.34134615384615385 45.301282057692305 45.30769230769231 1.6538461538461537 43.65384615384615 1.9910316999885254
310000 37.23076923076923 0.018488450797974152 29.01456959615385 0.3317307692307692 45.301282057692305 45.30769230769231 1.6538461538461537 43.65384615384615 1.928347799985204
312000 37.17307692307692 0.018424289417583242 29.129473461538456 0.3317307692307692 45.301282057692305 45.30769230769231 1.6538461538461537 43.65384615384615 1.96956759999739
314000 37.17307692307692 0.01842480248977705 29.129473461538456 0.3317307692307692 45.301282057692305 45.30769230769231 1.6538461538461537 43.65384615384615 1.8516367999836802
316000 37.17307692307692 0.01842480248977705 29.129473461538456 0.3317307692307692 45.301282057692305 45.30769230769231 1.6538461538461537 43.65384615384615 2.1607425000402145
318000 37.17307692307692 0.018424289417583242 29.129473461538456 0.3317307692307692 45.301282057692305 45.30769230769231 1.6538461538461537 43.65384615384615 2.259952099993825
320000 37.65384615384615 0.018626620570632753 29.151482038461534 0.33653846153846156 45.301282057692305 45.30769230769231 1.6538461538461537 43.65384615384615 2.0554800999816507
322000 37.71153846153846 0.01865987362902487 29.019875903846152 0.34134615384615385 45.301282057692305 45.30769230769231 1.6538461538461537 43.65384615384615 1.8643277999944985
324000 37.73076923076923 0.018679441832975832 29.007856653846154 0.34134615384615385 45.301282057692305 45.30769230769231 1.6538461538461537 43.65384615384615 2.075269999972079
326000 37.13461538461539 0.018392385860371677 29.177550461538463 0.3317307692307692 45.301282057692305 45.30769230769231 1.6538461538461537 43.65384615384615 2.0624103999580257
328000 37.73076923076923 0.018709659727604473 28.883568846153846 0.34134615384615385 45.301282057692305 45.30769230769231 1.6538461538461537 43.65384615384615 2.005523500032723
330000 37.71153846153846 0.01866054744193065 29.02067719230769 0.34134615384615385 45.301282057692305 45.30769230769231 1.6538461538461537 43.65384615384615 1.8553055999800563
332000 37.71153846153846 0.018660904947011423 29.014266923076924 0.34134615384615385 45.301282057692305 45.30769230769231 1.6538461538461537 43.65384615384615 2.1681922000134364
334000 37.67307692307692 0.018645200960997636 29.179259884615384 0.33653846153846156 45.301282057692305 45.30769230769231 1.6538461538461537 43.65384615384615 1.8563828999758698
336000 37.67307692307692 0.018646035808470275 29.179259884615384 0.33653846153846156 45.301282057692305 45.30769230769231 1.6538461538461537 43.65384615384615 2.1549914000206627
338000 37.09615384615385 0.01837611548800234 29.326517788461537 0.3269230769230769 45.301282057692305 45.30769230769231 1.6538461538461537 43.65384615384615 1.9217645000317134
340000 37.13461538461539 0.018403919073899735 29.320107519230767 0.3269230769230769 45.301282057692305 45.30769230769231 1.6538461538461537 43.65384615384615 1.9691848999937065
342000 36.38461538461539 0.0181038476033848 29.48232271153846 0.3269230769230769 45.301282057692305 45.30769230769231 1.6538461538461537 43.65384615384615 1.9425932000158355
344000 37.15384615384615 0.018423145852456118 29.310492134615384 0.3269230769230769 45.301282057692305 45.30769230769231 1.6538461538461537 43.65384615384615 2.0333179000299424
346000 37.15384615384615 0.018423305666276896 29.310492153846155 0.3269230769230769 45.301282057692305 45.30769230769231 1.6538461538461537 43.65384615384615 1.9860031999996863
348000 37.15384615384615 0.018423305666276896 29.310492153846155 0.3269230769230769 45.301282057692305 45.30769230769231 1.6538461538461537 43.65384615384615 2.0706605999730527
350000 37.15384615384615 0.01842345843514356 29.300235750000006 0.3269230769230769 45.301282057692305 45.30769230769231 1.6538461538461537 43.65384615384615 2.0883658999809995
352000 36.88461538461539 0.01811703422906538 29.448526365384616 0.33653846153846156 45.301282057692305 45.30769230769231 1.6538461538461537 43.65384615384615 2.214702000026591
354000 36.80769230769231 -0.0011085558722477094 29.581895365384618 0.33653846153846156 45.301282057692305 45.30769230769231 1.6538461538461537 43.65384615384615 1.96799649996683
356000 36.94230769230769 0.018155048108028034 29.397244307692308 0.3269230769230769 45.301282057692305 45.30769230769231 1.6538461538461537 43.65384615384615 1.9489155000192113
358000 36.80769230769231 0.01813320422517931 29.47078417307692 0.3317307692307692 45.301282057692305 45.30769230769231 1.7115384615384615 43.59615384615385 1.9702051999629475
360000 36.80769230769231 0.01813403054849764 29.457963653846154 0.34134615384615385 45.301282057692305 45.30769230769231 1.7115384615384615 43.59615384615385 2.0403762999922037
362000 36.84615384615385 0.018157028492338956 29.54770728846154 0.3269230769230769 45.301282057692305 45.30769230769231 1.6538461538461537 43.65384615384615 2.0121437000343576
364000 37.15384615384615 0.018359025776373012 29.295748480769234 0.3269230769230769 45.301282057692305 45.30769230769231 1.6538461538461537 43.65384615384615 2.031990699993912
366000 37.15384615384615 0.018358755381194504 29.295748500000002 0.3269230769230769 45.301282057692305 45.30769230769231 1.6538461538461537 43.65384615384615 1.9651975000160746
368000 37.36538461538461 0.018531943319574598 29.244466403846157 0.3269230769230769 45.301282057692305 45.30769230769231 1.6538461538461537 43.65384615384615 1.926570100011304
370000 37.15384615384615 0.018358998242989165 29.295748500000002 0.3269230769230769 45.301282057692305 45.30769230769231 1.6538461538461537 43.65384615384615 2.0578612000099383
372000 37.17307692307692 0.018373921879779525 29.308569038461542 0.3269230769230769 45.301282057692305 45.30769230769231 1.6538461538461537 43.65384615384615 1.8484689999604598
374000 37.17307692307692 0.0183743131158539 29.29681686538462 0.3269230769230769 45.301282057692305 45.30769230769231 1.6538461538461537 43.65384615384615 2.0234128000447527
376000 37.17307692307692 0.018375256859431012 29.262522000000004 0.3269230769230769 45.301282057692305 45.30769230769231 1.6538461538461537 43.65384615384615 2.0581330999848433
378000 37.17307692307692 0.01837477508640082 29.28816303846154 0.3269230769230769 45.301282057692305 45.30769230769231 1.6538461538461537 43.65384615384615 2.174081599980127
380000 37.69230769230769 0.018667570520243044 29.144110307692305 0.33653846153846156 45.301282057692305 45.30769230769231 1.6538461538461537 43.65384615384615 2.204970200022217
382000 37.69230769230769 0.018667470522909606 29.11846926923077 0.33653846153846156 45.301282057692305 45.30769230769231 1.6538461538461537 43.65384615384615 2.216428400017321
384000 37.19230769230769 0.018415026021001177 29.29136819230769 0.3269230769230769 45.301282057692305 45.30769230769231 1.6538461538461537 43.65384615384615 1.889355399995111
386000 37.69230769230769 0.018669994666140974 29.096353865384614 0.34134615384615385 45.301282057692305 45.30769230769231 1.6538461538461537 43.65384615384615 1.8119874999974854
388000 37.65384615384615 0.018625851838840798 29.089943576923076 0.34134615384615385 45.301282057692305 45.30769230769231 1.6538461538461537 43.65384615384615 1.8985582999885082
390000 37.73076923076923 0.01867914204434222 28.983497653846158 0.34134615384615385 45.301282057692305 45.30769230769231 1.6538461538461537 43.65384615384615 1.9140176000073552
392000 37.73076923076923 0.018680998003610817 28.99952328846154 0.34134615384615385 45.301282057692305 45.30769230769231 1.6538461538461537 43.65384615384615 2.072942200000398
394000 37.73076923076923 0.018680726474890615 29.0046515 0.34134615384615385 45.301282057692305 45.30769230769231 1.6538461538461537 43.65384615384615 2.252494900021702
396000 37.71153846153846 0.018630507937461602 28.982215596153843 0.34134615384615385 45.301282057692305 45.30769230769231 1.6538461538461537 43.65384615384615 1.90652310004225
398000 37.71153846153846 0.018630507937461602 28.982215596153843 0.34134615384615385 45.301282057692305 45.30769230769231 1.6538461538461537 43.65384615384615 2.054834700014908
400000 37.71153846153846 0.018628651978193005 28.96618996153846 0.34134615384615385 45.301282057692305 45.30769230769231 1.6538461538461537 43.65384615384615 1.8722308999858797
402000 37.71153846153846 0.018606898435248646 28.96618996153846 0.34134615384615385 45.301282057692305 45.30769230769231 1.6538461538461537 43.65384615384615 1.9016055000247434
404000 37.73076923076923 0.01862697516926586 28.99952328846154 0.34134615384615385 45.301282057692305 45.30769230769231 1.6538461538461537 43.65384615384615 2.0087110999738798
406000 37.65384615384615 0.01857453826643245 29.105969211538458 0.34134615384615385 45.301282057692305 45.30769230769231 1.6538461538461537 43.65384615384615 1.9542152999783866
408000 37.73076923076923 0.018680726474890615 29.0046515 0.34134615384615385 45.301282057692305 45.30769230769231 1.6538461538461537 43.65384615384615 1.9848273000097834
410000 37.73076923076923 0.018680727978148987 28.983497653846158 0.34134615384615385 45.301282057692305 45.30769230769231 1.6538461538461537 43.65384615384615 1.9692773999995552
412000 37.73076923076923 0.018680727978148987 28.983497653846158 0.34134615384615385 45.301282057692305 45.30769230769231 1.6538461538461537 43.65384615384615 1.885115799959749
414000 37.73076923076923 0.018680998003610817 28.99952328846154 0.34134615384615385 45.301282057692305 45.30769230769231 1.6538461538461537 43.65384615384615 2.2025035999831744
416000 37.73076923076923 0.018680998003610817 28.99952328846154 0.34134615384615385 45.301282057692305 45.30769230769231 1.6538461538461537 43.65384615384615 2.066878599987831
418000 37.73076923076923 0.018680998003610817 28.99952328846154 0.34134615384615385 45.301282057692305 45.30769230769231 1.6538461538461537 43.65384615384615 1.949634300020989
420000 37.73076923076923 0.018680998003610817 28.99952328846154 0.34134615384615385 45.301282057692305 45.30769230769231 1.6538461538461537 43.65384615384615 2.1547317000222392
422000 37.73076923076923 0.018680998003610817 28.99952328846154 0.34134615384615385 45.301282057692305 45.30769230769231 1.6538461538461537 43.65384615384615 2.1831859999801964
424000 37.73076923076923 0.018680612780088122 29.001446365384613 0.34134615384615385 45.301282057692305 45.30769230769231 1.6538461538461537 43.65384615384615 2.302161299972795
426000 37.73076923076923 0.018680612780088122 29.001446365384613 0.34134615384615385 45.301282057692305 45.30769230769231 1.6538461538461537 43.65384615384615 1.8923121999832802
428000 37.75 0.018728161772697417 28.877158576923076 0.34134615384615385 45.301282057692305 45.30769230769231 1.6538461538461537 43.65384615384615 1.9131047999835573
430000 37.73076923076923 0.018680612780088122 29.001446365384613 0.34134615384615385 45.301282057692305 45.30769230769231 1.6538461538461537 43.65384615384615 2.1126188000198454
432000 37.75 0.018728161772697417 28.877158576923076 0.34134615384615385 45.301282057692305 45.30769230769231 1.6538461538461537 43.65384615384615 2.0289499000064097
434000 37.73076923076923 0.018709466382740302 28.883568846153846 0.34134615384615385 45.301282057692305 45.30769230769231 1.6538461538461537 43.65384615384615 2.234477699967101
436000 37.71153846153846 0.018660050362013996 29.01747203846154 0.34134615384615385 45.301282057692305 45.30769230769231 1.6538461538461537 43.65384615384615 1.9982299000257626
438000 37.73076923076923 0.018709466382740302 28.883568846153846 0.34134615384615385 45.301282057692305 45.30769230769231 1.6538461538461537 43.65384615384615 1.979359499993734
440000 37.73076923076923 0.018709466382740302 28.883568846153846 0.34134615384615385 45.301282057692305 45.30769230769231 1.6538461538461537 43.65384615384615 2.0143291000276804
442000 37.73076923076923 0.018709466382740302 28.883568846153846 0.34134615384615385 45.301282057692305 45.30769230769231 1.6538461538461537 43.65384615384615 2.2118844999931753
444000 37.71153846153846 0.018660050362013996 29.01747203846154 0.34134615384615385 45.301282057692305 45.30769230769231 1.6538461538461537 43.65384615384615 2.1698668000171892
446000 37.73076923076923 0.018709466382740302 28.883568846153846 0.34134615384615385 45.301282057692305 45.30769230769231 1.6538461538461537 43.65384615384615 2.184428200009279
448000 37.71153846153846 0.018660050362013996 29.01747203846154 0.34134615384615385 45.301282057692305 45.30769230769231 1.6538461538461537 43.65384615384615 1.9672928000218235
450000 37.71153846153846 0.018660050362013996 29.01747203846154 0.34134615384615385 45.301282057692305 45.30769230769231 1.6538461538461537 43.65384615384615 1.9829480000189506
452000 37.71153846153846 0.018660050362013996 29.01747203846154 0.34134615384615385 45.301282057692305 45.30769230769231 1.6538461538461537 43.65384615384615 1.8765452000079677
454000 37.71153846153846 0.018660050362013996 29.01747203846154 0.34134615384615385 45.301282057692305 45.30769230769231 1.6538461538461537 43.65384615384615 2.031174600007944
456000 37.71153846153846 0.018660050362013996 29.01747203846154 0.34134615384615385 45.301282057692305 45.30769230769231 1.6538461538461537 43.65384615384615 2.1030103000230156
458000 37.73076923076923 0.018709466382740302 28.883568846153846 0.34134615384615385 45.301282057692305 45.30769230769231 1.6538461538461537 43.65384615384615 2.2432104999898
460000 37.71153846153846 0.018660050362013996 29.01747203846154 0.34134615384615385 45.301282057692305 45.30769230769231 1.6538461538461537 43.65384615384615 1.908606700017117
462000 37.71153846153846 0.018660050362013996 29.01747203846154 0.34134615384615385 45.301282057692305 45.30769230769231 1.6538461538461537 43.65384615384615 1.9227457999950275
464000 37.71153846153846 0.018660050362013996 29.01747203846154 0.34134615384615385 45.301282057692305 45.30769230769231 1.6538461538461537 43.65384615384615 2.0428296999889426
466000 37.73076923076923 0.018709466382740302 28.883568846153846 0.34134615384615385 45.301282057692305 45.30769230769231 1.6538461538461537 43.65384615384615 2.0797271999763325
468000 37.73076923076923 0.018709466382740302 28.883568846153846 0.34134615384615385 45.301282057692305 45.30769230769231 1.6538461538461537 43.65384615384615 2.0296439999947324
470000 37.73076923076923 0.018709466382740302 28.883568846153846 0.34134615384615385 45.301282057692305 45.30769230769231 1.6538461538461537 43.65384615384615 2.2264128000242636
472000 37.73076923076923 0.018709466382740302 28.883568846153846 0.34134615384615385 45.301282057692305 45.30769230769231 1.6538461538461537 43.65384615384615 2.152959099970758
474000 37.73076923076923 0.018709466382740302 28.883568846153846 0.34134615384615385 45.301282057692305 45.30769230769231 1.6538461538461537 43.65384615384615 2.2273572999984026
476000 37.75 0.01870641320404951 28.883568846153846 0.34134615384615385 45.301282057692305 45.30769230769231 1.6538461538461537 43.65384615384615 2.1415139000164345
478000 37.75 0.01870641320404951 28.883568846153846 0.34134615384615385 45.301282057692305 45.30769230769231 1.6538461538461537 43.65384615384615 1.9085802999907173
480000 37.75 0.01870641320404951 28.883568846153846 0.34134615384615385 45.301282057692305 45.30769230769231 1.6538461538461537 43.65384615384615 2.115280400030315
482000 37.75 0.01870641320404951 28.883568846153846 0.34134615384615385 45.301282057692305 45.30769230769231 1.6538461538461537 43.65384615384615 2.152306200005114
484000 37.75 0.018674143912648912 28.883568846153846 0.34134615384615385 45.301282057692305 45.30769230769231 1.6538461538461537 43.65384615384615 2.6873078999924473
486000 37.75 0.018728556094152884 28.88164576923077 0.34134615384615385 45.301282057692305 45.30769230769231 1.6538461538461537 43.65384615384615 2.048964200017508
488000 37.73076923076923 0.018681026843362657 29.01234382692308 0.34134615384615385 45.301282057692305 45.30769230769231 1.6538461538461537 43.65384615384615 1.9766730000264943
490000 37.73076923076923 0.018679140073426578 29.01554896153846 0.34134615384615385 45.301282057692305 45.30769230769231 1.6538461538461537 43.65384615384615 2.1765672999899834
492000 37.73076923076923 0.018679140073426578 29.01554896153846 0.34134615384615385 45.301282057692305 45.30769230769231 1.6538461538461537 43.65384615384615 2.220602000015788
494000 37.73076923076923 0.018681026843362657 29.01234382692308 0.34134615384615385 45.301282057692305 45.30769230769231 1.6538461538461537 43.65384615384615 1.904192799993325
496000 37.73076923076923 0.018680637496203644 29.014266903846156 0.34134615384615385 45.301282057692305 45.30769230769231 1.6538461538461537 43.65384615384615 1.8477883999585174
498000 37.73076923076923 0.018680637496203644 29.014266903846156 0.34134615384615385 45.301282057692305 45.30769230769231 1.6538461538461537 43.65384615384615 2.1832452999660745
500000 37.73076923076923 0.018680637496203644 29.014266903846156 0.34134615384615385 45.301282057692305 45.30769230769231 1.6538461538461537 43.65384615384615 1.9495502000208944
