2000 0.1346153846153846 8.170989378794197e-05 36.67149107692307 0.09294871794871794 45.301282057692305 45.30769230769231 1.0384615384615385 44.26923076923077 0.5328752999776043
4000 0.11538461538461539 -0.019165268231017583 36.890716307692315 0.060897435897435896 45.301282057692305 45.30769230769231 1.0384615384615385 44.26923076923077 0.605181899969466
6000 0.07692307692307693 0.00011881239425438528 36.700103557692294 0.05128205128205128 45.301282057692305 45.30769230769231 1.0384615384615385 44.26923076923077 0.6898117000237107
8000 0.11538461538461539 0.00013852981787722363 35.83050832692309 0.10897435897435898 45.301282057692305 45.30769230769231 1.0384615384615385 44.26923076923077 0.853687800001353
10000 0.11538461538461539 9.85406506091636e-05 36.56661948076923 0.08173076923076923 45.301282057692305 45.30769230769231 1.0384615384615385 44.26923076923077 0.8941899999626912
12000 0.11538461538461539 7.886265891787352e-05 36.79640926923077 0.05448717948717948 45.301282057692305 45.30769230769231 1.0384615384615385 44.26923076923077 1.1038221000344492
14000 0.15384615384615385 0.00021278689237132304 36.56600601923076 0.08173076923076923 45.301282057692305 45.30769230769231 1.0384615384615385 44.26923076923077 1.3137378999963403
16000 0.15384615384615385 0.00017153742870500274 36.047655115384615 0.09615384615384616 45.301282057692305 45.30769230769231 1.0384615384615385 44.26923076923077 1.7841392999980599
18000 0.09615384615384616 6.049265893528268e-05 36.07009159615384 0.08333333333333334 45.301282057692305 45.30769230769231 1.0384615384615385 44.26923076923077 1.845297300023958
20000 0.09615384615384616 0.0001693516377062543 36.2515246923077 0.12019230769230768 45.301282057692305 45.30769230769231 1.0384615384615385 44.26923076923077 2.0604548000264913
22000 0.15384615384615385 0.00010894770957465446 35.73374067307692 0.1330128205128205 45.301282057692305 45.30769230769231 1.0384615384615385 44.26923076923077 1.8783665000228211
24000 0.07692307692307693 0.00014428080458726784 35.94001675 0.10096153846153846 45.301282057692305 45.30769230769231 1.0384615384615385 44.26923076923077 1.9645496999728493
26000 0.07692307692307693 5.60012356822669e-05 35.89972923076923 0.10256410256410256 45.301282057692305 45.30769230769231 1.0384615384615385 44.26923076923077 2.0022964000236243
28000 0.09615384615384616 4.425085929905817e-05 36.357271403846156 0.07051282051282051 45.301282057692305 45.30769230769231 1.0384615384615385 44.26923076923077 1.8009660000097938
30000 0.057692307692307696 4.950428793740819e-05 37.05381807692307 0.05128205128205128 45.301282057692305 45.30769230769231 1.0384615384615385 44.26923076923077 1.8343953999574296
32000 0.057692307692307696 5.131744252308473e-05 37.166290634615386 0.052884615384615384 45.301282057692305 45.30769230769231 1.0384615384615385 44.26923076923077 1.8277180999866687
34000 0.057692307692307696 5.026794286915182e-05 37.33188907692307 0.0641025641025641 45.301282057692305 45.30769230769231 1.0384615384615385 44.26923076923077 1.8195247999974526
36000 0.07692307692307693 5.7522091375139974e-05 37.18301528846154 0.057692307692307696 45.301282057692305 45.30769230769231 1.0384615384615385 44.26923076923077 1.8405097000068054
38000 0.057692307692307696 5.533867129332626e-05 37.10325634615385 0.057692307692307696 45.301282057692305 45.30769230769231 1.0384615384615385 44.26923076923077 1.7092594999703579
40000 0.057692307692307696 -0.019184924504091393 37.207450615384616 0.07692307692307693 45.301282057692305 45.30769230769231 1.0384615384615385 44.26923076923077 1.9808966999989934
42000 0.057692307692307696 5.046777465846343e-05 37.31754201923077 0.04967948717948718 45.301282057692305 45.30769230769231 1.0384615384615385 44.26923076923077 2.0901180999935605
44000 0.057692307692307696 5.0174071513744414e-05 37.2837145 0.0625 45.301282057692305 45.30769230769231 1.0384615384615385 44.26923076923077 1.8795971000217833
46000 0.07692307692307693 4.847532987419838e-05 37.23314011538462 0.049679487179487176 45.301282057692305 45.30769230769231 1.0384615384615385 44.26923076923077 1.9290882000350393
48000 0.07692307692307693 3.3002585681601755e-05 37.0505360576923 0.057692307692307696 45.301282057692305 45.30769230769231 1.0384615384615385 44.26923076923077 1.7747890999889933
50000 0.07692307692307693 4.508740948949126e-05 37.09515901923077 0.08814102564102565 45.301282057692305 45.30769230769231 1.0384615384615385 44.26923076923077 2.0545700000366196
52000 0.057692307692307696 6.730224591884224e-05 37.14898238461539 0.056089743589743585 45.301282057692305 45.30769230769231 1.0384615384615385 44.26923076923077 2.22766789997695
54000 0.057692307692307696 6.160412045312171e-05 37.01757240384615 0.05448717948717949 45.301282057692305 45.30769230769231 1.0384615384615385 44.26923076923077 1.79695739998715
56000 0.057692307692307696 6.085025703030758e-05 36.99107684615385 0.09294871794871794 45.301282057692305 45.30769230769231 1.0384615384615385 44.26923076923077 2.002757099980954
58000 0.057692307692307696 6.704119290791532e-05 36.51079313461539 0.08814102564102563 45.301282057692305 45.30769230769231 1.0384615384615385 44.26923076923077 1.8534067000146024
60000 0.057692307692307696 6.296807751829454e-05 36.96490632692308 0.06410256410256411 45.301282057692305 45.30769230769231 1.0384615384615385 44.26923076923077 1.8815461000194773
62000 0.07692307692307693 7.120127615249517e-05 36.74858290384615 0.049679487179487176 45.301282057692305 45.30769230769231 1.0769230769230769 44.23076923076923 1.8658061999594793
64000 0.23076923076923078 0.0001719830905223523 36.00461436538462 0.11538461538461539 45.301282057692305 45.30769230769231 1.5576923076923077 43.75 1.9009886999847367
66000 0.07692307692307693 7.110940409832362e-05 36.46978509615384 0.07211538461538461 45.301282057692305 45.30769230769231 1.1153846153846154 44.19230769230769 1.876315200002864
68000 0.09615384615384616 -0.01911006752313013 36.566322346153854 0.0625 45.301282057692305 45.30769230769231 1.1923076923076923 44.11538461538461 1.86708420002833
70000 0.09615384615384616 7.097202832226246e-05 36.74916148076924 0.044871794871794865 45.301282057692305 45.30769230769231 1.0384615384615385 44.26923076923077 1.8187026000232436
72000 0.057692307692307696 9.175679417519465e-05 36.63386928846153 0.06570512820512821 45.301282057692305 45.30769230769231 1.0384615384615385 44.26923076923077 2.048743800027296
74000 0.15384615384615385 8.400147114728461e-05 35.33133194230769 0.1201923076923077 45.301282057692305 45.30769230769231 1.0384615384615385 44.26923076923077 2.1354702999815345
76000 0.057692307692307696 9.478583725600088e-05 36.67224701923076 0.060897435897435896 45.301282057692305 45.30769230769231 1.0384615384615385 44.26923076923077 2.171026600000914
78000 0.11538461538461539 7.294390732111742e-05 36.64059992307693 0.057692307692307696 45.301282057692305 45.30769230769231 1.0384615384615385 44.26923076923077 2.120917000051122
80000 0.15384615384615385 0.0001449917205355877 36.41796463461539 0.04807692307692308 45.301282057692305 45.30769230769231 1.4038461538461537 43.90384615384615 1.947432100016158
82000 0.1346153846153846 9.529609969013554e-05 35.59958751923077 0.08333333333333333 45.301282057692305 45.30769230769231 1.0384615384615385 44.26923076923077 1.802448500005994
84000 0.1346153846153846 0.00011274747120020839 35.57394648076923 0.08333333333333333 45.301282057692305 45.30769230769231 1.0384615384615385 44.26923076923077 1.8613921999931335
86000 0.1346153846153846 0.0001567694876823604 35.50606373076923 0.08333333333333333 45.301282057692305 45.30769230769231 1.3269230769230769 43.98076923076923 2.06594070000574
88000 0.1346153846153846 0.00012973988548678402 35.493925499999996 0.07211538461538461 45.301282057692305 45.30769230769231 1.2307692307692308 44.07692307692308 1.8862920999526978
90000 0.07692307692307693 0.00010828849815434474 35.05374775 0.1778846153846154 45.301282057692305 45.30769230769231 1.0384615384615385 44.26923076923077 2.0510181999998167
92000 0.09615384615384616 9.053771006276633e-05 35.20162148076923 0.15544871794871792 45.301282057692305 45.30769230769231 1.0576923076923077 44.25 1.9298562000039965
94000 0.07692307692307693 0.00010423665684459529 36.20647186538462 0.08333333333333334 45.301282057692305 45.30769230769231 1.0384615384615385 44.26923076923077 1.8808699999935925
96000 0.07692307692307693 0.00011043350704041094 36.53836201923077 0.0625 45.301282057692305 45.30769230769231 1.0384615384615385 44.26923076923077 1.9541852999827825
98000 0.07692307692307693 0.00014299728703243367 36.706631519230775 0.10416666666666667 45.301282057692305 45.30769230769231 1.0961538461538463 44.21153846153846 1.80255100002978
100000 0.11538461538461539 -0.05757156604030118 36.91390584615385 0.07371794871794872 45.301282057692305 45.30769230769231 1.2692307692307692 44.03846153846154 2.1032816000515595
102000 0.1346153846153846 -0.6153646905051493 37.51782334615385 0.041666666666666664 45.301282057692305 45.30769230769231 1.9423076923076923 43.36538461538461 1.8337778999703005
104000 0.15384615384615385 -0.24994748163111222 36.27127825 0.11858974358974358 45.301282057692305 45.30769230769231 1.4038461538461537 43.90384615384615 1.9297211999655701
106000 0.19230769230769232 0.0001245276342092039 35.5509770576923 0.11217948717948717 45.301282057692305 45.30769230769231 1.0384615384615385 44.26923076923077 1.9134325999766588
108000 0.17307692307692307 -0.1345032051262278 35.88986607692306 0.08814102564102563 45.301282057692305 45.30769230769231 1.1923076923076923 44.11538461538461 1.8009096999885514
110000 0.15384615384615385 0.0001289002776408263 35.176948576923074 0.1378205128205128 45.301282057692305 45.30769230769231 1.1538461538461537 44.15384615384615 1.8280148999765515
112000 0.15384615384615385 0.00015560802083266202 35.179329173076916 0.15865384615384615 45.301282057692305 45.30769230769231 1.0384615384615385 44.26923076923077 1.8721198999555781
114000 0.1346153846153846 -0.01907350757870554 35.86723321153846 0.08493589743589743 45.301282057692305 45.30769230769231 1.0384615384615385 44.26923076923077 1.9807249999721535
116000 0.1346153846153846 -0.07676219094012326 35.7345988076923 0.08493589743589744 45.301282057692305 45.30769230769231 1.0384615384615385 44.26923076923077 2.012335899984464
118000 0.11538461538461539 0.00014318612290103978 36.3978603076923 0.07692307692307693 45.301282057692305 45.30769230769231 1.0384615384615385 44.26923076923077 1.8844672000268474
120000 0.1346153846153846 0.00013667955108243583 36.338458365384604 0.07051282051282051 45.301282057692305 45.30769230769231 1.0961538461538463 44.21153846153846 1.8375005000270903
122000 0.11538461538461539 -0.019118390502119692 36.072539269230774 0.09615384615384616 45.301282057692305 45.30769230769231 1.0961538461538463 44.21153846153846 1.932624900015071
124000 0.07692307692307693 -0.05762895246392571 35.86640551923078 0.10416666666666667 45.301282057692305 45.30769230769231 1.0384615384615385 44.26923076923077 1.828549199970439
126000 0.09615384615384616 -0.0959924980991783 35.70745378846155 0.07692307692307693 45.301282057692305 45.30769230769231 1.1153846153846154 44.19230769230769 1.917213000007905
128000 0.09615384615384616 -0.09602843062635019 36.27620407692307 0.07211538461538461 45.301282057692305 45.30769230769231 1.2115384615384615 44.09615384615385 1.8625764999887906
130000 0.07692307692307693 -0.09599162414459296 36.18031761538462 0.08493589743589744 45.301282057692305 45.30769230769231 1.4038461538461537 43.90384615384615 1.9445785999996588
132000 0.07692307692307693 0.00016317988585264293 36.513588596153845 0.09294871794871794 45.301282057692305 45.30769230769231 1.2692307692307692 44.03846153846154 1.8241307000280358
134000 0.07692307692307693 0.00015874521670551677 36.007711923076926 0.10897435897435896 45.301282057692305 45.30769230769231 1.3269230769230769 43.98076923076923 2.0124385000090115
136000 0.07692307692307693 0.00017039809428664318 36.05106509615385 0.08012820512820513 45.301282057692305 45.30769230769231 1.1923076923076923 44.11538461538461 2.0332754000555724
138000 0.07692307692307693 9.434276363834593e-05 37.2812171153846 0.06410256410256411 45.301282057692305 45.30769230769231 1.1153846153846154 44.19230769230769 1.8378651000093669
140000 0.09615384615384616 0.00010689088478689726 36.42282951923078 0.11057692307692307 45.301282057692305 45.30769230769231 1.2115384615384615 44.09615384615385 1.9158083999645896
142000 0.07692307692307693 9.749220599074266e-05 36.34398774999999 0.07211538461538462 45.301282057692305 45.30769230769231 1.3076923076923077 44.0 1.8259583999752067
144000 0.1346153846153846 0.00022312253711751978 35.884675307692305 0.125 45.301282057692305 45.30769230769231 1.3269230769230769 43.98076923076923 1.8909496000269428
146000 0.11538461538461539 7.877923847915038e-05 36.36846403846154 0.10897435897435896 45.301282057692305 45.30769230769231 1.6730769230769231 43.63461538461539 1.8128272999892943
148000 0.09615384615384616 0.00020959663457787746 35.854502826923074 0.11538461538461536 45.301282057692305 45.30769230769231 1.1153846153846154 44.19230769230769 1.8723080000490882
150000 0.1346153846153846 -0.01902018641847706 35.98927875 0.09294871794871794 45.301282057692305 45.30769230769231 1.1538461538461537 44.15384615384615 1.8582531999563798
152000 0.1346153846153846 -0.019171564006848 35.978812500000004 0.10737179487179485 45.301282057692305 45.30769230769231 1.2307692307692308 44.07692307692308 1.8186037999694236
154000 0.11538461538461539 -0.019155029815149407 36.50146713461539 0.07371794871794872 45.301282057692305 45.30769230769231 1.1923076923076923 44.11538461538461 1.9284488999983296
156000 0.057692307692307696 -0.01909279759831847 36.62128057692307 0.0673076923076923 45.301282057692305 45.30769230769231 1.0384615384615385 44.26923076923077 1.9972175000002608
158000 0.1346153846153846 -0.019132122844043784 36.40859742307693 0.08814102564102563 45.301282057692305 45.30769230769231 1.0384615384615385 44.26923076923077 2.0464990999898873
160000 0.15384615384615385 0.00013183868655240296 36.41464815384615 0.09455128205128203 45.301282057692305 45.30769230769231 1.0576923076923077 44.25 1.8522973000071943
162000 0.15384615384615385 7.188883542819747e-05 36.60585236538462 0.07532051282051282 45.301282057692305 45.30769230769231 1.0961538461538463 44.21153846153846 1.9849379999795929
164000 0.1346153846153846 0.00011844838193541879 36.87091650000001 0.0673076923076923 45.301282057692305 45.30769230769231 1.0961538461538463 44.21153846153846 1.9427951999823563
166000 0.1346153846153846 0.00019821120438294514 36.52417500000001 0.11057692307692306 45.301282057692305 45.30769230769231 1.1346153846153846 44.17307692307692 1.98881710000569
168000 0.11538461538461539 7.319882003649736e-05 36.46883296153846 0.08814102564102563 45.301282057692305 45.30769230769231 1.1538461538461537 44.15384615384615 1.9612096000346355
170000 0.11538461538461539 8.084815911357431e-05 36.46562786538462 0.08493589743589744 45.301282057692305 45.30769230769231 1.1346153846153846 44.17307692307692 1.9594171000062488
172000 0.15384615384615385 8.468660189447551e-05 36.096694500000005 0.12339743589743589 45.301282057692305 45.30769230769231 1.0769230769230769 44.23076923076923 1.8743071000208147
174000 0.11538461538461539 0.0001093332287279488 36.24623694230768 0.08653846153846154 45.301282057692305 45.30769230769231 1.2692307692307692 44.03846153846154 2.0468111999798566
176000 0.1346153846153846 7.475434694317593e-05 36.43617126923076 0.09134615384615383 45.301282057692305 45.30769230769231 1.1153846153846154 44.19230769230769 1.818655100010801
178000 0.09615384615384616 6.665993526294012e-05 36.375968153846145 0.07852564102564104 45.301282057692305 45.30769230769231 1.2692307692307692 44.03846153846154 1.8843076000339352
180000 0.21153846153846154 0.0001026866338044295 35.82886213461538 0.09935897435897435 45.301282057692305 45.30769230769231 1.3653846153846154 43.94230769230769 1.8152468000189401
182000 0.23076923076923078 0.00010853256931339361 35.53505853846154 0.1298076923076923 45.301282057692305 45.30769230769231 1.1730769230769231 44.13461538461539 1.9530712999985553
184000 0.23076923076923078 0.00011321711537372724 35.662836423076925 0.1362179487179487 45.301282057692305 45.30769230769231 1.0769230769230769 44.23076923076923 2.0729816000093706
186000 0.25 0.00019263468817359508 35.23866032692308 0.1490384615384615 45.301282057692305 45.30769230769231 1.25 44.05769230769231 2.004392600036226
188000 0.34615384615384615 0.00015397992439565678 34.25532634615384 0.1794871794871795 45.301282057692305 45.30769230769231 1.1538461538461537 44.15384615384615 1.8245605999836698
190000 0.36538461538461536 0.00013380448480180383 34.33475521153846 0.16346153846153846 45.301282057692305 45.30769230769231 1.0384615384615385 44.26923076923077 1.8117667000042275
192000 0.38461538461538464 0.00015440876095341164 34.42263405769231 0.17467948717948717 45.301282057692305 45.30769230769231 1.1153846153846154 44.19230769230769 2.259564900014084
194000 0.40384615384615385 9.224140411024593e-05 34.54302565384615 0.16666666666666663 45.301282057692305 45.30769230769231 1.2884615384615385 44.01923076923077 1.8728976999991573
196000 0.5192307692307693 0.000147170425525197 34.11989513461538 0.17628205128205127 45.301282057692305 45.30769230769231 1.3269230769230769 43.98076923076923 1.8606916000135243
198000 0.4230769230769231 0.00010953715477932619 33.97641674999999 0.1955128205128205 45.301282057692305 45.30769230769231 1.0384615384615385 44.26923076923077 1.9982294999645092
200000 0.4230769230769231 0.00010675068096506833 33.81231413461538 0.1875 45.301282057692305 45.30769230769231 1.0384615384615385 44.26923076923077 1.795980499999132
202000 0.5384615384615384 0.00012162858323576198 33.86851121153846 0.18269230769230768 45.301282057692305 45.30769230769231 1.7884615384615385 43.51923076923077 1.8024847999913618
204000 0.5384615384615384 0.00016215735090788913 32.53162875 0.23397435897435898 45.301282057692305 45.30769230769231 2.5576923076923075 42.75 1.8853028999874368
206000 0.36538461538461536 9.506308632571969e-05 33.22009013461538 0.22916666666666666 45.301282057692305 45.30769230769231 1.3461538461538463 43.96153846153846 1.8866651999996975
208000 0.5384615384615384 0.0002622720125694707 32.69418276923078 0.2724358974358974 45.301282057692305 45.30769230769231 3.1153846153846154 42.19230769230769 1.850464600021951
210000 0.5 0.00029290166444829134 33.09346834615384 0.18910256410256407 45.301282057692305 45.30769230769231 4.461538461538462 40.84615384615385 1.9302176999626681
212000 0.4423076923076923 0.0002775315028703179 33.45069573076922 0.15544871794871792 45.301282057692305 45.30769230769231 3.7884615384615383 41.51923076923077 2.021573600010015
214000 0.36538461538461536 0.0002396708951248089 33.336180807692294 0.18749999999999997 45.301282057692305 45.30769230769231 4.576923076923077 40.73076923076923 1.80782210000325
216000 0.5 0.0002653462963468021 33.16216559615385 0.1955128205128205 45.301282057692305 45.30769230769231 5.384615384615385 39.92307692307692 1.8791166000301018
218000 0.23076923076923078 0.0002547778100420863 33.94498567307692 0.1378205128205128 45.301282057692305 45.30769230769231 4.173076923076923 41.13461538461539 1.8483688000123948
220000 0.19230769230769232 8.502831387788397e-05 34.25882165384615 0.14262820512820512 45.301282057692305 45.30769230769231 4.5576923076923075 40.75 1.951012899982743
222000 0.3269230769230769 0.00011415448997748784 33.86010380769231 0.17307692307692307 45.301282057692305 45.30769230769231 4.4423076923076925 40.86538461538461 1.9910878000082448
224000 0.3076923076923077 0.0002991159789266367 33.73812100000001 0.17628205128205127 45.301282057692305 45.30769230769231 4.019230769230769 41.28846153846154 1.8851168000255711
226000 0.40384615384615385 0.00034486421759251395 33.642424673076924 0.1810897435897436 45.301282057692305 45.30769230769231 4.980769230769231 40.32692307692308 1.8744689999730326
228000 0.36538461538461536 0.00023400587068507693 32.26584853846153 0.20673076923076922 45.301282057692305 45.30769230769231 4.673076923076923 40.63461538461539 1.9003093000501394
230000 0.6346153846153846 0.0004667478804624426 32.633963307692305 0.19391025641025642 45.301282057692305 45.30769230769231 4.6923076923076925 40.61538461538461 1.8650314999977127
232000 0.4423076923076923 0.0001855167839021223 32.723130576923076 0.2467948717948718 45.301282057692305 45.30769230769231 2.4038461538461537 42.90384615384615 1.9727885999600403
234000 0.6153846153846154 0.00021528063658880303 32.19167901923077 0.27564102564102566 45.301282057692305 45.30769230769231 1.9230769230769231 43.38461538461539 1.9384940000018105
236000 0.3269230769230769 0.00013651509164925638 32.28166411538462 0.24038461538461536 45.301282057692305 45.30769230769231 3.5 41.80769230769231 2.030155799991917
238000 0.5384615384615384 0.00022617320512604094 31.997048615384625 0.29166666666666663 45.301282057692305 45.30769230769231 3.1346153846153846 42.17307692307692 1.8503672999795526
240000 0.38461538461538464 0.00015676363272325528 32.60086713461538 0.266025641025641 45.301282057692305 45.30769230769231 1.3653846153846154 43.94230769230769 2.014337400032673
242000 0.34615384615384615 0.0001620827307616935 32.768594846153846 0.2724358974358974 45.301282057692305 45.30769230769231 1.2115384615384615 44.09615384615385 1.8601881999638863
244000 0.3269230769230769 0.00013759554397205706 32.89119151923077 0.27403846153846156 45.301282057692305 45.30769230769231 1.9807692307692308 43.32692307692308 1.9028101000003517
246000 0.28846153846153844 0.0001635683922316491 32.42591315384615 0.25961538461538464 45.301282057692305 45.30769230769231 1.8269230769230769 43.48076923076923 1.9438948000315577
248000 0.34615384615384615 0.0001692057162699887 33.807154076923084 0.24038461538461542 45.301282057692305 45.30769230769231 1.3269230769230769 43.98076923076923 1.8331416000146419
250000 0.5192307692307693 0.00020842332569432842 33.738467038461536 0.27564102564102566 45.301282057692305 45.30769230769231 1.3269230769230769 43.98076923076923 2.1038332999451086
252000 0.34615384615384615 0.00011546979422292358 34.176229711538454 0.2371794871794872 45.301282057692305 45.30769230769231 1.75 43.55769230769231 1.9374572999658994
254000 0.28846153846153844 0.00014312580514941702 33.89032709615384 0.21955128205128205 45.301282057692305 45.30769230769231 1.1153846153846154 44.19230769230769 2.0184601999935694
256000 0.3076923076923077 0.0001690149560728578 33.97366057692307 0.23557692307692304 45.301282057692305 45.30769230769231 1.1923076923076923 44.11538461538461 2.0655021999846213
258000 0.3076923076923077 0.00017554204153396566 33.50635757692308 0.2532051282051282 45.301282057692305 45.30769230769231 1.6346153846153846 43.67307692307692 2.1150584000279196
260000 0.25 0.0001386618250566635 33.259830153846146 0.23076923076923073 45.301282057692305 45.30769230769231 2.519230769230769 42.78846153846154 1.9126274000154808
262000 0.21153846153846154 0.00022252091052876011 32.6659729423077 0.23397435897435898 45.301282057692305 45.30769230769231 2.9615384615384617 42.34615384615385 2.01530059997458
264000 0.19230769230769232 0.0001308046817633617 32.74241021153846 0.2644230769230769 45.301282057692305 45.30769230769231 2.1346153846153846 43.17307692307692 2.009112700005062
266000 0.38461538461538464 0.00016514096796718198 32.40077163461539 0.2099358974358974 45.301282057692305 45.30769230769231 4.788461538461538 40.51923076923077 1.8345263000228442
268000 0.36538461538461536 0.0002360418269798803 32.594361173076926 0.21474358974358973 45.301282057692305 45.30769230769231 4.480769230769231 40.82692307692308 1.908913199964445
270000 0.23076923076923078 0.00018802121133664685 32.787291403846154 0.22115384615384615 45.301282057692305 45.30769230769231 2.3461538461538463 42.96153846153846 2.018087399948854
272000 0.4807692307692308 0.0002451328548249643 33.66758117307692 0.20512820512820515 45.301282057692305 45.30769230769231 4.1923076923076925 41.11538461538461 1.8631262999842875
274000 0.3076923076923077 0.0001706366111523926 34.07159723076923 0.17467948717948717 45.301282057692305 45.30769230769231 3.75 41.55769230769231 1.8912017000257038
276000 0.2692307692307692 0.00022161506553582905 33.50959065384615 0.16826923076923078 45.301282057692305 45.30769230769231 4.038461538461538 41.26923076923077 1.9127622000523843
278000 0.25 0.00020697514359794343 33.414953442307684 0.20192307692307693 45.301282057692305 45.30769230769231 3.423076923076923 41.88461538461539 1.7458009999827482
280000 0.21153846153846154 0.00020361495459991988 34.08509248076923 0.16987179487179485 45.301282057692305 45.30769230769231 3.3846153846153846 41.92307692307692 1.8361392000224441
282000 0.21153846153846154 0.00018074043160098567 34.011699942307686 0.17147435897435898 45.301282057692305 45.30769230769231 3.826923076923077 41.48076923076923 2.102621200028807
284000 0.2692307692307692 0.0002000858649455017 34.04481969230769 0.17948717948717946 45.301282057692305 45.30769230769231 3.8461538461538463 41.46153846153846 1.8291649000020698
286000 0.3269230769230769 0.00022173882947516731 33.98345942307692 0.1875 45.301282057692305 45.30769230769231 4.3076923076923075 41.0 2.0262783000362106
288000 0.3269230769230769 0.00023776372067980313 33.876354673076925 0.1875 45.301282057692305 45.30769230769231 4.403846153846154 40.90384615384615 1.9018566000158899
290000 0.3269230769230769 9.45012846157016e-05 35.03591757692307 0.1490384615384615 45.301282057692305 45.30769230769231 4.461538461538462 40.84615384615385 1.908036099979654
292000 0.3076923076923077 0.0001781295004660045 34.675172 0.18108974358974358 45.301282057692305 45.30769230769231 4.653846153846154 40.65384615384615 2.0113622999633662
294000 0.3269230769230769 0.00020932092477033177 34.401570442307694 0.17467948717948717 45.301282057692305 45.30769230769231 4.673076923076923 40.63461538461539 1.7757540000020526
296000 0.3269230769230769 0.00020200030966975336 34.17602628846152 0.1987179487179487 45.301282057692305 45.30769230769231 4.634615384615385 40.67307692307692 2.06272629997693
298000 0.3269230769230769 0.00022440675058006318 33.973462019230766 0.19230769230769232 45.301282057692305 45.30769230769231 4.538461538461538 40.76923076923077 1.8047795000020415
300000 0.3269230769230769 0.00020580837601370718 34.054391673076914 0.1987179487179487 45.301282057692305 45.30769230769231 4.615384615384615 40.69230769230769 1.8471122999908403
302000 0.36538461538461536 0.00017596236021355359 35.10850078846154 0.1875 45.301282057692305 45.30769230769231 4.288461538461538 41.01923076923077 1.9171658999985084
304000 0.38461538461538464 0.00018232634765076586 34.78878894230769 0.22275641025641027 45.301282057692305 45.30769230769231 4.0576923076923075 41.25 1.8028636999661103
306000 0.2692307692307692 9.008490443999521e-05 35.383330692307695 0.16987179487179485 45.301282057692305 45.30769230769231 3.3846153846153846 41.92307692307692 1.993825800018385
308000 0.3076923076923077 0.00014476701669704952 35.503270615384615 0.19391025641025644 45.301282057692305 45.30769230769231 3.2115384615384617 42.09615384615385 2.035278900002595
310000 0.3076923076923077 0.0001318996340446252 35.49559634615386 0.19391025641025644 45.301282057692305 45.30769230769231 3.3653846153846154 41.94230769230769 2.148036799975671
312000 0.28846153846153844 0.00013309336441081845 35.544158865384624 0.17948717948717954 45.301282057692305 45.30769230769231 3.4038461538461537 41.90384615384615 1.7791798999533057
314000 0.2692307692307692 7.965881704629652e-05 35.55392948076924 0.1490384615384615 45.301282057692305 45.30769230769231 3.019230769230769 42.28846153846154 1.9409267000155523
316000 0.17307692307692307 0.00016464311640854184 35.68368842307693 0.1346153846153846 45.301282057692305 45.30769230769231 2.6153846153846154 42.69230769230769 1.9650787999853492
318000 0.25 0.0001726888304441027 35.654783961538456 0.1490384615384615 45.301282057692305 45.30769230769231 2.980769230769231 42.32692307692308 2.020350899954792
320000 0.25 0.00012646144944982124 35.39885926923078 0.17628205128205127 45.301282057692305 45.30769230769231 3.1153846153846154 42.19230769230769 1.9983193000080064
322000 0.28846153846153844 8.836651999994026e-05 35.33320276923078 0.1778846153846154 45.301282057692305 45.30769230769231 3.1538461538461537 42.15384615384615 1.8765711999731138
324000 0.2692307692307692 0.0001392317443653751 35.50038517307693 0.1907051282051282 45.301282057692305 45.30769230769231 2.7115384615384617 42.59615384615385 1.840983400004916
326000 0.28846153846153844 0.00013909494415317305 35.232271250000004 0.18108974358974358 45.301282057692305 45.30769230769231 2.5384615384615383 42.76923076923077 1.9703813000232913
328000 0.3076923076923077 0.00017833681506138164 34.81871198076924 0.18108974358974356 45.301282057692305 45.30769230769231 2.5 42.80769230769231 2.148067199974321
330000 0.23076923076923078 0.00011589800243813198 34.93153267307692 0.20673076923076922 45.301282057692305 45.30769230769231 2.173076923076923 43.13461538461539 1.8368720999569632
332000 0.21153846153846154 0.00021574344475487723 34.57946726923077 0.17307692307692307 45.301282057692305 45.30769230769231 1.7692307692307692 43.53846153846154 1.8947936999611557
334000 0.21153846153846154 0.0002667382153644303 34.41064086538461 0.1955128205128205 45.301282057692305 45.30769230769231 1.75 43.55769230769231 1.7823630000348203
336000 0.36538461538461536 0.00029665005356343236 33.66085894230769 0.2003205128205128 45.301282057692305 45.30769230769231 1.7884615384615385 43.51923076923077 1.9730132999829948
338000 0.25 9.602683290508972e-05 34.063710788461535 0.18749999999999997 45.301282057692305 45.30769230769231 1.8461538461538463 43.46153846153846 1.82511459995294
340000 0.34615384615384615 0.0002536925295584336 33.73959809615384 0.2099358974358974 45.301282057692305 45.30769230769231 1.5192307692307692 43.78846153846154 1.9960284000262618
342000 0.4423076923076923 0.0003066866234081909 33.50105030769231 0.21474358974358973 45.301282057692305 45.30769230769231 1.4807692307692308 43.82692307692308 1.8025928000570275
344000 0.4230769230769231 0.0002694495085586499 33.82425709615384 0.20833333333333334 45.301282057692305 45.30769230769231 1.6538461538461537 43.65384615384615 1.8083657000097446
346000 0.4423076923076923 -0.01907204186287681 33.89968428846154 0.23237179487179488 45.301282057692305 45.30769230769231 1.4615384615384615 43.84615384615385 1.7974044000147842
348000 0.46153846153846156 -0.019051343096535923 33.47749467307692 0.2467948717948718 45.301282057692305 45.30769230769231 1.6730769230769231 43.63461538461539 1.9006236999994144
350000 0.46153846153846156 -0.03830653589025899 33.43090369230769 0.22596153846153844 45.301282057692305 45.30769230769231 1.3076923076923077 44.0 1.8474421999999322
352000 0.40384615384615385 -0.05754027368181277 34.25853176923078 0.23717948717948717 45.301282057692305 45.30769230769231 1.3076923076923077 44.0 1.8777585999923758
354000 0.3269230769230769 -0.05758150915672106 34.44549734615385 0.22916666666666666 45.301282057692305 45.30769230769231 1.4038461538461537 43.90384615384615 1.8469632000196725
356000 0.36538461538461536 -0.057564769118672796 33.95783188461538 0.2275641025641026 45.301282057692305 45.30769230769231 1.3076923076923077 44.0 1.9211392999859527
358000 0.2692307692307692 -0.05758424757991316 34.61433132692308 0.2403846153846154 45.301282057692305 45.30769230769231 1.3076923076923077 44.0 1.9213610000442713
360000 0.34615384615384615 -0.13450746043326903 34.2965656923077 0.2516025641025641 45.301282057692305 45.30769230769231 1.2884615384615385 44.01923076923077 1.836196199990809
362000 0.38461538461538464 -0.17302331970262338 34.749984692307684 0.1875 45.301282057692305 45.30769230769231 1.5769230769230769 43.73076923076923 1.956496300001163
364000 0.36538461538461536 -0.1730340936621615 34.69076875000001 0.2099358974358974 45.301282057692305 45.30769230769231 1.3461538461538463 43.96153846153846 1.8778481000335887
366000 0.38461538461538464 -0.15378982954750775 34.46915676923078 0.22275641025641024 45.301282057692305 45.30769230769231 1.2692307692307692 44.03846153846154 1.9071376000065356
368000 0.28846153846153844 -0.0961011899175608 34.244749096153846 0.18910256410256407 45.301282057692305 45.30769230769231 1.3269230769230769 43.98076923076923 1.8045497999992222
370000 0.28846153846153844 -0.03835313111193886 34.106287461538464 0.1955128205128205 45.301282057692305 45.30769230769231 1.4230769230769231 43.88461538461539 2.2934755999594927
372000 0.3076923076923077 -0.05758707155694195 34.006928461538465 0.1939102564102564 45.301282057692305 45.30769230769231 1.3846153846153846 43.92307692307692 2.025781399977859
374000 0.25 -0.038269962691769126 34.204364461538475 0.17628205128205127 45.301282057692305 45.30769230769231 1.3269230769230769 43.98076923076923 1.8047924999846146
376000 0.28846153846153844 -0.038241833579141425 33.886232211538456 0.1939102564102564 45.301282057692305 45.30769230769231 1.2884615384615385 44.01923076923077 2.209419800026808
378000 0.25 -0.018993655292795335 33.9690010576923 0.18108974358974356 45.301282057692305 45.30769230769231 1.4230769230769231 43.88461538461539 1.8532137000001967
380000 0.23076923076923078 -0.01900368034510173 33.90973661538461 0.19230769230769226 45.301282057692305 45.30769230769231 1.2692307692307692 44.03846153846154 1.883153399976436
382000 0.21153846153846154 -0.01908925504199102 34.113048615384606 0.15865384615384615 45.301282057692305 45.30769230769231 1.2884615384615385 44.01923076923077 1.8520335999783128
384000 0.19230769230769232 -0.01909065375900845 33.900004673076914 0.16826923076923078 45.301282057692305 45.30769230769231 1.1730769230769231 44.13461538461539 1.78068720002193
386000 0.23076923076923078 -0.038356247429820564 33.96624401923076 0.16185897435897434 45.301282057692305 45.30769230769231 1.1730769230769231 44.13461538461539 1.9543940000003204
388000 0.11538461538461539 -0.01916210962371887 34.01816711538462 0.16346153846153846 45.301282057692305 45.30769230769231 1.2692307692307692 44.03846153846154 2.0639972999924794
390000 0.17307692307692307 -0.038368701240778 34.10085932692308 0.1474358974358974 45.301282057692305 45.30769230769231 1.1923076923076923 44.11538461538461 1.884056499984581
392000 0.15384615384615385 -0.01913344406691497 34.118924865384614 0.13942307692307693 45.301282057692305 45.30769230769231 1.4423076923076923 43.86538461538461 2.085143700009212
394000 0.23076923076923078 -0.05756523207687276 34.23654323076923 0.14423076923076922 45.301282057692305 45.30769230769231 1.1538461538461537 44.15384615384615 2.0553701000171714
396000 0.23076923076923078 -0.01907880887829985 34.14073265384615 0.15064102564102563 45.301282057692305 45.30769230769231 1.1730769230769231 44.13461538461539 1.9167195999762043
398000 0.34615384615384615 0.00012749665017646066 33.99599838461538 0.1474358974358974 45.301282057692305 45.30769230769231 1.7884615384615385 43.51923076923077 1.933118499990087
400000 0.15384615384615385 7.319048783878901e-05 33.87718996153845 0.1346153846153846 45.301282057692305 45.30769230769231 1.6538461538461537 43.65384615384615 1.887083999987226
402000 0.15384615384615385 -0.019165733623331575 33.88947626923076 0.14262820512820512 45.301282057692305 45.30769230769231 1.4038461538461537 43.90384615384615 1.941228299983777
404000 0.21153846153846154 -0.01913258856170211 34.00269359615384 0.12339743589743589 45.301282057692305 45.30769230769231 1.25 44.05769230769231 2.0748482000199147
406000 0.15384615384615385 -0.019156517978007746 33.77793771153846 0.15384615384615385 45.301282057692305 45.30769230769231 1.2115384615384615 44.09615384615385 2.063599899993278
408000 0.15384615384615385 -0.019158069351379026 33.90387859615384 0.1330128205128205 45.301282057692305 45.30769230769231 1.1538461538461537 44.15384615384615 1.996104900026694
410000 0.15384615384615385 -0.019151430473383215 33.580160596153846 0.15064102564102563 45.301282057692305 45.30769230769231 1.25 44.05769230769231 2.2406816000002436
412000 0.15384615384615385 7.536340277009095e-05 33.47908265384615 0.17948717948717946 45.301282057692305 45.30769230769231 1.4615384615384615 43.84615384615385 2.0720099000027403
414000 0.17307692307692307 7.819102803435554e-05 33.34927476923077 0.17147435897435898 45.301282057692305 45.30769230769231 1.4423076923076923 43.86538461538461 2.2729452999774367
416000 0.2692307692307692 -0.01909793283716489 33.01006513461538 0.18269230769230768 45.301282057692305 45.30769230769231 1.4038461538461537 43.90384615384615 2.100492099998519
418000 0.21153846153846154 0.00010610637590704727 33.183106153846154 0.1907051282051282 45.301282057692305 45.30769230769231 1.3269230769230769 43.98076923076923 1.9517977999639697
420000 0.25 0.00013111270376760204 32.92114036538462 0.21955128205128205 45.301282057692305 45.30769230769231 1.5961538461538463 43.71153846153846 2.2657675000373274
422000 0.17307692307692307 8.166080775159502e-05 33.265254692307686 0.1971153846153846 45.301282057692305 45.30769230769231 1.6153846153846154 43.69230769230769 2.0312458999687806
424000 0.19230769230769232 -0.019093952749022678 33.35197655769231 0.18269230769230768 45.301282057692305 45.30769230769231 1.8076923076923077 43.5 2.0296994999516755
426000 0.15384615384615385 -0.01915445813648324 33.432104980769225 0.16346153846153846 45.301282057692305 45.30769230769231 2.326923076923077 42.98076923076923 1.9556519000325352
428000 0.15384615384615385 -0.01915590160899192 33.49414723076922 0.1474358974358974 45.301282057692305 45.30769230769231 2.5 42.80769230769231 1.9931607999606058
430000 0.19230769230769232 -0.019110437114823776 33.38127326923077 0.16506410256410253 45.301282057692305 45.30769230769231 2.7884615384615383 42.51923076923077 2.033651400008239
432000 0.15384615384615385 -0.019151098351699612 33.16198896153847 0.18269230769230768 45.301282057692305 45.30769230769231 2.480769230769231 42.82692307692308 2.4310727000120096
434000 0.15384615384615385 -0.01914940004555182 33.17801453846154 0.1907051282051282 45.301282057692305 45.30769230769231 2.5961538461538463 42.71153846153846 2.047748800017871
436000 0.17307692307692307 8.948440897422349e-05 33.122788980769236 0.17948717948717946 45.301282057692305 45.30769230769231 2.5961538461538463 42.71153846153846 2.0591964999912307
438000 0.28846153846153844 -0.019084314034096973 32.530783423076926 0.2115384615384615 45.301282057692305 45.30769230769231 2.5576923076923075 42.75 2.0083636000053957
440000 0.2692307692307692 -0.019102143085359544 32.950655326923076 0.20512820512820512 45.301282057692305 45.30769230769231 2.326923076923077 42.98076923076923 2.0959536000154912
442000 0.23076923076923078 -0.0191230569133036 33.20932751923077 0.1987179487179487 45.301282057692305 45.30769230769231 2.769230769230769 42.53846153846154 2.13112859998364
444000 0.23076923076923078 -0.019122976949556142 33.35088757692308 0.17948717948717946 45.301282057692305 45.30769230769231 2.980769230769231 42.32692307692308 2.0114827000070363
446000 0.3269230769230769 -0.019043908791276598 33.017963249999994 0.2115384615384615 45.301282057692305 45.30769230769231 2.6538461538461537 42.65384615384615 1.989027099974919
448000 0.36538461538461536 -0.01903855086603739 32.84389415384615 0.2019230769230769 45.301282057692305 45.30769230769231 2.673076923076923 42.63461538461539 1.9954007000196725
450000 0.2692307692307692 -0.019103240723075884 32.827382769230766 0.17307692307692307 45.301282057692305 45.30769230769231 2.5961538461538463 42.71153846153846 2.203008300042711
452000 0.19230769230769232 -0.019127319965482684 33.07727623076923 0.1778846153846154 45.301282057692305 45.30769230769231 2.826923076923077 42.48076923076923 2.1660560999880545
454000 0.23076923076923078 -0.01912396757127307 33.19746873076924 0.16025641025641024 45.301282057692305 45.30769230769231 2.923076923076923 42.38461538461539 1.9439914000104181
456000 0.2692307692307692 -0.019116874510068247 33.14404994230769 0.16506410256410253 45.301282057692305 45.30769230769231 2.980769230769231 42.32692307692308 1.9060542000224814
458000 0.2692307692307692 -0.01911547225137591 33.303237865384624 0.18429487179487178 45.301282057692305 45.30769230769231 2.6923076923076925 42.61538461538461 2.1746239000349306
460000 0.3076923076923077 -0.01893390187943009 33.14511817307693 0.203525641025641 45.301282057692305 45.30769230769231 2.7884615384615383 42.51923076923077 2.194295499997679
462000 0.36538461538461536 -0.018911372762741265 33.1103475 0.21474358974358973 45.301282057692305 45.30769230769231 3.019230769230769 42.28846153846154 2.0369096000213176
464000 0.2692307692307692 -0.0381741503859595 33.31563107692308 0.21794871794871792 45.301282057692305 45.30769230769231 2.826923076923077 42.48076923076923 1.9102918000426143
466000 0.3076923076923077 -0.01893855769234084 32.98652259615385 0.2067307692307692 45.301282057692305 45.30769230769231 3.1153846153846154 42.19230769230769 1.9712305000284687
468000 0.38461538461538464 -0.018912755235416214 32.65105226923077 0.23237179487179488 45.301282057692305 45.30769230769231 2.9038461538461537 42.40384615384615 1.928520000015851
470000 0.3269230769230769 -0.018938879746941424 33.12657711538461 0.1971153846153846 45.301282057692305 45.30769230769231 3.0961538461538463 42.21153846153846 2.1458732999744825
472000 0.28846153846153844 -0.03832988692714445 33.40646384615384 0.22596153846153846 45.301282057692305 45.30769230769231 2.673076923076923 42.63461538461539 1.9426302000065334
474000 0.4230769230769231 -0.03813131361496222 33.05807582692308 0.23557692307692307 45.301282057692305 45.30769230769231 2.3846153846153846 42.92307692307692 1.9348708000034094
476000 0.38461538461538464 -0.038125251749966234 32.85935792307692 0.20833333333333331 45.301282057692305 45.30769230769231 2.826923076923077 42.48076923076923 2.1062175999977626
478000 0.4230769230769231 -0.0381090263858023 32.78462967307692 0.20512820512820512 45.301282057692305 45.30769230769231 2.5384615384615383 42.76923076923077 1.9595575000275858
480000 0.4423076923076923 -0.0380990802365559 32.76704992307692 0.23397435897435898 45.301282057692305 45.30769230769231 2.2115384615384617 43.09615384615385 2.0012023000163026
482000 0.5 -0.03809924887761926 32.85407390384615 0.23717948717948717 45.301282057692305 45.30769230769231 2.0 43.30769230769231 1.8817661000066437
484000 0.46153846153846156 -0.038119983811727196 33.09638194230769 0.23717948717948717 45.301282057692305 45.30769230769231 2.3653846153846154 42.94230769230769 1.9752252000034787
486000 0.46153846153846156 -0.03810891117349657 33.171382153846146 0.2019230769230769 45.301282057692305 45.30769230769231 2.826923076923077 42.48076923076923 2.065533699991647
488000 0.4230769230769231 -0.03814997166656559 32.96048455769231 0.2403846153846154 45.301282057692305 45.30769230769231 2.6346153846153846 42.67307692307692 2.0122865000157617
490000 0.40384615384615385 -0.03815309391483985 33.098305249999996 0.23717948717948717 45.301282057692305 45.30769230769231 2.75 42.55769230769231 2.055022499989718
492000 0.4423076923076923 -0.03814243458535536 33.019031692307685 0.22756410256410253 45.301282057692305 45.30769230769231 2.6538461538461537 42.65384615384615 2.069708700000774
494000 0.40384615384615385 -0.05737350231741524 33.15734542307692 0.23076923076923073 45.301282057692305 45.30769230769231 2.673076923076923 42.63461538461539 2.010373900004197
496000 0.4807692307692308 -0.07655250772217806 33.21012321153846 0.22596153846153844 45.301282057692305 45.30769230769231 2.6153846153846154 42.69230769230769 2.094207899994217
498000 0.46153846153846156 -0.05729347763533025 33.052578903846154 0.21474358974358973 45.301282057692305 45.30769230769231 3.173076923076923 42.13461538461539 1.8995620000059716
500000 0.40384615384615385 -0.05734301437548196 33.14079630769232 0.18910256410256407 45.301282057692305 45.30769230769231 3.230769230769231 42.07692307692308 1.9323846999905072
