2000 0.5961538461538461 0.0002469865438464156 115.23076923076923 0.0737179487179487 135.8653846153846 45.28846153846154 1.2884615384615385 44.0 0.5345363999949768
4000 0.6538461538461539 0.00028479848754849355 113.67307692307692 0.15865384615384615 135.8653846153846 45.28846153846154 1.1153846153846154 44.17307692307692 0.5386355999944499
6000 1.0769230769230769 0.0004596076922732242 113.67307692307692 0.09935897435897437 135.8653846153846 45.28846153846154 1.1153846153846154 44.17307692307692 0.5109872000030009
8000 0.7307692307692307 0.00024414491399441684 116.76923076923077 0.09294871794871797 135.8653846153846 45.28846153846154 1.1153846153846154 44.17307692307692 0.49239710000983905
10000 0.8461538461538461 0.0002598167066677065 112.09615384615384 0.20993589743589738 135.8653846153846 45.28846153846154 1.1153846153846154 44.17307692307692 0.582740300000296
12000 0.8846153846153846 0.0002669345647336474 109.34615384615384 0.20192307692307693 135.8653846153846 45.28846153846154 1.1153846153846154 44.17307692307692 0.5579514999990351
14000 0.8076923076923077 0.00039628747928167934 110.1923076923077 0.1778846153846154 135.8653846153846 45.28846153846154 1.1153846153846154 44.17307692307692 0.5933044999983395
16000 0.9423076923076923 0.0004290173790424514 110.0 0.1778846153846154 135.8653846153846 45.28846153846154 1.1153846153846154 44.17307692307692 0.679662599999574
18000 0.9615384615384616 0.0003110559295516156 109.1923076923077 0.20192307692307693 135.8653846153846 45.28846153846154 1.1153846153846154 44.17307692307692 0.6742579999990994
20000 0.9038461538461539 0.00025831909159505594 109.3076923076923 0.20192307692307693 135.8653846153846 45.28846153846154 1.1153846153846154 44.17307692307692 0.8181379000016022
22000 0.46153846153846156 0.0001439729874748789 110.61538461538461 0.20673076923076922 135.8653846153846 45.28846153846154 1.1153846153846154 44.17307692307692 0.698824400009471
24000 0.9615384615384616 0.0003342770221182873 109.1923076923077 0.20192307692307693 135.8653846153846 45.28846153846154 1.1153846153846154 44.17307692307692 0.7133274999941932
26000 0.9615384615384616 0.0003661323115976518 109.1923076923077 0.20192307692307693 135.8653846153846 45.28846153846154 1.1153846153846154 44.17307692307692 0.8737080999999307
28000 1.7307692307692308 0.0006214722804216085 110.15384615384616 0.16987179487179485 135.8653846153846 45.28846153846154 1.1153846153846154 44.17307692307692 0.9272491000010632
30000 1.9423076923076923 0.0006705209581958627 109.9423076923077 0.21314102564102566 135.8653846153846 45.28846153846154 1.25 44.03846153846154 1.0235186999925645
32000 1.6153846153846154 0.00046946332002306104 109.53846153846153 0.1394230769230769 135.8653846153846 45.28846153846154 2.769230769230769 42.51923076923077 0.8508787999890046
34000 1.5192307692307692 0.0006723210523172792 105.98076923076923 0.12980769230769232 135.8653846153846 45.28846153846154 4.8076923076923075 40.48076923076923 0.9480486999964342
36000 1.3461538461538463 0.000518926289140578 109.61538461538461 0.10897435897435896 135.8653846153846 45.28846153846154 3.1153846153846154 42.17307692307692 0.9302845999918645
38000 1.0576923076923077 0.0002513315820879288 114.88461538461539 0.09134615384615384 135.8653846153846 45.28846153846154 1.1153846153846154 44.17307692307692 0.8984150000032969
40000 0.8846153846153846 0.0003235758092327599 110.25 0.1506410256410256 135.8653846153846 45.28846153846154 1.1153846153846154 44.17307692307692 0.8544147000066005
42000 0.7115384615384616 0.00016799234468103306 111.21153846153847 0.141025641025641 135.8653846153846 45.28846153846154 1.1153846153846154 44.17307692307692 0.9633520000061253
44000 0.7884615384615384 0.0001918873669943444 112.32692307692308 0.09935897435897435 135.8653846153846 45.28846153846154 1.1153846153846154 44.17307692307692 0.9768541999947047
46000 1.3846153846153846 0.0005462756552304 111.78846153846153 0.10096153846153845 135.8653846153846 45.28846153846154 1.1153846153846154 44.17307692307692 0.9011941999924602
48000 0.6730769230769231 0.00012692274261123248 112.67307692307692 0.09615384615384616 135.8653846153846 45.28846153846154 1.1153846153846154 44.17307692307692 0.969907399994554
50000 2.1346153846153846 0.001018252695800997 105.25 0.11858974358974358 135.8653846153846 45.28846153846154 5.134615384615385 40.15384615384615 0.8561742999881972
52000 1.9807692307692308 0.000860215696315214 104.67307692307692 0.16506410256410253 135.8653846153846 45.28846153846154 5.615384615384615 39.67307692307692 0.8892641999991611
54000 1.75 0.0009473753076034968 110.51923076923077 0.10576923076923077 135.8653846153846 45.28846153846154 1.4615384615384615 43.82692307692308 0.886577600002056
56000 1.75 0.000701185590087997 105.71153846153847 0.14583333333333331 135.8653846153846 45.28846153846154 4.961538461538462 40.32692307692308 0.8551377999974648
58000 2.0 0.000828941270111876 110.90384615384616 0.10576923076923077 135.8653846153846 45.28846153846154 1.1153846153846154 44.17307692307692 0.8991672000120161
60000 1.8076923076923077 0.0005887382879043895 110.82692307692308 0.1169871794871795 135.8653846153846 45.28846153846154 1.2884615384615385 44.0 0.8731301000079839
62000 1.5576923076923077 0.0006466069411794965 112.6923076923077 0.08653846153846154 135.8653846153846 45.28846153846154 1.1153846153846154 44.17307692307692 0.9626914999971632
64000 1.3461538461538463 0.0002990591878898855 112.23076923076923 0.10897435897435898 135.8653846153846 45.28846153846154 1.1153846153846154 44.17307692307692 0.9082800999894971
66000 2.8461538461538463 0.0011473676660219145 108.4423076923077 0.18910256410256412 135.8653846153846 45.28846153846154 1.1153846153846154 44.17307692307692 0.8873976000031689
68000 3.5384615384615383 0.0012437253487810993 111.86538461538461 0.18108974358974358 135.8653846153846 45.28846153846154 1.1153846153846154 44.17307692307692 0.846442100009881
70000 3.9038461538461537 0.001228012378750093 108.65384615384616 0.16025641025641024 135.8653846153846 45.28846153846154 1.1153846153846154 44.17307692307692 0.8598003000079188
72000 4.615384615384615 0.0015490987654486607 107.88461538461539 0.1955128205128205 135.8653846153846 45.28846153846154 1.1153846153846154 44.17307692307692 0.9065854999935254
74000 1.6730769230769231 0.0005750655605668689 110.96153846153847 0.18589743589743593 135.8653846153846 45.28846153846154 1.1153846153846154 44.17307692307692 0.9407961000106297
76000 1.6346153846153846 0.00057317272904273 111.38461538461539 0.17467948717948717 135.8653846153846 45.28846153846154 1.1153846153846154 44.17307692307692 0.8837226999894483
78000 1.6538461538461537 0.0005644319452632302 110.73076923076923 0.19070512820512822 135.8653846153846 45.28846153846154 1.1153846153846154 44.17307692307692 0.9077955999964615
80000 2.019230769230769 0.0008818235257355715 109.90384615384616 0.22756410256410253 135.8653846153846 45.28846153846154 1.1153846153846154 44.17307692307692 0.8978277999995044
82000 1.3076923076923077 0.0005340594439760095 111.6923076923077 0.1778846153846154 135.8653846153846 45.28846153846154 1.1153846153846154 44.17307692307692 0.9627906999958213
84000 0.8461538461538461 0.0002152612252400896 112.92307692307692 0.11698717948717946 135.8653846153846 45.28846153846154 1.1153846153846154 44.17307692307692 0.8824882999906549
86000 0.8846153846153846 0.0001761007462591434 113.1923076923077 0.13942307692307693 135.8653846153846 45.28846153846154 1.1153846153846154 44.17307692307692 0.853110399999423
88000 1.0192307692307692 0.0003419058282355947 112.67307692307692 0.15224358974358973 135.8653846153846 45.28846153846154 1.1153846153846154 44.17307692307692 0.8899258999881567
90000 1.1730769230769231 0.00035743275896297133 113.34615384615384 0.12820512820512822 135.8653846153846 45.28846153846154 1.1153846153846154 44.17307692307692 0.848421499991673
92000 1.75 0.0006814605125171676 111.36538461538461 0.15705128205128208 135.8653846153846 45.28846153846154 1.1153846153846154 44.17307692307692 0.8914680000016233
94000 2.1153846153846154 0.00100941196032901 109.96153846153847 0.20673076923076922 135.8653846153846 45.28846153846154 1.1153846153846154 44.17307692307692 0.9064676000125473
96000 2.230769230769231 0.0010380593768358833 109.34615384615384 0.1875 135.8653846153846 45.28846153846154 1.1153846153846154 44.17307692307692 0.9488282000093022
98000 10.461538461538462 0.004306993440305867 102.40384615384616 0.28205128205128205 135.8653846153846 45.28846153846154 1.1153846153846154 44.17307692307692 0.9533244999911403
100000 12.038461538461538 0.005115469174338997 99.96153846153847 0.28846153846153844 135.8653846153846 45.28846153846154 1.1153846153846154 44.17307692307692 0.8664320000098087
102000 13.884615384615385 0.005825980686873761 97.92307692307692 0.3253205128205128 135.8653846153846 45.28846153846154 1.1153846153846154 44.17307692307692 0.8896993000089424
104000 14.076923076923077 0.005725307027618389 98.4423076923077 0.2900641025641026 135.8653846153846 45.28846153846154 1.1153846153846154 44.17307692307692 0.9744454000028782
106000 15.01923076923077 0.005958442286892868 97.4423076923077 0.31089743589743585 135.8653846153846 45.28846153846154 1.1153846153846154 44.17307692307692 0.965566899991245
108000 15.903846153846153 0.006556919719514583 96.9423076923077 0.3477564102564103 135.8653846153846 45.28846153846154 1.1153846153846154 44.17307692307692 0.8932390999980271
110000 15.423076923076923 0.006335860340538664 98.3076923076923 0.29006410256410253 135.8653846153846 45.28846153846154 1.1153846153846154 44.17307692307692 0.9015445999975782
112000 16.75 0.006739869668097271 97.23076923076923 0.3493589743589744 135.8653846153846 45.28846153846154 1.1153846153846154 44.17307692307692 0.9225000000005821
114000 17.28846153846154 0.006875813405990982 95.92307692307692 0.3621794871794872 135.8653846153846 45.28846153846154 1.1153846153846154 44.17307692307692 0.9088415000005625
116000 16.923076923076923 0.006737788516251639 96.28846153846153 0.3621794871794872 135.8653846153846 45.28846153846154 1.1153846153846154 44.17307692307692 1.0253865999984555
118000 19.057692307692307 0.007411055941551305 94.3076923076923 0.373397435897436 135.8653846153846 45.28846153846154 1.1153846153846154 44.17307692307692 0.8924005000008037
120000 18.846153846153847 0.007353318725743136 94.57692307692308 0.36858974358974367 135.8653846153846 45.28846153846154 1.1153846153846154 44.17307692307692 0.9230107000039425
122000 20.28846153846154 0.00786251014621574 93.23076923076923 0.3862179487179487 135.8653846153846 45.28846153846154 1.1153846153846154 44.17307692307692 1.0060462999972515
124000 20.096153846153847 0.007775612866752929 93.36538461538461 0.3862179487179487 135.8653846153846 45.28846153846154 1.1153846153846154 44.17307692307692 0.9718623999942793
126000 19.96153846153846 0.007624839246845359 93.63461538461539 0.3798076923076923 135.8653846153846 45.28846153846154 1.1153846153846154 44.17307692307692 0.9817015000007814
128000 19.615384615384617 0.007464413924751367 94.0 0.3798076923076923 135.8653846153846 45.28846153846154 1.1153846153846154 44.17307692307692 0.8921860999980709
130000 19.076923076923077 0.007327252513186885 94.48076923076923 0.36858974358974367 135.8653846153846 45.28846153846154 1.1153846153846154 44.17307692307692 0.9633544000098482
132000 19.076923076923077 0.0073418234399981195 94.48076923076923 0.36858974358974367 135.8653846153846 45.28846153846154 1.1153846153846154 44.17307692307692 0.9139585999946576
134000 19.115384615384617 0.007408590922489776 94.5 0.373397435897436 135.8653846153846 45.28846153846154 1.1538461538461537 44.13461538461539 1.0435721999965608
136000 19.576923076923077 0.007511992668143832 94.25 0.375 135.8653846153846 45.28846153846154 1.1153846153846154 44.17307692307692 0.9243779000098584
138000 19.576923076923077 0.007511992668143832 94.25 0.375 135.8653846153846 45.28846153846154 1.1153846153846154 44.17307692307692 0.9943590999901062
140000 19.576923076923077 0.007447442142323471 94.25 0.375 135.8653846153846 45.28846153846154 1.1153846153846154 44.17307692307692 1.0082371000025887
142000 19.51923076923077 0.0074304320535682495 94.48076923076923 0.3798076923076923 135.8653846153846 45.28846153846154 1.1153846153846154 44.17307692307692 0.917113799994695
144000 19.596153846153847 0.007451469919647824 94.11538461538461 0.3798076923076923 135.8653846153846 45.28846153846154 1.1153846153846154 44.17307692307692 0.95677330000035
146000 19.576923076923077 0.00744337132427396 94.25 0.375 135.8653846153846 45.28846153846154 1.1153846153846154 44.17307692307692 0.9511961999960477
148000 19.596153846153847 0.007505102161252671 94.0 0.3894230769230769 135.8653846153846 45.28846153846154 1.1153846153846154 44.17307692307692 0.9698999999964144
150000 19.807692307692307 0.007368330153794381 93.48076923076923 0.38461538461538464 135.8653846153846 45.28846153846154 1.1153846153846154 44.17307692307692 0.9291269000095781
152000 22.807692307692307 0.008816299759776474 91.0576923076923 0.42948717948717946 135.8653846153846 45.28846153846154 1.1153846153846154 44.17307692307692 1.0020005999977002
154000 30.692307692307693 0.01302966135137859 84.53846153846153 0.45192307692307687 135.8653846153846 45.28846153846154 1.1153846153846154 44.17307692307692 0.9400402000028407
156000 30.46153846153846 0.012939405339779414 84.13461538461539 0.46794871794871795 135.8653846153846 45.28846153846154 1.1153846153846154 44.17307692307692 0.8844147000054363
158000 29.76923076923077 0.012545408783151165 84.1923076923077 0.4487179487179487 135.8653846153846 45.28846153846154 1.1153846153846154 44.17307692307692 1.1206135999964317
160000 30.134615384615383 0.013044487991107096 83.90384615384616 0.4551282051282052 135.8653846153846 45.28846153846154 1.1153846153846154 44.17307692307692 0.9513732000050368
162000 31.153846153846153 0.01336180701379767 83.61538461538461 0.4551282051282052 135.8653846153846 45.28846153846154 1.1153846153846154 44.17307692307692 0.95206060000055
164000 31.153846153846153 0.01336180701379767 83.61538461538461 0.4551282051282052 135.8653846153846 45.28846153846154 1.1153846153846154 44.17307692307692 0.9688893999991706
166000 31.153846153846153 0.01336180701379767 83.61538461538461 0.4551282051282052 135.8653846153846 45.28846153846154 1.1153846153846154 44.17307692307692 0.8936910000047646
168000 31.153846153846153 0.01336180701379767 83.61538461538461 0.4551282051282052 135.8653846153846 45.28846153846154 1.1153846153846154 44.17307692307692 0.9402426000015112
170000 30.903846153846153 0.013244895250400377 83.59615384615384 0.4487179487179487 135.8653846153846 45.28846153846154 1.1153846153846154 44.17307692307692 0.9789333999942755
172000 30.903846153846153 0.013244895250400377 83.59615384615384 0.4487179487179487 135.8653846153846 45.28846153846154 1.1153846153846154 44.17307692307692 0.9842666999902576
174000 31.153846153846153 0.01336180701379767 83.61538461538461 0.4551282051282052 135.8653846153846 45.28846153846154 1.1153846153846154 44.17307692307692 0.9839266000053613
176000 31.346153846153847 0.013480882329394745 83.57692307692308 0.4551282051282052 135.8653846153846 45.28846153846154 1.1153846153846154 44.17307692307692 0.9448403999995207
178000 31.557692307692307 0.013545196014210377 83.5576923076923 0.4551282051282052 135.8653846153846 45.28846153846154 1.1153846153846154 44.17307692307692 0.9438288999954239
180000 31.557692307692307 0.013545196014210377 83.5576923076923 0.4551282051282052 135.8653846153846 45.28846153846154 1.1153846153846154 44.17307692307692 0.9340488000016194
182000 31.76923076923077 0.013674305819835161 83.46153846153847 0.4487179487179487 135.8653846153846 45.28846153846154 1.1153846153846154 44.17307692307692 0.8886906999978237
184000 32.09615384615385 0.014027505211186548 83.38461538461539 0.4487179487179487 135.8653846153846 45.28846153846154 1.1153846153846154 44.17307692307692 1.0014133999939077
186000 32.36538461538461 0.01421276593739073 83.34615384615384 0.4487179487179487 135.8653846153846 45.28846153846154 1.1153846153846154 44.17307692307692 0.9604610000096727
188000 32.65384615384615 0.014326451882082342 83.28846153846153 0.4487179487179487 135.8653846153846 45.28846153846154 1.1153846153846154 44.17307692307692 0.9720775000023423
190000 36.26923076923077 0.016471140611119456 82.86538461538461 0.4487179487179487 135.8653846153846 45.28846153846154 1.1153846153846154 44.17307692307692 0.9377362000086578
192000 36.96153846153846 0.01678036935473213 82.86538461538461 0.4551282051282052 135.8653846153846 45.28846153846154 1.1153846153846154 44.17307692307692 0.9305655999924056
194000 37.40384615384615 0.01703320682088544 82.90384615384616 0.4807692307692308 135.8653846153846 45.28846153846154 1.1153846153846154 44.17307692307692 0.9161276999948313
196000 37.40384615384615 0.01703320682088544 82.90384615384616 0.4807692307692308 135.8653846153846 45.28846153846154 1.1153846153846154 44.17307692307692 1.0043020999873988
198000 37.23076923076923 0.016958522196300483 82.90384615384616 0.4807692307692308 135.8653846153846 45.28846153846154 1.1153846153846154 44.17307692307692 0.94698470000003
200000 37.07692307692308 0.016818990918365882 82.90384615384616 0.4807692307692308 135.8653846153846 45.28846153846154 1.1153846153846154 44.17307692307692 1.023260299989488
202000 37.5 0.01702941285009045 82.86538461538461 0.4807692307692308 135.8653846153846 45.28846153846154 1.1153846153846154 44.17307692307692 0.957883099996252
204000 37.65384615384615 0.017168944128025054 82.86538461538461 0.4807692307692308 135.8653846153846 45.28846153846154 1.1153846153846154 44.17307692307692 0.8892398000025423
206000 38.75 0.01758403406542238 82.82692307692308 0.49038461538461536 135.8653846153846 45.28846153846154 1.1153846153846154 44.17307692307692 0.9500305000110529
208000 38.57692307692308 0.017661766361465495 82.86538461538461 0.49038461538461536 135.8653846153846 45.28846153846154 1.1153846153846154 44.17307692307692 1.0513226999901235
210000 38.80769230769231 0.01777244979522336 82.88461538461539 0.49038461538461536 135.8653846153846 45.28846153846154 1.1153846153846154 44.17307692307692 0.9022383999981685
212000 38.57692307692308 0.017775623763949106 82.86538461538461 0.49038461538461536 135.8653846153846 45.28846153846154 1.1153846153846154 44.17307692307692 0.9575698000116972
214000 38.53846153846154 0.017591913423774117 82.86538461538461 0.49038461538461536 135.8653846153846 45.28846153846154 1.1153846153846154 44.17307692307692 0.9833037999924272
216000 38.53846153846154 0.017591913423774117 82.86538461538461 0.49038461538461536 135.8653846153846 45.28846153846154 1.1153846153846154 44.17307692307692 0.9464906999928644
218000 38.59615384615385 0.0176148421910474 82.86538461538461 0.49038461538461536 135.8653846153846 45.28846153846154 1.1153846153846154 44.17307692307692 1.0590535000083037
220000 38.59615384615385 0.017534659064937674 82.84615384615384 0.49038461538461536 135.8653846153846 45.28846153846154 1.1153846153846154 44.17307692307692 0.8896682999911718
222000 38.84615384615385 0.017653331452501666 82.8076923076923 0.49038461538461536 135.8653846153846 45.28846153846154 1.1153846153846154 44.17307692307692 1.0014359000051627
224000 38.32692307692308 0.01740140421196613 82.82692307692308 0.4807692307692308 135.8653846153846 45.28846153846154 1.1153846153846154 44.17307692307692 0.9870269000093685
226000 38.75 0.01769840078143152 82.82692307692308 0.49038461538461536 135.8653846153846 45.28846153846154 1.1153846153846154 44.17307692307692 0.9067999999970198
228000 39.34615384615385 0.018330615446753372 82.5576923076923 0.49038461538461536 135.8653846153846 45.28846153846154 1.1153846153846154 44.17307692307692 1.0249601999967126
230000 38.84615384615385 0.017669117928061997 82.8076923076923 0.49038461538461536 135.8653846153846 45.28846153846154 1.1153846153846154 44.17307692307692 0.970372200012207
232000 39.86538461538461 0.018489061957174667 82.4423076923077 0.5096153846153846 135.8653846153846 45.28846153846154 1.1153846153846154 44.17307692307692 0.9095613000099547
234000 39.80769230769231 0.018660605713785364 82.26923076923077 0.5 135.8653846153846 45.28846153846154 1.1153846153846154 44.17307692307692 0.9442536999995355
236000 40.61538461538461 0.019085487325251876 81.90384615384616 0.5 135.8653846153846 45.28846153846154 1.1346153846153846 44.15384615384615 1.0002485000004526
238000 41.5 0.019494649060712375 81.73076923076923 0.5016025641025641 135.8653846153846 45.28846153846154 1.1346153846153846 44.15384615384615 0.954794099990977
240000 42.86538461538461 0.020062001082029806 81.13461538461539 0.49679487179487175 135.8653846153846 45.28846153846154 1.2115384615384615 44.07692307692308 1.0276577999902656
242000 44.40384615384615 0.020697734910051106 80.57692307692308 0.49038461538461536 135.8653846153846 45.28846153846154 1.2115384615384615 44.07692307692308 0.9403774000093108
244000 44.44230769230769 0.020770373580446286 80.48076923076923 0.49038461538461536 135.8653846153846 45.28846153846154 1.2115384615384615 44.07692307692308 0.8936549000063678
246000 44.46153846153846 0.020821252944924793 80.48076923076923 0.49679487179487175 135.8653846153846 45.28846153846154 1.2884615384615385 44.0 0.9695368999964558
248000 44.65384615384615 0.021204654113846682 80.48076923076923 0.49839743589743585 135.8653846153846 45.28846153846154 1.2692307692307692 44.01923076923077 0.9463088999909814
250000 44.73076923076923 0.021276643457172853 80.48076923076923 0.5032051282051282 135.8653846153846 45.28846153846154 1.3461538461538463 43.94230769230769 0.9574872000084724
252000 47.05769230769231 0.02227358034108073 80.59615384615384 0.516025641025641 135.8653846153846 45.28846153846154 1.4038461538461537 43.88461538461539 0.917733499998576
254000 47.46153846153846 0.02239786769062769 80.5576923076923 0.516025641025641 135.8653846153846 45.28846153846154 1.4423076923076923 43.84615384615385 1.0884525000001304
256000 47.57692307692308 0.022352213512118697 80.53846153846153 0.516025641025641 135.8653846153846 45.28846153846154 1.4807692307692308 43.80769230769231 0.9889304999960586
258000 47.69230769230769 0.02235810155993282 80.4423076923077 0.516025641025641 135.8653846153846 45.28846153846154 1.4038461538461537 43.88461538461539 0.9581820999883348
260000 47.80769230769231 0.022399505535739946 80.42307692307692 0.516025641025641 135.8653846153846 45.28846153846154 1.4423076923076923 43.84615384615385 0.9211656999978004
262000 47.03846153846154 0.022093456476419825 80.46153846153847 0.5096153846153846 135.8653846153846 45.28846153846154 1.4038461538461537 43.88461538461539 0.9302723000000697
264000 48.01923076923077 0.022605001393997366 80.42307692307692 0.516025641025641 135.8653846153846 45.28846153846154 1.4423076923076923 43.84615384615385 0.9143562999961432
266000 46.82692307692308 0.021778366365447128 80.42307692307692 0.5096153846153846 135.8653846153846 45.28846153846154 1.4038461538461537 43.88461538461539 0.9415077000012388
268000 46.90384615384615 0.02217089889490098 80.26923076923077 0.5096153846153846 135.8653846153846 45.28846153846154 1.3846153846153846 43.90384615384615 0.9819034000101965
270000 46.90384615384615 0.022033630897516438 80.26923076923077 0.5096153846153846 135.8653846153846 45.28846153846154 1.3846153846153846 43.90384615384615 0.9914333000051556
272000 47.88461538461539 0.022545175815093983 80.23076923076923 0.516025641025641 135.8653846153846 45.28846153846154 1.4230769230769231 43.86538461538461 0.8863128999946639
274000 47.88461538461539 0.022458117660777863 80.23076923076923 0.516025641025641 135.8653846153846 45.28846153846154 1.4230769230769231 43.86538461538461 0.9389986000023782
276000 48.40384615384615 0.022296571284064846 80.15384615384616 0.5288461538461537 135.8653846153846 45.28846153846154 1.3846153846153846 43.90384615384615 0.9982608999998774
278000 48.69230769230769 0.02261609391302278 80.11538461538461 0.5192307692307692 135.8653846153846 45.28846153846154 1.3846153846153846 43.90384615384615 0.9902359999978216
280000 48.82692307692308 0.022665540561261823 80.13461538461539 0.5288461538461537 135.8653846153846 45.28846153846154 1.3653846153846154 43.92307692307692 0.9456806000089273
282000 48.82692307692308 0.022665540561261823 80.13461538461539 0.5288461538461537 135.8653846153846 45.28846153846154 1.3653846153846154 43.92307692307692 0.8577421999943908
284000 48.61538461538461 0.02264915415508942 80.1923076923077 0.5352564102564101 135.8653846153846 45.28846153846154 1.3461538461538463 43.94230769230769 1.0259126000019023
286000 49.5 0.022884299849828045 80.25 0.5352564102564101 135.8653846153846 45.28846153846154 1.2692307692307692 44.01923076923077 0.9432295999868074
288000 48.94230769230769 0.022744097452785113 80.17307692307692 0.5256410256410255 135.8653846153846 45.28846153846154 1.3461538461538463 43.94230769230769 0.9732223000028171
290000 49.19230769230769 0.022787370055170706 80.07692307692308 0.5192307692307692 135.8653846153846 45.28846153846154 1.3846153846153846 43.90384615384615 0.8937884000042686
292000 49.86538461538461 0.023006129343736928 80.1923076923077 0.5256410256410255 135.8653846153846 45.28846153846154 1.2884615384615385 44.0 0.9768095000035828
294000 49.86538461538461 0.023006129343736928 80.1923076923077 0.5256410256410255 135.8653846153846 45.28846153846154 1.2884615384615385 44.0 0.9562958000024082
296000 49.86538461538461 0.023006129343736928 80.1923076923077 0.5256410256410255 135.8653846153846 45.28846153846154 1.2884615384615385 44.0 0.9085391999979038
298000 49.86538461538461 0.023006129343736928 80.1923076923077 0.5256410256410255 135.8653846153846 45.28846153846154 1.2884615384615385 44.0 0.9553630000009434
300000 49.73076923076923 0.022806229988765955 80.25 0.5256410256410255 135.8653846153846 45.28846153846154 1.3076923076923077 43.98076923076923 0.9760850000020582
302000 47.92307692307692 0.021996704299608563 80.96153846153847 0.5304487179487178 135.8653846153846 45.28846153846154 1.5192307692307692 43.76923076923077 0.9393651999998838
304000 48.03846153846154 0.022060841337969143 80.92307692307692 0.5256410256410255 135.8653846153846 45.28846153846154 1.5 43.78846153846154 1.0312102000025334
306000 48.51923076923077 0.022370662248905663 80.61538461538461 0.516025641025641 135.8653846153846 45.28846153846154 1.4230769230769231 43.86538461538461 0.9307972000096925
308000 49.84615384615385 0.022867425474418907 80.32692307692308 0.5256410256410255 135.8653846153846 45.28846153846154 1.3461538461538463 43.94230769230769 0.9693549000076018
310000 49.36538461538461 0.022684400494857072 80.3076923076923 0.5352564102564101 135.8653846153846 45.28846153846154 1.2884615384615385 44.0 0.9429392000020016
312000 47.88461538461539 0.02218043536777191 80.96153846153847 0.5256410256410255 135.8653846153846 45.28846153846154 1.5 43.78846153846154 0.938903099988238
314000 49.17307692307692 0.02269457642147847 80.48076923076923 0.516025641025641 135.8653846153846 45.28846153846154 1.3269230769230769 43.96153846153846 1.038218899993808
316000 48.73076923076923 0.022400884128517498 80.61538461538461 0.516025641025641 135.8653846153846 45.28846153846154 1.3461538461538463 43.94230769230769 0.9871658999909414
318000 49.57692307692308 0.023118007597583718 80.34615384615384 0.5352564102564101 135.8653846153846 45.28846153846154 1.2692307692307692 44.01923076923077 1.0541142000001855
320000 49.46153846153846 0.023056740697195714 80.32692307692308 0.5352564102564101 135.8653846153846 45.28846153846154 1.25 44.03846153846154 1.022400199988624
322000 49.5 0.023108802238393615 80.34615384615384 0.5352564102564101 135.8653846153846 45.28846153846154 1.25 44.03846153846154 0.9480362999893259
324000 49.84615384615385 0.02362379170433728 80.32692307692308 0.5352564102564101 135.8653846153846 45.28846153846154 1.2307692307692308 44.05769230769231 1.1428787000040757
326000 49.5 0.023108802238393615 80.34615384615384 0.5352564102564101 135.8653846153846 45.28846153846154 1.25 44.03846153846154 1.0125839999964228
328000 48.96153846153846 0.02335356229868768 80.38461538461539 0.5400641025641024 135.8653846153846 45.28846153846154 1.2115384615384615 44.07692307692308 0.9650446000014199
330000 48.96153846153846 0.023323692842417962 80.38461538461539 0.5400641025641024 135.8653846153846 45.28846153846154 1.2115384615384615 44.07692307692308 0.9234588999970583
332000 49.5 0.022991874627807777 80.34615384615384 0.5352564102564101 135.8653846153846 45.28846153846154 1.25 44.03846153846154 0.9519820999994408
334000 49.55769230769231 0.023092801837095497 80.34615384615384 0.5352564102564101 135.8653846153846 45.28846153846154 1.2692307692307692 44.01923076923077 1.01893679999921
336000 49.90384615384615 0.023607791303039163 80.32692307692308 0.5352564102564101 135.8653846153846 45.28846153846154 1.25 44.03846153846154 0.9166152000107104
338000 48.32692307692308 0.022348601870477255 80.71153846153847 0.5256410256410255 135.8653846153846 45.28846153846154 1.4038461538461537 43.88461538461539 0.97711830001208
340000 49.21153846153846 0.022860198298734993 80.5 0.516025641025641 135.8653846153846 45.28846153846154 1.3269230769230769 43.96153846153846 1.005055400004494
342000 49.40384615384615 0.022706592579785252 80.32692307692308 0.5352564102564101 135.8653846153846 45.28846153846154 1.2884615384615385 44.0 0.9143645000003744
344000 49.40384615384615 0.022706592579785252 80.32692307692308 0.5352564102564101 135.8653846153846 45.28846153846154 1.2884615384615385 44.0 0.9576470000029076
346000 49.51923076923077 0.023024330603328185 80.36538461538461 0.5352564102564101 135.8653846153846 45.28846153846154 1.2692307692307692 44.01923076923077 0.948512999995728
348000 49.51923076923077 0.023024330603328185 80.36538461538461 0.5352564102564101 135.8653846153846 45.28846153846154 1.2692307692307692 44.01923076923077 0.9541105000098469
350000 49.51923076923077 0.023024330603328185 80.36538461538461 0.5352564102564101 135.8653846153846 45.28846153846154 1.2692307692307692 44.01923076923077 0.9839640999998664
352000 49.51923076923077 0.023024330603328185 80.36538461538461 0.5352564102564101 135.8653846153846 45.28846153846154 1.2692307692307692 44.01923076923077 1.040592099991045
354000 49.55769230769231 0.02301789771916028 80.34615384615384 0.5352564102564101 135.8653846153846 45.28846153846154 1.2692307692307692 44.01923076923077 0.952118100001826
356000 49.90384615384615 0.023607791303039163 80.32692307692308 0.5352564102564101 135.8653846153846 45.28846153846154 1.25 44.03846153846154 1.059122100006789
358000 49.69230769230769 0.023576411753413982 80.32692307692308 0.5352564102564101 135.8653846153846 45.28846153846154 1.25 44.03846153846154 0.9359337000059895
360000 49.69230769230769 0.023576411753413982 80.32692307692308 0.5352564102564101 135.8653846153846 45.28846153846154 1.25 44.03846153846154 0.9480975000042235
362000 49.53846153846154 0.02332147825205117 80.3076923076923 0.5352564102564101 135.8653846153846 45.28846153846154 1.2692307692307692 44.01923076923077 1.0421960999956354
364000 49.53846153846154 0.023049921727084564 80.26923076923077 0.5352564102564101 135.8653846153846 45.28846153846154 1.2692307692307692 44.01923076923077 0.9388898000033805
366000 49.53846153846154 0.023124825845019778 80.26923076923077 0.5352564102564101 135.8653846153846 45.28846153846154 1.2692307692307692 44.01923076923077 0.9468415000010282
368000 49.53846153846154 0.02332147825205117 80.3076923076923 0.5352564102564101 135.8653846153846 45.28846153846154 1.2692307692307692 44.01923076923077 0.9838432999968063
370000 49.53846153846154 0.02332147825205117 80.3076923076923 0.5352564102564101 135.8653846153846 45.28846153846154 1.2692307692307692 44.01923076923077 1.1373620000085793
372000 49.53846153846154 0.02332147825205117 80.3076923076923 0.5352564102564101 135.8653846153846 45.28846153846154 1.2692307692307692 44.01923076923077 1.0430861999921035
374000 48.15384615384615 0.022515663097484834 80.67307692307692 0.5288461538461537 135.8653846153846 45.28846153846154 1.2884615384615385 44.0 1.0521687000000384
376000 49.28846153846154 0.02290929193821508 80.25 0.5352564102564101 135.8653846153846 45.28846153846154 1.2692307692307692 44.01923076923077 0.9718141999910586
378000 49.28846153846154 0.02290929193821508 80.25 0.5352564102564101 135.8653846153846 45.28846153846154 1.2692307692307692 44.01923076923077 1.0504248999932315
380000 49.53846153846154 0.023124825845019778 80.26923076923077 0.5352564102564101 135.8653846153846 45.28846153846154 1.2692307692307692 44.01923076923077 1.0600279000063892
382000 49.57692307692308 0.023151712041232966 80.23076923076923 0.5352564102564101 135.8653846153846 45.28846153846154 1.2884615384615385 44.0 1.142009400005918
384000 48.88461538461539 0.022950325567681056 80.25 0.5400641025641024 135.8653846153846 45.28846153846154 1.2884615384615385 44.0 1.0200504999957047
386000 49.0 0.02310763299212881 80.1923076923077 0.5352564102564101 135.8653846153846 45.28846153846154 1.3269230769230769 43.96153846153846 1.0569335000036517
388000 48.96153846153846 0.023166337266572953 80.17307692307692 0.5352564102564101 135.8653846153846 45.28846153846154 1.3269230769230769 43.96153846153846 1.0426488999946741
390000 49.21153846153846 0.02334837488290329 80.17307692307692 0.5352564102564101 135.8653846153846 45.28846153846154 1.3269230769230769 43.96153846153846 1.041848900000332
392000 49.21153846153846 0.023273470764968072 80.17307692307692 0.5352564102564101 135.8653846153846 45.28846153846154 1.3269230769230769 43.96153846153846 1.0594086999917636
394000 49.17307692307692 0.023251278680039886 80.15384615384616 0.5352564102564101 135.8653846153846 45.28846153846154 1.3269230769230769 43.96153846153846 1.0081745000061346
396000 49.21153846153846 0.02334837488290329 80.17307692307692 0.5352564102564101 135.8653846153846 45.28846153846154 1.3269230769230769 43.96153846153846 1.042893499994534
398000 49.17307692307692 0.023326182797975104 80.15384615384616 0.5352564102564101 135.8653846153846 45.28846153846154 1.3269230769230769 43.96153846153846 1.1899132000107784
400000 48.26923076923077 0.023093907923351017 80.32692307692308 0.5352564102564101 135.8653846153846 45.28846153846154 1.3269230769230769 43.96153846153846 1.0664850000030128
402000 49.0 0.02326542011887421 80.1923076923077 0.5352564102564101 135.8653846153846 45.28846153846154 1.3269230769230769 43.96153846153846 0.9912483999942197
404000 48.86538461538461 0.023263476209340054 80.1923076923077 0.5352564102564101 135.8653846153846 45.28846153846154 1.3653846153846154 43.92307692307692 0.9993377000064356
406000 48.98076923076923 0.02329686091629607 80.17307692307692 0.5352564102564101 135.8653846153846 45.28846153846154 1.3461538461538463 43.94230769230769 1.024431799989543
408000 48.40384615384615 0.022968092708495313 80.21153846153847 0.5352564102564101 135.8653846153846 45.28846153846154 1.3846153846153846 43.90384615384615 1.0340771000046516
410000 48.40384615384615 0.022974254503439102 80.21153846153847 0.5352564102564101 135.8653846153846 45.28846153846154 1.3846153846153846 43.90384615384615 1.0249232999922242
412000 48.40384615384615 0.022974254503439102 80.21153846153847 0.5352564102564101 135.8653846153846 45.28846153846154 1.3846153846153846 43.90384615384615 0.977826800008188
414000 48.61538461538461 0.02328318281946801 80.25 0.5352564102564101 135.8653846153846 45.28846153846154 1.3846153846153846 43.90384615384615 1.0688041999965208
416000 49.07692307692308 0.023414617398623553 80.23076923076923 0.5352564102564101 135.8653846153846 45.28846153846154 1.3653846153846154 43.92307692307692 1.086797399999341
418000 49.07692307692308 0.023420779193567345 80.23076923076923 0.5352564102564101 135.8653846153846 45.28846153846154 1.3653846153846154 43.92307692307692 1.038862400004291
420000 48.86538461538461 0.023105689082594652 80.1923076923077 0.5352564102564101 135.8653846153846 45.28846153846154 1.3653846153846154 43.92307692307692 1.0475044999911916
422000 49.07692307692308 0.023420779193567345 80.23076923076923 0.5352564102564101 135.8653846153846 45.28846153846154 1.3653846153846154 43.92307692307692 1.0164291000110097
424000 48.51923076923077 0.0231565010287493 80.3076923076923 0.516025641025641 135.8653846153846 45.28846153846154 1.4038461538461537 43.88461538461539 1.1647652999963611
426000 48.15384615384615 0.023076481896201914 80.32692307692308 0.516025641025641 135.8653846153846 45.28846153846154 1.4615384615384615 43.82692307692308 1.064372299995739
428000 48.15384615384615 0.023076481896201914 80.32692307692308 0.516025641025641 135.8653846153846 45.28846153846154 1.4615384615384615 43.82692307692308 1.0026965999859385
430000 48.15384615384615 0.023070320101258125 80.32692307692308 0.516025641025641 135.8653846153846 45.28846153846154 1.4615384615384615 43.82692307692308 1.0262895000050776
432000 48.30769230769231 0.023238195448304817 80.34615384615384 0.516025641025641 135.8653846153846 45.28846153846154 1.4423076923076923 43.84615384615385 0.9728857999871252
434000 48.03846153846154 0.02300202807632068 80.34615384615384 0.516025641025641 135.8653846153846 45.28846153846154 1.4807692307692308 43.80769230769231 1.01705189999484
436000 48.15384615384615 0.02296097144535135 80.38461538461539 0.516025641025641 135.8653846153846 45.28846153846154 1.5192307692307692 43.76923076923077 0.9922030999878189
438000 48.07692307692308 0.022769207505707934 80.40384615384616 0.516025641025641 135.8653846153846 45.28846153846154 1.5 43.78846153846154 0.9766840999945998
440000 48.23076923076923 0.022970049198966478 80.40384615384616 0.516025641025641 135.8653846153846 45.28846153846154 1.5576923076923077 43.73076923076923 1.0676131999935023
442000 48.28846153846154 0.022992644164115447 80.38461538461539 0.516025641025641 135.8653846153846 45.28846153846154 1.5576923076923077 43.73076923076923 1.1044804000121076
444000 48.26923076923077 0.022849909459070814 80.48076923076923 0.516025641025641 135.8653846153846 45.28846153846154 1.6153846153846154 43.67307692307692 1.0680937000142876
446000 48.28846153846154 0.022998805959059235 80.38461538461539 0.516025641025641 135.8653846153846 45.28846153846154 1.5576923076923077 43.73076923076923 1.0312628999963636
448000 48.13461538461539 0.022791802470856902 80.38461538461539 0.516025641025641 135.8653846153846 45.28846153846154 1.5 43.78846153846154 0.9985089999972843
450000 48.21153846153846 0.022877770991845108 80.40384615384616 0.516025641025641 135.8653846153846 45.28846153846154 1.5384615384615385 43.75 0.9524519999977201
452000 48.21153846153846 0.022877770991845108 80.40384615384616 0.516025641025641 135.8653846153846 45.28846153846154 1.5384615384615385 43.75 1.0344059999915771
454000 48.21153846153846 0.022877770991845108 80.40384615384616 0.516025641025641 135.8653846153846 45.28846153846154 1.5384615384615385 43.75 1.0569510999921476
456000 48.61538461538461 0.02299277240079547 80.40384615384616 0.516025641025641 135.8653846153846 45.28846153846154 1.5192307692307692 43.76923076923077 1.1397331999905873
458000 48.71153846153846 0.02303914954775752 80.4423076923077 0.516025641025641 135.8653846153846 45.28846153846154 1.5576923076923077 43.73076923076923 1.0249393999984022
460000 48.61538461538461 0.02299277240079547 80.40384615384616 0.516025641025641 135.8653846153846 45.28846153846154 1.5192307692307692 43.76923076923077 0.9346416000043973
462000 48.71153846153846 0.02303914954775752 80.4423076923077 0.516025641025641 135.8653846153846 45.28846153846154 1.5576923076923077 43.73076923076923 0.8725998000008985
464000 48.67307692307692 0.022958749073077385 80.48076923076923 0.516025641025641 135.8653846153846 45.28846153846154 1.5961538461538463 43.69230769230769 0.92431060000672
466000 48.67307692307692 0.022958749073077385 80.48076923076923 0.516025641025641 135.8653846153846 45.28846153846154 1.5961538461538463 43.69230769230769 0.9206716000044253
468000 48.71153846153846 0.02303914954775752 80.4423076923077 0.516025641025641 135.8653846153846 45.28846153846154 1.5576923076923077 43.73076923076923 0.7435625999933109
470000 48.67307692307692 0.022958749073077385 80.48076923076923 0.516025641025641 135.8653846153846 45.28846153846154 1.5961538461538463 43.69230769230769 0.7235253999970155
472000 48.71153846153846 0.02303914954775752 80.4423076923077 0.516025641025641 135.8653846153846 45.28846153846154 1.5576923076923077 43.73076923076923 0.5931096999993315
474000 48.71153846153846 0.02303914954775752 80.4423076923077 0.516025641025641 135.8653846153846 45.28846153846154 1.5576923076923077 43.73076923076923 0.7000173999986146
476000 48.71153846153846 0.02303914954775752 80.4423076923077 0.516025641025641 135.8653846153846 45.28846153846154 1.5576923076923077 43.73076923076923 0.6530227000039304
478000 48.67307692307692 0.022958749073077385 80.48076923076923 0.516025641025641 135.8653846153846 45.28846153846154 1.5961538461538463 43.69230769230769 0.8066904000006616
480000 48.67307692307692 0.022959443472659637 80.48076923076923 0.516025641025641 135.8653846153846 45.28846153846154 1.6346153846153846 43.65384615384615 0.5506238999951165
482000 48.57692307692308 0.022631488919610792 80.5 0.516025641025641 135.8653846153846 45.28846153846154 1.5961538461538463 43.69230769230769 0.6880077999958303
484000 48.57692307692308 0.02263218331919304 80.5 0.516025641025641 135.8653846153846 45.28846153846154 1.6346153846153846 43.65384615384615 0.5821833000081824
486000 48.57692307692308 0.02263218331919304 80.5 0.516025641025641 135.8653846153846 45.28846153846154 1.6346153846153846 43.65384615384615 0.6257496000034735
488000 48.67307692307692 0.022959443472659637 80.48076923076923 0.516025641025641 135.8653846153846 45.28846153846154 1.6346153846153846 43.65384615384615 0.5731987000035588
490000 48.67307692307692 0.022959443472659637 80.48076923076923 0.516025641025641 135.8653846153846 45.28846153846154 1.6346153846153846 43.65384615384615 0.5784034999960568
492000 48.15384615384615 0.02281677684056497 80.51923076923077 0.5256410256410255 135.8653846153846 45.28846153846154 1.6730769230769231 43.61538461538461 0.5702601000084542
494000 48.05769230769231 0.022414612569163158 80.53846153846153 0.5256410256410255 135.8653846153846 45.28846153846154 1.6730769230769231 43.61538461538461 0.621970499996678
496000 48.0 0.02239201760401419 80.5576923076923 0.5256410256410255 135.8653846153846 45.28846153846154 1.6730769230769231 43.61538461538461 0.5564486999937799
498000 48.09615384615385 0.022794181875416 80.53846153846153 0.5256410256410255 135.8653846153846 45.28846153846154 1.6730769230769231 43.61538461538461 0.5466031999967527
500000 48.44230769230769 0.023309171341359663 80.51923076923077 0.5256410256410255 135.8653846153846 45.28846153846154 1.6538461538461537 43.63461538461539 0.562118100002408
