2000 0.07692307692307693 -0.6538163446546746 39.46805992307692 0.04807692307692308 45.286538461538456 45.30769230769231 0.0 45.30769230769231 0.5451506001409143
4000 0.11538461538461539 -0.34609292371947387 39.0074805 0.07051282051282051 45.286538461538456 45.30769230769231 0.0 45.30769230769231 0.5541038999799639
6000 0.07692307692307693 -0.7499926059934842 39.54245115384616 0.07371794871794872 45.286538461538456 45.30769230769231 0.0 45.30769230769231 0.5343331000767648
8000 0.11538461538461539 -0.36531542177049575 39.129595884615384 0.04967948717948718 45.286538461538456 45.30769230769231 0.0 45.30769230769231 0.5997018998023123
10000 0.07692307692307693 -0.7884562321313516 39.790632980769225 0.0673076923076923 45.286538461538456 45.30769230769231 0.0 45.30769230769231 0.5971649000421166
12000 0.07692307692307693 -0.8076878602604307 39.84207528846154 0.0673076923076923 45.286538461538456 45.30769230769231 0.0 45.30769230769231 0.6363406002055854
14000 0.17307692307692307 -0.6153518790587158 39.15798 0.10096153846153846 45.286538461538456 45.30769230769231 0.0 45.30769230769231 0.7397394999861717
16000 0.1346153846153846 -0.38451659406980504 39.0624805 0.08012820512820513 45.286538461538456 45.30769230769231 0.0 45.30769230769231 0.7815455999225378
18000 0.09615384615384616 -0.3076523710037818 39.01324973076924 0.0673076923076923 45.286538461538456 45.30769230769231 0.0 45.30769230769231 1.047630799934268
20000 0.07692307692307693 -0.13451272332819825 38.80164257692307 0.07692307692307693 45.286538461538456 45.30769230769231 0.0 45.30769230769231 1.3458038999233395
22000 0.09615384615384616 6.350418315984803e-05 38.57761286538461 0.06570512820512821 45.286538461538456 45.30769230769231 0.0 45.30769230769231 1.4175979001447558
24000 0.09615384615384616 -0.09610288900249134 39.06463209615385 0.060897435897435896 45.286538461538456 45.30769230769231 0.0 45.30769230769231 1.2869382998906076
26000 0.09615384615384616 -0.05763884433890439 38.79251671153846 0.0673076923076923 45.286538461538456 45.30769230769231 0.0 45.30769230769231 1.6772661001887172
28000 0.07692307692307693 -0.7692223403894478 39.449767576923094 0.014423076923076924 45.286538461538456 45.30769230769231 0.0 45.30769230769231 1.2348329999949783
30000 0.07692307692307693 -0.32687262842998543 38.51309363461538 0.08974358974358973 45.286538461538456 45.30769230769231 0.0 45.30769230769231 1.2050755999516696
32000 0.11538461538461539 -0.36531922149070123 38.899046423076925 0.06410256410256411 45.286538461538456 45.30769230769231 0.0 45.30769230769231 1.229116200003773
34000 0.07692307692307693 -0.6153725515055879 38.992901326923075 0.04807692307692308 45.286538461538456 45.30769230769231 0.0 45.30769230769231 1.2141995998099446
36000 0.09615384615384616 -0.19226614201697478 38.52708401923077 0.04967948717948718 45.286538461538456 45.30769230769231 0.0 45.30769230769231 1.2161960999947041
38000 0.09615384615384616 -0.19217263079735075 38.255930173076926 0.0625 45.286538461538456 45.30769230769231 0.0 45.30769230769231 1.2427387998905033
40000 0.07692307692307693 -0.3268908270835524 38.928618115384616 0.03365384615384615 45.286538461538456 45.30769230769231 0.0 45.30769230769231 1.3263073000125587
42000 0.07692307692307693 -0.4230530279233039 39.46659888461538 0.020833333333333332 45.286538461538456 45.30769230769231 0.0 45.30769230769231 1.2555142000783235
44000 0.07692307692307693 -0.32689764921460335 39.43750796153846 0.02884615384615384 45.286538461538456 45.30769230769231 0.0 45.30769230769231 1.1908933999948204
46000 0.17307692307692307 0.00012071826682021579 38.05633101923077 0.10897435897435896 45.286538461538456 45.30769230769231 0.0 45.30769230769231 1.262744199950248
48000 0.09615384615384616 3.8468522567867e-05 38.81150273076923 0.07852564102564102 45.286538461538456 45.30769230769231 0.0 45.30769230769231 1.3890848001465201
50000 0.19230769230769232 0.00010184813896123612 38.59914259615384 0.10096153846153846 45.286538461538456 45.30769230769231 0.0 45.30769230769231 1.3761911001056433
52000 0.15384615384615385 6.626693854932375e-05 38.51546563461538 0.08974358974358973 45.286538461538456 45.30769230769231 0.0 45.30769230769231 1.3532583001069725
54000 0.15384615384615385 0.00014415256358349336 38.56738871153846 0.07051282051282051 45.286538461538456 45.30769230769231 0.0 45.30769230769231 1.5003606998361647
56000 0.1346153846153846 5.0068257132376625e-05 38.16789696153847 0.09935897435897435 45.286538461538456 45.30769230769231 0.0 45.30769230769231 1.4729624001774937
58000 0.17307692307692307 0.00010478411982183333 37.012228249999986 0.12019230769230768 45.286538461538456 45.30769230769231 0.0 45.30769230769231 1.754618400009349
60000 0.15384615384615385 -0.26913510849221234 37.451534576923066 0.12499999999999999 45.286538461538456 45.30769230769231 0.0 45.30769230769231 2.03281749994494
62000 0.11538461538461539 0.00018966181405116026 37.93107440384615 0.0625 45.286538461538456 45.30769230769231 0.0 45.30769230769231 1.9419595000799745
64000 0.1346153846153846 2.8598795746026143e-05 37.48722825 0.08653846153846154 45.286538461538456 45.30769230769231 0.0 45.30769230769231 2.102334500057623
66000 0.17307692307692307 7.048033814185764e-05 37.191074403846144 0.07692307692307693 45.286538461538456 45.30769230769231 0.0 45.30769230769231 1.9401537000667304
68000 0.17307692307692307 -0.15373989716461603 37.49453594230769 0.07211538461538461 45.286538461538456 45.30769230769231 0.0 45.30769230769231 1.8189187000971287
70000 0.17307692307692307 -0.15377433650276517 37.49453594230769 0.07211538461538461 45.286538461538456 45.30769230769231 0.0 45.30769230769231 2.064275899901986
72000 0.17307692307692307 -0.1153011057607083 37.75665132692308 0.0673076923076923 45.286538461538456 45.30769230769231 0.0 45.30769230769231 2.1119758000131696
74000 0.19230769230769232 7.721731453641525e-05 37.78203594230769 0.07211538461538461 45.286538461538456 45.30769230769231 0.0 45.30769230769231 2.175345700001344
76000 0.07692307692307693 0.0001398227132432912 38.446642576923075 0.06891025641025642 45.286538461538456 45.30769230769231 0.0 45.30769230769231 2.087333100149408
78000 0.19230769230769232 8.185038272293194e-05 37.13338209615384 0.08173076923076923 45.286538461538456 45.30769230769231 0.0 45.30769230769231 1.9471153998747468
80000 0.19230769230769232 8.374094233631667e-05 37.048766711538455 0.08173076923076923 45.286538461538456 45.30769230769231 0.0 45.30769230769231 2.2980479998514056
82000 0.1346153846153846 4.4750954822626364e-05 37.43674748076923 0.08173076923076923 45.286538461538456 45.30769230769231 0.0 45.30769230769231 2.0866516998503357
84000 0.1346153846153846 -0.019202223527088006 37.5511705576923 0.08173076923076923 45.286538461538456 45.30769230769231 0.0 45.30769230769231 2.0109872000757605
86000 0.1346153846153846 0.0001229303217641109 37.590044192307694 0.07211538461538461 45.286538461538456 45.30769230769231 0.0 45.30769230769231 1.9382164999842644
88000 0.11538461538461539 -0.019167305077035804 37.69360936538462 0.07211538461538461 45.286538461538456 45.30769230769231 0.0 45.30769230769231 1.9788814999628812
90000 0.09615384615384616 -0.1537279301945094 37.94298436538462 0.09615384615384616 45.286538461538456 45.30769230769231 0.0 45.30769230769231 1.8300781000871211
92000 0.09615384615384616 -0.17302262415640046 38.24759975 0.08814102564102565 45.286538461538456 45.30769230769231 0.0 45.30769230769231 2.1699887001886964
94000 0.11538461538461539 -0.13454497631375784 38.89775709615384 0.04006410256410256 45.286538461538456 45.30769230769231 0.0 45.30769230769231 2.063862099777907
96000 0.11538461538461539 -0.057616085706452616 38.6699205576923 0.07532051282051282 45.286538461538456 45.30769230769231 0.0 45.30769230769231 1.9393400999251753
98000 0.1346153846153846 -0.0191552618524628 38.15549748076923 0.06891025641025642 45.286538461538456 45.30769230769231 0.0 45.30769230769231 1.9732435999903828
100000 0.3076923076923077 -0.03833762098371739 37.23017717307692 0.16025641025641024 45.286538461538456 45.30769230769231 0.0 45.30769230769231 1.957992099924013
102000 0.17307692307692307 8.899487754869308e-05 37.80565794230769 0.10416666666666666 45.286538461538456 45.30769230769231 0.0 45.30769230769231 1.9275540998205543
104000 0.09615384615384616 9.46714917962879e-05 38.789959884615385 0.056089743589743585 45.286538461538456 45.30769230769231 0.0 45.30769230769231 1.8265129998326302
106000 0.17307692307692307 0.0002636720337538477 37.24813296153847 0.11057692307692307 45.286538461538456 45.30769230769231 0.0 45.30769230769231 2.249075099825859
108000 0.15384615384615385 -0.01911579895710928 38.00207526923078 0.10737179487179487 45.286538461538456 45.30769230769231 0.0 45.30769230769231 2.087082599988207
110000 0.19230769230769232 0.00019377000349859202 36.915200269230766 0.1506410256410256 45.286538461538456 45.30769230769231 0.0 45.30769230769231 2.125161400064826
112000 0.09615384615384616 7.094098397047577e-05 38.775305173076916 0.035256410256410256 45.286538461538456 45.30769230769231 0.0 45.30769230769231 1.946623899973929
114000 0.11538461538461539 7.16379225844635e-05 38.26294940384616 0.04647435897435897 45.286538461538456 45.30769230769231 0.0 45.30769230769231 2.1380437000188977
116000 0.17307692307692307 9.190877664315387e-05 37.71030517307693 0.0608974358974359 45.286538461538456 45.30769230769231 0.0 45.30769230769231 2.3036606998648494
118000 0.1346153846153846 0.0001346694911260606 37.36895901923077 0.09775641025641026 45.286538461538456 45.30769230769231 0.0 45.30769230769231 2.2799984000157565
120000 0.1346153846153846 5.1081062081108443e-05 37.61318978846154 0.10737179487179485 45.286538461538456 45.30769230769231 0.0 45.30769230769231 2.129859499866143
122000 0.11538461538461539 3.834137519738061e-05 37.71457526923077 0.08173076923076923 45.286538461538456 45.30769230769231 0.0 45.30769230769231 2.153064899845049
124000 0.11538461538461539 -0.019187041852113257 37.52962334615385 0.08012820512820512 45.286538461538456 45.30769230769231 0.0 45.30769230769231 1.9333275000099093
126000 0.11538461538461539 -0.01910635741571577 37.25510411538461 0.08493589743589743 45.286538461538456 45.30769230769231 0.0 45.30769230769231 1.8840212998911738
128000 0.1346153846153846 6.737273221135465e-05 37.69347824999999 0.0673076923076923 45.286538461538456 45.30769230769231 0.0 45.30769230769231 1.8324510001111776
130000 0.09615384615384616 -0.019110798434270847 37.50952719230769 0.07532051282051283 45.286538461538456 45.30769230769231 0.0 45.30769230769231 2.0359899001196027
132000 0.07692307692307693 0.00014923747289879275 37.4499118076923 0.09455128205128206 45.286538461538456 45.30769230769231 0.0 45.30769230769231 2.080426099942997
134000 0.07692307692307693 0.00014515358741058247 37.532988730769226 0.10256410256410256 45.286538461538456 45.30769230769231 0.0 45.30769230769231 1.979494199855253
136000 0.11538461538461539 0.00012449857542992193 37.88860188461538 0.056089743589743585 45.286538461538456 45.30769230769231 0.0 45.30769230769231 2.3678975000511855
138000 0.15384615384615385 8.004474700189508e-05 37.74684363461539 0.08173076923076923 45.286538461538456 45.30769230769231 0.0 45.30769230769231 2.098664900055155
140000 0.1346153846153846 4.683978155120916e-05 37.39107440384615 0.09935897435897435 45.286538461538456 45.30769230769231 0.0 45.30769230769231 1.909630699781701
142000 0.11538461538461539 7.132916733923841e-05 37.642035942307686 0.08653846153846154 45.286538461538456 45.30769230769231 0.0 45.30769230769231 2.098253499949351
144000 0.11538461538461539 -0.01918879951150993 37.885392576923074 0.09134615384615384 45.286538461538456 45.30769230769231 0.0 45.30769230769231 1.906292299972847
146000 0.1346153846153846 6.100938604583241e-05 37.947324403846146 0.08653846153846154 45.286538461538456 45.30769230769231 0.0 45.30769230769231 1.9166164000052959
148000 0.15384615384615385 -0.019151101563346352 38.33242055769231 0.08173076923076923 45.286538461538456 45.30769230769231 0.0 45.30769230769231 2.114449700107798
150000 0.11538461538461539 6.720692395689071e-05 38.48434363461538 0.056089743589743585 45.286538461538456 45.30769230769231 0.0 45.30769230769231 2.0832720000762492
152000 0.15384615384615385 8.181508203886483e-05 38.517516711538455 0.09615384615384613 45.286538461538456 45.30769230769231 0.0 45.30769230769231 1.7926180998329073
154000 0.19230769230769232 0.00010095789266171694 37.906459019230766 0.12980769230769232 45.286538461538456 45.30769230769231 0.0 45.30769230769231 2.345379800070077
156000 0.1346153846153846 7.220168517234611e-05 38.01703594230769 0.08653846153846152 45.286538461538456 45.30769230769231 0.0 45.30769230769231 1.9370140000246465
158000 0.1346153846153846 -0.019159047186969674 38.17424748076923 0.0737179487179487 45.286538461538456 45.30769230769231 0.0 45.30769230769231 1.8524141998495907
160000 0.17307692307692307 -0.13455237697801914 37.47818103846153 0.08814102564102565 45.286538461538456 45.30769230769231 0.0 45.30769230769231 1.984361399896443
162000 0.21153846153846154 -0.0960865415140774 36.77376671153846 0.1987179487179487 45.286538461538456 45.30769230769231 0.0 45.30769230769231 1.9010554000269622
164000 0.19230769230769232 -0.11526878576773278 36.89020026923077 0.15705128205128208 45.286538461538456 45.30769230769231 0.0 45.30769230769231 1.843279399909079
166000 0.21153846153846154 -0.11527537908089479 36.98467142307691 0.18589743589743585 45.286538461538456 45.30769230769231 0.0 45.30769230769231 2.037967799929902
168000 0.28846153846153844 -0.019172070001174584 36.062796423076925 0.22596153846153844 45.286538461538456 45.30769230769231 0.0 45.30769230769231 2.1933131001424044
170000 0.2692307692307692 -0.03842670397012458 35.99851757692307 0.22596153846153846 45.286538461538456 45.30769230769231 0.0 45.30769230769231 1.9530782999936491
172000 0.28846153846153844 -0.03841229841526709 35.90120988461538 0.22115384615384615 45.286538461538456 45.30769230769231 0.0 45.30769230769231 1.987298500025645
174000 0.23076923076923078 -0.07689780692782665 36.45904642307691 0.203525641025641 45.286538461538456 45.30769230769231 0.0 45.30769230769231 2.382705800002441
176000 0.28846153846153844 -0.03843192681906576 36.25803680769231 0.203525641025641 45.286538461538456 45.30769230769231 0.0 45.30769230769231 2.136525899870321
178000 0.1346153846153846 -0.32684947824574423 37.28817667307691 0.15705128205128208 45.286538461538456 45.30769230769231 0.0 45.30769230769231 1.901110100094229
180000 0.23076923076923078 0.00013324128115995703 36.87775273076922 0.18269230769230768 45.286538461538456 45.30769230769231 0.0 45.30769230769231 2.0373690999113023
182000 0.17307692307692307 -0.13452928032088257 36.70696307692307 0.1778846153846154 45.286538461538456 45.30769230769231 0.0 45.30769230769231 1.9882045998238027
184000 0.2692307692307692 -0.11527747786601664 36.37362974999999 0.20352564102564102 45.286538461538456 45.30769230769231 0.0 45.30769230769231 1.9522047999780625
186000 0.36538461538461536 -0.05760615082765812 35.91258078846153 0.22115384615384615 45.286538461538456 45.30769230769231 0.0 45.30769230769231 1.805453000124544
188000 0.34615384615384615 -0.0382810106499104 35.86402309615384 0.22916666666666666 45.286538461538456 45.30769230769231 0.0 45.30769230769231 1.8676341001410037
190000 0.23076923076923078 -0.09604446210540617 36.65394294230768 0.16826923076923078 45.286538461538456 45.30769230769231 0.0 45.30769230769231 1.927659000037238
192000 0.17307692307692307 -0.11531603266341096 37.65907115384614 0.08653846153846154 45.286538461538456 45.30769230769231 0.0 45.30769230769231 1.881387600209564
194000 0.09615384615384616 -0.07679956194264338 38.11668334615385 0.05128205128205128 45.286538461538456 45.30769230769231 0.0 45.30769230769231 1.9166992998216301
196000 0.09615384615384616 -0.019143239570814884 38.24943978846153 0.0625 45.286538461538456 45.30769230769231 0.0 45.30769230769231 1.807859499938786
198000 0.09615384615384616 -0.0768790516434566 38.52889325 0.060897435897435896 45.286538461538456 45.30769230769231 0.0 45.30769230769231 1.7700628000311553
200000 0.057692307692307696 -0.13453575222201494 38.71445415384615 0.04967948717948718 45.286538461538456 45.30769230769231 0.0 45.30769230769231 1.8932736001443118
202000 0.057692307692307696 -0.3076575192185965 38.81860936538461 0.0625 45.286538461538456 45.30769230769231 0.0 45.30769230769231 1.908555099973455
204000 0.057692307692307696 -0.24998656980662054 39.11591269230768 0.052884615384615384 45.286538461538456 45.30769230769231 0.0 45.30769230769231 1.943545299815014
206000 0.057692307692307696 -0.6538325556436013 39.48152623076922 0.02403846153846154 45.286538461538456 45.30769230769231 0.0 45.30769230769231 2.0209351999219507
208000 0.057692307692307696 -0.5769027390068412 39.195564692307684 0.038461538461538464 45.286538461538456 45.30769230769231 0.0 45.30769230769231 1.7048466000705957
210000 0.057692307692307696 -0.7307586998869197 39.77144153846153 0.014423076923076924 45.286538461538456 45.30769230769231 0.0 45.30769230769231 1.750543100060895
212000 0.11538461538461539 -0.21146970772719226 38.35739157692306 0.09294871794871794 45.286538461538456 45.30769230769231 0.0 45.30769230769231 1.8925962999928743
214000 0.17307692307692307 -0.19223051194058077 37.97207978846153 0.1330128205128205 45.286538461538456 45.30769230769231 0.0 45.30769230769231 2.054964500013739
216000 0.11538461538461539 7.960479637660085e-05 38.05473986538462 0.1201923076923077 45.286538461538456 45.30769230769231 0.0 45.30769230769231 2.0193987998645753
218000 0.15384615384615385 -0.07684270430983992 38.48784449999999 0.07371794871794872 45.286538461538456 45.30769230769231 0.0 45.30769230769231 1.8646834001410753
220000 0.1346153846153846 -0.17300757227451233 38.654527192307675 0.06570512820512821 45.286538461538456 45.30769230769231 0.0 45.30769230769231 2.1088081998750567
222000 0.11538461538461539 -0.30763366589186314 38.6064735576923 0.06891025641025642 45.286538461538456 45.30769230769231 0.0 45.30769230769231 2.0148883999790996
224000 0.09615384615384616 -0.0960901684874124 38.331713942307694 0.07371794871794872 45.286538461538456 45.30769230769231 0.0 45.30769230769231 1.8401864001061767
226000 0.11538461538461539 -0.11529753516272034 38.28721053846153 0.08814102564102563 45.286538461538456 45.30769230769231 0.0 45.30769230769231 2.297563500003889
228000 0.15384615384615385 -0.019149250162119467 38.703717153846156 0.07852564102564104 45.286538461538456 45.30769230769231 0.0 45.30769230769231 1.9265707000158727
230000 0.15384615384615385 -0.03838723232842334 38.91484771153846 0.06410256410256411 45.286538461538456 45.30769230769231 0.0 45.30769230769231 2.0461329999379814
232000 0.17307692307692307 -0.01914207077924919 38.73231565384614 0.07532051282051282 45.286538461538456 45.30769230769231 0.0 45.30769230769231 1.8685079000424594
234000 0.11538461538461539 -0.019160396163887684 38.974863750000004 0.044871794871794865 45.286538461538456 45.30769230769231 0.0 45.30769230769231 2.4842731999233365
236000 0.09615384615384616 -0.057628848329605895 38.823681846153846 0.06570512820512821 45.286538461538456 45.30769230769231 0.0 45.30769230769231 1.724028800148517
238000 0.09615384615384616 -0.057630402862824434 38.7676130576923 0.08493589743589743 45.286538461538456 45.30769230769231 0.0 45.30769230769231 1.8352340999990702
240000 0.1346153846153846 7.141863844590232e-05 38.90226759615384 0.06570512820512821 45.286538461538456 45.30769230769231 0.0 45.30769230769231 2.1621359998825938
242000 0.09615384615384616 -0.019184142395995057 38.989122 0.05929487179487179 45.286538461538456 45.30769230769231 0.0 45.30769230769231 1.714664899976924
244000 0.09615384615384616 -0.057651705352231644 39.053277211538465 0.052884615384615384 45.286538461538456 45.30769230769231 0.0 45.30769230769231 1.8562993998639286
246000 0.09615384615384616 -0.03842057930532668 39.101646961538464 0.03365384615384615 45.286538461538456 45.30769230769231 0.0 45.30769230769231 2.125342500163242
248000 0.11538461538461539 -0.0576396485457915 38.91775273076923 0.07532051282051282 45.286538461538456 45.30769230769231 0.0 45.30769230769231 2.0611833001021296
250000 0.09615384615384616 -0.05762926805786353 38.79395465384616 0.07692307692307693 45.286538461538456 45.30769230769231 0.0 45.30769230769231 2.0667801999952644
252000 0.09615384615384616 -0.03839761042992959 38.79211898076923 0.08493589743589743 45.286538461538456 45.30769230769231 0.0 45.30769230769231 1.8085113000124693
254000 0.07692307692307693 -0.038403160206729486 38.884479115384615 0.07692307692307691 45.286538461538456 45.30769230769231 0.0 45.30769230769231 2.4863485998939723
256000 0.07692307692307693 -0.038413785923825536 38.87892967307692 0.04967948717948718 45.286538461538456 45.30769230769231 0.0 45.30769230769231 1.8935376999434084
258000 0.1346153846153846 7.714509439691503e-05 38.25927496153846 0.09615384615384616 45.286538461538456 45.30769230769231 0.0 45.30769230769231 1.7822938999161124
260000 0.1346153846153846 -0.019153684116782446 38.14004419230769 0.08653846153846154 45.286538461538456 45.30769230769231 0.019230769230769232 45.28846153846154 1.760258600115776
262000 0.1346153846153846 -0.03839254352910933 38.4679288076923 0.0625 45.286538461538456 45.30769230769231 0.0 45.30769230769231 1.7557449999731034
264000 0.1346153846153846 -0.019153196210271388 37.88196726923076 0.12499999999999999 45.286538461538456 45.30769230769231 0.019230769230769232 45.28846153846154 1.9969113999977708
266000 0.17307692307692307 -0.0768216767417906 37.05254419230769 0.15224358974358973 45.286538461538456 45.30769230769231 0.019230769230769232 45.28846153846154 2.0018546998035163
268000 0.15384615384615385 -0.05761694180734194 37.20446726923076 0.1346153846153846 45.286538461538456 45.30769230769231 0.019230769230769232 45.28846153846154 1.8402275000698864
270000 0.11538461538461539 -0.05764136696084789 38.02754419230769 0.07852564102564104 45.286538461538456 45.30769230769231 0.019230769230769232 45.28846153846154 2.149425799958408
272000 0.1346153846153846 -0.019168671562365625 38.21312111538461 0.060897435897435896 45.286538461538456 45.30769230769231 0.019230769230769232 45.28846153846154 1.7407080000266433
274000 0.11538461538461539 -0.01917497845027905 38.59927496153846 0.04326923076923077 45.286538461538456 45.30769230769231 0.0 45.30769230769231 1.940579699818045
276000 0.1346153846153846 -0.01916712700971553 38.53389034615384 0.057692307692307696 45.286538461538456 45.30769230769231 0.0 45.30769230769231 1.8184595999773592
278000 0.09615384615384616 -0.01898186901903667 38.41249611538462 0.05448717948717948 45.286538461538456 45.30769230769231 0.019230769230769232 45.28846153846154 1.9475887999869883
280000 0.09615384615384616 -0.0191765055097553 38.47715957692308 0.05448717948717948 45.286538461538456 45.30769230769231 0.0 45.30769230769231 1.7505056001245975
282000 0.11538461538461539 -0.01917125179274159 38.656967269230776 0.06570512820512821 45.286538461538456 45.30769230769231 0.0 45.30769230769231 2.051786500029266
284000 0.1346153846153846 8.785976435581847e-05 38.632351884615375 0.05128205128205128 45.286538461538456 45.30769230769231 0.0 45.30769230769231 1.826592800207436
286000 0.1346153846153846 -0.07688579639987961 38.684814903846146 0.056089743589743585 45.286538461538456 45.30769230769231 0.0 45.30769230769231 2.305075600044802
288000 0.09615384615384616 -0.05762477247507069 38.52159374999999 0.07051282051282051 45.286538461538456 45.30769230769231 0.0 45.30769230769231 1.8481743999291211
290000 0.09615384615384616 -0.09608869795166229 38.65524759615384 0.056089743589743585 45.286538461538456 45.30769230769231 0.0 45.30769230769231 1.959483099868521
292000 0.09615384615384616 -0.038392976586228686 38.48728742307693 0.049679487179487176 45.286538461538456 45.30769230769231 0.0 45.30769230769231 2.4781318998429924
294000 0.09615384615384616 5.150707875065257e-05 38.40191919230769 0.0737179487179487 45.286538461538456 45.30769230769231 0.0 45.30769230769231 1.9429763997904956
296000 0.09615384615384616 5.1630570780547554e-05 38.354226884615386 0.0592948717948718 45.286538461538456 45.30769230769231 0.0 45.30769230769231 1.9443679000250995
298000 0.07692307692307693 4.730820612077563e-05 38.42489996153844 0.04326923076923077 45.286538461538456 45.30769230769231 0.0 45.30769230769231 1.8671493001747876
300000 0.07692307692307693 -0.019153341974869124 38.538084134615374 0.03365384615384615 45.286538461538456 45.30769230769231 0.0 45.30769230769231 1.8745108000002801
302000 0.09615384615384616 -0.13457266834586432 38.60125721153845 0.057692307692307696 45.286538461538456 45.30769230769231 0.0 45.30769230769231 1.958121599862352
304000 0.09615384615384616 -0.05764557223740206 38.55394951923076 0.049679487179487176 45.286538461538456 45.30769230769231 0.0 45.30769230769231 1.8940185999963433
306000 0.09615384615384616 -0.07689731698116432 38.4374110576923 0.060897435897435896 45.286538461538456 45.30769230769231 0.0 45.30769230769231 1.8058497000019997
308000 0.07692307692307693 -0.038414583211251296 38.2410538076923 0.0737179487179487 45.286538461538456 45.30769230769231 0.0 45.30769230769231 2.0787804999854416
310000 0.17307692307692307 6.119544326963031e-05 37.1135538076923 0.09134615384615384 45.286538461538456 45.30769230769231 0.0 45.30769230769231 1.815231799846515
312000 0.11538461538461539 -0.05764720785511163 38.259787423076915 0.08974358974358974 45.286538461538456 45.30769230769231 0.0 45.30769230769231 1.8083651999477297
314000 0.09615384615384616 -0.057639966726729344 38.052379211538465 0.11057692307692307 45.286538461538456 45.30769230769231 0.0 45.30769230769231 1.8689085999503732
316000 0.1346153846153846 -0.019152808134963582 37.52445815384617 0.10897435897435896 45.286538461538456 45.30769230769231 0.0 45.30769230769231 1.9765304001048207
318000 0.1346153846153846 8.167912160045837e-05 37.47366105769231 0.09615384615384616 45.286538461538456 45.30769230769231 0.0 45.30769230769231 2.0691380999051034
320000 0.09615384615384616 -0.05762532570443745 37.925412423076914 0.07532051282051282 45.286538461538456 45.30769230769231 0.0 45.30769230769231 2.14242949988693
322000 0.1346153846153846 -0.3075932630518065 38.248725365384615 0.08333333333333334 45.286538461538456 45.30769230769231 0.0 45.30769230769231 1.808208200149238
324000 0.09615384615384616 -0.442253508856346 38.748404846153846 0.05128205128205128 45.286538461538456 45.30769230769231 0.0 45.30769230769231 1.8576697001699358
326000 0.25 -0.2691624479416027 37.49295613461538 0.1346153846153846 45.286538461538456 45.30769230769231 0.0 45.30769230769231 1.957583999959752
328000 0.21153846153846154 -0.28842238767998857 37.749398442307694 0.1282051282051282 45.286538461538456 45.30769230769231 0.0 45.30769230769231 1.8689912999980152
330000 0.2692307692307692 -0.11531705931394158 36.91557976923077 0.20673076923076922 45.286538461538456 45.30769230769231 0.0 45.30769230769231 1.8358803999144584
332000 0.3269230769230769 -0.17294226671469415 36.66275946153846 0.17628205128205124 45.286538461538456 45.30769230769231 0.0 45.30769230769231 1.9108647999819368
334000 0.38461538461538464 -0.1537560756816656 36.26635140384615 0.2131410256410256 45.286538461538456 45.30769230769231 0.0 45.30769230769231 1.9142312000039965
336000 0.5384615384615384 -0.15365015158732243 35.83509267307693 0.1971153846153846 45.286538461538456 45.30769230769231 0.0 45.30769230769231 1.9126003000419587
338000 0.4230769230769231 -0.07678003751595594 35.73703594230769 0.24839743589743588 45.286538461538456 45.30769230769231 0.0 45.30769230769231 2.0224613999016583
340000 0.4423076923076923 -0.07682334827121065 35.78857440384615 0.2131410256410256 45.286538461538456 45.30769230769231 0.0 45.30769230769231 1.944296000059694
342000 0.4230769230769231 -0.07680949749523544 35.677489230769226 0.21955128205128205 45.286538461538456 45.30769230769231 0.0 45.30769230769231 1.7904680999927223
344000 0.4423076923076923 -0.05751931907158129 35.27117055769231 0.2948717948717949 45.286538461538456 45.30769230769231 0.0 45.30769230769231 1.891742300009355
346000 0.46153846153846156 -0.15371251190905028 35.80022961538461 0.20673076923076922 45.286538461538456 45.30769230769231 0.0 45.30769230769231 1.8546025999821723
348000 0.4807692307692308 -0.07673080810666291 35.56286948076922 0.2548076923076923 45.286538461538456 45.30769230769231 0.0 45.30769230769231 2.144467799924314
350000 0.5192307692307693 -0.07660559300693198 35.254023326923075 0.27403846153846156 45.286538461538456 45.30769230769231 0.0 45.30769230769231 1.8918875001836568
352000 0.4230769230769231 -0.09597496026459718 35.3689021923077 0.2467948717948718 45.286538461538456 45.30769230769231 0.0 45.30769230769231 2.0554217998869717
354000 0.5576923076923077 -0.03820299446677108 35.38612248076923 0.2868589743589744 45.286538461538456 45.30769230769231 0.0 45.30769230769231 2.1771488999947906
356000 0.4230769230769231 -0.0381540692923359 35.77462334615385 0.23237179487179488 45.286538461538456 45.30769230769231 0.0 45.30769230769231 1.8264228999614716
358000 0.40384615384615385 -0.05742362212449123 36.23904205769231 0.2275641025641026 45.286538461538456 45.30769230769231 0.0 45.30769230769231 2.182879399973899
360000 0.6153846153846154 -0.07654527517407766 35.537908807692304 0.2756410256410256 45.286538461538456 45.30769230769231 0.0 45.30769230769231 1.9882392000872642
362000 0.6538461538461539 -0.2304987792453413 35.90622611538462 0.2724358974358974 45.286538461538456 45.30769230769231 0.0 45.30769230769231 1.9114029000047594
364000 0.6346153846153846 -0.018898328986936185 35.99472388461539 0.2708333333333333 45.286538461538456 45.30769230769231 0.0 45.30769230769231 1.88904680009
366000 0.4423076923076923 0.00019361208735563153 36.16990442307692 0.19711538461538458 45.286538461538456 45.30769230769231 0.0 45.30769230769231 2.092634500004351
368000 0.5961538461538461 -0.03824331790646182 36.18893851923077 0.2131410256410256 45.286538461538456 45.30769230769231 0.0 45.30769230769231 1.8690664002206177
370000 0.5384615384615384 -0.15366914591922484 36.598181057692315 0.23397435897435892 45.286538461538456 45.30769230769231 0.0 45.30769230769231 2.1449681997764856
372000 0.4807692307692308 -0.1921690414903304 36.358364615384616 0.24358974358974356 45.286538461538456 45.30769230769231 0.0 45.30769230769231 1.8681626000907272
374000 0.4807692307692308 -0.21132685576396365 36.40898961538461 0.26442307692307687 45.286538461538456 45.30769230769231 0.0 45.30769230769231 2.041735699865967
376000 0.5 -0.15363379068153946 36.45687423076924 0.26442307692307687 45.286538461538456 45.30769230769231 0.0 45.30769230769231 1.8282266000751406
378000 0.38461538461538464 -0.11527512235588601 36.700528076923085 0.20032051282051277 45.286538461538456 45.30769230769231 0.0 45.30769230769231 2.055806600023061
380000 0.28846153846153844 -0.09605479866190181 36.816874230769244 0.17628205128205124 45.286538461538456 45.30769230769231 0.0 45.30769230769231 1.8382236999459565
382000 0.34615384615384615 -0.07678430589635149 36.935681057692314 0.17628205128205124 45.286538461538456 45.30769230769231 0.0 45.30769230769231 2.1439397998619825
384000 0.36538461538461536 -0.05755341914466721 36.932556057692324 0.19070512820512817 45.286538461538456 45.30769230769231 0.0 45.30769230769231 2.1490305000916123
386000 0.3269230769230769 -0.05755395727858941 36.93640221153847 0.20032051282051277 45.286538461538456 45.30769230769231 0.0 45.30769230769231 2.1439864998683333
388000 0.34615384615384615 -0.057539245548660745 36.84953146153847 0.1762820512820513 45.286538461538456 45.30769230769231 0.0 45.30769230769231 1.852560899918899
390000 0.3076923076923077 0.00013877802437275652 36.44721951923078 0.20192307692307693 45.286538461538456 45.30769230769231 0.0 45.30769230769231 1.9372702001128346
392000 0.34615384615384615 -0.019058921073344857 36.31572913461538 0.17467948717948717 45.286538461538456 45.30769230769231 0.0 45.30769230769231 1.834933000151068
394000 0.46153846153846156 0.00014183986929104244 36.35058490384615 0.2067307692307692 45.286538461538456 45.30769230769231 0.0 45.30769230769231 1.9916511001065373
396000 0.36538461538461536 0.00015413091694964023 36.51173417307692 0.17948717948717946 45.286538461538456 45.30769230769231 0.0 45.30769230769231 1.9516718999948353
398000 0.3269230769230769 0.00014920902752267785 36.58279644230769 0.2003205128205128 45.286538461538456 45.30769230769231 0.0 45.30769230769231 2.0394535998348147
400000 0.3076923076923077 -0.03833277548592511 36.78031703846153 0.1875 45.286538461538456 45.30769230769231 0.0 45.30769230769231 1.9346816998440772
402000 0.2692307692307692 -0.038337793536061586 36.89305742307692 0.1794871794871795 45.286538461538456 45.30769230769231 0.0 45.30769230769231 2.1444300001021475
404000 0.2692307692307692 -0.019107606415127737 36.90772088461539 0.16346153846153846 45.286538461538456 45.30769230769231 0.0 45.30769230769231 1.971489300020039
406000 0.3269230769230769 -0.019097535380685978 36.68132665384615 0.2051282051282051 45.286538461538456 45.30769230769231 0.0 45.30769230769231 2.0281789998989552
408000 0.28846153846153844 0.00012512457444488362 36.89911511538461 0.17307692307692307 45.286538461538456 45.30769230769231 0.0 45.30769230769231 1.82434709998779
410000 0.3269230769230769 0.00015819929166819823 36.52512909615383 0.1955128205128205 45.286538461538456 45.30769230769231 0.0 45.30769230769231 1.8985253998544067
412000 0.3076923076923077 0.0001945330308826653 36.709359865384606 0.1907051282051282 45.286538461538456 45.30769230769231 0.0 45.30769230769231 1.8984781000763178
414000 0.3269230769230769 -0.019035573672629695 36.6593598653846 0.1955128205128205 45.286538461538456 45.30769230769231 0.0 45.30769230769231 1.8052430998068303
416000 0.3076923076923077 -0.01907010702633684 36.79858626923077 0.15865384615384615 45.286538461538456 45.30769230769231 0.0 45.30769230769231 2.0747479998972267
418000 0.2692307692307692 0.00015785272194037556 36.91276896153846 0.16346153846153846 45.286538461538456 45.30769230769231 0.0 45.30769230769231 2.0919200000353158
420000 0.23076923076923078 -0.019141383936100643 37.07137909615384 0.14583333333333334 45.286538461538456 45.30769230769231 0.0 45.30769230769231 2.170250300085172
422000 0.25 0.00010082117306743204 37.05772088461538 0.13782051282051283 45.286538461538456 45.30769230769231 0.0 45.30769230769231 1.9589368999004364
424000 0.3269230769230769 0.00019541373591635872 36.61627857692307 0.18269230769230768 45.286538461538456 45.30769230769231 0.0 45.30769230769231 1.8528342999052256
426000 0.28846153846153844 0.00016519150394099416 36.63111374999999 0.1875 45.286538461538456 45.30769230769231 0.0 45.30769230769231 2.046709300018847
428000 0.28846153846153844 0.00016431702750303385 36.65075409615384 0.20673076923076922 45.286538461538456 45.30769230769231 0.0 45.30769230769231 1.8623681999742985
430000 0.3269230769230769 0.00016971770645884428 36.66078157692307 0.1907051282051282 45.286538461538456 45.30769230769231 0.0 45.30769230769231 1.8135214000940323
432000 0.3076923076923077 0.00016817565048629068 36.57674311538461 0.20512820512820512 45.286538461538456 45.30769230769231 0.0 45.30769230769231 2.1840061000548303
434000 0.28846153846153844 0.00011365552800066766 36.84737248076923 0.13782051282051283 45.286538461538456 45.30769230769231 0.0 45.30769230769231 1.81274010008201
436000 0.28846153846153844 0.00012128372111117038 36.6915508076923 0.15865384615384615 45.286538461538456 45.30769230769231 0.0 45.30769230769231 1.82716350001283
438000 0.38461538461538464 0.00014699560648687144 36.87549748076922 0.15384615384615385 45.286538461538456 45.30769230769231 0.0 45.30769230769231 2.0938422998879105
440000 0.36538461538461536 0.00014126672927362814 37.004893076923075 0.16025641025641024 45.286538461538456 45.30769230769231 0.0 45.30769230769231 1.8793152999132872
442000 0.34615384615384615 0.00011675210715578104 37.10756478846154 0.14583333333333331 45.286538461538456 45.30769230769231 0.0 45.30769230769231 2.117677199887112
444000 0.38461538461538464 -0.0383158842408019 37.08450846153846 0.16346153846153846 45.286538461538456 45.30769230769231 0.0 45.30769230769231 1.8361985001247376
446000 0.40384615384615385 -0.03831678387628434 37.02654644230768 0.17628205128205127 45.286538461538456 45.30769230769231 0.0 45.30769230769231 2.135405099950731
448000 0.4230769230769231 -0.038309007404382825 37.057752730769224 0.17307692307692307 45.286538461538456 45.30769230769231 0.0 45.30769230769231 2.112371099879965
450000 0.38461538461538464 -0.0190892346207481 37.18876671153846 0.16025641025641024 45.286538461538456 45.30769230769231 0.0 45.30769230769231 1.9580303998664021
452000 0.40384615384615385 -0.038316567695364276 37.133574403846154 0.15865384615384615 45.286538461538456 45.30769230769231 0.0 45.30769230769231 1.8921533999964595
454000 0.36538461538461536 -0.03832979652897744 37.28493221153846 0.14903846153846154 45.286538461538456 45.30769230769231 0.0 45.30769230769231 2.2649603998288512
456000 0.2692307692307692 -0.057596792574841155 37.39243221153847 0.14423076923076922 45.286538461538456 45.30769230769231 0.0 45.30769230769231 2.004094900097698
458000 0.25 -0.09605351815694424 37.3792911923077 0.12179487179487179 45.286538461538456 45.30769230769231 0.0 45.30769230769231 2.0448262998834252
460000 0.23076923076923078 -0.0960715065896159 37.48640657692308 0.11217948717948717 45.286538461538456 45.30769230769231 0.0 45.30769230769231 1.8624857999384403
462000 0.19230769230769232 -0.11530900944388606 37.60813734615385 0.11217948717948717 45.286538461538456 45.30769230769231 0.0 45.30769230769231 1.9967622000258416
464000 0.17307692307692307 -0.11531468267432116 37.47452721153847 0.12660256410256407 45.286538461538456 45.30769230769231 0.0 45.30769230769231 1.9073858000338078
466000 0.19230769230769232 -0.05761390348409206 37.170007980769235 0.1474358974358974 45.286538461538456 45.30769230769231 0.0 45.30769230769231 2.148198999930173
468000 0.19230769230769232 -0.09608631728673224 37.34452721153846 0.1314102564102564 45.286538461538456 45.30769230769231 0.0 45.30769230769231 2.1396604999899864
470000 0.19230769230769232 -0.11531349818205382 37.31856567307692 0.1378205128205128 45.286538461538456 45.30769230769231 0.0 45.30769230769231 1.7700881999917328
472000 0.19230769230769232 -0.15379669260853643 37.60548875 0.1346153846153846 45.286538461538456 45.30769230769231 0.0 45.30769230769231 2.0061608999967575
474000 0.21153846153846154 -0.11530803174259915 37.49173875 0.11858974358974358 45.286538461538456 45.30769230769231 0.0 45.30769230769231 2.0145128997974098
476000 0.21153846153846154 -0.09607682053010376 37.44866182692307 0.1282051282051282 45.286538461538456 45.30769230769231 0.0 45.30769230769231 1.8186461001168936
478000 0.25 -0.09606322238530993 37.373906576923076 0.1346153846153846 45.286538461538456 45.30769230769231 0.0 45.30769230769231 1.9085706998594105
480000 0.23076923076923078 -0.0960726456046348 37.53943105769232 0.10576923076923077 45.286538461538456 45.30769230769231 0.0 45.30769230769231 2.0931940998416394
482000 0.25 -0.11529610820809372 37.50775273076924 0.11057692307692307 45.286538461538456 45.30769230769231 0.0 45.30769230769231 1.9995983000844717
484000 0.21153846153846154 -0.13453453060916523 37.55429119230769 0.1346153846153846 45.286538461538456 45.30769230769231 0.0 45.30769230769231 1.7447218999732286
486000 0.23076923076923078 -0.11527686546043953 37.45015657692308 0.16346153846153846 45.286538461538456 45.30769230769231 0.0 45.30769230769231 2.1696516999509186
488000 0.3076923076923077 -0.07679568174300998 37.30015657692308 0.16987179487179485 45.286538461538456 45.30769230769231 0.0 45.30769230769231 1.859566899947822
490000 0.36538461538461536 -0.07677331607799091 37.179771961538464 0.16987179487179485 45.286538461538456 45.30769230769231 0.0 45.30769230769231 1.78529390017502
492000 0.40384615384615385 -0.07677666656228052 37.20099448076923 0.16025641025641024 45.286538461538456 45.30769230769231 0.0 45.30769230769231 2.0632324998732656
494000 0.36538461538461536 -0.07678777611781182 37.201887346153846 0.16987179487179485 45.286538461538456 45.30769230769231 0.0 45.30769230769231 1.9117123000323772
496000 0.3269230769230769 -0.07679795734542692 37.19339832692308 0.16666666666666666 45.286538461538456 45.30769230769231 0.0 45.30769230769231 2.168872700072825
498000 0.34615384615384615 -0.09602370429994306 37.24060986538462 0.16025641025641024 45.286538461538456 45.30769230769231 0.0 45.30769230769231 2.0558690999168903
500000 0.3269230769230769 -0.09603186718234874 37.29589832692308 0.16025641025641024 45.286538461538456 45.30769230769231 0.0 45.30769230769231 2.2086798998061568
