2000 1.5961538461538463 -0.34604456259106897 38.67484773076923 0.05128205128205128 45.286538461538456 45.30769230769231 0.0 45.30769230769231 0.5645599999697879
4000 2.1538461538461537 -0.018680313441131833 38.51292465384615 0.05448717948717948 45.286538461538456 45.30769230769231 0.0 45.30769230769231 0.6831970000639558
6000 2.9038461538461537 -0.23025059657687455 37.68971723076923 0.08653846153846154 45.286538461538456 45.30769230769231 0.019230769230769232 45.28846153846154 0.7019675999181345
8000 1.2692307692307692 -0.3652263492061219 38.99500569230769 0.02724358974358974 45.286538461538456 45.30769230769231 0.0 45.30769230769231 0.8014251999557018
10000 1.1153846153846154 -0.3459832823046648 39.21519800000001 0.02564102564102564 45.286538461538456 45.30769230769231 0.0 45.30769230769231 0.705191700020805
12000 1.7884615384615385 -0.3072751082392956 38.37096723076922 0.09775641025641026 45.286538461538456 45.30769230769231 0.0 45.30769230769231 0.7232060000533238
14000 1.75 -0.24964359883045442 38.345761192307705 0.11057692307692307 45.286538461538456 45.30769230769231 0.0 45.30769230769231 1.1454993000952527
16000 2.0384615384615383 -0.03785793787402458 37.5973133846154 0.11698717948717949 45.286538461538456 45.30769230769231 0.0 45.30769230769231 1.3845378999831155
18000 0.9423076923076923 -0.84614982770213 39.4137556923077 0.09615384615384616 45.286538461538456 45.30769230769231 0.0 45.30769230769231 1.2190380999818444
20000 0.9423076923076923 -0.8461496075530637 39.39260184615386 0.08974358974358973 45.286538461538456 45.30769230769231 0.0 45.30769230769231 1.2443417999893427
22000 4.346153846153846 -0.5572438638614929 37.26678953846154 0.14583333333333331 45.286538461538456 45.30769230769231 0.0 45.30769230769231 1.702716999920085
24000 3.8846153846153846 -0.6152093128168118 37.428328 0.16025641025641027 45.286538461538456 45.30769230769231 0.0 45.30769230769231 1.7120620999485254
26000 4.3076923076923075 -0.557265180490378 37.37544338461539 0.16506410256410253 45.286538461538456 45.30769230769231 0.0 45.30769230769231 1.78396829997655
28000 4.384615384615385 -0.557224825864936 37.255251076923074 0.141025641025641 45.286538461538456 45.30769230769231 0.0 45.30769230769231 1.9706204000394791
30000 4.346153846153846 -0.5572416643518763 37.261020307692306 0.14583333333333331 45.286538461538456 45.30769230769231 0.0 45.30769230769231 1.6614427999593318
32000 4.3076923076923075 -0.5572645402759717 37.37544338461539 0.16506410256410253 45.286538461538456 45.30769230769231 0.0 45.30769230769231 1.9444578000111505
34000 4.480769230769231 -0.5571930797371681 37.317751076923074 0.1506410256410256 45.286538461538456 45.30769230769231 0.0 45.30769230769231 1.8203511000610888
36000 4.519230769230769 -0.5956379561907327 37.221597230769234 0.141025641025641 45.286538461538456 45.30769230769231 0.0 45.30769230769231 1.7677083000307903
38000 4.5576923076923075 -0.5763628364584338 37.34467415384616 0.15064102564102563 45.286538461538456 45.30769230769231 0.0 45.30769230769231 1.693808599957265
40000 3.8076923076923075 -0.5379991338832947 37.60837607692308 0.14583333333333331 45.286538461538456 45.30769230769231 0.0 45.30769230769231 1.8632052999455482
42000 4.596153846153846 -0.5764284428930353 37.314866461538465 0.15544871794871792 45.286538461538456 45.30769230769231 0.0 45.30769230769231 1.8999230000190437
44000 3.826923076923077 -0.6150323660348912 37.54529915384616 0.14583333333333331 45.286538461538456 45.30769230769231 0.0 45.30769230769231 1.6509955000365153
46000 4.576923076923077 -0.5764679069866943 37.30909723076923 0.14583333333333331 45.286538461538456 45.30769230769231 0.0 45.30769230769231 1.71789249998983
48000 4.653846153846154 -0.5571022096891539 37.32544338461538 0.15064102564102563 45.286538461538456 45.30769230769231 0.0 45.30769230769231 1.7498651000205427
50000 4.653846153846154 -0.5572501729546638 37.17928953846154 0.15224358974358973 45.286538461538456 45.30769230769231 0.0 45.30769230769231 2.0218040000181645
52000 4.615384615384615 -0.5569451917860044 37.22159723076923 0.15865384615384615 45.286538461538456 45.30769230769231 0.0 45.30769230769231 1.7934043999994174
54000 4.25 -0.557183632927053 37.408135692307695 0.16987179487179485 45.286538461538456 45.30769230769231 0.0 45.30769230769231 1.827808800037019
56000 4.25 -0.5571821481649446 37.35044338461539 0.1794871794871795 45.286538461538456 45.30769230769231 0.0 45.30769230769231 2.2523210999788716
58000 4.25 -0.5571717744627807 37.42159723076923 0.15865384615384615 45.286538461538456 45.30769230769231 0.0 45.30769230769231 1.7062272999901325
60000 4.711538461538462 -0.5566954485476412 36.890828 0.19391025641025642 45.286538461538456 45.30769230769231 0.0 45.30769230769231 2.038806900032796
62000 4.384615384615385 -0.5763140397419423 37.40717415384616 0.16506410256410253 45.286538461538456 45.30769230769231 0.0 45.30769230769231 1.9825290000298992
64000 4.596153846153846 -0.4795281049981107 37.38864821153847 0.1650641025641026 45.286538461538456 45.30769230769231 0.0 45.30769230769231 1.8623254999984056
66000 6.538461538461538 -0.8647894269290474 35.89550353846155 0.14903846153846154 45.286538461538456 45.30769230769231 0.0 45.30769230769231 1.7038062999490649
68000 0.9423076923076923 -0.8461399689636875 39.40798646153848 0.09615384615384616 45.286538461538456 45.30769230769231 0.0 45.30769230769231 1.8789758998900652
70000 1.3461538461538463 -0.8649139782055909 39.05798646153847 0.09935897435897435 45.286538461538456 45.30769230769231 0.0 45.30769230769231 1.820640799938701
72000 0.9230769230769231 -0.8653801815863627 39.27914030769232 0.08814102564102565 45.286538461538456 45.30769230769231 0.0 45.30769230769231 1.9946603999705985
74000 1.5384615384615385 -0.48061383494667076 38.517299653846166 0.10096153846153846 45.286538461538456 45.30769230769231 0.0 45.30769230769231 1.9259968999540433
76000 6.5 -0.17110517640269157 37.016068384615394 0.1875 45.286538461538456 45.30769230769231 0.0 45.30769230769231 1.9617643000092357
78000 7.9423076923076925 -0.11293812807371727 36.47376069230769 0.1955128205128205 45.286538461538456 45.30769230769231 0.0 45.30769230769231 2.232275399961509
80000 4.961538461538462 -0.6338387905701681 37.28049146153847 0.1762820512820513 45.286538461538456 45.30769230769231 0.0 45.30769230769231 1.84207749995403
82000 9.73076923076923 0.0025156515551227956 35.255850480769226 0.2003205128205128 45.286538461538456 45.30769230769231 0.0 45.30769230769231 1.7808951999759302
84000 10.153846153846153 0.0026636073878512504 35.192388942307694 0.2003205128205128 45.286538461538456 45.30769230769231 0.0 45.30769230769231 1.8173199000302702
86000 7.576923076923077 0.0021771896398637735 36.046578499999995 0.13141025641025642 45.286538461538456 45.30769230769231 0.0 45.30769230769231 1.9762003000359982
88000 7.903846153846154 0.0022127229225722507 35.78911971153846 0.1762820512820513 45.286538461538456 45.30769230769231 0.0 45.30769230769231 1.9001571999397129
90000 5.6923076923076925 -0.018131248768021246 36.293213115384624 0.1490384615384615 45.286538461538456 45.30769230769231 0.0 45.30769230769231 1.783830999978818
92000 7.6923076923076925 -0.056417440445995615 36.06109773076923 0.2067307692307692 45.286538461538456 45.30769230769231 0.0 45.30769230769231 2.1299738999223337
94000 6.153846153846154 -0.05722478693347532 36.16494388461538 0.2067307692307692 45.286538461538456 45.30769230769231 0.0 45.30769230769231 1.9301839999388903
96000 6.0576923076923075 0.0004112946465483132 36.03609773076924 0.2580128205128205 45.286538461538456 45.30769230769231 0.0 45.30769230769231 2.0745157999917865
98000 6.3076923076923075 0.00059348703551152 36.018790038461546 0.24839743589743588 45.286538461538456 45.30769230769231 0.0 45.30769230769231 1.8910335999680683
100000 6.4423076923076925 -0.05655090125793732 36.093693884615384 0.18429487179487178 45.286538461538456 45.30769230769231 0.0 45.30769230769231 1.9757276000455022
102000 10.538461538461538 0.0032988482483751027 35.35008125 0.20673076923076922 45.286538461538456 45.30769230769231 0.0 45.30769230769231 2.1471181999659166
104000 10.615384615384615 0.0035373754739949424 35.42508125 0.2067307692307692 45.286538461538456 45.30769230769231 0.0 45.30769230769231 1.754679900011979
106000 9.576923076923077 0.0024773183433303408 35.260932903846154 0.22916666666666666 45.286538461538456 45.30769230769231 0.0 45.30769230769231 1.7451680999947712
108000 9.384615384615385 0.0023143301623248227 35.14275107692308 0.2516025641025641 45.286538461538456 45.30769230769231 0.0 45.30769230769231 2.0983774000778794
110000 9.384615384615385 0.0023617831605946948 35.14275107692308 0.2516025641025641 45.286538461538456 45.30769230769231 0.0 45.30769230769231 2.067571199964732
112000 9.365384615384615 0.002334606096487342 35.16967415384616 0.24679487179487178 45.286538461538456 45.30769230769231 0.0 45.30769230769231 2.0886028999229893
114000 10.153846153846153 0.0026784022883811695 35.254408173076925 0.1955128205128205 45.286538461538456 45.30769230769231 0.0 45.30769230769231 2.097546099917963
116000 13.076923076923077 0.004261241699498457 34.449239903846156 0.20512820512820512 45.286538461538456 45.30769230769231 0.0 45.30769230769231 1.9356689000269398
118000 14.653846153846153 0.005256403723826229 34.08228571153846 0.25961538461538464 45.286538461538456 45.30769230769231 0.0 45.30769230769231 2.0342914999928325
120000 14.846153846153847 0.005282710433791206 33.89880169230771 0.28685897435897434 45.286538461538456 45.30769230769231 0.0 45.30769230769231 2.060605900012888
122000 14.115384615384615 -0.3026573243879111 34.86565605769231 0.23878205128205127 45.286538461538456 45.30769230769231 0.0 45.30769230769231 1.8843643000582233
124000 13.557692307692308 -0.4774351094062915 34.17190605769231 0.29166666666666663 45.286538461538456 45.30769230769231 0.0 45.30769230769231 1.9345388000365347
126000 13.307692307692308 -0.07210421537455766 34.19685457692309 0.28525641025641024 45.286538461538456 45.30769230769231 0.0 45.30769230769231 1.9708366999402642
128000 13.711538461538462 -0.014589754709011233 34.52072476923078 0.27724358974358976 45.286538461538456 45.30769230769231 0.0 45.30769230769231 2.1875084000639617
130000 15.692307692307692 -0.01336906155412952 33.84370553846155 0.30448717948717946 45.286538461538456 45.30769230769231 0.0 45.30769230769231 1.7358812000602484
132000 16.21153846153846 0.005193195999450436 33.4401361923077 0.30448717948717946 45.286538461538456 45.30769230769231 0.0 45.30769230769231 2.464719200041145
134000 16.596153846153847 0.005289857721056431 33.45946311538462 0.3141025641025641 45.286538461538456 45.30769230769231 0.0 45.30769230769231 1.9318396000890061
136000 16.442307692307693 -0.014034472756565256 33.46744388461539 0.3317307692307692 45.286538461538456 45.30769230769231 0.0 45.30769230769231 1.9224439000245184
138000 16.03846153846154 0.0051418581788216546 33.40840542307693 0.2948717948717948 45.286538461538456 45.30769230769231 0.0 45.30769230769231 1.880745300091803
140000 16.384615384615383 0.005332381991972628 33.332251576923085 0.30448717948717946 45.286538461538456 45.30769230769231 0.0 45.30769230769231 1.784527299925685
142000 17.365384615384617 0.005073712460617347 33.25936696153846 0.31089743589743585 45.286538461538456 45.30769230769231 0.0 45.30769230769231 2.0931465999456123
144000 17.115384615384617 0.004608141654868062 33.26455926923077 0.31089743589743585 45.286538461538456 45.30769230769231 0.0 45.30769230769231 2.040036499965936
146000 16.71153846153846 0.004548711912418067 33.26705926923077 0.30448717948717946 45.286538461538456 45.30769230769231 0.0 45.30769230769231 2.2609191000228748
148000 16.46153846153846 0.005617651749846524 33.3203285 0.30448717948717946 45.286538461538456 45.30769230769231 0.0 45.30769230769231 1.93079650006257
150000 16.192307692307693 0.0054269978740476895 33.372828500000004 0.30448717948717946 45.286538461538456 45.30769230769231 0.0 45.30769230769231 1.9671961000422016
152000 16.75 0.005055122723652509 33.451097730769234 0.31089743589743585 45.286538461538456 45.30769230769231 0.0 45.30769230769231 1.735159800038673
154000 16.673076923076923 0.004434047495060596 33.43052080769231 0.30448717948717946 45.286538461538456 45.30769230769231 0.0 45.30769230769231 2.02651509991847
156000 16.73076923076923 0.004476547130410895 33.473790038461544 0.30929487179487175 45.286538461538456 45.30769230769231 0.0 45.30769230769231 1.9729486999567598
158000 16.71153846153846 0.005019406859062163 33.26705926923077 0.30448717948717946 45.286538461538456 45.30769230769231 0.0 45.30769230769231 1.8823728000279516
160000 16.596153846153847 0.00482808821902809 33.32475157692308 0.30448717948717946 45.286538461538456 45.30769230769231 0.0 45.30769230769231 2.0203410999383777
162000 16.596153846153847 0.00443682522723589 33.32475157692308 0.30448717948717946 45.286538461538456 45.30769230769231 0.0 45.30769230769231 1.9495686000445858
164000 17.173076923076923 0.004949421606043612 33.23154738461539 0.30448717948717946 45.286538461538456 45.30769230769231 0.0 45.30769230769231 1.9438886001007631
166000 16.71153846153846 0.00445000302256695 33.26705926923077 0.30448717948717946 45.286538461538456 45.30769230769231 0.0 45.30769230769231 1.7903657000279054
168000 17.173076923076923 0.004949421606043612 33.23154738461539 0.30448717948717946 45.286538461538456 45.30769230769231 0.0 45.30769230769231 1.7518776999786496
170000 19.346153846153847 0.006462298935851111 33.03138255769232 0.30128205128205127 45.286538461538456 45.30769230769231 0.0 45.30769230769231 1.7383620000910014
172000 19.173076923076923 0.006367784536930889 33.10176717307694 0.29967948717948717 45.286538461538456 45.30769230769231 0.0 45.30769230769231 1.9613236000295728
174000 19.21153846153846 -0.012500018752049329 32.986982788461546 0.28525641025641024 45.286538461538456 45.30769230769231 0.0 45.30769230769231 1.9388966000406072
176000 25.384615384615383 -0.08644422131989335 32.55268086538462 0.31089743589743585 45.286538461538456 45.30769230769231 0.0 45.30769230769231 2.070763200055808
178000 17.96153846153846 -0.012928038331286537 33.164798807692314 0.28525641025641024 45.286538461538456 45.30769230769231 0.0 45.30769230769231 2.1109460999723524
180000 20.75 0.00723479692244193 32.67304048076924 0.3317307692307692 45.286538461538456 45.30769230769231 0.0 45.30769230769231 2.0126179000362754
182000 21.01923076923077 -0.05057523657005729 32.542143038461546 0.342948717948718 45.286538461538456 45.30769230769231 0.0 45.30769230769231 1.9774653000058606
184000 30.76923076923077 -0.16120001352795818 32.69059969230769 0.28365384615384615 45.286538461538456 45.30769230769231 0.0 45.30769230769231 1.9952895999886096
186000 11.807692307692308 -0.09336691689285886 34.277014076923074 0.2147435897435897 45.286538461538456 45.30769230769231 0.0 45.30769230769231 1.9841401000740007
188000 17.115384615384617 -0.0137645890645325 34.090492192307686 0.266025641025641 45.286538461538456 45.30769230769231 0.0 45.30769230769231 2.048153300071135
190000 14.807692307692308 -0.015020612374142815 34.09861719230769 0.2564102564102564 45.286538461538456 45.30769230769231 0.0 45.30769230769231 1.9747578999958932
192000 15.076923076923077 0.004199400347283049 33.81045157692308 0.24198717948717946 45.286538461538456 45.30769230769231 0.0 45.30769230769231 1.751448400085792
194000 15.01923076923077 0.004118181813226417 33.92891311538462 0.2612179487179487 45.286538461538456 45.30769230769231 0.0 45.30769230769231 1.956201900029555
196000 26.26923076923077 0.01037913529277967 32.89011071153846 0.29967948717948717 45.286538461538456 45.30769230769231 0.0 45.30769230769231 1.9273028000025079
198000 27.076923076923077 -0.008982568532262378 32.965110711538465 0.3125 45.286538461538456 45.30769230769231 0.0 45.30769230769231 2.008251100080088
200000 32.75 -0.02582337883424984 32.098385269230775 0.3349358974358974 45.286538461538456 45.30769230769231 0.0 45.30769230769231 1.8638636999530718
202000 31.192307692307693 -0.16113238378524164 32.337330461538464 0.2932692307692308 45.286538461538456 45.30769230769231 0.0 45.30769230769231 2.002375299925916
204000 31.423076923076923 -0.1802974741101035 32.28213815384616 0.29967948717948717 45.286538461538456 45.30769230769231 0.0 45.30769230769231 1.9599205000558868
206000 18.326923076923077 0.0056509847448896425 33.13460048076924 0.2932692307692308 45.286538461538456 45.30769230769231 0.0 45.30769230769231 1.9773071999661624
208000 12.461538461538462 0.002798202080711818 33.49234773076924 0.266025641025641 45.286538461538456 45.30769230769231 0.0 45.30769230769231 2.01295540004503
210000 28.46153846153846 -0.08524409336702822 32.539249711538474 0.3205128205128205 45.286538461538456 45.30769230769231 0.0 45.30769230769231 2.1666981000453234
212000 16.076923076923077 -0.05382316871507158 33.69571311538462 0.27724358974358976 45.286538461538456 45.30769230769231 0.0 45.30769230769231 1.747357300017029
214000 26.98076923076923 -0.14382922535431855 33.1307145 0.328525641025641 45.286538461538456 45.30769230769231 0.0 45.30769230769231 2.148123599938117
216000 13.596153846153847 -0.24701088730899085 34.67572684615384 0.24839743589743588 45.286538461538456 45.30769230769231 0.0 45.30769230769231 1.8526745999697596
218000 18.884615384615383 -0.22503811974072138 34.37544992307692 0.2756410256410256 45.286538461538456 45.30769230769231 0.0 45.30769230769231 2.074240800109692
220000 24.346153846153847 -0.24125412059925663 33.90541001923077 0.29166666666666663 45.286538461538456 45.30769230769231 0.0 45.30769230769231 1.9796347999945283
222000 14.153846153846153 -0.07300880426590076 34.00311696153846 0.2676282051282051 45.286538461538456 45.30769230769231 0.0 45.30769230769231 2.195816899999045
224000 14.153846153846153 -0.0152843668506569 33.537206730769235 0.27724358974358976 45.286538461538456 45.30769230769231 0.0 45.30769230769231 2.109380100038834
226000 16.78846153846154 -0.12868955547747177 33.58684986538463 0.3012820512820512 45.286538461538456 45.30769230769231 0.0 45.30769230769231 1.907498500077054
228000 15.98076923076923 -0.05261253855185476 33.491072942307696 0.30929487179487186 45.286538461538456 45.30769230769231 0.0 45.30769230769231 1.7969142000656575
230000 19.673076923076923 -0.03194615243723893 32.99369025000001 0.31410256410256415 45.286538461538456 45.30769230769231 0.0 45.30769230769231 1.8489963999018073
232000 17.73076923076923 -0.032906950545661 33.12730288461539 0.296474358974359 45.286538461538456 45.30769230769231 0.0 45.30769230769231 1.8608096999814734
234000 17.423076923076923 0.005520657985335247 33.03970673076923 0.30128205128205127 45.286538461538456 45.30769230769231 0.0 45.30769230769231 2.2600993000669405
236000 13.01923076923077 0.003038819732712961 33.37455926923077 0.2692307692307692 45.286538461538456 45.30769230769231 0.0 45.30769230769231 2.020078399917111
238000 15.596153846153847 0.003965225796311921 33.38417465384616 0.31891025641025644 45.286538461538456 45.30769230769231 0.0 45.30769230769231 1.9948866999475285
240000 14.076923076923077 0.0035587966819121517 33.295713115384615 0.2980769230769231 45.286538461538456 45.30769230769231 0.0 45.30769230769231 2.2321977999527007
242000 14.865384615384615 0.0034799466133576006 33.5726361923077 0.3108974358974359 45.286538461538456 45.30769230769231 0.0 45.30769230769231 2.1266138000646606
244000 16.307692307692307 0.004206795809066077 33.37455926923077 0.31089743589743585 45.286538461538456 45.30769230769231 0.0 45.30769230769231 1.9410982000408694
246000 15.942307692307692 0.00388094929133365 33.54955926923078 0.31089743589743585 45.286538461538456 45.30769230769231 0.0 45.30769230769231 2.1822131000226364
248000 15.942307692307692 0.00403555623631205 33.684174653846156 0.31089743589743585 45.286538461538456 45.30769230769231 0.0 45.30769230769231 1.8094297000207007
250000 14.807692307692308 0.0036068539076535874 34.28994388461539 0.28044871794871795 45.286538461538456 45.30769230769231 0.0 45.30769230769231 2.0841275999555364
252000 15.442307692307692 -0.0730920969243885 34.036097730769235 0.296474358974359 45.286538461538456 45.30769230769231 0.0 45.30769230769231 2.1405152999795973
254000 15.903846153846153 -0.09185193407185269 33.89052080769231 0.30288461538461536 45.286538461538456 45.30769230769231 0.0 45.30769230769231 1.970420500030741
256000 15.634615384615385 -0.13036475029509448 34.13609773076924 0.296474358974359 45.286538461538456 45.30769230769231 0.0 45.30769230769231 1.8955477999988943
258000 16.96153846153846 -0.014400645555562626 33.27686696153846 0.3189102564102564 45.286538461538456 45.30769230769231 0.0 45.30769230769231 2.1976539000170305
260000 17.78846153846154 -0.014342082104278925 33.32071311538462 0.3253205128205128 45.286538461538456 45.30769230769231 0.0 45.30769230769231 1.9943459000205621
262000 16.21153846153846 0.004231411811233689 33.380905423076925 0.31410256410256415 45.286538461538456 45.30769230769231 0.0 45.30769230769231 1.9585243000183254
264000 16.365384615384617 -0.015024934781783471 33.65725157692309 0.3205128205128205 45.286538461538456 45.30769230769231 0.0 45.30769230769231 2.23369060002733
266000 17.076923076923077 0.005089183822574466 33.14875798076924 0.30929487179487175 45.286538461538456 45.30769230769231 0.0 45.30769230769231 2.0659191000740975
268000 18.23076923076923 0.005512829536855753 32.99186696153846 0.30929487179487175 45.286538461538456 45.30769230769231 0.0 45.30769230769231 1.8546398000326008
270000 21.76923076923077 0.007114771247007638 32.288565673076924 0.34935897435897434 45.286538461538456 45.30769230769231 0.0 45.30769230769231 2.3174391000065953
272000 35.55769230769231 0.01333631568900687 31.252507980769238 0.39262820512820507 45.286538461538456 45.30769230769231 0.0 45.30769230769231 2.0564123999793082
274000 37.05769230769231 0.01416692457691553 31.11484773076923 0.37820512820512814 45.286538461538456 45.30769230769231 0.0 45.30769230769231 2.1341153000248596
276000 41.46153846153846 0.015095817285742906 30.81869388461539 0.3878205128205128 45.286538461538456 45.30769230769231 0.0 45.30769230769231 2.2137131999479607
278000 41.75 0.014153808241088974 31.230232346153848 0.3926282051282052 45.286538461538456 45.30769230769231 0.0 45.30769230769231 1.8645661000628024
280000 42.82692307692308 -0.006167202243133419 31.236802846153857 0.3701923076923077 45.286538461538456 45.30769230769231 0.0 45.30769230769231 2.053171999985352
282000 42.84615384615385 -0.006098529521242911 31.39808490384616 0.37179487179487186 45.286538461538456 45.30769230769231 0.0 45.30769230769231 1.84228720003739
284000 47.80769230769231 0.016352672078633175 30.547379769230773 0.38461538461538464 45.286538461538456 45.30769230769231 0.0 45.30769230769231 2.312572699971497
286000 59.98076923076923 0.022383173196070656 29.80330926923077 0.41346153846153844 45.286538461538456 45.30769230769231 0.0 45.30769230769231 1.9115947999525815
288000 63.11538461538461 0.024853360964087225 29.624463115384614 0.42467948717948717 45.286538461538456 45.30769230769231 0.0 45.30769230769231 1.8559699999168515
290000 66.4423076923077 0.026758581633320514 29.3340785 0.4310897435897436 45.286538461538456 45.30769230769231 0.0 45.30769230769231 1.8276805001078174
292000 67.9423076923077 0.027539201455720624 29.14946311538462 0.43429487179487175 45.286538461538456 45.30769230769231 0.0 45.30769230769231 1.832770200097002
294000 68.0576923076923 0.02751655710802438 29.207155423076927 0.43429487179487175 45.286538461538456 45.30769230769231 0.0 45.30769230769231 1.9073928000871092
296000 67.67307692307692 0.007843065381642337 29.428309269230773 0.42467948717948717 45.286538461538456 45.30769230769231 0.0 45.30769230769231 2.1182333999313414
298000 97.34615384615384 0.006205619017058976 29.310027615384627 0.46634615384615385 45.286538461538456 45.30769230769231 0.0 45.30769230769231 1.8775151000590995
300000 110.09615384615384 0.015397281499995027 29.23305990384616 0.4951923076923077 45.286538461538456 45.30769230769231 0.0 45.30769230769231 2.1615428999066353
302000 123.67307692307692 0.060949145553164656 28.790175288461544 0.5064102564102563 45.286538461538456 45.30769230769231 0.0 45.30769230769231 2.048535600071773
304000 124.07692307692308 0.06122630027251823 28.799790673076927 0.4951923076923077 45.286538461538456 45.30769230769231 0.0 45.30769230769231 2.0738998000742868
306000 126.92307692307692 0.06239423670411778 28.799790673076927 0.4951923076923077 45.286538461538456 45.30769230769231 0.0 45.30769230769231 1.984575800015591
308000 127.25 0.06262302840487642 28.80363682692308 0.49038461538461536 45.286538461538456 45.30769230769231 0.0 45.30769230769231 1.8769203999545425
310000 130.0 0.0635157100478107 28.80363682692308 0.5064102564102564 45.286538461538456 45.30769230769231 0.0 45.30769230769231 2.0464069999288768
312000 130.42307692307693 0.06365869208179922 28.80363682692308 0.5064102564102564 45.286538461538456 45.30769230769231 0.0 45.30769230769231 1.9929828000022098
314000 130.42307692307693 0.06365869208179922 28.80363682692308 0.5064102564102564 45.286538461538456 45.30769230769231 0.0 45.30769230769231 2.1640317999990657
316000 130.42307692307693 0.06365869208179922 28.80363682692308 0.5064102564102564 45.286538461538456 45.30769230769231 0.0 45.30769230769231 2.0711805000901222
318000 130.42307692307693 0.06365869208179922 28.80363682692308 0.5064102564102564 45.286538461538456 45.30769230769231 0.0 45.30769230769231 2.11706520000007
320000 130.42307692307693 0.06365869208179922 28.80363682692308 0.5064102564102564 45.286538461538456 45.30769230769231 0.0 45.30769230769231 2.062615899951197
322000 130.07692307692307 0.06346132241033252 28.969021442307692 0.5016025641025641 45.286538461538456 45.30769230769231 0.0 45.30769230769231 2.0560906999744475
324000 130.42307692307693 0.06365869208179922 28.80363682692308 0.5064102564102564 45.286538461538456 45.30769230769231 0.0 45.30769230769231 2.0892828999785706
326000 126.25 0.062104415254993675 29.45075221153846 0.4823717948717948 45.286538461538456 45.30769230769231 0.0 45.30769230769231 1.8677101000212133
328000 130.42307692307693 0.06365869208179922 28.80363682692308 0.5064102564102564 45.286538461538456 45.30769230769231 0.0 45.30769230769231 2.1462231000186875
330000 130.07692307692307 0.06346132241033252 28.969021442307692 0.5016025641025641 45.286538461538456 45.30769230769231 0.0 45.30769230769231 1.9357006000354886
332000 126.25 0.062104415254993675 29.45075221153846 0.4823717948717948 45.286538461538456 45.30769230769231 0.0 45.30769230769231 2.2537986000534147
334000 130.07692307692307 0.06346132241033252 28.969021442307692 0.5016025641025641 45.286538461538456 45.30769230769231 0.0 45.30769230769231 2.2225640000542626
336000 126.25 0.062104415254993675 29.45075221153846 0.4823717948717948 45.286538461538456 45.30769230769231 0.0 45.30769230769231 2.0502715000184253
338000 126.25 0.062104415254993675 29.45075221153846 0.4823717948717948 45.286538461538456 45.30769230769231 0.0 45.30769230769231 1.9287035999586806
340000 130.07692307692307 0.06346132241033252 28.969021442307692 0.5016025641025641 45.286538461538456 45.30769230769231 0.0 45.30769230769231 1.8691474999068305
342000 130.42307692307693 0.06365869208179922 28.80363682692308 0.5064102564102564 45.286538461538456 45.30769230769231 0.0 45.30769230769231 2.189344699960202
344000 130.42307692307693 0.06365869208179922 28.80363682692308 0.5064102564102564 45.286538461538456 45.30769230769231 0.0 45.30769230769231 2.059785999939777
346000 130.42307692307693 0.06365869208179922 28.80363682692308 0.5064102564102564 45.286538461538456 45.30769230769231 0.0 45.30769230769231 2.1771685000276193
348000 130.42307692307693 0.06365869208179922 28.80363682692308 0.5064102564102564 45.286538461538456 45.30769230769231 0.0 45.30769230769231 2.1272237999364734
350000 130.42307692307693 0.06365869208179922 28.80363682692308 0.5064102564102564 45.286538461538456 45.30769230769231 0.0 45.30769230769231 2.1762615999905393
352000 130.42307692307693 0.06365869208179922 28.80363682692308 0.5064102564102564 45.286538461538456 45.30769230769231 0.0 45.30769230769231 2.0355651000281796
354000 130.42307692307693 0.06365869208179922 28.80363682692308 0.5064102564102564 45.286538461538456 45.30769230769231 0.0 45.30769230769231 2.1477116000605747
356000 130.42307692307693 0.06365869208179922 28.80363682692308 0.5064102564102564 45.286538461538456 45.30769230769231 0.0 45.30769230769231 2.029765799990855
358000 130.42307692307693 0.06365869208179922 28.80363682692308 0.5064102564102564 45.286538461538456 45.30769230769231 0.0 45.30769230769231 2.0779227000894025
360000 130.42307692307693 0.06365869208179922 28.80363682692308 0.5064102564102564 45.286538461538456 45.30769230769231 0.0 45.30769230769231 2.0201105000451207
362000 130.42307692307693 0.06365869208179922 28.80363682692308 0.5064102564102564 45.286538461538456 45.30769230769231 0.0 45.30769230769231 2.0896645000902936
364000 130.42307692307693 0.06365869208179922 28.80363682692308 0.5064102564102564 45.286538461538456 45.30769230769231 0.0 45.30769230769231 2.1347890000324696
366000 130.42307692307693 0.06365869208179922 28.80363682692308 0.5064102564102564 45.286538461538456 45.30769230769231 0.0 45.30769230769231 2.059945300105028
368000 130.42307692307693 0.06365869208179922 28.80363682692308 0.5064102564102564 45.286538461538456 45.30769230769231 0.0 45.30769230769231 2.0170098999515176
370000 130.42307692307693 0.06365869208179922 28.80363682692308 0.5064102564102564 45.286538461538456 45.30769230769231 0.0 45.30769230769231 2.0734766999958083
372000 130.42307692307693 0.06365869208179922 28.80363682692308 0.5064102564102564 45.286538461538456 45.30769230769231 0.0 45.30769230769231 2.4438661999301985
374000 130.42307692307693 0.06365869208179922 28.80363682692308 0.5064102564102564 45.286538461538456 45.30769230769231 0.0 45.30769230769231 2.394543700036593
376000 130.42307692307693 0.06365869208179922 28.80363682692308 0.5064102564102564 45.286538461538456 45.30769230769231 0.0 45.30769230769231 1.8866786999860778
378000 130.42307692307693 0.06365869208179922 28.80363682692308 0.5064102564102564 45.286538461538456 45.30769230769231 0.0 45.30769230769231 1.8382248000707477
380000 130.42307692307693 0.06365869208179922 28.80363682692308 0.5064102564102564 45.286538461538456 45.30769230769231 0.0 45.30769230769231 1.9804878999711946
382000 130.42307692307693 0.06365869208179922 28.80363682692308 0.5064102564102564 45.286538461538456 45.30769230769231 0.0 45.30769230769231 2.3056280000600964
384000 130.42307692307693 0.06365869208179922 28.80363682692308 0.5064102564102564 45.286538461538456 45.30769230769231 0.0 45.30769230769231 2.250702799996361
386000 130.42307692307693 0.06365869208179922 28.80363682692308 0.5064102564102564 45.286538461538456 45.30769230769231 0.0 45.30769230769231 1.9653140000300482
388000 130.42307692307693 0.06365869208179922 28.80363682692308 0.5064102564102564 45.286538461538456 45.30769230769231 0.0 45.30769230769231 2.1175445000408217
390000 130.42307692307693 0.06365869208179922 28.80363682692308 0.5064102564102564 45.286538461538456 45.30769230769231 0.0 45.30769230769231 1.9098460000241175
392000 130.42307692307693 0.06365869208179922 28.80363682692308 0.5064102564102564 45.286538461538456 45.30769230769231 0.0 45.30769230769231 1.942384000052698
394000 130.42307692307693 0.06365869208179922 28.80363682692308 0.5064102564102564 45.286538461538456 45.30769230769231 0.0 45.30769230769231 2.0135184000246227
396000 130.42307692307693 0.06365869208179922 28.80363682692308 0.5064102564102564 45.286538461538456 45.30769230769231 0.0 45.30769230769231 1.8389264000579715
398000 130.42307692307693 0.06365869208179922 28.80363682692308 0.5064102564102564 45.286538461538456 45.30769230769231 0.0 45.30769230769231 2.153371599968523
400000 130.42307692307693 0.06365869208179922 28.80363682692308 0.5064102564102564 45.286538461538456 45.30769230769231 0.0 45.30769230769231 2.1089507000287995
402000 130.42307692307693 0.06365869208179922 28.80363682692308 0.5064102564102564 45.286538461538456 45.30769230769231 0.0 45.30769230769231 1.907523600035347
404000 130.42307692307693 0.06365869208179922 28.80363682692308 0.5064102564102564 45.286538461538456 45.30769230769231 0.0 45.30769230769231 2.1527711000526324
406000 130.42307692307693 0.06365869208179922 28.80363682692308 0.5064102564102564 45.286538461538456 45.30769230769231 0.0 45.30769230769231 1.8597623000387102
408000 130.42307692307693 0.06365869208179922 28.80363682692308 0.5064102564102564 45.286538461538456 45.30769230769231 0.0 45.30769230769231 1.9445202000206336
410000 130.42307692307693 0.06365869208179922 28.80363682692308 0.5064102564102564 45.286538461538456 45.30769230769231 0.0 45.30769230769231 1.9209006000310183
412000 130.42307692307693 0.06365869208179922 28.80363682692308 0.5064102564102564 45.286538461538456 45.30769230769231 0.0 45.30769230769231 2.036761400057003
414000 130.42307692307693 0.06365869208179922 28.80363682692308 0.5064102564102564 45.286538461538456 45.30769230769231 0.0 45.30769230769231 2.0699052999261767
416000 130.42307692307693 0.06365869208179922 28.80363682692308 0.5064102564102564 45.286538461538456 45.30769230769231 0.0 45.30769230769231 2.2365372999338433
418000 130.42307692307693 0.06365869208179922 28.80363682692308 0.5064102564102564 45.286538461538456 45.30769230769231 0.0 45.30769230769231 2.0598942999495193
420000 130.42307692307693 0.06365869208179922 28.80363682692308 0.5064102564102564 45.286538461538456 45.30769230769231 0.0 45.30769230769231 1.9300376999890432
422000 130.42307692307693 0.06365869208179922 28.80363682692308 0.5064102564102564 45.286538461538456 45.30769230769231 0.0 45.30769230769231 1.8987666999455541
424000 130.42307692307693 0.06365869208179922 28.80363682692308 0.5064102564102564 45.286538461538456 45.30769230769231 0.0 45.30769230769231 2.0798814999870956
426000 130.42307692307693 0.06365869208179922 28.80363682692308 0.5064102564102564 45.286538461538456 45.30769230769231 0.0 45.30769230769231 2.109848799998872
428000 130.42307692307693 0.06365869208179922 28.80363682692308 0.5064102564102564 45.286538461538456 45.30769230769231 0.0 45.30769230769231 2.1916694999672472
430000 130.42307692307693 0.06365869208179922 28.80363682692308 0.5064102564102564 45.286538461538456 45.30769230769231 0.0 45.30769230769231 1.7499256000155583
432000 130.42307692307693 0.06365869208179922 28.80363682692308 0.5064102564102564 45.286538461538456 45.30769230769231 0.0 45.30769230769231 1.9486514000454918
434000 130.42307692307693 0.06365869208179922 28.80363682692308 0.5064102564102564 45.286538461538456 45.30769230769231 0.0 45.30769230769231 1.7894404999678954
436000 130.42307692307693 0.06365869208179922 28.80363682692308 0.5064102564102564 45.286538461538456 45.30769230769231 0.0 45.30769230769231 2.2261858000420034
438000 130.42307692307693 0.06365869208179922 28.80363682692308 0.5064102564102564 45.286538461538456 45.30769230769231 0.0 45.30769230769231 2.05855109996628
440000 130.42307692307693 0.06365869208179922 28.80363682692308 0.5064102564102564 45.286538461538456 45.30769230769231 0.0 45.30769230769231 1.7849668000126258
442000 130.42307692307693 0.06365869208179922 28.80363682692308 0.5064102564102564 45.286538461538456 45.30769230769231 0.0 45.30769230769231 1.8071970000164583
444000 130.42307692307693 0.06365869208179922 28.80363682692308 0.5064102564102564 45.286538461538456 45.30769230769231 0.0 45.30769230769231 2.038963400060311
446000 130.42307692307693 0.06365869208179922 28.80363682692308 0.5064102564102564 45.286538461538456 45.30769230769231 0.0 45.30769230769231 2.0735907999332994
448000 130.42307692307693 0.06365869208179922 28.80363682692308 0.5064102564102564 45.286538461538456 45.30769230769231 0.0 45.30769230769231 1.8021983000217006
450000 130.42307692307693 0.06365869208179922 28.80363682692308 0.5064102564102564 45.286538461538456 45.30769230769231 0.0 45.30769230769231 2.129577499930747
452000 130.42307692307693 0.06365869208179922 28.80363682692308 0.5064102564102564 45.286538461538456 45.30769230769231 0.0 45.30769230769231 2.210423299926333
454000 130.42307692307693 0.06365869208179922 28.80363682692308 0.5064102564102564 45.286538461538456 45.30769230769231 0.0 45.30769230769231 1.9525655000470579
456000 130.42307692307693 0.06365869208179922 28.80363682692308 0.5064102564102564 45.286538461538456 45.30769230769231 0.0 45.30769230769231 1.713706500013359
458000 130.42307692307693 0.06365869208179922 28.80363682692308 0.5064102564102564 45.286538461538456 45.30769230769231 0.0 45.30769230769231 1.8499649000586942
460000 130.42307692307693 0.06365869208179922 28.80363682692308 0.5064102564102564 45.286538461538456 45.30769230769231 0.0 45.30769230769231 1.9351082000648603
462000 130.42307692307693 0.06365869208179922 28.80363682692308 0.5064102564102564 45.286538461538456 45.30769230769231 0.0 45.30769230769231 2.1229298999533057
464000 130.42307692307693 0.06365869208179922 28.80363682692308 0.5064102564102564 45.286538461538456 45.30769230769231 0.0 45.30769230769231 1.9251738999737427
466000 130.42307692307693 0.06365869208179922 28.80363682692308 0.5064102564102564 45.286538461538456 45.30769230769231 0.0 45.30769230769231 1.8614392000017688
468000 130.42307692307693 0.06365869208179922 28.80363682692308 0.5064102564102564 45.286538461538456 45.30769230769231 0.0 45.30769230769231 1.7277446000371128
470000 130.42307692307693 0.06365869208179922 28.80363682692308 0.5064102564102564 45.286538461538456 45.30769230769231 0.0 45.30769230769231 1.7809313000179827
472000 130.42307692307693 0.06365869208179922 28.80363682692308 0.5064102564102564 45.286538461538456 45.30769230769231 0.0 45.30769230769231 1.9148309000302106
474000 130.42307692307693 0.06365869208179922 28.80363682692308 0.5064102564102564 45.286538461538456 45.30769230769231 0.0 45.30769230769231 2.0961822000099346
476000 130.42307692307693 0.06365869208179922 28.80363682692308 0.5064102564102564 45.286538461538456 45.30769230769231 0.0 45.30769230769231 2.0869234000565484
478000 130.42307692307693 0.06365869208179922 28.80363682692308 0.5064102564102564 45.286538461538456 45.30769230769231 0.0 45.30769230769231 2.0750741000520065
480000 130.42307692307693 0.06365869208179922 28.80363682692308 0.5064102564102564 45.286538461538456 45.30769230769231 0.0 45.30769230769231 1.9861864999402314
482000 130.42307692307693 0.06365869208179922 28.80363682692308 0.5064102564102564 45.286538461538456 45.30769230769231 0.0 45.30769230769231 1.8481083000078797
484000 130.42307692307693 0.06365869208179922 28.80363682692308 0.5064102564102564 45.286538461538456 45.30769230769231 0.0 45.30769230769231 2.17120059998706
486000 130.42307692307693 0.06365869208179922 28.80363682692308 0.5064102564102564 45.286538461538456 45.30769230769231 0.0 45.30769230769231 1.9447725999634713
488000 130.42307692307693 0.06365869208179922 28.80363682692308 0.5064102564102564 45.286538461538456 45.30769230769231 0.0 45.30769230769231 1.7775777999777347
490000 130.42307692307693 0.06365869208179922 28.80363682692308 0.5064102564102564 45.286538461538456 45.30769230769231 0.0 45.30769230769231 1.6070571999298409
492000 130.42307692307693 0.06365869208179922 28.80363682692308 0.5064102564102564 45.286538461538456 45.30769230769231 0.0 45.30769230769231 1.7391948000295088
494000 130.42307692307693 0.06365869208179922 28.80363682692308 0.5064102564102564 45.286538461538456 45.30769230769231 0.0 45.30769230769231 1.8533348999917507
496000 130.42307692307693 0.06365869208179922 28.80363682692308 0.5064102564102564 45.286538461538456 45.30769230769231 0.0 45.30769230769231 1.7460079999873415
498000 130.42307692307693 0.06365869208179922 28.80363682692308 0.5064102564102564 45.286538461538456 45.30769230769231 0.0 45.30769230769231 1.696608499973081
500000 130.42307692307693 0.06365869208179922 28.80363682692308 0.5064102564102564 45.286538461538456 45.30769230769231 0.0 45.30769230769231 1.6540795000037178
