2000 1.1481481481481481 -0.31471535437964526 39.18264792592592 0.06018518518518518 45.312962962962956 45.333333333333336 0.0 45.333333333333336 0.6722800999996252
4000 1.5185185185185186 -0.018129885018059462 39.115104518518514 0.06018518518518518 45.312962962962956 45.333333333333336 0.0 45.333333333333336 0.7056756999954814
6000 2.0925925925925926 -0.22189021638030973 38.275913444444434 0.10648148148148148 45.312962962962956 45.333333333333336 0.018518518518518517 45.31481481481482 0.7437114999920595
8000 1.1296296296296295 -0.33321033178578646 39.48616914814814 0.04938271604938271 45.312962962962956 45.333333333333336 0.0 45.333333333333336 0.7131048000010196
10000 1.0 -0.29612248143002023 39.713175166666666 0.033950617283950615 45.312962962962956 45.333333333333336 0.0 45.333333333333336 0.6490975999913644
12000 1.5 -0.2959374561787238 38.958857518518506 0.1111111111111111 45.312962962962956 45.333333333333336 0.0 45.333333333333336 0.7023316000122577
14000 1.5 -0.2588991452399723 38.91421811111112 0.11574074074074073 45.312962962962956 45.333333333333336 0.0 45.333333333333336 0.9065669999981765
16000 1.3703703703703705 -0.03668026782847754 38.20973346296297 0.13425925925925927 45.312962962962956 45.333333333333336 0.0 45.333333333333336 0.8863427000032971
18000 0.7222222222222222 -0.8333293216342544 39.91436188888889 0.09876543209876543 45.312962962962956 45.333333333333336 0.0 45.333333333333336 0.757556199998362
20000 0.7222222222222222 -0.8333291183374283 39.89297300000001 0.09259259259259257 45.312962962962956 45.333333333333336 0.0 45.333333333333336 0.8588851000095019
22000 3.2962962962962963 -0.7219334216723107 37.89021196296296 0.16512345679012344 45.312962962962956 45.333333333333336 0.0 45.333333333333336 0.8530060000048252
24000 2.740740740740741 -0.7962606295259691 38.09683233333334 0.17901234567901236 45.312962962962956 45.333333333333336 0.0 45.333333333333336 0.9111095999978716
26000 3.3333333333333335 -0.7219058482351065 37.88706381481481 0.17438271604938274 45.312962962962956 45.333333333333336 0.0 45.333333333333336 1.0644850000098813
28000 3.2962962962962963 -0.7219333326601903 37.88739714814815 0.17901234567901236 45.312962962962956 45.333333333333336 0.0 45.333333333333336 0.8409332000010181
30000 3.2962962962962963 -0.7219313036260133 37.884656407407405 0.16512345679012344 45.312962962962956 45.333333333333336 0.0 45.333333333333336 0.8636759000073653
32000 3.3333333333333335 -0.721905231732345 37.88706381481481 0.17438271604938274 45.312962962962956 45.333333333333336 0.0 45.333333333333336 0.8405936000053771
34000 3.3333333333333335 -0.7219101583360824 37.867582333333324 0.17901234567901236 45.312962962962956 45.333333333333336 0.0 45.333333333333336 0.9885002999944845
36000 3.3518518518518516 -0.7404315761295135 37.84373048148147 0.16049382716049382 45.312962962962956 45.333333333333336 0.0 45.333333333333336 0.8609713000041666
38000 3.3333333333333335 -0.7219190494481493 37.96674899999999 0.18364197530864199 45.312962962962956 45.333333333333336 0.0 45.333333333333336 0.9902256000059424
40000 2.8518518518518516 -0.4810210593858833 38.20333425925925 0.18364197530864199 45.312962962962956 45.333333333333336 0.0 45.333333333333336 0.9064783000067109
42000 3.185185185185185 -0.7590525144159588 37.95091566666666 0.18364197530864199 45.312962962962956 45.333333333333336 0.0 45.333333333333336 0.9088210000045365
44000 2.8703703703703702 -0.5921718360623328 38.16736975925925 0.18364197530864199 45.312962962962956 45.333333333333336 0.0 45.333333333333336 0.8558986999996705
46000 3.185185185185185 -0.7590525144159588 37.95091566666666 0.18364197530864199 45.312962962962956 45.333333333333336 0.0 45.333333333333336 0.7860996999952476
48000 3.1481481481481484 -0.7219903598507463 37.998137888888884 0.18364197530864199 45.312962962962956 45.333333333333336 0.0 45.333333333333336 0.8370467000058852
50000 3.3703703703703702 -0.7219474760135367 37.81202677777777 0.18518518518518517 45.312962962962956 45.333333333333336 0.0 45.333333333333336 0.8494003000087105
52000 3.0555555555555554 -0.7220185873479731 37.92141566666666 0.17438271604938274 45.312962962962956 45.333333333333336 0.0 45.333333333333336 0.8241027999902144
54000 2.9814814814814814 -0.7220188431981839 37.986971222222216 0.18518518518518517 45.312962962962956 45.333333333333336 0.0 45.333333333333336 0.8852557000063825
56000 3.074074074074074 -0.7219837398097995 37.90363788888888 0.18209876543209877 45.312962962962956 45.333333333333336 0.0 45.333333333333336 0.838256300005014
58000 3.0 -0.7220006521477518 37.99363788888889 0.17438271604938274 45.312962962962956 45.333333333333336 0.0 45.333333333333336 0.8590932999941288
60000 3.111111111111111 -0.7219256112148584 37.4795638148148 0.18981481481481483 45.312962962962956 45.333333333333336 0.0 45.333333333333336 0.8741148999979487
62000 2.925925925925926 -0.7405703436546391 37.988915666666664 0.17438271604938274 45.312962962962956 45.333333333333336 0.0 45.333333333333336 0.8622969999996712
64000 3.5185185185185186 -0.40644086276168445 37.59292212962963 0.17901234567901234 45.312962962962956 45.333333333333336 0.0 45.333333333333336 0.8767649999936111
66000 5.555555555555555 -0.8515234004759378 36.19332318518519 0.1527777777777778 45.312962962962956 45.333333333333336 0.0 45.333333333333336 0.853937500010943
68000 0.7222222222222222 -0.8333197649447946 39.906954481481485 0.09876543209876543 45.312962962962956 45.333333333333336 0.0 45.333333333333336 0.8278279999940423
70000 1.0 -0.8516622837363712 39.55838966666666 0.09567901234567901 45.312962962962956 45.333333333333336 0.0 45.333333333333336 0.9155618999939179
72000 0.6851851851851852 -0.8703658899457869 39.78987114814816 0.08950617283950617 45.312962962962956 45.333333333333336 0.0 45.333333333333336 0.8421791000000667
74000 1.2037037037037037 -0.5184165628773744 39.079997722222224 0.12499999999999999 45.312962962962956 45.333333333333336 0.0 45.333333333333336 0.8371822999906726
76000 4.944444444444445 -0.1651757595410096 37.4655179074074 0.22530864197530864 45.312962962962956 45.333333333333336 0.0 45.333333333333336 0.8557295999926282
78000 5.796296296296297 -0.10943244265373456 36.941939777777776 0.23148148148148145 45.312962962962956 45.333333333333336 0.0 45.333333333333336 0.9262510999978986
80000 3.1296296296296298 -0.7590137560815046 37.862223925925925 0.1728395061728395 45.312962962962956 45.333333333333336 0.0 45.333333333333336 0.8220930000097724
82000 6.907407407407407 0.0016089482156452378 35.740554 0.21913580246913586 45.312962962962956 45.333333333333336 0.0 45.333333333333336 0.9016011000057915
84000 7.37037037037037 0.0017854384480423188 35.658131166666664 0.21913580246913586 45.312962962962956 45.333333333333336 0.0 45.333333333333336 0.8527044000074966
86000 5.537037037037037 0.0014364085523593025 36.41446996296296 0.16666666666666666 45.312962962962956 45.333333333333336 0.0 45.333333333333336 0.9130504999920959
88000 6.074074074074074 0.0014991016078594365 36.22118274074074 0.20216049382716048 45.312962962962956 45.333333333333336 0.0 45.333333333333336 0.949633600001107
90000 4.388888888888889 -0.017700961422740368 36.750439092592586 0.18364197530864196 45.312962962962956 45.333333333333336 0.0 45.333333333333336 0.9353918000124395
92000 5.444444444444445 -0.07331994094688901 36.56182798148147 0.22530864197530867 45.312962962962956 45.333333333333336 0.0 45.333333333333336 0.9048960999934934
94000 4.685185185185185 -0.07372768225173978 36.65136501851851 0.23456790123456792 45.312962962962956 45.333333333333336 0.0 45.333333333333336 0.9167842000024393
96000 4.537037037037037 0.00024689897094397405 36.52259959259259 0.27469135802469136 45.312962962962956 45.333333333333336 0.0 45.333333333333336 0.9180627999885473
98000 4.7592592592592595 0.0003949109659084505 36.50692057407407 0.2654320987654321 45.312962962962956 45.333333333333336 0.0 45.333333333333336 0.9256164999969769
100000 4.592592592592593 -0.05481999129081054 36.60542366666667 0.2222222222222222 45.312962962962956 45.333333333333336 0.0 45.333333333333336 0.8743706999957794
102000 7.574074074074074 0.0022870357396737847 35.847020055555554 0.23148148148148148 45.312962962962956 45.333333333333336 0.0 45.333333333333336 0.927786100000958
104000 7.481481481481482 0.002279102571377573 35.904751537037036 0.2299382716049383 45.312962962962956 45.333333333333336 0.0 45.333333333333336 0.8468038999999408
106000 7.2592592592592595 0.001799329731705307 35.7082555 0.25308641975308643 45.312962962962956 45.333333333333336 0.0 45.333333333333336 0.9564812000025995
108000 7.314814814814815 0.0017493448240383602 35.60559159259259 0.27469135802469136 45.312962962962956 45.333333333333336 0.0 45.333333333333336 0.9634108000027481
110000 7.314814814814815 0.0017833410920440368 35.60559159259259 0.27469135802469136 45.312962962962956 45.333333333333336 0.0 45.333333333333336 0.9100055000017164
112000 7.296296296296297 0.0017748611906048578 35.632458870370364 0.27006172839506176 45.312962962962956 45.333333333333336 0.0 45.333333333333336 0.8917018999927677
114000 7.555555555555555 0.0019146764408178797 35.710980537037024 0.21450617283950618 45.312962962962956 45.333333333333336 0.0 45.333333333333336 0.8681171000062022
116000 10.296296296296296 0.0034210301956937948 34.83094042592592 0.23919753086419757 45.312962962962956 45.333333333333336 0.0 45.333333333333336 0.8867555000033462
118000 11.166666666666666 0.0040081999059376925 34.47779844444444 0.3055555555555556 45.312962962962956 45.333333333333336 0.0 45.333333333333336 0.8668713000079151
120000 10.777777777777779 0.0039529900468962135 34.39504900000001 0.33641975308641975 45.312962962962956 45.333333333333336 0.0 45.333333333333336 0.9419135999924038
122000 9.925925925925926 -0.311390236907281 35.35573018518518 0.2762345679012346 45.312962962962956 45.333333333333336 0.0 45.333333333333336 0.8649318999960087
124000 10.12962962962963 -0.44163387245210084 34.57331400000001 0.3333333333333333 45.312962962962956 45.333333333333336 0.0 45.333333333333336 0.8890018999954918
126000 10.277777777777779 -0.10731900122559629 34.762847148148154 0.3256172839506173 45.312962962962956 45.333333333333336 0.0 45.333333333333336 0.9116459000069881
128000 10.555555555555555 -0.014953114651796818 34.983702703703706 0.316358024691358 45.312962962962956 45.333333333333336 0.0 45.333333333333336 0.8872499999997672
130000 11.833333333333334 -0.014075112191736704 34.29154590740741 0.3441358024691358 45.312962962962956 45.333333333333336 0.0 45.333333333333336 0.8924104999896372
132000 12.481481481481481 0.004328549512944429 33.96321687037037 0.3425925925925926 45.312962962962956 45.333333333333336 0.0 45.333333333333336 0.9210587000125088
134000 12.38888888888889 0.004317047575175033 34.01414279629629 0.32407407407407407 45.312962962962956 45.333333333333336 0.0 45.333333333333336 0.9474566000135383
136000 12.62962962962963 -0.013987262621378775 34.00326316666666 0.3564814814814814 45.312962962962956 45.333333333333336 0.0 45.333333333333336 0.8976790000015171
138000 12.148148148148149 0.0041593521568409715 33.96969835185185 0.3333333333333333 45.312962962962956 45.333333333333336 0.0 45.333333333333336 0.8408384000067599
140000 12.685185185185185 0.004463851750689281 33.811874277777775 0.33796296296296297 45.312962962962956 45.333333333333336 0.0 45.333333333333336 0.9167613000026904
142000 12.907407407407407 0.003845615477445638 33.766689092592586 0.3472222222222222 45.312962962962956 45.333333333333336 0.0 45.333333333333336 0.9228225000115344
144000 12.685185185185185 0.0034980825078259844 33.77168909259259 0.3472222222222222 45.312962962962956 45.333333333333336 0.0 45.333333333333336 1.0698747999995248
146000 12.685185185185185 0.0034980825078259844 33.77168909259259 0.3472222222222222 45.312962962962956 45.333333333333336 0.0 45.333333333333336 0.9242729999969015
148000 12.722222222222221 0.00466836496548823 33.79798538888888 0.33796296296296297 45.312962962962956 45.333333333333336 0.0 45.333333333333336 0.9659698000032222
150000 12.518518518518519 0.004486898718515033 33.84854094444444 0.33796296296296297 45.312962962962956 45.333333333333336 0.0 45.333333333333336 0.9072878000006313
152000 12.685185185185185 0.0039987395268297355 33.95539279629629 0.33796296296296297 45.312962962962956 45.333333333333336 0.0 45.333333333333336 0.958098200004315
154000 12.685185185185185 0.003559033830231257 33.95539279629629 0.33796296296296297 45.312962962962956 45.333333333333336 0.0 45.333333333333336 0.8698029999941355
156000 12.481481481481481 0.003451220366514896 34.0402076111111 0.3425925925925926 45.312962962962956 45.333333333333336 0.0 45.333333333333336 0.8244056999974418
158000 12.722222222222221 0.003966794643856635 33.79798538888888 0.33796296296296297 45.312962962962956 45.333333333333336 0.0 45.333333333333336 0.8959542000084184
160000 12.555555555555555 0.0038246196178386344 33.9090965 0.3333333333333333 45.312962962962956 45.333333333333336 0.0 45.333333333333336 0.8562150000070687
162000 12.518518518518519 0.003466584948558052 33.882800203703695 0.3425925925925926 45.312962962962956 45.333333333333336 0.0 45.333333333333336 0.9414666000084253
164000 12.833333333333334 0.0036387848664649735 33.788289555555544 0.3425925925925926 45.312962962962956 45.333333333333336 0.0 45.333333333333336 0.994629699998768
166000 12.685185185185185 0.0034980825078259844 33.77168909259259 0.3472222222222222 45.312962962962956 45.333333333333336 0.0 45.333333333333336 0.8931007999926805
168000 12.833333333333334 0.0036387848664649735 33.788289555555544 0.3425925925925926 45.312962962962956 45.333333333333336 0.0 45.333333333333336 0.8710903999890434
170000 13.925925925925926 0.004509629591609366 33.64016568518518 0.3549382716049383 45.312962962962956 45.333333333333336 0.0 45.333333333333336 0.96613790000265
172000 13.61111111111111 0.004474616668541715 33.70275827777777 0.3302469135802469 45.312962962962956 45.333333333333336 0.0 45.333333333333336 0.9910083999857306
174000 13.962962962962964 -0.013776669671230781 33.65495412962963 0.3024691358024691 45.312962962962956 45.333333333333336 0.0 45.333333333333336 0.848453900005552
176000 19.944444444444443 -0.06610479432352966 32.9718020925926 0.3441358024691358 45.312962962962956 45.333333333333336 0.0 45.333333333333336 0.8860525000054622
178000 12.11111111111111 -0.014428079670688886 33.656197962962956 0.3148148148148148 45.312962962962956 45.333333333333336 0.0 45.333333333333336 0.8515831000113394
180000 15.925925925925926 0.005634085344797419 33.08739096296296 0.36574074074074076 45.312962962962956 45.333333333333336 0.0 45.333333333333336 1.0381416000018362
182000 16.01851851851852 -0.03153434969331588 33.04398974074074 0.3811728395061728 45.312962962962956 45.333333333333336 0.0 45.333333333333336 0.957330200006254
184000 27.296296296296298 -0.11898641892229313 32.84536605555556 0.32716049382716045 45.312962962962956 45.333333333333336 0.0 45.333333333333336 0.9513412000087555
186000 8.74074074074074 -0.07233080213810297 34.72834822222222 0.25154320987654316 45.312962962962956 45.333333333333336 0.0 45.333333333333336 1.0643796999938786
188000 14.222222222222221 -0.014384942399521657 34.59115535185185 0.27314814814814814 45.312962962962956 45.333333333333336 0.0 45.333333333333336 1.0084610999911092
190000 13.74074074074074 -0.01479676384934808 34.48463707407407 0.28703703703703703 45.312962962962956 45.333333333333336 0.0 45.333333333333336 0.9225475999992341
192000 11.25925925925926 0.003063249480004759 34.48302861111111 0.25 45.312962962962956 45.333333333333336 0.0 45.333333333333336 0.8706028000015067
194000 11.37037037037037 0.0030560993718345207 34.429534796296295 0.27314814814814814 45.312962962962956 45.333333333333336 0.0 45.333333333333336 0.8926554999925429
196000 23.925925925925927 -0.00920317020635922 33.292950037037045 0.3148148148148148 45.312962962962956 45.333333333333336 0.0 45.333333333333336 0.8993286000040825
198000 23.685185185185187 0.009275314962616646 33.32660744444445 0.3194444444444444 45.312962962962956 45.333333333333336 0.0 45.333333333333336 0.9759001000056742
200000 27.61111111111111 -0.0447472903468551 32.44425775925927 0.3626543209876543 45.312962962962956 45.333333333333336 0.0 45.333333333333336 0.8993610000034096
202000 27.72222222222222 -0.13733939353741503 32.58899568518519 0.308641975308642 45.312962962962956 45.333333333333336 0.0 45.333333333333336 0.9243147000088356
204000 27.75925925925926 -0.15576269471705229 32.589921611111116 0.308641975308642 45.312962962962956 45.333333333333336 0.0 45.333333333333336 0.9321089000004577
206000 16.62962962962963 0.005361752583494257 33.50317883333333 0.3271604938271605 45.312962962962956 45.333333333333336 0.0 45.333333333333336 0.9582826999976533
208000 9.666666666666666 0.002536522300665237 33.95764753703703 0.29012345679012347 45.312962962962956 45.333333333333336 0.0 45.333333333333336 0.855947300005937
210000 25.88888888888889 -0.06383739241192495 32.825491500000005 0.3395061728395061 45.312962962962956 45.333333333333336 0.0 45.333333333333336 0.8918199000036111
212000 13.518518518518519 -0.07092833012736438 34.27337559259259 0.3024691358024691 45.312962962962956 45.333333333333336 0.0 45.333333333333336 1.0367116999987047
214000 24.333333333333332 -0.12058716336619205 33.33308698148148 0.3518518518518518 45.312962962962956 45.333333333333336 0.0 45.333333333333336 0.8898315999977058
216000 9.351851851851851 -0.23893911290824732 35.132688870370366 0.2638888888888889 45.312962962962956 45.333333333333336 0.0 45.333333333333336 0.8992370000050869
218000 14.87037037037037 -0.21786311025128033 34.81996664814814 0.2824074074074074 45.312962962962956 45.333333333333336 0.0 45.333333333333336 0.9248961999983294
220000 22.87037037037037 -0.2324511338119402 34.09567031481482 0.3132716049382716 45.312962962962956 45.333333333333336 0.0 45.333333333333336 0.9614714999916032
222000 10.351851851851851 -0.07140228808523011 34.569419814814815 0.2854938271604939 45.312962962962956 45.333333333333336 0.0 45.333333333333336 0.9027525999990758
224000 10.555555555555555 -0.034278206786183554 34.1111445 0.3148148148148148 45.312962962962956 45.333333333333336 0.0 45.333333333333336 0.9765784000046551
226000 13.814814814814815 -0.1246503504791841 33.95221414814815 0.3410493827160494 45.312962962962956 45.333333333333336 0.0 45.333333333333336 0.8507106000033673
228000 12.61111111111111 -0.08861500373487992 33.86977988888889 0.33179012345679015 45.312962962962956 45.333333333333336 0.0 45.333333333333336 0.867776800005231
230000 14.351851851851851 -0.01374143815108215 33.35635396296296 0.3811728395061728 45.312962962962956 45.333333333333336 0.0 45.333333333333336 0.8812315999966813
232000 13.11111111111111 -0.03302089898173112 33.67598179629629 0.3672839506172839 45.312962962962956 45.333333333333336 0.0 45.333333333333336 0.9249382999987574
234000 12.851851851851851 0.0039926251587549325 33.5871392037037 0.37808641975308643 45.312962962962956 45.333333333333336 0.0 45.333333333333336 0.9385256000095978
236000 9.925925925925926 0.002623533436048044 33.831358851851846 0.33179012345679015 45.312962962962956 45.333333333333336 0.0 45.333333333333336 1.0261758000124246
238000 12.092592592592593 0.003341917913408855 33.79465205555555 0.35648148148148145 45.312962962962956 45.333333333333336 0.0 45.333333333333336 0.9266293000109727
240000 10.88888888888889 0.002910777565325534 33.74432181481481 0.35956790123456794 45.312962962962956 45.333333333333336 0.0 45.333333333333336 0.9299443999916548
242000 10.796296296296296 0.002603146530089049 34.146164407407404 0.33487654320987653 45.312962962962956 45.333333333333336 0.0 45.333333333333336 0.8466625000000931
244000 12.61111111111111 0.0035521356308678056 33.82451316666666 0.3441358024691358 45.312962962962956 45.333333333333336 0.0 45.333333333333336 0.9360709000029601
246000 12.25925925925926 0.003149493214104546 34.03284649999999 0.3256172839506173 45.312962962962956 45.333333333333336 0.0 45.333333333333336 0.9552343999966979
248000 12.11111111111111 0.0032749875850089393 34.3229113148148 0.3256172839506173 45.312962962962956 45.333333333333336 0.0 45.333333333333336 0.9381066999922041
250000 11.333333333333334 0.0029084193840024693 34.85723677777777 0.30092592592592593 45.312962962962956 45.333333333333336 0.0 45.333333333333336 0.8716561999899568
252000 11.833333333333334 -0.0708131343280411 34.54712566666666 0.3302469135802469 45.312962962962956 45.333333333333336 0.0 45.333333333333336 0.9269115999923088
254000 11.88888888888889 -0.10776749758827843 34.490273814814806 0.33179012345679015 45.312962962962956 45.333333333333336 0.0 45.333333333333336 0.8752531000063755
256000 11.75925925925926 -0.14484712059963673 34.72119974074073 0.3194444444444444 45.312962962962956 45.333333333333336 0.0 45.333333333333336 0.9757019999960903
258000 12.796296296296296 -0.014836787970192921 33.88502242592592 0.3518518518518518 45.312962962962956 45.333333333333336 0.0 45.333333333333336 0.8545295000076294
260000 12.703703703703704 0.0036008399299557476 33.78192057407407 0.35185185185185186 45.312962962962956 45.333333333333336 0.0 45.333333333333336 0.8984616999950958
262000 12.296296296296296 0.0034084872830803265 33.89952859259259 0.3472222222222222 45.312962962962956 45.333333333333336 0.0 45.333333333333336 0.8970843000133755
264000 12.62962962962963 0.003521054318466465 34.00323229629629 0.36111111111111105 45.312962962962956 45.333333333333336 0.0 45.333333333333336 0.8963696999999229
266000 13.351851851851851 0.004214813421859415 33.588534759259254 0.36419753086419754 45.312962962962956 45.333333333333336 0.0 45.333333333333336 0.8523744999984046
268000 13.88888888888889 0.004392036734556946 33.485602666666665 0.36419753086419754 45.312962962962956 45.333333333333336 0.0 45.333333333333336 0.9811984999978449
270000 16.77777777777778 0.005869735940204958 32.86691748148147 0.39814814814814814 45.312962962962956 45.333333333333336 0.0 45.333333333333336 0.9345289000048069
272000 26.72222222222222 0.010282789488498836 31.86401007407406 0.4320987654320988 45.312962962962956 45.333333333333336 0.0 45.333333333333336 0.8287525000050664
274000 29.666666666666668 0.0115742982743659 31.593469962962953 0.42283950617283955 45.312962962962956 45.333333333333336 0.0 45.333333333333336 0.9435758000036003
276000 33.2037037037037 0.012561213168925613 31.04402551851851 0.4444444444444444 45.312962962962956 45.333333333333336 0.0 45.333333333333336 0.872427800000878
278000 32.351851851851855 0.011541642202613826 31.48430329629629 0.4444444444444444 45.312962962962956 45.333333333333336 0.0 45.333333333333336 0.8943983000062872
280000 32.05555555555556 -0.008940399638766024 31.828161314814807 0.40586419753086417 45.312962962962956 45.333333333333336 0.0 45.333333333333336 0.8929448999988381
282000 33.05555555555556 -0.008639981811974248 31.969966870370367 0.41203703703703703 45.312962962962956 45.333333333333336 0.0 45.333333333333336 0.861979599998449
284000 36.148148148148145 0.012106535467939081 31.26612427777777 0.41975308641975306 45.312962962962956 45.333333333333336 0.0 45.333333333333336 0.8961122000036994
286000 43.75925925925926 0.016348864436186664 30.61343292592592 0.4475308641975308 45.312962962962956 45.333333333333336 0.0 45.333333333333336 0.8793430000077933
288000 48.44444444444444 0.019085487811973147 30.157044037037032 0.48148148148148145 45.312962962962956 45.333333333333336 0.0 45.333333333333336 0.8305775999906473
290000 51.7962962962963 0.021014838082082193 29.78556255555555 0.4876543209876543 45.312962962962956 45.333333333333336 0.0 45.333333333333336 0.9044046999915736
292000 53.148148148148145 0.02170422114052984 29.607784777777777 0.4907407407407407 45.312962962962956 45.333333333333336 0.0 45.333333333333336 0.9024100000096951
294000 53.592592592592595 0.02182824606895192 29.68185885185185 0.4907407407407407 45.312962962962956 45.333333333333336 0.0 45.333333333333336 1.0648360999912256
296000 54.01851851851852 0.021975993835370897 29.685562555555553 0.4907407407407407 45.312962962962956 45.333333333333336 0.0 45.333333333333336 0.9824407999985851
298000 63.611111111111114 -0.025480599864657907 29.968020129629622 0.5030864197530863 45.312962962962956 45.333333333333336 0.0 45.333333333333336 0.9207369999930961
300000 86.62962962962963 0.023640653861321168 29.46942862962964 0.5478395061728394 45.312962962962956 45.333333333333336 0.0 45.333333333333336 0.9358781000046292
302000 96.61111111111111 0.04644067338603217 29.22369098148149 0.5586419753086419 45.312962962962956 45.333333333333336 0.0 45.333333333333336 0.9221537999983411
304000 98.4074074074074 0.0472761576219832 29.20646875925927 0.552469135802469 45.312962962962956 45.333333333333336 0.0 45.333333333333336 0.875677000003634
306000 98.62962962962963 0.047503103846673826 29.21943172222223 0.552469135802469 45.312962962962956 45.333333333333336 0.0 45.333333333333336 0.9436073999968357
308000 100.98148148148148 0.048500710886142974 29.20720950000001 0.552469135802469 45.312962962962956 45.333333333333336 0.0 45.333333333333336 0.8825112000049558
310000 103.62962962962963 0.0493537398730119 29.20720950000001 0.5679012345679012 45.312962962962956 45.333333333333336 0.0 45.333333333333336 0.8822321999905398
312000 103.62962962962963 0.0493537398730119 29.20720950000001 0.5679012345679012 45.312962962962956 45.333333333333336 0.0 45.333333333333336 0.8905120000126772
314000 103.62962962962963 0.0493537398730119 29.20720950000001 0.5679012345679012 45.312962962962956 45.333333333333336 0.0 45.333333333333336 0.9207592000020668
316000 103.62962962962963 0.0493537398730119 29.20720950000001 0.5679012345679012 45.312962962962956 45.333333333333336 0.0 45.333333333333336 0.9577398999972502
318000 103.62962962962963 0.0493537398730119 29.20720950000001 0.5679012345679012 45.312962962962956 45.333333333333336 0.0 45.333333333333336 0.9236237000004621
320000 103.62962962962963 0.0493537398730119 29.20720950000001 0.5679012345679012 45.312962962962956 45.333333333333336 0.0 45.333333333333336 0.9148758000083035
322000 101.94444444444444 0.04870901926649817 29.525172462962974 0.5447530864197531 45.312962962962956 45.333333333333336 0.0 45.333333333333336 0.8744338999968022
324000 103.62962962962963 0.0493537398730119 29.20720950000001 0.5679012345679012 45.312962962962956 45.333333333333336 0.0 45.333333333333336 0.8890054999938002
326000 98.29629629629629 0.047429906329699054 29.989061351851863 0.5262345679012346 45.312962962962956 45.333333333333336 0.0 45.333333333333336 1.0163190000021132
328000 103.62962962962963 0.0493537398730119 29.20720950000001 0.5679012345679012 45.312962962962956 45.333333333333336 0.0 45.333333333333336 0.9572328999929596
330000 103.62962962962963 0.0493537398730119 29.20720950000001 0.5679012345679012 45.312962962962956 45.333333333333336 0.0 45.333333333333336 0.9322144000034314
332000 98.29629629629629 0.047429906329699054 29.989061351851863 0.5262345679012346 45.312962962962956 45.333333333333336 0.0 45.333333333333336 0.910272499997518
334000 101.94444444444444 0.04870901926649817 29.525172462962974 0.5447530864197531 45.312962962962956 45.333333333333336 0.0 45.333333333333336 0.9721789999894099
336000 98.29629629629629 0.047429906329699054 29.989061351851863 0.5262345679012346 45.312962962962956 45.333333333333336 0.0 45.333333333333336 0.916584700011299
338000 98.29629629629629 0.047429906329699054 29.989061351851863 0.5262345679012346 45.312962962962956 45.333333333333336 0.0 45.333333333333336 0.8501620000024559
340000 103.62962962962963 0.0493537398730119 29.20720950000001 0.5679012345679012 45.312962962962956 45.333333333333336 0.0 45.333333333333336 0.9972074999968754
342000 103.62962962962963 0.0493537398730119 29.20720950000001 0.5679012345679012 45.312962962962956 45.333333333333336 0.0 45.333333333333336 0.9406718999962322
344000 103.62962962962963 0.0493537398730119 29.20720950000001 0.5679012345679012 45.312962962962956 45.333333333333336 0.0 45.333333333333336 0.8341014000034193
346000 103.62962962962963 0.0493537398730119 29.20720950000001 0.5679012345679012 45.312962962962956 45.333333333333336 0.0 45.333333333333336 0.91519280000648
348000 103.62962962962963 0.0493537398730119 29.20720950000001 0.5679012345679012 45.312962962962956 45.333333333333336 0.0 45.333333333333336 0.9621176000073319
350000 103.62962962962963 0.0493537398730119 29.20720950000001 0.5679012345679012 45.312962962962956 45.333333333333336 0.0 45.333333333333336 0.9203245999960927
352000 103.62962962962963 0.0493537398730119 29.20720950000001 0.5679012345679012 45.312962962962956 45.333333333333336 0.0 45.333333333333336 0.9922195999970427
354000 103.62962962962963 0.0493537398730119 29.20720950000001 0.5679012345679012 45.312962962962956 45.333333333333336 0.0 45.333333333333336 1.041061100011575
356000 103.62962962962963 0.0493537398730119 29.20720950000001 0.5679012345679012 45.312962962962956 45.333333333333336 0.0 45.333333333333336 0.8652835999964736
358000 103.62962962962963 0.0493537398730119 29.20720950000001 0.5679012345679012 45.312962962962956 45.333333333333336 0.0 45.333333333333336 0.9690695000026608
360000 103.62962962962963 0.0493537398730119 29.20720950000001 0.5679012345679012 45.312962962962956 45.333333333333336 0.0 45.333333333333336 1.0351571000064723
362000 103.62962962962963 0.0493537398730119 29.20720950000001 0.5679012345679012 45.312962962962956 45.333333333333336 0.0 45.333333333333336 0.9467471999960253
364000 103.62962962962963 0.0493537398730119 29.20720950000001 0.5679012345679012 45.312962962962956 45.333333333333336 0.0 45.333333333333336 0.8575973000115482
366000 103.62962962962963 0.0493537398730119 29.20720950000001 0.5679012345679012 45.312962962962956 45.333333333333336 0.0 45.333333333333336 0.9792868000076851
368000 103.62962962962963 0.0493537398730119 29.20720950000001 0.5679012345679012 45.312962962962956 45.333333333333336 0.0 45.333333333333336 0.934868500000448
370000 103.62962962962963 0.0493537398730119 29.20720950000001 0.5679012345679012 45.312962962962956 45.333333333333336 0.0 45.333333333333336 0.9722769000072731
372000 103.62962962962963 0.0493537398730119 29.20720950000001 0.5679012345679012 45.312962962962956 45.333333333333336 0.0 45.333333333333336 0.9928139999974519
374000 103.62962962962963 0.0493537398730119 29.20720950000001 0.5679012345679012 45.312962962962956 45.333333333333336 0.0 45.333333333333336 0.9336860000039451
376000 103.62962962962963 0.0493537398730119 29.20720950000001 0.5679012345679012 45.312962962962956 45.333333333333336 0.0 45.333333333333336 0.9087380999990273
378000 103.62962962962963 0.0493537398730119 29.20720950000001 0.5679012345679012 45.312962962962956 45.333333333333336 0.0 45.333333333333336 0.9066063999925973
380000 103.62962962962963 0.0493537398730119 29.20720950000001 0.5679012345679012 45.312962962962956 45.333333333333336 0.0 45.333333333333336 0.9437630000029458
382000 103.62962962962963 0.0493537398730119 29.20720950000001 0.5679012345679012 45.312962962962956 45.333333333333336 0.0 45.333333333333336 0.9049368999985745
384000 103.62962962962963 0.0493537398730119 29.20720950000001 0.5679012345679012 45.312962962962956 45.333333333333336 0.0 45.333333333333336 0.9049353000009432
386000 103.62962962962963 0.0493537398730119 29.20720950000001 0.5679012345679012 45.312962962962956 45.333333333333336 0.0 45.333333333333336 0.9497641000052681
388000 103.62962962962963 0.0493537398730119 29.20720950000001 0.5679012345679012 45.312962962962956 45.333333333333336 0.0 45.333333333333336 0.9742097999987891
390000 103.62962962962963 0.0493537398730119 29.20720950000001 0.5679012345679012 45.312962962962956 45.333333333333336 0.0 45.333333333333336 0.9164195999910589
392000 103.62962962962963 0.0493537398730119 29.20720950000001 0.5679012345679012 45.312962962962956 45.333333333333336 0.0 45.333333333333336 0.9190409000002546
394000 103.62962962962963 0.0493537398730119 29.20720950000001 0.5679012345679012 45.312962962962956 45.333333333333336 0.0 45.333333333333336 1.005408900004113
396000 103.62962962962963 0.0493537398730119 29.20720950000001 0.5679012345679012 45.312962962962956 45.333333333333336 0.0 45.333333333333336 1.025067399998079
398000 103.62962962962963 0.0493537398730119 29.20720950000001 0.5679012345679012 45.312962962962956 45.333333333333336 0.0 45.333333333333336 0.9512581000017235
400000 103.62962962962963 0.0493537398730119 29.20720950000001 0.5679012345679012 45.312962962962956 45.333333333333336 0.0 45.333333333333336 0.9508205000020098
402000 103.62962962962963 0.0493537398730119 29.20720950000001 0.5679012345679012 45.312962962962956 45.333333333333336 0.0 45.333333333333336 0.953289400000358
404000 103.62962962962963 0.0493537398730119 29.20720950000001 0.5679012345679012 45.312962962962956 45.333333333333336 0.0 45.333333333333336 0.9927486999949906
406000 103.62962962962963 0.0493537398730119 29.20720950000001 0.5679012345679012 45.312962962962956 45.333333333333336 0.0 45.333333333333336 0.8574211999948602
408000 103.62962962962963 0.0493537398730119 29.20720950000001 0.5679012345679012 45.312962962962956 45.333333333333336 0.0 45.333333333333336 0.8881063000007998
410000 103.62962962962963 0.0493537398730119 29.20720950000001 0.5679012345679012 45.312962962962956 45.333333333333336 0.0 45.333333333333336 0.9696288999984972
412000 103.62962962962963 0.0493537398730119 29.20720950000001 0.5679012345679012 45.312962962962956 45.333333333333336 0.0 45.333333333333336 0.93705000000773
414000 103.62962962962963 0.0493537398730119 29.20720950000001 0.5679012345679012 45.312962962962956 45.333333333333336 0.0 45.333333333333336 0.9362867000018014
416000 103.62962962962963 0.0493537398730119 29.20720950000001 0.5679012345679012 45.312962962962956 45.333333333333336 0.0 45.333333333333336 0.8841889000032097
418000 103.62962962962963 0.0493537398730119 29.20720950000001 0.5679012345679012 45.312962962962956 45.333333333333336 0.0 45.333333333333336 0.9200249999994412
420000 103.62962962962963 0.0493537398730119 29.20720950000001 0.5679012345679012 45.312962962962956 45.333333333333336 0.0 45.333333333333336 0.8889362000045367
422000 103.62962962962963 0.0493537398730119 29.20720950000001 0.5679012345679012 45.312962962962956 45.333333333333336 0.0 45.333333333333336 0.9747571000043536
424000 103.62962962962963 0.0493537398730119 29.20720950000001 0.5679012345679012 45.312962962962956 45.333333333333336 0.0 45.333333333333336 0.9507736999948975
426000 103.62962962962963 0.0493537398730119 29.20720950000001 0.5679012345679012 45.312962962962956 45.333333333333336 0.0 45.333333333333336 0.896480800001882
428000 103.62962962962963 0.0493537398730119 29.20720950000001 0.5679012345679012 45.312962962962956 45.333333333333336 0.0 45.333333333333336 0.913302200002363
430000 103.62962962962963 0.0493537398730119 29.20720950000001 0.5679012345679012 45.312962962962956 45.333333333333336 0.0 45.333333333333336 0.915668600006029
432000 103.62962962962963 0.0493537398730119 29.20720950000001 0.5679012345679012 45.312962962962956 45.333333333333336 0.0 45.333333333333336 0.8685961999872234
434000 103.62962962962963 0.0493537398730119 29.20720950000001 0.5679012345679012 45.312962962962956 45.333333333333336 0.0 45.333333333333336 0.882869799999753
436000 103.62962962962963 0.0493537398730119 29.20720950000001 0.5679012345679012 45.312962962962956 45.333333333333336 0.0 45.333333333333336 0.9378720999957295
438000 103.62962962962963 0.0493537398730119 29.20720950000001 0.5679012345679012 45.312962962962956 45.333333333333336 0.0 45.333333333333336 0.9216716999944765
440000 103.62962962962963 0.0493537398730119 29.20720950000001 0.5679012345679012 45.312962962962956 45.333333333333336 0.0 45.333333333333336 0.9188155000010738
442000 103.62962962962963 0.0493537398730119 29.20720950000001 0.5679012345679012 45.312962962962956 45.333333333333336 0.0 45.333333333333336 0.9274677000066731
444000 103.62962962962963 0.0493537398730119 29.20720950000001 0.5679012345679012 45.312962962962956 45.333333333333336 0.0 45.333333333333336 0.8697189000085928
446000 103.62962962962963 0.0493537398730119 29.20720950000001 0.5679012345679012 45.312962962962956 45.333333333333336 0.0 45.333333333333336 0.9198767000052612
448000 103.62962962962963 0.0493537398730119 29.20720950000001 0.5679012345679012 45.312962962962956 45.333333333333336 0.0 45.333333333333336 0.8931543999933638
450000 103.62962962962963 0.0493537398730119 29.20720950000001 0.5679012345679012 45.312962962962956 45.333333333333336 0.0 45.333333333333336 1.0192870000028051
452000 103.62962962962963 0.0493537398730119 29.20720950000001 0.5679012345679012 45.312962962962956 45.333333333333336 0.0 45.333333333333336 1.0587968000036199
454000 103.62962962962963 0.0493537398730119 29.20720950000001 0.5679012345679012 45.312962962962956 45.333333333333336 0.0 45.333333333333336 1.0160036999877775
456000 103.62962962962963 0.0493537398730119 29.20720950000001 0.5679012345679012 45.312962962962956 45.333333333333336 0.0 45.333333333333336 0.9305266000010306
458000 103.62962962962963 0.0493537398730119 29.20720950000001 0.5679012345679012 45.312962962962956 45.333333333333336 0.0 45.333333333333336 0.9126533000089694
460000 103.62962962962963 0.0493537398730119 29.20720950000001 0.5679012345679012 45.312962962962956 45.333333333333336 0.0 45.333333333333336 0.9208939999953145
462000 103.62962962962963 0.0493537398730119 29.20720950000001 0.5679012345679012 45.312962962962956 45.333333333333336 0.0 45.333333333333336 0.9353919999994105
464000 103.62962962962963 0.0493537398730119 29.20720950000001 0.5679012345679012 45.312962962962956 45.333333333333336 0.0 45.333333333333336 0.8858790999947814
466000 103.62962962962963 0.0493537398730119 29.20720950000001 0.5679012345679012 45.312962962962956 45.333333333333336 0.0 45.333333333333336 0.8862271000107285
468000 103.62962962962963 0.0493537398730119 29.20720950000001 0.5679012345679012 45.312962962962956 45.333333333333336 0.0 45.333333333333336 0.9242778000043472
470000 103.62962962962963 0.0493537398730119 29.20720950000001 0.5679012345679012 45.312962962962956 45.333333333333336 0.0 45.333333333333336 0.9300250000087544
472000 103.62962962962963 0.0493537398730119 29.20720950000001 0.5679012345679012 45.312962962962956 45.333333333333336 0.0 45.333333333333336 1.0003489000082482
474000 103.62962962962963 0.0493537398730119 29.20720950000001 0.5679012345679012 45.312962962962956 45.333333333333336 0.0 45.333333333333336 0.9115052999986801
476000 103.62962962962963 0.0493537398730119 29.20720950000001 0.5679012345679012 45.312962962962956 45.333333333333336 0.0 45.333333333333336 0.8704093999986071
478000 103.62962962962963 0.0493537398730119 29.20720950000001 0.5679012345679012 45.312962962962956 45.333333333333336 0.0 45.333333333333336 0.8939142000017455
480000 103.62962962962963 0.0493537398730119 29.20720950000001 0.5679012345679012 45.312962962962956 45.333333333333336 0.0 45.333333333333336 0.8734777000063332
482000 103.62962962962963 0.0493537398730119 29.20720950000001 0.5679012345679012 45.312962962962956 45.333333333333336 0.0 45.333333333333336 0.8855533999885665
484000 103.62962962962963 0.0493537398730119 29.20720950000001 0.5679012345679012 45.312962962962956 45.333333333333336 0.0 45.333333333333336 0.8994345999963116
486000 103.62962962962963 0.0493537398730119 29.20720950000001 0.5679012345679012 45.312962962962956 45.333333333333336 0.0 45.333333333333336 0.9571006000041962
488000 103.62962962962963 0.0493537398730119 29.20720950000001 0.5679012345679012 45.312962962962956 45.333333333333336 0.0 45.333333333333336 0.8959386000060476
490000 103.62962962962963 0.0493537398730119 29.20720950000001 0.5679012345679012 45.312962962962956 45.333333333333336 0.0 45.333333333333336 0.9358962999976939
492000 103.62962962962963 0.0493537398730119 29.20720950000001 0.5679012345679012 45.312962962962956 45.333333333333336 0.0 45.333333333333336 0.9127523000061046
494000 103.62962962962963 0.0493537398730119 29.20720950000001 0.5679012345679012 45.312962962962956 45.333333333333336 0.0 45.333333333333336 0.8866202000062913
496000 103.62962962962963 0.0493537398730119 29.20720950000001 0.5679012345679012 45.312962962962956 45.333333333333336 0.0 45.333333333333336 0.8290463999874191
498000 103.62962962962963 0.0493537398730119 29.20720950000001 0.5679012345679012 45.312962962962956 45.333333333333336 0.0 45.333333333333336 0.8035280000040075
500000 103.62962962962963 0.0493537398730119 29.20720950000001 0.5679012345679012 45.312962962962956 45.333333333333336 0.0 45.333333333333336 0.7625025000015739
