2000 0.11538461538461539 8.278705261953223e-05 36.360932634615395 0.05448717948717948 45.301282057692305 45.30769230769231 4.4423076923076925 40.86538461538461 1.6250167000107467
4000 0.15384615384615385 8.52239187034263e-05 36.24006761538462 0.11538461538461536 45.301282057692305 45.30769230769231 4.365384615384615 40.94230769230769 1.7998130999621935
6000 0.09615384615384616 7.888768617218268e-05 36.65371761538461 0.10256410256410257 45.301282057692305 45.30769230769231 2.6346153846153846 42.67307692307692 1.9783659999957308
8000 0.4807692307692308 0.0002635269640677876 33.2386395576923 0.18589743589743588 45.301282057692305 45.30769230769231 3.4615384615384617 41.84615384615385 2.7204095000051893
10000 0.11538461538461539 4.8161578937231e-05 35.54073263461539 0.07692307692307693 45.301282057692305 45.30769230769231 3.8076923076923075 41.5 2.6944109000032768
12000 0.17307692307692307 0.0001340358368749478 34.22088000000001 0.16666666666666666 45.301282057692305 45.30769230769231 3.269230769230769 42.03846153846154 2.8920555000077
14000 0.09615384615384616 7.007070057182302e-05 35.24425426923076 0.1474358974358974 45.301282057692305 45.30769230769231 2.6346153846153846 42.67307692307692 2.881706200016197
16000 0.11538461538461539 7.106934317322793e-05 35.2776995 0.1233974358974359 45.301282057692305 45.30769230769231 2.6346153846153846 42.67307692307692 2.788977399992291
18000 0.07692307692307693 4.2404759186105883e-05 34.64146696153846 0.16987179487179485 45.301282057692305 45.30769230769231 3.480769230769231 41.82692307692308 2.579839500016533
20000 0.09615384615384616 6.919771521785993e-05 35.66801192307691 0.14743589743589744 45.301282057692305 45.30769230769231 3.0 42.30769230769231 2.8350965999998152
22000 0.09615384615384616 6.6650769476793e-05 35.49658709615385 0.15224358974358973 45.301282057692305 45.30769230769231 3.019230769230769 42.28846153846154 3.192945599963423
24000 0.17307692307692307 9.896430638830243e-05 34.388562057692305 0.13782051282051283 45.301282057692305 45.30769230769231 3.5576923076923075 41.75 3.164672299986705
26000 0.1346153846153846 6.234592313040992e-05 35.18768778846154 0.1971153846153846 45.301282057692305 45.30769230769231 3.076923076923077 42.23076923076923 3.38517199998023
28000 0.09615384615384616 7.808159958691015e-05 35.624882653846164 0.1971153846153846 45.301282057692305 45.30769230769231 3.0 42.30769230769231 3.3858111000154167
30000 0.09615384615384616 2.7653695499707625e-05 35.40853634615384 0.1842948717948718 45.301282057692305 45.30769230769231 3.0 42.30769230769231 3.35284910001792
32000 0.09615384615384616 2.8505503350214708e-05 35.34095051923076 0.1233974358974359 45.301282057692305 45.30769230769231 3.0576923076923075 42.25 3.1079348000348546
34000 0.11538461538461539 3.821258370647706e-05 35.20307078846153 0.11378205128205127 45.301282057692305 45.30769230769231 3.0961538461538463 42.21153846153846 3.586511400004383
36000 0.09615384615384616 3.163039883302883e-05 35.28486073076923 0.13141025641025642 45.301282057692305 45.30769230769231 3.076923076923077 42.23076923076923 3.2805804000236094
38000 0.09615384615384616 8.847834324757112e-05 35.16894155769229 0.1121794871794872 45.301282057692305 45.30769230769231 3.076923076923077 42.23076923076923 3.184310499986168
40000 0.11538461538461539 7.225184570705256e-05 34.99987049999999 0.11538461538461539 45.301282057692305 45.30769230769231 2.980769230769231 42.32692307692308 3.2758274000370875
42000 0.11538461538461539 5.248187051684028e-05 35.349224634615396 0.12980769230769232 45.301282057692305 45.30769230769231 3.1346153846153846 42.17307692307692 3.5927004999830388
44000 0.11538461538461539 2.5268813239209748e-05 35.57242463461539 0.12179487179487179 45.301282057692305 45.30769230769231 3.019230769230769 42.28846153846154 3.404900399968028
46000 0.09615384615384616 3.63829805607983e-05 35.29815709615384 0.14102564102564102 45.301282057692305 45.30769230769231 3.173076923076923 42.13461538461539 3.0998929999768734
48000 0.09615384615384616 4.5548328415663816e-05 36.041272250000006 0.17628205128205127 45.301282057692305 45.30769230769231 2.6923076923076925 42.61538461538461 3.5063399999635294
50000 0.09615384615384616 4.7134358573284054e-05 36.01750063461539 0.1298076923076923 45.301282057692305 45.30769230769231 2.6346153846153846 42.67307692307692 3.336318999994546
52000 0.07692307692307693 9.470135004369695e-05 35.738584249999995 0.1939102564102564 45.301282057692305 45.30769230769231 2.6346153846153846 42.67307692307692 3.293870199995581
54000 0.07692307692307693 9.202305476370042e-05 35.798316442307694 0.16506410256410253 45.301282057692305 45.30769230769231 2.6346153846153846 42.67307692307692 3.4102808000170626
56000 0.07692307692307693 8.463673610442695e-05 35.630581788461534 0.2435897435897436 45.301282057692305 45.30769230769231 2.6346153846153846 42.67307692307692 3.1775748999789357
58000 0.07692307692307693 7.318798180944806e-05 35.659411019230774 0.1490384615384615 45.301282057692305 45.30769230769231 2.6346153846153846 42.67307692307692 3.262179900018964
60000 0.19230769230769232 0.00011857577729220179 35.456226461538456 0.1233974358974359 45.301282057692305 45.30769230769231 2.6346153846153846 42.67307692307692 3.2339468999998644
62000 0.09615384615384616 9.119366822745196e-05 35.38293080769231 0.11698717948717949 45.301282057692305 45.30769230769231 2.75 42.55769230769231 3.2573340000235476
64000 0.07692307692307693 4.973351061817609e-05 35.827589999999994 0.18429487179487178 45.301282057692305 45.30769230769231 2.6346153846153846 42.67307692307692 3.3246344999643043
66000 0.11538461538461539 9.344855620063529e-05 35.60194805769232 0.15544871794871792 45.301282057692305 45.30769230769231 2.6346153846153846 42.67307692307692 3.2705662000225857
68000 0.07692307692307693 9.667842202884221e-05 35.62951282692308 0.17467948717948717 45.301282057692305 45.30769230769231 2.7115384615384617 42.59615384615385 3.173244600009639
70000 0.11538461538461539 5.6894616382226124e-05 35.67450753846155 0.10096153846153846 45.301282057692305 45.30769230769231 2.8846153846153846 42.42307692307692 3.5370780000230297
72000 0.1346153846153846 8.614847074281253e-05 35.63128184615385 0.08974358974358974 45.301282057692305 45.30769230769231 2.923076923076923 42.38461538461539 3.201568899967242
74000 0.09615384615384616 6.781255070480255e-05 35.86281417307692 0.10416666666666667 45.301282057692305 45.30769230769231 2.75 42.55769230769231 3.275661299994681
76000 0.1346153846153846 8.123810894966904e-05 35.48438001923076 0.1378205128205128 45.301282057692305 45.30769230769231 3.0 42.30769230769231 3.1854510999983177
78000 0.17307692307692307 8.199844617487418e-05 34.71914965384615 0.1506410256410256 45.301282057692305 45.30769230769231 2.9423076923076925 42.36538461538461 3.5303930999943987
80000 0.11538461538461539 6.498441199211673e-05 35.335341596153846 0.14262820512820512 45.301282057692305 45.30769230769231 2.769230769230769 42.53846153846154 3.319523299986031
82000 0.15384615384615385 7.029684728821717e-05 35.80008486538462 0.08493589743589743 45.301282057692305 45.30769230769231 2.6923076923076925 42.61538461538461 3.4574397999676876
84000 0.09615384615384616 4.513137027551414e-05 36.26162384615384 0.07852564102564104 45.301282057692305 45.30769230769231 2.6346153846153846 42.67307692307692 3.4642694999929518
86000 0.17307692307692307 0.00010374095749494148 35.17348165384615 0.1169871794871795 45.301282057692305 45.30769230769231 2.6346153846153846 42.67307692307692 3.168969999998808
88000 0.11538461538461539 3.9498472219599734e-05 35.98491405769231 0.08493589743589744 45.301282057692305 45.30769230769231 2.6346153846153846 42.67307692307692 3.3721593000227585
90000 0.11538461538461539 2.827129206258788e-05 36.177221846153834 0.09455128205128206 45.301282057692305 45.30769230769231 2.6346153846153846 42.67307692307692 3.4801081999903545
92000 0.11538461538461539 9.170852978423739e-05 35.75093944230769 0.08333333333333333 45.301282057692305 45.30769230769231 2.6346153846153846 42.67307692307692 3.3092924000229686
94000 0.09615384615384616 3.538500960243705e-05 35.99132451923078 0.07371794871794872 45.301282057692305 45.30769230769231 2.6346153846153846 42.67307692307692 3.4914258000208065
96000 0.11538461538461539 -0.057625446026068526 36.145704769230775 0.05128205128205128 45.301282057692305 45.30769230769231 2.6346153846153846 42.67307692307692 3.0842245999956504
98000 0.11538461538461539 -0.05762206908994879 36.02978651923078 0.10737179487179487 45.301282057692305 45.30769230769231 2.6346153846153846 42.67307692307692 3.2565089000272565
100000 0.11538461538461539 -0.05764558565806578 35.90638871153847 0.1169871794871795 45.301282057692305 45.30769230769231 2.6346153846153846 42.67307692307692 3.2975270999595523
102000 0.1346153846153846 8.52122471955145e-05 35.83213609615385 0.1137820512820513 45.301282057692305 45.30769230769231 2.6346153846153846 42.67307692307692 3.1883656000136398
104000 0.11538461538461539 -0.019170157079872012 35.954999134615385 0.06891025641025642 45.301282057692305 45.30769230769231 2.6346153846153846 42.67307692307692 3.245811800006777
106000 0.09615384615384616 6.0658025164698004e-05 36.15104636538462 0.0592948717948718 45.301282057692305 45.30769230769231 2.6346153846153846 42.67307692307692 3.23282219999237
108000 0.09615384615384616 -0.03840739348941996 36.03031986538462 0.07211538461538461 45.301282057692305 45.30769230769231 2.6346153846153846 42.67307692307692 3.3755633999826387
110000 0.09615384615384616 -0.019196947598629006 36.068247365384615 0.07371794871794872 45.301282057692305 45.30769230769231 2.6346153846153846 42.67307692307692 3.354201899957843
112000 0.11538461538461539 -0.019107843833364526 35.848696326923076 0.11217948717948717 45.301282057692305 45.30769230769231 2.6346153846153846 42.67307692307692 3.3926183999865316
114000 0.09615384615384616 4.9746409874951004e-05 35.88940180769231 0.12019230769230768 45.301282057692305 45.30769230769231 2.6346153846153846 42.67307692307692 3.3113004999468103
116000 0.09615384615384616 -0.038431289334445375 35.606174961538464 0.10576923076923077 45.301282057692305 45.30769230769231 2.6346153846153846 42.67307692307692 3.373093100031838
118000 0.1346153846153846 -0.03843863448615465 35.8649895 0.11858974358974358 45.301282057692305 45.30769230769231 2.6346153846153846 42.67307692307692 3.434383199957665
120000 0.11538461538461539 -0.05761870770730792 35.99318934615385 0.08493589743589743 45.301282057692305 45.30769230769231 2.6346153846153846 42.67307692307692 3.5205666999681853
122000 0.1346153846153846 -0.038366304515783926 36.14484565384616 0.10096153846153846 45.301282057692305 45.30769230769231 2.6346153846153846 42.67307692307692 3.3224318000138737
124000 0.09615384615384616 4.221987736652116e-05 36.28052980769232 0.1121794871794872 45.301282057692305 45.30769230769231 2.6346153846153846 42.67307692307692 3.489169000007678
126000 0.07692307692307693 2.5805568494199247e-05 36.28889859615387 0.09615384615384613 45.301282057692305 45.30769230769231 2.6346153846153846 42.67307692307692 3.373142700002063
128000 0.07692307692307693 3.2208712250255927e-05 36.35033063461539 0.1217948717948718 45.301282057692305 45.30769230769231 2.6346153846153846 42.67307692307692 3.310305099992547
130000 0.07692307692307693 2.777722983685772e-05 36.35941165384615 0.10737179487179488 45.301282057692305 45.30769230769231 2.6538461538461537 42.65384615384615 3.289489799994044
132000 0.07692307692307693 2.722383124595911e-05 36.316142096153854 0.08653846153846154 45.301282057692305 45.30769230769231 2.6346153846153846 42.67307692307692 3.1029506999766454
134000 0.07692307692307693 7.857633340668604e-05 36.219453903846166 0.07692307692307693 45.301282057692305 45.30769230769231 2.6538461538461537 42.65384615384615 3.340184200031217
136000 0.07692307692307693 9.189479914745227e-05 35.78665969230769 0.09935897435897437 45.301282057692305 45.30769230769231 2.6346153846153846 42.67307692307692 3.657429000013508
138000 0.07692307692307693 3.8671780675095454e-05 35.9037478076923 0.11698717948717949 45.301282057692305 45.30769230769231 2.6538461538461537 42.65384615384615 3.3253168999799527
140000 0.07692307692307693 0.00010197824695415616 35.30354934615385 0.1233974358974359 45.301282057692305 45.30769230769231 2.673076923076923 42.63461538461539 3.229823599976953
142000 0.07692307692307693 7.4471452570475e-05 35.29927563461538 0.12660256410256412 45.301282057692305 45.30769230769231 2.6346153846153846 42.67307692307692 3.254745200043544
144000 0.07692307692307693 0.00011105166230072557 35.03609867307692 0.1330128205128205 45.301282057692305 45.30769230769231 2.6538461538461537 42.65384615384615 3.301328999979887
146000 0.07692307692307693 5.962464548651534e-05 35.01770707692308 0.14583333333333334 45.301282057692305 45.30769230769231 2.673076923076923 42.63461538461539 3.428839300002437
148000 0.07692307692307693 6.751791952313141e-05 35.03960915384616 0.13942307692307693 45.301282057692305 45.30769230769231 2.6538461538461537 42.65384615384615 3.2201410999987274
150000 0.07692307692307693 6.55623435738406e-05 35.02310242307692 0.16025641025641024 45.301282057692305 45.30769230769231 2.6538461538461537 42.65384615384615 3.3079202999942936
152000 0.1346153846153846 7.608551541722884e-05 34.62993953846154 0.16987179487179485 45.301282057692305 45.30769230769231 2.6538461538461537 42.65384615384615 3.2322497999994084
154000 0.09615384615384616 0.0001436196695766926 34.90585330769231 0.1474358974358974 45.301282057692305 45.30769230769231 2.673076923076923 42.63461538461539 3.2795035000308417
156000 0.09615384615384616 -0.019080530818116302 34.65243425 0.17788461538461536 45.301282057692305 45.30769230769231 2.6538461538461537 42.65384615384615 3.488275399955455
158000 0.09615384615384616 0.00014857426086879543 34.44410080769231 0.17147435897435898 45.301282057692305 45.30769230769231 2.6538461538461537 42.65384615384615 3.493710500013549
160000 0.09615384615384616 -0.019085222501276346 34.623588076923085 0.18910256410256407 45.301282057692305 45.30769230769231 2.6538461538461537 42.65384615384615 3.364003800030332
162000 0.07692307692307693 9.882878135899382e-05 34.88769082692309 0.14102564102564102 45.301282057692305 45.30769230769231 2.6538461538461537 42.65384615384615 3.5540297999978065
164000 0.07692307692307693 8.938127542889202e-05 34.88795236538462 0.13141025641025642 45.301282057692305 45.30769230769231 2.673076923076923 42.63461538461539 3.1971706000040285
166000 0.11538461538461539 0.00011785702645393307 34.69271223076923 0.125 45.301282057692305 45.30769230769231 2.7115384615384617 42.59615384615385 3.431906700017862
168000 0.11538461538461539 9.57429265173326e-05 34.473160596153846 0.14743589743589744 45.301282057692305 45.30769230769231 2.6346153846153846 42.67307692307692 3.145758200029377
170000 0.11538461538461539 0.00017881519298957297 34.55168619230769 0.14102564102564102 45.301282057692305 45.30769230769231 2.6346153846153846 42.67307692307692 3.2268285999889486
172000 0.11538461538461539 0.00017958496507452295 34.646237576923085 0.15544871794871792 45.301282057692305 45.30769230769231 2.6346153846153846 42.67307692307692 3.7485464999917895
174000 0.09615384615384616 8.196397560767387e-05 34.07786146153847 0.16826923076923078 45.301282057692305 45.30769230769231 2.6346153846153846 42.67307692307692 3.338611499988474
176000 0.21153846153846154 0.0002639048153480507 34.12059638461539 0.16826923076923078 45.301282057692305 45.30769230769231 2.6346153846153846 42.67307692307692 3.306236899981741
178000 0.1346153846153846 0.00020045465716371855 34.35617357692308 0.1506410256410256 45.301282057692305 45.30769230769231 2.6346153846153846 42.67307692307692 3.3272203000378795
180000 0.1346153846153846 0.00011186322050169695 35.54874951923077 0.11698717948717949 45.301282057692305 45.30769230769231 2.6346153846153846 42.67307692307692 3.2215249000000767
182000 0.09615384615384616 0.00010270393232442423 35.30489248076923 0.09134615384615384 45.301282057692305 45.30769230769231 2.6346153846153846 42.67307692307692 3.3897909999941476
184000 0.09615384615384616 5.958631254563764e-05 35.55142015384616 0.08653846153846154 45.301282057692305 45.30769230769231 2.6346153846153846 42.67307692307692 3.234554400027264
186000 0.09615384615384616 7.207422711194254e-05 35.1349135 0.1137820512820513 45.301282057692305 45.30769230769231 2.6346153846153846 42.67307692307692 3.481578500010073
188000 0.07692307692307693 5.9424751962426394e-05 35.611193653846165 0.09775641025641027 45.301282057692305 45.30769230769231 2.6346153846153846 42.67307692307692 3.1573236999684013
190000 0.07692307692307693 9.085271567326123e-05 34.911846442307684 0.11538461538461539 45.301282057692305 45.30769230769231 2.6346153846153846 42.67307692307692 3.3686258000088856
192000 0.09615384615384616 0.00011955930569113645 34.96381325000001 0.15384615384615385 45.301282057692305 45.30769230769231 2.6346153846153846 42.67307692307692 3.3365203000139445
194000 0.07692307692307693 6.69843645896586e-05 35.063437000000015 0.12499999999999999 45.301282057692305 45.30769230769231 2.6346153846153846 42.67307692307692 3.146152000001166
196000 0.07692307692307693 6.726883746461052e-05 35.201257673076924 0.13942307692307693 45.301282057692305 45.30769230769231 2.6346153846153846 42.67307692307692 3.19759910000721
198000 0.09615384615384616 6.608613535262478e-05 35.13330896153846 0.11057692307692307 45.301282057692305 45.30769230769231 2.6346153846153846 42.67307692307692 3.3691284999949858
200000 0.11538461538461539 6.659157242002344e-05 34.62876228846155 0.13141025641025642 45.301282057692305 45.30769230769231 2.6346153846153846 42.67307692307692 3.4866402999614365
202000 0.09615384615384616 7.839848821182535e-05 34.89478807692309 0.14262820512820512 45.301282057692305 45.30769230769231 2.6346153846153846 42.67307692307692 3.34872120001819
204000 0.11538461538461539 6.636190409819386e-05 34.38042359615386 0.14262820512820512 45.301282057692305 45.30769230769231 2.673076923076923 42.63461538461539 3.4243685999535955
206000 0.17307692307692307 5.3973097116975384e-05 33.9899799423077 0.18269230769230768 45.301282057692305 45.30769230769231 2.7884615384615383 42.51923076923077 3.323573799978476
208000 0.3076923076923077 9.088240582658007e-05 32.80141121153847 0.20673076923076927 45.301282057692305 45.30769230769231 2.826923076923077 42.48076923076923 3.6207125999499112
210000 0.25 7.73077436879421e-05 33.71998605769231 0.1971153846153846 45.301282057692305 45.30769230769231 2.8076923076923075 42.5 3.4569924999959767
212000 0.21153846153846154 -0.019164502121425692 34.26279830769231 0.1778846153846154 45.301282057692305 45.30769230769231 2.7884615384615383 42.51923076923077 3.3201235000160523
214000 0.15384615384615385 4.884937703592247e-05 34.66507228846154 0.19711538461538458 45.301282057692305 45.30769230769231 2.7884615384615383 42.51923076923077 3.3963853999739513
216000 0.09615384615384616 5.390954558776742e-05 35.000130346153846 0.16987179487179485 45.301282057692305 45.30769230769231 2.6346153846153846 42.67307692307692 3.3041661000461318
218000 0.11538461538461539 8.51055626942516e-05 35.21795721153847 0.17628205128205127 45.301282057692305 45.30769230769231 2.6346153846153846 42.67307692307692 3.4786381000303663
220000 0.1346153846153846 0.00016481381992762285 34.909623826923074 0.1778846153846154 45.301282057692305 45.30769230769231 2.6346153846153846 42.67307692307692 3.4670810000388883
222000 0.11538461538461539 6.537830697577417e-05 34.92458098076923 0.1506410256410256 45.301282057692305 45.30769230769231 2.6346153846153846 42.67307692307692 3.6519700000062585
224000 0.11538461538461539 6.445912203848004e-05 35.03763057692308 0.15705128205128205 45.301282057692305 45.30769230769231 2.6346153846153846 42.67307692307692 3.60496000002604
226000 0.1346153846153846 6.471470175699342e-05 34.82171151923076 0.15064102564102563 45.301282057692305 45.30769230769231 2.6346153846153846 42.67307692307692 3.324305199959781
228000 0.1346153846153846 5.948227881384443e-05 35.38185134615386 0.15544871794871792 45.301282057692305 45.30769230769231 2.6346153846153846 42.67307692307692 3.4327469000127167
230000 0.17307692307692307 8.123460034488264e-05 35.020739807692316 0.17467948717948717 45.301282057692305 45.30769230769231 2.6346153846153846 42.67307692307692 3.344668800011277
232000 0.15384615384615385 6.466005349572809e-05 35.02800503846153 0.17307692307692307 45.301282057692305 45.30769230769231 2.6346153846153846 42.67307692307692 3.273165499966126
234000 0.17307692307692307 9.19196594636739e-05 34.40247030769231 0.1875 45.301282057692305 45.30769230769231 2.6346153846153846 42.67307692307692 3.2924957999493927
236000 0.15384615384615385 6.0605934994632634e-05 34.034948538461535 0.20833333333333331 45.301282057692305 45.30769230769231 2.6346153846153846 42.67307692307692 3.38026850001188
238000 0.21153846153846154 0.00010388049517816689 34.028182057692305 0.21474358974358973 45.301282057692305 45.30769230769231 2.6346153846153846 42.67307692307692 3.2233514999970794
240000 0.21153846153846154 8.081295425771282e-05 33.4475193076923 0.17948717948717946 45.301282057692305 45.30769230769231 2.6346153846153846 42.67307692307692 3.149575499992352
242000 0.11538461538461539 4.215576690563231e-05 35.18747809615384 0.141025641025641 45.301282057692305 45.30769230769231 2.6346153846153846 42.67307692307692 3.1616919999942183
244000 0.19230769230769232 6.126103140222011e-05 33.514933769230765 0.2003205128205128 45.301282057692305 45.30769230769231 2.6346153846153846 42.67307692307692 3.3046606999705546
246000 0.25 9.318329606603698e-05 32.57999726923077 0.2676282051282051 45.301282057692305 45.30769230769231 2.6346153846153846 42.67307692307692 3.292229699960444
248000 0.2692307692307692 0.00014121648496258555 32.24826626923076 0.28205128205128205 45.301282057692305 45.30769230769231 2.6346153846153846 42.67307692307692 3.255592899979092
250000 0.25 9.650018221848143e-05 32.47315944230769 0.2676282051282051 45.301282057692305 45.30769230769231 2.6346153846153846 42.67307692307692 3.3152455000090413
252000 0.21153846153846154 0.00010106656202211502 33.219420692307686 0.22916666666666669 45.301282057692305 45.30769230769231 2.6346153846153846 42.67307692307692 3.261452400009148
254000 0.17307692307692307 0.0001581005420818503 34.19698567307691 0.18910256410256407 45.301282057692305 45.30769230769231 2.6346153846153846 42.67307692307692 3.1831740000052378
256000 0.1346153846153846 8.430583189202497e-05 34.61739203846153 0.17948717948717946 45.301282057692305 45.30769230769231 2.6346153846153846 42.67307692307692 3.212279400031548
258000 0.1346153846153846 0.00014215156745615878 34.99260601923078 0.17948717948717946 45.301282057692305 45.30769230769231 2.6346153846153846 42.67307692307692 3.190724099986255
260000 0.09615384615384616 0.00012762659717519147 34.69057609615385 0.16346153846153846 45.301282057692305 45.30769230769231 2.6346153846153846 42.67307692307692 3.167892600002233
262000 0.09615384615384616 -0.019169740918801314 34.92775065384615 0.17948717948717946 45.301282057692305 45.30769230769231 2.6538461538461537 42.65384615384615 3.07747219997691
264000 0.11538461538461539 -0.03838311015068932 35.456597326923074 0.14102564102564102 45.301282057692305 45.30769230769231 2.6538461538461537 42.65384615384615 3.2600207999930717
266000 0.07692307692307693 -0.05767443935992056 35.861250634615374 0.11858974358974358 45.301282057692305 45.30769230769231 2.6346153846153846 42.67307692307692 3.0961561999865808
268000 0.07692307692307693 -0.05767243312980238 35.83881461538461 0.11538461538461539 45.301282057692305 45.30769230769231 2.6538461538461537 42.65384615384615 3.1686965000117198
270000 0.07692307692307693 -0.09612563925382102 35.81637888461538 0.09615384615384616 45.301282057692305 45.30769230769231 2.6538461538461537 42.65384615384615 3.34504869999364
272000 0.07692307692307693 -0.173048963719503 35.297147480769226 0.1201923076923077 45.301282057692305 45.30769230769231 2.6346153846153846 42.67307692307692 3.300426200032234
274000 0.09615384615384616 -0.1730412975460633 34.9961266923077 0.1778846153846154 45.301282057692305 45.30769230769231 2.6346153846153846 42.67307692307692 3.174194799968973
276000 0.1346153846153846 -0.0960974742832865 34.93229698076922 0.18910256410256412 45.301282057692305 45.30769230769231 2.6346153846153846 42.67307692307692 3.1906923999777064
278000 0.1346153846153846 -0.019161108826911653 34.71290571153846 0.1778846153846154 45.301282057692305 45.30769230769231 2.8461538461538463 42.46153846153846 3.3998555000289343
280000 0.09615384615384616 -0.07688161798619067 34.96247863461537 0.2099358974358975 45.301282057692305 45.30769230769231 2.730769230769231 42.57692307692308 3.21742160001304
282000 0.11538461538461539 -0.03839043678747195 34.80126025 0.19871794871794873 45.301282057692305 45.30769230769231 2.8653846153846154 42.44230769230769 3.168596300005447
284000 0.1346153846153846 -0.019105712038008843 34.38718734615384 0.21474358974358973 45.301282057692305 45.30769230769231 2.6346153846153846 42.67307692307692 3.2146921000094153
286000 0.1346153846153846 -0.0768550762663483 33.67097146153845 0.23076923076923073 45.301282057692305 45.30769230769231 2.8461538461538463 42.46153846153846 3.2485535999876447
288000 0.15384615384615385 -0.07681685654958509 33.53726403846153 0.22596153846153846 45.301282057692305 45.30769230769231 2.6346153846153846 42.67307692307692 3.493271800049115
290000 0.1346153846153846 -0.0383724745059191 34.350832980769226 0.22916666666666666 45.301282057692305 45.30769230769231 2.6346153846153846 42.67307692307692 3.511596800002735
292000 0.11538461538461539 -0.01915548832941319 34.21354651923077 0.23397435897435898 45.301282057692305 45.30769230769231 2.6346153846153846 42.67307692307692 3.2128884999547154
294000 0.09615384615384616 -0.019148488011285186 34.60896784615384 0.20833333333333334 45.301282057692305 45.30769230769231 2.75 42.55769230769231 3.287540399993304
296000 0.1346153846153846 -0.019113403507485076 33.81990015384615 0.2019230769230769 45.301282057692305 45.30769230769231 2.6538461538461537 42.65384615384615 3.1376050999970175
298000 0.21153846153846154 -0.019165291718588287 33.24969209615384 0.26121794871794873 45.301282057692305 45.30769230769231 2.6538461538461537 42.65384615384615 3.28469070000574
300000 0.25 -0.019168031874989847 33.19787605769231 0.27564102564102566 45.301282057692305 45.30769230769231 2.6923076923076925 42.61538461538461 3.2022880999720655
302000 0.1346153846153846 -0.019146945900694688 33.99725088461538 0.24839743589743588 45.301282057692305 45.30769230769231 2.6346153846153846 42.67307692307692 3.572093800001312
304000 0.21153846153846154 -0.01913179853702287 33.84050482692308 0.22596153846153846 45.301282057692305 45.30769230769231 2.673076923076923 42.63461538461539 3.451090499991551
306000 0.23076923076923078 -0.019175775097396937 33.39165944230769 0.22916666666666666 45.301282057692305 45.30769230769231 2.673076923076923 42.63461538461539 3.3157097000512294
308000 0.25 -0.01915041722521613 33.005639461538465 0.2772435897435897 45.301282057692305 45.30769230769231 2.75 42.55769230769231 3.372451299976092
310000 0.25 -0.01914821875400651 33.31226371153845 0.22275641025641027 45.301282057692305 45.30769230769231 2.769230769230769 42.53846153846154 3.5695025000022724
312000 0.23076923076923078 -0.019137100170851972 33.56046292307691 0.21153846153846154 45.301282057692305 45.30769230769231 2.6538461538461537 42.65384615384615 3.254907299997285
314000 0.23076923076923078 -0.0383577173061935 33.31035584615385 0.24519230769230768 45.301282057692305 45.30769230769231 2.769230769230769 42.53846153846154 3.2405814999947324
316000 0.21153846153846154 -0.019146805371549794 34.22467261538462 0.22275641025641024 45.301282057692305 45.30769230769231 2.6923076923076925 42.61538461538461 3.182392599992454
318000 0.19230769230769232 -0.019136895037885734 33.67745019230769 0.21794871794871795 45.301282057692305 45.30769230769231 2.673076923076923 42.63461538461539 3.298059299995657
320000 0.19230769230769232 -0.019152662594686724 33.61632382692308 0.25801282051282054 45.301282057692305 45.30769230769231 2.6923076923076925 42.61538461538461 3.1812177000101656
322000 0.21153846153846154 -0.019145785178338034 33.72049101923078 0.28205128205128205 45.301282057692305 45.30769230769231 2.673076923076923 42.63461538461539 3.54327760002343
324000 0.28846153846153844 -0.019150236167147082 33.00841776923077 0.2948717948717949 45.301282057692305 45.30769230769231 2.6923076923076925 42.61538461538461 3.3981725000194274
326000 0.19230769230769232 -0.01914602218908931 33.54634505769231 0.25801282051282054 45.301282057692305 45.30769230769231 2.6346153846153846 42.67307692307692 3.4590065999655053
328000 0.19230769230769232 -0.038414271305086116 33.345276326923084 0.27564102564102566 45.301282057692305 45.30769230769231 2.6346153846153846 42.67307692307692 3.287568400031887
330000 0.21153846153846154 -0.019154877375912642 32.91867332692308 0.2644230769230769 45.301282057692305 45.30769230769231 2.673076923076923 42.63461538461539 3.2467389999656007
332000 0.21153846153846154 5.789495843816211e-05 33.36632321153846 0.21634615384615385 45.301282057692305 45.30769230769231 2.730769230769231 42.57692307692308 3.4027623000438325
334000 0.25 -0.019137156888653844 33.05061809615385 0.24839743589743593 45.301282057692305 45.30769230769231 2.6923076923076925 42.61538461538461 3.1742448000004515
336000 0.28846153846153844 -0.019112549845356683 32.833737384615375 0.2548076923076923 45.301282057692305 45.30769230769231 2.7115384615384617 42.59615384615385 3.177997699996922
338000 0.3076923076923077 -0.019076932923689102 32.91582411538461 0.25801282051282054 45.301282057692305 45.30769230769231 2.6923076923076925 42.61538461538461 3.208208199997898
340000 0.23076923076923078 -0.019114666336879502 33.278003846153844 0.20833333333333334 45.301282057692305 45.30769230769231 2.769230769230769 42.53846153846154 3.293352300010156
342000 0.28846153846153844 0.0001382671428473848 33.24167898076924 0.2099358974358974 45.301282057692305 45.30769230769231 2.769230769230769 42.53846153846154 3.669990200025495
344000 0.23076923076923078 -0.019113209292796404 33.0628785 0.2371794871794872 45.301282057692305 45.30769230769231 2.769230769230769 42.53846153846154 3.4379911000141874
346000 0.23076923076923078 -0.019121528103299035 33.91867369230768 0.21794871794871795 45.301282057692305 45.30769230769231 2.730769230769231 42.57692307692308 3.4673502999939956
348000 0.15384615384615385 -0.019164421599215744 34.362049923076924 0.1490384615384615 45.301282057692305 45.30769230769231 2.7115384615384617 42.59615384615385 3.288715700036846
350000 0.23076923076923078 -0.019132825698520088 33.77559884615384 0.16666666666666669 45.301282057692305 45.30769230769231 2.8076923076923075 42.5 3.3503034000168554
352000 0.25 -0.03825128182024458 34.013057480769234 0.16987179487179485 45.301282057692305 45.30769230769231 2.8846153846153846 42.42307692307692 3.3846678000409156
354000 0.19230769230769232 -0.11518655958351998 34.32308132692307 0.11538461538461539 45.301282057692305 45.30769230769231 2.9423076923076925 42.36538461538461 3.140001600026153
356000 0.28846153846153844 -0.038326262060098044 33.993700634615394 0.17307692307692307 45.301282057692305 45.30769230769231 3.0576923076923075 42.25 3.202587499981746
358000 0.2692307692307692 -0.03833154227933071 34.45707184615385 0.1618589743589744 45.301282057692305 45.30769230769231 3.1346153846153846 42.17307692307692 3.13720330002252
360000 0.3269230769230769 -0.019078650235406294 33.3520965 0.19871794871794873 45.301282057692305 45.30769230769231 3.076923076923077 42.23076923076923 3.2354739000438713
362000 0.4230769230769231 -0.019060303752462572 32.73954921153845 0.23717948717948717 45.301282057692305 45.30769230769231 3.230769230769231 42.07692307692308 3.460673300025519
364000 0.38461538461538464 0.00016678442290403152 32.2755214423077 0.2644230769230769 45.301282057692305 45.30769230769231 3.019230769230769 42.28846153846154 3.6389225000166334
366000 0.46153846153846156 0.00022171132848174235 32.1289596153846 0.2580128205128206 45.301282057692305 45.30769230769231 3.0384615384615383 42.26923076923077 3.4152780000003986
368000 0.4423076923076923 0.00018121209028852732 32.56378909615383 0.20833333333333334 45.301282057692305 45.30769230769231 3.019230769230769 42.28846153846154 3.280473399965558
370000 0.3269230769230769 0.0003401988226501757 32.95594623076922 0.20032051282051283 45.301282057692305 45.30769230769231 2.8846153846153846 42.42307692307692 3.139189100009389
372000 0.2692307692307692 0.00010431714001980886 33.46668944230768 0.18910256410256412 45.301282057692305 45.30769230769231 2.9038461538461537 42.40384615384615 3.220564999966882
374000 0.28846153846153844 0.00016153642434805221 33.85515101923076 0.16025641025641024 45.301282057692305 45.30769230769231 2.7884615384615383 42.51923076923077 3.172405200020876
376000 0.28846153846153844 0.00014508626771128475 33.88533261538461 0.19230769230769232 45.301282057692305 45.30769230769231 2.8461538461538463 42.46153846153846 3.4424838999984786
378000 0.25 0.0001414803872534662 33.50605876923077 0.1842948717948718 45.301282057692305 45.30769230769231 2.75 42.55769230769231 3.191902000049595
380000 0.19230769230769232 0.0001259347220427974 34.19115534615385 0.11858974358974358 45.301282057692305 45.30769230769231 2.7884615384615383 42.51923076923077 3.1292215999565087
382000 0.17307692307692307 9.849564927227053e-05 35.16578200000001 0.10096153846153846 45.301282057692305 45.30769230769231 2.75 42.55769230769231 3.44984839996323
384000 0.21153846153846154 0.00011933829221298298 35.17274176923077 0.08653846153846154 45.301282057692305 45.30769230769231 2.7115384615384617 42.59615384615385 3.5162422000430524
386000 0.21153846153846154 9.785359830506309e-05 35.34993973076922 0.09455128205128203 45.301282057692305 45.30769230769231 2.7115384615384617 42.59615384615385 3.1922671999782324
388000 0.1346153846153846 9.555681207499169e-05 34.95464021153846 0.08814102564102563 45.301282057692305 45.30769230769231 2.730769230769231 42.57692307692308 3.312352499982808
390000 0.17307692307692307 0.00010593851357006344 34.90549503846154 0.07692307692307693 45.301282057692305 45.30769230769231 2.75 42.55769230769231 3.4160377999651246
392000 0.15384615384615385 9.632570537728765e-05 34.746627499999995 0.07852564102564104 45.301282057692305 45.30769230769231 2.6923076923076925 42.61538461538461 3.3988844000268728
394000 0.17307692307692307 0.0002764805917387837 33.657096903846146 0.15865384615384615 45.301282057692305 45.30769230769231 2.673076923076923 42.63461538461539 3.3935250000213273
396000 0.11538461538461539 0.0002697087028024034 34.49790934615384 0.1378205128205128 45.301282057692305 45.30769230769231 2.6923076923076925 42.61538461538461 3.474266199977137
398000 0.11538461538461539 0.0002620396536618984 34.475206326923065 0.1314102564102564 45.301282057692305 45.30769230769231 2.6923076923076925 42.61538461538461 3.3022584000136703
400000 0.15384615384615385 0.00012431173964895005 34.581771192307684 0.10737179487179487 45.301282057692305 45.30769230769231 2.6538461538461537 42.65384615384615 3.270520099962596
402000 0.1346153846153846 0.00010399746134198912 35.12001957692308 0.09294871794871797 45.301282057692305 45.30769230769231 2.6923076923076925 42.61538461538461 3.4848486999981105
404000 0.1346153846153846 0.00011209201157213727 34.62990725 0.10576923076923077 45.301282057692305 45.30769230769231 2.6538461538461537 42.65384615384615 3.3814426999888383
406000 0.1346153846153846 0.0001151630358316826 34.61121057692307 0.09294871794871797 45.301282057692305 45.30769230769231 2.6538461538461537 42.65384615384615 3.2894484999706037
408000 0.11538461538461539 0.00028911301839459387 34.46350742307691 0.09775641025641027 45.301282057692305 45.30769230769231 2.75 42.55769230769231 3.406614899984561
410000 0.11538461538461539 9.669457864796703e-05 35.05212951923076 0.09775641025641026 45.301282057692305 45.30769230769231 2.7884615384615383 42.51923076923077 3.727219899999909
412000 0.11538461538461539 9.482480643741028e-05 35.37903744230769 0.09935897435897437 45.301282057692305 45.30769230769231 2.6538461538461537 42.65384615384615 3.2302529999869876
414000 0.15384615384615385 0.00010293650391386176 35.3683538076923 0.07852564102564104 45.301282057692305 45.30769230769231 2.6538461538461537 42.65384615384615 3.2193414999637753
416000 0.09615384615384616 9.350298565134627e-05 35.609272653846155 0.08173076923076923 45.301282057692305 45.30769230769231 2.673076923076923 42.63461538461539 3.698313299973961
418000 0.11538461538461539 9.891337384639235e-05 35.33129638461538 0.09134615384615384 45.301282057692305 45.30769230769231 2.6538461538461537 42.65384615384615 3.629673700022977
420000 0.09615384615384616 9.464122095001384e-05 35.288347826923086 0.08653846153846154 45.301282057692305 45.30769230769231 2.6538461538461537 42.65384615384615 3.1810230999835767
422000 0.09615384615384616 9.400947140793606e-05 35.24201848076924 0.09134615384615384 45.301282057692305 45.30769230769231 2.673076923076923 42.63461538461539 3.7435346000129357
424000 0.1346153846153846 7.821878909626083e-05 35.06655278846154 0.07532051282051282 45.301282057692305 45.30769230769231 2.6538461538461537 42.65384615384615 3.6411250000237487
426000 0.15384615384615385 8.711783204948492e-05 34.7048919423077 0.13141025641025642 45.301282057692305 45.30769230769231 2.673076923076923 42.63461538461539 3.3359668999910355
428000 0.17307692307692307 0.00010049523055360319 34.68555432692309 0.12499999999999999 45.301282057692305 45.30769230769231 2.75 42.55769230769231 3.455604700022377
430000 0.15384615384615385 8.704830311461583e-05 35.27551209615385 0.12339743589743589 45.301282057692305 45.30769230769231 2.826923076923077 42.48076923076923 3.402383100008592
432000 0.15384615384615385 9.878088180882386e-05 35.30136688461539 0.10576923076923075 45.301282057692305 45.30769230769231 2.826923076923077 42.48076923076923 3.1594584999838844
434000 0.15384615384615385 9.877559304511494e-05 35.20007805769231 0.09294871794871794 45.301282057692305 45.30769230769231 2.9038461538461537 42.40384615384615 3.2604521000175737
436000 0.19230769230769232 0.0001128802660259238 35.29677286538461 0.08814102564102565 45.301282057692305 45.30769230769231 2.7884615384615383 42.51923076923077 3.2501341000315733
438000 0.15384615384615385 0.00012330160301564073 35.172948173076925 0.09294871794871794 45.301282057692305 45.30769230769231 2.75 42.55769230769231 3.446808000036981
440000 0.15384615384615385 9.915732702677262e-05 35.1447360576923 0.08653846153846154 45.301282057692305 45.30769230769231 2.826923076923077 42.48076923076923 3.4419508000137284
442000 0.15384615384615385 0.00011020398439704229 34.71818678846154 0.10576923076923077 45.301282057692305 45.30769230769231 2.9615384615384617 42.34615384615385 3.2860662000020966
444000 0.19230769230769232 0.00011066137793739026 34.647673807692314 0.1330128205128205 45.301282057692305 45.30769230769231 2.9615384615384617 42.34615384615385 3.2858580000465736
446000 0.19230769230769232 0.00013006337137753233 34.49222488461539 0.09935897435897435 45.301282057692305 45.30769230769231 2.9615384615384617 42.34615384615385 3.2611031999695115
448000 0.23076923076923078 0.00014449133088750631 34.00430413461538 0.14262820512820512 45.301282057692305 45.30769230769231 2.826923076923077 42.48076923076923 3.23739610001212
450000 0.17307692307692307 -0.019081711274101885 34.674704038461535 0.12179487179487178 45.301282057692305 45.30769230769231 2.9615384615384617 42.34615384615385 3.3270066999830306
452000 0.17307692307692307 0.0001553010297788717 34.03528707692308 0.157051282051282 45.301282057692305 45.30769230769231 2.8653846153846154 42.44230769230769 3.2088726999936625
454000 0.23076923076923078 0.0002237397239745876 33.603128846153844 0.17948717948717946 45.301282057692305 45.30769230769231 2.8076923076923075 42.5 3.2955294999992475
456000 0.2692307692307692 0.0003470438026882168 32.7476951346154 0.18910256410256407 45.301282057692305 45.30769230769231 2.923076923076923 42.38461538461539 3.280009299982339
458000 0.2692307692307692 0.00016716926307928443 33.3274878076923 0.16025641025641024 45.301282057692305 45.30769230769231 2.8846153846153846 42.42307692307692 3.586504500010051
460000 0.3269230769230769 0.00018301375513752975 33.25724192307692 0.20512820512820512 45.301282057692305 45.30769230769231 2.8846153846153846 42.42307692307692 3.366959900013171
462000 0.38461538461538464 0.0003833239671458754 32.68405788461538 0.2099358974358974 45.301282057692305 45.30769230769231 2.730769230769231 42.57692307692308 3.179376600019168
464000 0.40384615384615385 -0.018835522234388204 32.638812269230755 0.21153846153846156 45.301282057692305 45.30769230769231 2.826923076923077 42.48076923076923 3.2471577000105754
466000 0.34615384615384615 -0.0188784539874533 32.22582353846153 0.22115384615384615 45.301282057692305 45.30769230769231 2.980769230769231 42.32692307692308 3.090428499970585
468000 0.38461538461538464 -0.018888805897496766 32.06449873076922 0.2371794871794872 45.301282057692305 45.30769230769231 2.8846153846153846 42.42307692307692 3.1936393000069074
470000 0.38461538461538464 -0.018889349377773243 32.31877211538461 0.23557692307692307 45.301282057692305 45.30769230769231 2.8076923076923075 42.5 3.3950515000033192
472000 0.36538461538461536 -0.018878342648506078 32.10959894230768 0.23397435897435898 45.301282057692305 45.30769230769231 2.8076923076923075 42.5 2.866695799981244
474000 0.34615384615384615 -0.01906969865846195 32.37028278846154 0.2387820512820513 45.301282057692305 45.30769230769231 2.8653846153846154 42.44230769230769 2.805928500019945
476000 0.3076923076923077 -0.01892131841803049 32.26268226923076 0.2355769230769231 45.301282057692305 45.30769230769231 2.980769230769231 42.32692307692308 2.663987100007944
478000 0.38461538461538464 -0.018881179872856216 32.19430613461538 0.2419871794871795 45.301282057692305 45.30769230769231 2.826923076923077 42.48076923076923 2.755691000027582
480000 0.2692307692307692 -0.03814268596953803 32.62086328846154 0.22916666666666669 45.301282057692305 45.30769230769231 2.826923076923077 42.48076923076923 2.6650936999940313
482000 0.3076923076923077 -0.03812785228515779 31.852425788461534 0.2692307692307692 45.301282057692305 45.30769230769231 2.75 42.55769230769231 2.7098062000004575
484000 0.28846153846153844 -0.03817896406946214 31.92156526923077 0.27724358974358976 45.301282057692305 45.30769230769231 2.8076923076923075 42.5 2.671239699993748
486000 0.28846153846153844 -0.03829712956876266 32.020924192307696 0.2836538461538462 45.301282057692305 45.30769230769231 2.7884615384615383 42.51923076923077 2.9433881999575533
488000 0.34615384615384615 -0.019046413890887317 31.797366288461543 0.28685897435897434 45.301282057692305 45.30769230769231 2.7884615384615383 42.51923076923077 2.7309931999770924
490000 0.4230769230769231 -0.03810680369118446 32.03375223076923 0.296474358974359 45.301282057692305 45.30769230769231 2.730769230769231 42.57692307692308 2.8143515000119805
492000 0.40384615384615385 -0.018860524057089847 32.051685442307694 0.27403846153846156 45.301282057692305 45.30769230769231 2.730769230769231 42.57692307692308 2.7902387999929488
494000 0.38461538461538464 -0.01887663088628286 32.308095942307695 0.25480769230769235 45.301282057692305 45.30769230769231 2.730769230769231 42.57692307692308 2.812189899967052
496000 0.40384615384615385 -0.01889186554993614 32.264826750000005 0.27564102564102566 45.301282057692305 45.30769230769231 2.730769230769231 42.57692307692308 2.728571199986618
498000 0.34615384615384615 0.00030512847987276603 32.535660384615376 0.25961538461538464 45.301282057692305 45.30769230769231 2.730769230769231 42.57692307692308 2.1530278000282124
500000 0.36538461538461536 0.00017959102597569403 32.52412199999999 0.27564102564102566 45.301282057692305 45.30769230769231 2.7115384615384617 42.59615384615385 2.097439499979373
