2000 0.6538461538461539 6.173674695398728e-05 37.45892907692308 0.10096153846153846 45.301282057692305 45.30769230769231 1.0384615384615385 44.26923076923077 1.3755050000036135
4000 3.4038461538461537 0.0005220523036592255 32.5251111923077 0.28365384615384615 45.301282057692305 45.30769230769231 1.0961538461538463 44.21153846153846 1.4348733999649994
6000 4.25 0.0007900920077710536 32.52543157692308 0.2756410256410256 45.301282057692305 45.30769230769231 1.7115384615384615 43.59615384615385 1.4258106999914162
8000 3.6346153846153846 0.0004166319020752633 32.66352861538461 0.2692307692307692 45.301282057692305 45.30769230769231 1.1730769230769231 44.13461538461539 1.6688877000124194
10000 6.576923076923077 0.002346623132879714 33.13147763461538 0.2580128205128205 45.301282057692305 45.30769230769231 1.0384615384615385 44.26923076923077 2.0476452999864705
12000 5.5576923076923075 0.0012682993021795297 32.01379511538462 0.298076923076923 45.301282057692305 45.30769230769231 1.0384615384615385 44.26923076923077 2.6967487999936566
14000 4.538461538461538 0.0012914747431693606 33.84050780769232 0.233974358974359 45.301282057692305 45.30769230769231 1.7692307692307692 43.53846153846154 2.6243073999648914
16000 1.9230769230769231 0.00032144202203253716 35.4292813076923 0.1875 45.301282057692305 45.30769230769231 1.0384615384615385 44.26923076923077 2.7826624999870546
18000 1.25 0.00012827004331634957 35.96101161538462 0.11057692307692307 45.301282057692305 45.30769230769231 1.0384615384615385 44.26923076923077 2.7647866000188515
20000 1.6346153846153846 0.0004933847697543088 36.018606346153845 0.10576923076923077 45.301282057692305 45.30769230769231 1.1538461538461537 44.15384615384615 2.982176099962089
22000 3.3653846153846154 0.0007528111435859647 35.33901180769231 0.08493589743589744 45.301282057692305 45.30769230769231 1.25 44.05769230769231 2.870379599975422
24000 1.9038461538461537 0.00042012377330269407 35.305829461538465 0.1330128205128205 45.301282057692305 45.30769230769231 1.0384615384615385 44.26923076923077 2.603454200027045
26000 5.403846153846154 0.001852141933497383 33.71951234615385 0.1201923076923077 45.301282057692305 45.30769230769231 1.0384615384615385 44.26923076923077 2.80315699998755
28000 2.7115384615384617 0.0005121463892561035 35.04183336538462 0.09935897435897437 45.301282057692305 45.30769230769231 1.2692307692307692 44.03846153846154 2.5634211999713443
30000 6.615384615384615 -0.22941578151737194 33.30652692307692 0.15384615384615385 45.301282057692305 45.30769230769231 1.0384615384615385 44.26923076923077 2.697306700050831
32000 13.288461538461538 -0.7678094956290942 31.22547257692307 0.23557692307692304 45.301282057692305 45.30769230769231 1.9807692307692308 43.32692307692308 2.976322100032121
34000 12.865384615384615 -0.4769031213823868 30.877893634615376 0.25961538461538464 45.301282057692305 45.30769230769231 1.0384615384615385 44.26923076923077 2.7493501999997534
36000 6.673076923076923 -0.4995511403060417 33.6322040576923 0.15384615384615385 45.301282057692305 45.30769230769231 1.0384615384615385 44.26923076923077 2.8895145000424236
38000 7.461538461538462 -0.2673322293327949 33.6948463076923 0.15384615384615385 45.301282057692305 45.30769230769231 1.0384615384615385 44.26923076923077 3.0389756000367925
40000 10.846153846153847 -0.4784141497407298 32.3280366153846 0.1875 45.301282057692305 45.30769230769231 1.7307692307692308 43.57692307692308 2.916500299994368
42000 6.673076923076923 -0.3445988721175449 33.593884692307675 0.16666666666666666 45.301282057692305 45.30769230769231 1.8461538461538463 43.46153846153846 2.74211909994483
44000 10.096153846153847 -0.5562894573371232 32.59317232692307 0.2163461538461538 45.301282057692305 45.30769230769231 1.4615384615384615 43.84615384615385 2.9171407999820076
46000 5.403846153846154 -0.3063000301448816 32.902859057692304 0.2131410256410256 45.301282057692305 45.30769230769231 2.0576923076923075 43.25 2.91540110000642
48000 4.788461538461538 -0.3068319509709168 33.83918436538461 0.18108974358974358 45.301282057692305 45.30769230769231 1.5961538461538463 43.71153846153846 2.9191159999463707
50000 4.269230769230769 -0.4607893440608111 34.40478198076923 0.12499999999999999 45.301282057692305 45.30769230769231 1.0384615384615385 44.26923076923077 3.0870370999909937
52000 5.75 -0.4029105170378543 33.735017250000006 0.1522435897435897 45.301282057692305 45.30769230769231 1.1923076923076923 44.11538461538461 3.1268157999729738
54000 5.461538461538462 -0.17219120266294796 33.42048771153846 0.1971153846153846 45.301282057692305 45.30769230769231 1.1153846153846154 44.19230769230769 3.1422970999847166
56000 3.2115384615384617 -0.49971556746642204 35.03238775000001 0.16826923076923078 45.301282057692305 45.30769230769231 1.0384615384615385 44.26923076923077 2.93378359999042
58000 4.423076923076923 -0.5184592385336061 33.515719788461546 0.18589743589743585 45.301282057692305 45.30769230769231 1.1538461538461537 44.15384615384615 2.7550726000336
60000 5.153846153846154 -0.537494126379048 33.14392459615385 0.19230769230769226 45.301282057692305 45.30769230769231 1.0384615384615385 44.26923076923077 3.0057806000113487
62000 3.0 -0.4997560920852662 35.22149050000001 0.16346153846153846 45.301282057692305 45.30769230769231 1.0384615384615385 44.26923076923077 2.9689643000019714
64000 3.0961538461538463 -0.5189879932121101 35.07405457692309 0.1362179487179487 45.301282057692305 45.30769230769231 1.0384615384615385 44.26923076923077 3.143907300021965
66000 2.8653846153846154 -0.5575617649947756 35.04841350000001 0.15544871794871792 45.301282057692305 45.30769230769231 1.0384615384615385 44.26923076923077 2.768446200003382
68000 3.3461538461538463 -0.28742156436685085 34.53719551923078 0.1987179487179487 45.301282057692305 45.30769230769231 1.0384615384615385 44.26923076923077 3.3143469999777153
70000 3.480769230769231 -0.2874523552454572 34.713477692307706 0.18429487179487178 45.301282057692305 45.30769230769231 1.0384615384615385 44.26923076923077 3.2607949000084773
72000 1.9807692307692308 0.0004630697795728532 35.098934403846165 0.1330128205128205 45.301282057692305 45.30769230769231 1.0384615384615385 44.26923076923077 3.3571763999643736
74000 1.8269230769230769 -0.018875145202230006 35.12713936538463 0.11538461538461539 45.301282057692305 45.30769230769231 1.0384615384615385 44.26923076923077 3.4118215000489727
76000 3.1153846153846154 0.0008126909707074244 34.54371209615385 0.16826923076923078 45.301282057692305 45.30769230769231 1.0384615384615385 44.26923076923077 3.1295211000251584
78000 2.8461538461538463 0.0008760411975655485 34.88715913461538 0.15705128205128205 45.301282057692305 45.30769230769231 1.0384615384615385 44.26923076923077 3.3666445999988355
80000 2.519230769230769 0.0006290694022558935 34.728790269230764 0.11858974358974358 45.301282057692305 45.30769230769231 1.0384615384615385 44.26923076923077 3.1385828999918886
82000 2.5384615384615383 0.0006417544533797467 35.248626557692305 0.13141025641025642 45.301282057692305 45.30769230769231 1.0384615384615385 44.26923076923077 3.025320600019768
84000 3.0 0.0008320351393217278 34.67437423076924 0.15064102564102563 45.301282057692305 45.30769230769231 1.0384615384615385 44.26923076923077 3.2475037000258453
86000 6.903846153846154 -0.055860952712130325 32.02212909615385 0.2467948717948718 45.301282057692305 45.30769230769231 1.0576923076923077 44.25 3.249373900005594
88000 9.711538461538462 -0.0364071315900611 29.07215778846154 0.2916666666666667 45.301282057692305 45.30769230769231 1.0576923076923077 44.25 3.383675899996888
90000 6.711538461538462 -0.3644206270535029 29.927576634615384 0.28205128205128205 45.301282057692305 45.30769230769231 1.0576923076923077 44.25 3.135945099988021
92000 7.096153846153846 -0.5367505762628632 32.2502273846154 0.20833333333333334 45.301282057692305 45.30769230769231 1.0384615384615385 44.26923076923077 2.904723000014201
94000 7.634615384615385 -0.05658913181613305 29.287619057692318 0.2836538461538462 45.301282057692305 45.30769230769231 1.0576923076923077 44.25 3.3566441999864765
96000 11.211538461538462 -0.055351061215890444 28.732592192307695 0.28846153846153844 45.301282057692305 45.30769230769231 1.0576923076923077 44.25 3.5906897999811918
98000 9.884615384615385 -0.4984729011450074 29.170097538461537 0.31410256410256415 45.301282057692305 45.30769230769231 1.0576923076923077 44.25 3.1932076000375673
100000 16.442307692307693 -0.07477247182316563 28.155496057692304 0.3509615384615384 45.301282057692305 45.30769230769231 1.0576923076923077 44.25 3.001367399992887
102000 17.307692307692307 -0.47749386340904704 28.670275788461545 0.31410256410256415 45.301282057692305 45.30769230769231 1.0576923076923077 44.25 3.1429279999574646
104000 12.634615384615385 -0.3442871232103934 28.914755596153846 0.34615384615384615 45.301282057692305 45.30769230769231 1.0576923076923077 44.25 3.318563600012567
106000 22.192307692307693 0.006599488715683481 26.584091346153855 0.42467948717948717 45.301282057692305 45.30769230769231 1.0576923076923077 44.25 3.4361420999630354
108000 22.28846153846154 0.007871015135145473 26.389646788461548 0.42467948717948717 45.301282057692305 45.30769230769231 1.0576923076923077 44.25 3.3994074999936856
110000 17.51923076923077 0.004776236291576105 27.367170634615377 0.37179487179487175 45.301282057692305 45.30769230769231 1.0576923076923077 44.25 3.4149175999918953
112000 16.865384615384617 0.004230994913614824 27.4879379423077 0.3798076923076923 45.301282057692305 45.30769230769231 1.0576923076923077 44.25 3.213041400013026
114000 15.673076923076923 0.0029450890637216045 27.57554482692308 0.3701923076923077 45.301282057692305 45.30769230769231 1.0576923076923077 44.25 3.3536184999975376
116000 16.115384615384617 0.002752737960586442 27.443244326923086 0.3733974358974359 45.301282057692305 45.30769230769231 1.0576923076923077 44.25 3.400251000013668
118000 11.615384615384615 -0.016883927737621256 29.477789653846152 0.29967948717948717 45.301282057692305 45.30769230769231 1.0576923076923077 44.25 3.2613384000142105
120000 26.53846153846154 0.005540359614858522 26.528535750000007 0.3958333333333333 45.301282057692305 45.30769230769231 1.0576923076923077 44.25 3.101107000024058
122000 23.403846153846153 0.004578692661950613 26.74114273076924 0.41025641025641024 45.301282057692305 45.30769230769231 1.0576923076923077 44.25 3.1805861000320874
124000 25.615384615384617 0.00548750372536887 26.466569903846164 0.40544871794871795 45.301282057692305 45.30769230769231 1.0576923076923077 44.25 3.425024800002575
126000 27.653846153846153 0.005865201810366048 27.64392090384616 0.37820512820512814 45.301282057692305 45.30769230769231 1.0384615384615385 44.26923076923077 3.1929163000313565
128000 27.653846153846153 0.006088916303990435 27.64392090384616 0.37820512820512814 45.301282057692305 45.30769230769231 1.0384615384615385 44.26923076923077 3.836008399957791
130000 25.923076923076923 0.005107612439099556 27.07981817307693 0.421474358974359 45.301282057692305 45.30769230769231 1.0576923076923077 44.25 3.28928360005375
132000 24.923076923076923 0.005653640004764289 26.64605721153847 0.39903846153846156 45.301282057692305 45.30769230769231 1.0576923076923077 44.25 3.2474976000376046
134000 20.25 0.003123977960448325 28.93452025 0.3397435897435897 45.301282057692305 45.30769230769231 1.0384615384615385 44.26923076923077 3.2081663999706507
136000 29.942307692307693 0.0067253370565070626 27.78707855769232 0.37339743589743585 45.301282057692305 45.30769230769231 1.0384615384615385 44.26923076923077 3.2379758000024594
138000 37.65384615384615 0.008392317512107098 27.306842903846164 0.40544871794871795 45.301282057692305 45.30769230769231 1.0384615384615385 44.26923076923077 3.2947693000314757
140000 31.653846153846153 0.006846991405488863 27.531919461538468 0.3878205128205128 45.301282057692305 45.30769230769231 1.0384615384615385 44.26923076923077 3.4254492999752983
142000 35.0 0.008122684206073793 27.232056634615397 0.39903846153846156 45.301282057692305 45.30769230769231 1.0384615384615385 44.26923076923077 3.2757569999666885
144000 31.76923076923077 0.0067243620275365895 27.51909896153847 0.3878205128205128 45.301282057692305 45.30769230769231 1.0384615384615385 44.26923076923077 3.2188829999649897
146000 30.865384615384617 0.006553375836571291 27.570381019230773 0.3814102564102564 45.301282057692305 45.30769230769231 1.0384615384615385 44.26923076923077 3.2344088000245392
148000 30.865384615384617 0.006553375836571291 27.570381019230773 0.3814102564102564 45.301282057692305 45.30769230769231 1.0384615384615385 44.26923076923077 3.1725406000041403
150000 31.403846153846153 0.006584737036744008 27.49684113461539 0.3878205128205128 45.301282057692305 45.30769230769231 1.0384615384615385 44.26923076923077 3.240181900036987
152000 30.326923076923077 0.005827084488409916 27.55115025000001 0.3814102564102564 45.301282057692305 45.30769230769231 1.0384615384615385 44.26923076923077 3.0991257000132464
154000 32.82692307692308 0.004646979123560642 27.336584634615388 0.4022435897435897 45.301282057692305 45.30769230769231 1.0384615384615385 44.26923076923077 3.3007742000045255
156000 34.75 0.004980170869150333 27.246841000000003 0.4022435897435897 45.301282057692305 45.30769230769231 1.0384615384615385 44.26923076923077 3.473674699955154
158000 35.07692307692308 0.0062933089160580775 27.27212584615385 0.3814102564102564 45.301282057692305 45.30769230769231 1.0384615384615385 44.26923076923077 3.27402880002046
160000 43.25 0.00795282848103375 26.72084351923077 0.40384615384615385 45.301282057692305 45.30769230769231 1.0384615384615385 44.26923076923077 3.1832220999640413
162000 70.75 0.020012811259104053 24.816996384615383 0.44070512820512825 45.301282057692305 45.30769230769231 1.0384615384615385 44.26923076923077 3.2774974000058137
164000 54.57692307692308 0.01190147012244205 25.88109950000001 0.42948717948717946 45.301282057692305 45.30769230769231 1.0384615384615385 44.26923076923077 3.403700399969239
166000 70.28846153846153 0.016305456547048517 24.528534692307694 0.4487179487179487 45.301282057692305 45.30769230769231 1.0384615384615385 44.26923076923077 3.137340600020252
168000 86.73076923076923 0.022652305920555553 24.0285344423077 0.47435897435897434 45.301282057692305 45.30769230769231 1.0384615384615385 44.26923076923077 3.3939786999835633
170000 89.9423076923077 0.01760632804985266 23.656739403846153 0.4887820512820512 45.301282057692305 45.30769230769231 1.0384615384615385 44.26923076923077 3.2224204000085592
172000 115.73076923076923 0.02491324219114526 23.387508461538463 0.5112179487179487 45.301282057692305 45.30769230769231 1.0384615384615385 44.26923076923077 3.3135602999827825
174000 118.01923076923077 0.023916368230436524 23.4131495 0.5096153846153846 45.301282057692305 45.30769230769231 1.0384615384615385 44.26923076923077 3.2405343999853358
176000 118.32692307692308 0.02324820764593926 23.451611057692308 0.5192307692307692 45.301282057692305 45.30769230769231 1.0384615384615385 44.26923076923077 3.109399700013455
178000 118.32692307692308 0.02324820764593926 23.451611057692308 0.5192307692307692 45.301282057692305 45.30769230769231 1.0384615384615385 44.26923076923077 3.174647100036964
180000 118.25 0.023114965736920363 23.464431576923076 0.5192307692307692 45.301282057692305 45.30769230769231 1.0384615384615385 44.26923076923077 3.205021699948702
182000 117.57692307692308 0.022866443634348955 23.515713653846152 0.5080128205128205 45.301282057692305 45.30769230769231 1.0384615384615385 44.26923076923077 3.419628700008616
184000 145.90384615384616 0.03708217032392466 23.345480749999993 0.5304487179487178 45.301282057692305 45.30769230769231 1.6923076923076923 43.61538461538461 3.3808849999913946
186000 316.8076923076923 0.11923920876655433 20.864945788461533 0.5192307692307693 45.301282057692305 45.30769230769231 10.557692307692308 34.75 3.3430525000439957
188000 299.25 0.1069258099208338 21.079689269230762 0.5400641025641025 45.301282057692305 45.30769230769231 10.096153846153847 35.21153846153846 3.142672499991022
190000 312.15384615384613 0.1097425464233128 21.00703951923076 0.5208333333333333 45.301282057692305 45.30769230769231 9.807692307692308 35.5 3.6726403000066057
192000 332.88461538461536 0.12312023378929046 21.562493173076916 0.5416666666666667 45.301282057692305 45.30769230769231 9.692307692307692 35.61538461538461 3.433582900033798
194000 332.88461538461536 0.12312023378929046 21.562493173076916 0.5416666666666667 45.301282057692305 45.30769230769231 9.692307692307692 35.61538461538461 3.070900499995332
196000 332.88461538461536 0.12312023378929046 21.562493173076916 0.5416666666666667 45.301282057692305 45.30769230769231 9.692307692307692 35.61538461538461 3.2109872000291944
198000 332.88461538461536 0.12312023378929046 21.562493173076916 0.5416666666666667 45.301282057692305 45.30769230769231 9.692307692307692 35.61538461538461 3.316639300028328
200000 337.9230769230769 0.12237409299702594 21.543262423076918 0.5368589743589743 45.301282057692305 45.30769230769231 9.75 35.55769230769231 3.424180499976501
202000 337.9230769230769 0.12237409299702594 21.543262423076918 0.5368589743589743 45.301282057692305 45.30769230769231 9.75 35.55769230769231 3.535002999997232
204000 321.4807692307692 0.09682515327630019 21.6265958076923 0.5512820512820513 45.301282057692305 45.30769230769231 9.596153846153847 35.71153846153846 3.3111015999456868
206000 333.5 0.1198653571849259 21.549672769230767 0.546474358974359 45.301282057692305 45.30769230769231 9.75 35.55769230769231 3.3643911000108346
208000 332.88461538461536 0.12312023378929046 21.562493173076916 0.5416666666666667 45.301282057692305 45.30769230769231 9.692307692307692 35.61538461538461 3.1639644999522716
210000 325.90384615384613 0.11856465831916944 21.62018546153846 0.5416666666666667 45.301282057692305 45.30769230769231 9.596153846153847 35.71153846153846 3.313951999996789
212000 337.9230769230769 0.12237409299702594 21.543262423076918 0.5368589743589743 45.301282057692305 45.30769230769231 9.75 35.55769230769231 3.3072059999685735
214000 337.9230769230769 0.12237409299702594 21.543262423076918 0.5368589743589743 45.301282057692305 45.30769230769231 9.75 35.55769230769231 3.6478405999951065
216000 337.9230769230769 0.12237409299702594 21.543262423076918 0.5368589743589743 45.301282057692305 45.30769230769231 9.75 35.55769230769231 3.5028644999838434
218000 332.88461538461536 0.12312023378929046 21.562493173076916 0.5416666666666667 45.301282057692305 45.30769230769231 9.692307692307692 35.61538461538461 3.3238141000038013
220000 332.88461538461536 0.12312023378929046 21.562493173076916 0.5416666666666667 45.301282057692305 45.30769230769231 9.692307692307692 35.61538461538461 3.149853200011421
222000 337.9230769230769 0.12237409299702594 21.543262423076918 0.5368589743589743 45.301282057692305 45.30769230769231 9.75 35.55769230769231 3.151428700017277
224000 337.9230769230769 0.12237409299702594 21.543262423076918 0.5368589743589743 45.301282057692305 45.30769230769231 9.75 35.55769230769231 3.2949729000101797
226000 337.9230769230769 0.12237409299702594 21.543262423076918 0.5368589743589743 45.301282057692305 45.30769230769231 9.75 35.55769230769231 3.307735699985642
228000 332.88461538461536 0.12312023378929046 21.562493173076916 0.5416666666666667 45.301282057692305 45.30769230769231 9.692307692307692 35.61538461538461 3.1472419999772683
230000 322.90384615384613 0.11814076878781098 21.594544461538458 0.5416666666666667 45.301282057692305 45.30769230769231 9.692307692307692 35.61538461538461 3.252358700032346
232000 332.88461538461536 0.12312023378929046 21.562493173076916 0.5416666666666667 45.301282057692305 45.30769230769231 9.692307692307692 35.61538461538461 3.232812499976717
234000 332.88461538461536 0.12312023378929046 21.562493173076916 0.5416666666666667 45.301282057692305 45.30769230769231 9.692307692307692 35.61538461538461 3.470011400000658
236000 332.88461538461536 0.12312023378929046 21.562493173076916 0.5416666666666667 45.301282057692305 45.30769230769231 9.692307692307692 35.61538461538461 3.326335999998264
238000 332.88461538461536 0.12312023378929046 21.562493173076916 0.5416666666666667 45.301282057692305 45.30769230769231 9.692307692307692 35.61538461538461 3.4231537000159733
240000 332.88461538461536 0.12312023378929046 21.562493173076916 0.5416666666666667 45.301282057692305 45.30769230769231 9.692307692307692 35.61538461538461 3.1694783000275493
242000 332.88461538461536 0.12312023378929046 21.562493173076916 0.5416666666666667 45.301282057692305 45.30769230769231 9.692307692307692 35.61538461538461 3.262324000010267
244000 332.88461538461536 0.12312023378929046 21.562493173076916 0.5416666666666667 45.301282057692305 45.30769230769231 9.692307692307692 35.61538461538461 3.6436930000199936
246000 332.88461538461536 0.12312023378929046 21.562493173076916 0.5416666666666667 45.301282057692305 45.30769230769231 9.692307692307692 35.61538461538461 3.3988335999893025
248000 332.88461538461536 0.12312023378929046 21.562493173076916 0.5416666666666667 45.301282057692305 45.30769230769231 9.692307692307692 35.61538461538461 3.4185639999923296
250000 332.88461538461536 0.12312023378929046 21.562493173076916 0.5416666666666667 45.301282057692305 45.30769230769231 9.692307692307692 35.61538461538461 3.274182799970731
252000 332.88461538461536 0.12312023378929046 21.562493173076916 0.5416666666666667 45.301282057692305 45.30769230769231 9.692307692307692 35.61538461538461 3.2332257999805734
254000 332.88461538461536 0.12312023378929046 21.562493173076916 0.5416666666666667 45.301282057692305 45.30769230769231 9.692307692307692 35.61538461538461 3.386931099987123
256000 332.88461538461536 0.12312023378929046 21.562493173076916 0.5416666666666667 45.301282057692305 45.30769230769231 9.692307692307692 35.61538461538461 3.265817000006791
258000 332.88461538461536 0.12312023378929046 21.562493173076916 0.5416666666666667 45.301282057692305 45.30769230769231 9.692307692307692 35.61538461538461 3.2292213999899104
260000 332.88461538461536 0.12312023378929046 21.562493173076916 0.5416666666666667 45.301282057692305 45.30769230769231 9.692307692307692 35.61538461538461 3.2484673999715596
262000 332.88461538461536 0.12312023378929046 21.562493173076916 0.5416666666666667 45.301282057692305 45.30769230769231 9.692307692307692 35.61538461538461 3.229782600014005
264000 332.88461538461536 0.12312023378929046 21.562493173076916 0.5416666666666667 45.301282057692305 45.30769230769231 9.692307692307692 35.61538461538461 3.1621145000099204
266000 332.88461538461536 0.12312023378929046 21.562493173076916 0.5416666666666667 45.301282057692305 45.30769230769231 9.692307692307692 35.61538461538461 3.5625841000000946
268000 332.88461538461536 0.12312023378929046 21.562493173076916 0.5416666666666667 45.301282057692305 45.30769230769231 9.692307692307692 35.61538461538461 3.347125199972652
270000 332.88461538461536 0.12312023378929046 21.562493173076916 0.5416666666666667 45.301282057692305 45.30769230769231 9.692307692307692 35.61538461538461 3.4013913000235334
272000 332.88461538461536 0.12312023378929046 21.562493173076916 0.5416666666666667 45.301282057692305 45.30769230769231 9.692307692307692 35.61538461538461 3.366985799977556
274000 332.88461538461536 0.12341954073407553 21.562493173076916 0.5416666666666667 45.301282057692305 45.30769230769231 9.692307692307692 35.61538461538461 3.402180400036741
276000 332.88461538461536 0.12341954073407553 21.562493173076916 0.5416666666666667 45.301282057692305 45.30769230769231 9.692307692307692 35.61538461538461 3.3679475999670103
278000 332.88461538461536 0.12312023378929046 21.562493173076916 0.5416666666666667 45.301282057692305 45.30769230769231 9.692307692307692 35.61538461538461 3.412116999970749
280000 332.88461538461536 0.12312023378929046 21.562493173076916 0.5416666666666667 45.301282057692305 45.30769230769231 9.692307692307692 35.61538461538461 3.370951199962292
282000 343.90384615384613 0.13093060549245517 21.452450692307686 0.5416666666666667 45.301282057692305 45.30769230769231 10.346153846153847 34.96153846153846 3.401820399973076
284000 332.88461538461536 0.12312023378929046 21.562493173076916 0.5416666666666667 45.301282057692305 45.30769230769231 9.692307692307692 35.61538461538461 3.2144482000148855
286000 343.90384615384613 0.13093060549245517 21.452450692307686 0.5416666666666667 45.301282057692305 45.30769230769231 10.346153846153847 34.96153846153846 3.344211500021629
288000 339.4807692307692 0.12928038481753232 21.471681423076916 0.5416666666666667 45.301282057692305 45.30769230769231 10.25 35.05769230769231 3.461428700014949
290000 334.03846153846155 0.1277700095806269 21.4919803076923 0.5416666666666667 45.301282057692305 45.30769230769231 9.692307692307692 35.61538461538461 3.148062199994456
292000 334.6730769230769 0.12881740308570816 21.479159788461534 0.5368589743589743 45.301282057692305 45.30769230769231 9.692307692307692 35.61538461538461 3.3284819000400603
294000 339.71153846153845 0.12807126229344365 21.459929038461535 0.532051282051282 45.301282057692305 45.30769230769231 9.75 35.55769230769231 3.267307800007984
296000 336.3269230769231 0.1295422802576955 21.453518749999994 0.5368589743589743 45.301282057692305 45.30769230769231 9.692307692307692 35.61538461538461 3.2049604000058025
298000 334.6730769230769 0.12881740308570816 21.479159788461534 0.5368589743589743 45.301282057692305 45.30769230769231 9.692307692307692 35.61538461538461 3.3813825999968685
300000 334.6730769230769 0.12881740308570816 21.479159788461534 0.5368589743589743 45.301282057692305 45.30769230769231 9.692307692307692 35.61538461538461 3.2574645999702625
302000 336.3269230769231 0.1295422802576955 21.453518749999994 0.5368589743589743 45.301282057692305 45.30769230769231 9.692307692307692 35.61538461538461 3.322512100043241
304000 334.6730769230769 0.12881740308570816 21.479159788461534 0.5368589743589743 45.301282057692305 45.30769230769231 9.692307692307692 35.61538461538461 3.1522883999859914
306000 336.3269230769231 0.1295422802576955 21.453518749999994 0.5368589743589743 45.301282057692305 45.30769230769231 9.692307692307692 35.61538461538461 3.575334199995268
308000 341.2307692307692 0.13118292290126599 21.427877711538454 0.5368589743589743 45.301282057692305 45.30769230769231 9.692307692307692 35.61538461538461 3.144329100032337
310000 343.0769230769231 0.13247811347538785 21.415057192307692 0.5416666666666666 45.301282057692305 45.30769230769231 9.692307692307692 35.61538461538461 3.328091800038237
312000 341.2307692307692 0.13118292290126599 21.427877711538454 0.5368589743589743 45.301282057692305 45.30769230769231 9.692307692307692 35.61538461538461 3.3308504999731667
314000 343.0769230769231 0.13247811347538785 21.415057192307692 0.5416666666666666 45.301282057692305 45.30769230769231 9.692307692307692 35.61538461538461 3.259668600047007
316000 343.0769230769231 0.13247811347538785 21.415057192307692 0.5416666666666666 45.301282057692305 45.30769230769231 9.692307692307692 35.61538461538461 3.0994359999895096
318000 348.3076923076923 0.13236848614812263 21.395826442307694 0.5368589743589743 45.301282057692305 45.30769230769231 9.75 35.55769230769231 3.1974943000241183
320000 348.11538461538464 0.13173197268312334 21.395826442307694 0.5368589743589743 45.301282057692305 45.30769230769231 9.75 35.55769230769231 3.171165999956429
322000 348.3076923076923 0.13236848614812263 21.395826442307694 0.5368589743589743 45.301282057692305 45.30769230769231 9.75 35.55769230769231 3.4590598000213504
324000 348.11538461538464 0.13173197268312334 21.395826442307694 0.5368589743589743 45.301282057692305 45.30769230769231 9.75 35.55769230769231 3.3249339000321925
326000 343.0769230769231 0.13247811347538785 21.415057192307692 0.5416666666666666 45.301282057692305 45.30769230769231 9.692307692307692 35.61538461538461 3.4263016999466345
328000 343.0769230769231 0.13247811347538785 21.415057192307692 0.5416666666666666 45.301282057692305 45.30769230769231 9.692307692307692 35.61538461538461 3.2511565999593586
330000 344.0576923076923 0.1328374232391125 21.415057192307692 0.5416666666666666 45.301282057692305 45.30769230769231 9.692307692307692 35.61538461538461 3.225353299989365
332000 349.09615384615387 0.13209128244684798 21.395826442307694 0.5368589743589743 45.301282057692305 45.30769230769231 9.75 35.55769230769231 3.3670103999902494
334000 350.9807692307692 0.1349019788751309 21.37018540384615 0.5368589743589743 45.301282057692305 45.30769230769231 9.75 35.55769230769231 3.0872095999657176
336000 356.4807692307692 0.13695035797531585 21.331723846153842 0.532051282051282 45.301282057692305 45.30769230769231 9.75 35.55769230769231 3.2111717999796383
338000 359.6923076923077 0.1383608933469356 21.306082807692306 0.5256410256410257 45.301282057692305 45.30769230769231 9.75 35.55769230769231 3.277849400008563
340000 358.0 0.13797428352935054 21.318903326923074 0.530448717948718 45.301282057692305 45.30769230769231 9.75 35.55769230769231 3.3189523000037298
342000 356.96153846153845 0.1367646744767156 21.350954538461533 0.5368589743589743 45.301282057692305 45.30769230769231 9.596153846153847 35.71153846153846 3.342185400018934
344000 358.0769230769231 0.13729821938381676 21.33813401923076 0.5368589743589743 45.301282057692305 45.30769230769231 9.596153846153847 35.71153846153846 3.417587400006596
346000 358.9807692307692 0.1376070469776382 21.33813401923076 0.5368589743589743 45.301282057692305 45.30769230769231 9.596153846153847 35.71153846153846 3.449231500038877
348000 358.9807692307692 0.1376070469776382 21.33813401923076 0.5368589743589743 45.301282057692305 45.30769230769231 9.596153846153847 35.71153846153846 3.2362521000322886
350000 358.9807692307692 0.1376070469776382 21.33813401923076 0.5368589743589743 45.301282057692305 45.30769230769231 9.596153846153847 35.71153846153846 3.3380041000200436
352000 358.9807692307692 0.1376070469776382 21.33813401923076 0.5368589743589743 45.301282057692305 45.30769230769231 9.596153846153847 35.71153846153846 3.6338204000494443
354000 360.6730769230769 0.1379936567952233 21.325313499999993 0.532051282051282 45.301282057692305 45.30769230769231 9.596153846153847 35.71153846153846 3.3220633000019006
356000 360.6730769230769 0.13921797353279922 21.325313499999993 0.532051282051282 45.301282057692305 45.30769230769231 9.596153846153847 35.71153846153846 3.3776278999866918
358000 358.9807692307692 0.13883136371521412 21.33813401923076 0.5368589743589743 45.301282057692305 45.30769230769231 9.596153846153847 35.71153846153846 3.381437800009735
360000 360.6730769230769 0.1379936567952233 21.325313499999993 0.532051282051282 45.301282057692305 45.30769230769231 9.596153846153847 35.71153846153846 3.6250607999973
362000 360.6730769230769 0.13921797353279922 21.325313499999993 0.532051282051282 45.301282057692305 45.30769230769231 9.596153846153847 35.71153846153846 3.5479821999906562
364000 360.6730769230769 0.1379936567952233 21.325313499999993 0.532051282051282 45.301282057692305 45.30769230769231 9.596153846153847 35.71153846153846 3.8897172000142746
366000 356.9807692307692 0.1394783761479708 21.33813401923076 0.5416666666666666 45.301282057692305 45.30769230769231 9.596153846153847 35.71153846153846 3.447425199963618
368000 356.9807692307692 0.1394783761479708 21.33813401923076 0.5416666666666666 45.301282057692305 45.30769230769231 9.596153846153847 35.71153846153846 3.4068217999883927
370000 358.9807692307692 0.1376070469776382 21.33813401923076 0.5368589743589743 45.301282057692305 45.30769230769231 9.596153846153847 35.71153846153846 3.3633715999894775
372000 358.9807692307692 0.1376070469776382 21.33813401923076 0.5368589743589743 45.301282057692305 45.30769230769231 9.596153846153847 35.71153846153846 3.5445388999651186
374000 356.9807692307692 0.1394783761479708 21.33813401923076 0.5416666666666666 45.301282057692305 45.30769230769231 9.596153846153847 35.71153846153846 3.4076213999651372
376000 356.9807692307692 0.1407026928855467 21.33813401923076 0.5416666666666666 45.301282057692305 45.30769230769231 9.596153846153847 35.71153846153846 3.518025500001386
378000 356.9807692307692 0.1394783761479708 21.33813401923076 0.5416666666666666 45.301282057692305 45.30769230769231 9.596153846153847 35.71153846153846 3.6498461999581195
380000 356.9807692307692 0.1394783761479708 21.33813401923076 0.5416666666666666 45.301282057692305 45.30769230769231 9.596153846153847 35.71153846153846 3.3597583000082523
382000 356.9807692307692 0.1394783761479708 21.33813401923076 0.5416666666666666 45.301282057692305 45.30769230769231 9.596153846153847 35.71153846153846 3.324154299974907
384000 356.9807692307692 0.1394783761479708 21.33813401923076 0.5416666666666666 45.301282057692305 45.30769230769231 9.596153846153847 35.71153846153846 3.6385551000130363
386000 356.9807692307692 0.1394783761479708 21.33813401923076 0.5416666666666666 45.301282057692305 45.30769230769231 9.596153846153847 35.71153846153846 3.3237176000257023
388000 356.9807692307692 0.1394783761479708 21.33813401923076 0.5416666666666666 45.301282057692305 45.30769230769231 9.596153846153847 35.71153846153846 3.5213404000387527
390000 356.9807692307692 0.1394783761479708 21.33813401923076 0.5416666666666666 45.301282057692305 45.30769230769231 9.596153846153847 35.71153846153846 3.7149887999985367
392000 356.9807692307692 0.1394783761479708 21.33813401923076 0.5416666666666666 45.301282057692305 45.30769230769231 9.596153846153847 35.71153846153846 3.3118041999987327
394000 358.9807692307692 0.1376070469776382 21.33813401923076 0.5368589743589743 45.301282057692305 45.30769230769231 9.596153846153847 35.71153846153846 3.62177160003921
396000 358.9807692307692 0.1376070469776382 21.33813401923076 0.5368589743589743 45.301282057692305 45.30769230769231 9.596153846153847 35.71153846153846 3.357643100025598
398000 358.9807692307692 0.1376070469776382 21.33813401923076 0.5368589743589743 45.301282057692305 45.30769230769231 9.596153846153847 35.71153846153846 3.555249300028663
400000 358.9807692307692 0.1376070469776382 21.33813401923076 0.5368589743589743 45.301282057692305 45.30769230769231 9.596153846153847 35.71153846153846 3.4238850999972783
402000 358.9807692307692 0.1376070469776382 21.33813401923076 0.5368589743589743 45.301282057692305 45.30769230769231 9.596153846153847 35.71153846153846 3.8814474000246264
404000 358.9807692307692 0.1376070469776382 21.33813401923076 0.5368589743589743 45.301282057692305 45.30769230769231 9.596153846153847 35.71153846153846 3.3201743000536226
406000 358.9807692307692 0.1376070469776382 21.33813401923076 0.5368589743589743 45.301282057692305 45.30769230769231 9.596153846153847 35.71153846153846 3.424687899998389
408000 358.9807692307692 0.1376070469776382 21.33813401923076 0.5368589743589743 45.301282057692305 45.30769230769231 9.596153846153847 35.71153846153846 3.2987607999821194
410000 360.6730769230769 0.1379936567952233 21.325313499999993 0.532051282051282 45.301282057692305 45.30769230769231 9.596153846153847 35.71153846153846 3.7568390000378713
412000 360.6730769230769 0.1379936567952233 21.325313499999993 0.532051282051282 45.301282057692305 45.30769230769231 9.596153846153847 35.71153846153846 3.5026082000113092
414000 358.9807692307692 0.1376070469776382 21.33813401923076 0.5368589743589743 45.301282057692305 45.30769230769231 9.596153846153847 35.71153846153846 3.5130063999677077
416000 358.9807692307692 0.1376070469776382 21.33813401923076 0.5368589743589743 45.301282057692305 45.30769230769231 9.596153846153847 35.71153846153846 3.5737589999916963
418000 358.9807692307692 0.1376070469776382 21.33813401923076 0.5368589743589743 45.301282057692305 45.30769230769231 9.596153846153847 35.71153846153846 3.598152599995956
420000 358.9807692307692 0.1376070469776382 21.33813401923076 0.5368589743589743 45.301282057692305 45.30769230769231 9.596153846153847 35.71153846153846 3.3491659000283107
422000 360.6730769230769 0.1379936567952233 21.325313499999993 0.532051282051282 45.301282057692305 45.30769230769231 9.596153846153847 35.71153846153846 3.5447649999987334
424000 358.9807692307692 0.1376070469776382 21.33813401923076 0.5368589743589743 45.301282057692305 45.30769230769231 9.596153846153847 35.71153846153846 3.330569799989462
426000 358.9807692307692 0.1376070469776382 21.33813401923076 0.5368589743589743 45.301282057692305 45.30769230769231 9.596153846153847 35.71153846153846 3.4007291000452824
428000 358.9807692307692 0.1376070469776382 21.33813401923076 0.5368589743589743 45.301282057692305 45.30769230769231 9.596153846153847 35.71153846153846 3.3070627999841236
430000 360.6730769230769 0.1379936567952233 21.325313499999993 0.532051282051282 45.301282057692305 45.30769230769231 9.596153846153847 35.71153846153846 3.6511699999682605
432000 358.9807692307692 0.1376070469776382 21.33813401923076 0.5368589743589743 45.301282057692305 45.30769230769231 9.596153846153847 35.71153846153846 3.4114444999722764
434000 358.9807692307692 0.1387922349062549 21.33813401923076 0.5368589743589743 45.301282057692305 45.30769230769231 9.596153846153847 35.71153846153846 3.284247800009325
436000 360.6730769230769 0.13921797353279922 21.325313499999993 0.532051282051282 45.301282057692305 45.30769230769231 9.596153846153847 35.71153846153846 3.3554765000008047
438000 358.9807692307692 0.1376070469776382 21.33813401923076 0.5368589743589743 45.301282057692305 45.30769230769231 9.596153846153847 35.71153846153846 3.4033385000075214
440000 358.9807692307692 0.1376070469776382 21.33813401923076 0.5368589743589743 45.301282057692305 45.30769230769231 9.596153846153847 35.71153846153846 3.2668479999992996
442000 358.9807692307692 0.1376070469776382 21.33813401923076 0.5368589743589743 45.301282057692305 45.30769230769231 9.596153846153847 35.71153846153846 3.5462785999989137
444000 358.9807692307692 0.1376070469776382 21.33813401923076 0.5368589743589743 45.301282057692305 45.30769230769231 9.596153846153847 35.71153846153846 3.272262700018473
446000 356.9807692307692 0.1394783761479708 21.33813401923076 0.5416666666666666 45.301282057692305 45.30769230769231 9.596153846153847 35.71153846153846 3.251249800028745
448000 356.9807692307692 0.1394783761479708 21.33813401923076 0.5416666666666666 45.301282057692305 45.30769230769231 9.596153846153847 35.71153846153846 3.452380800037645
450000 356.9807692307692 0.1394783761479708 21.33813401923076 0.5416666666666666 45.301282057692305 45.30769230769231 9.596153846153847 35.71153846153846 3.2413139999844134
452000 356.9807692307692 0.1394783761479708 21.33813401923076 0.5416666666666666 45.301282057692305 45.30769230769231 9.596153846153847 35.71153846153846 3.5436266000033356
454000 356.9807692307692 0.1394783761479708 21.33813401923076 0.5416666666666666 45.301282057692305 45.30769230769231 9.596153846153847 35.71153846153846 3.628852599998936
456000 358.9807692307692 0.1376070469776382 21.33813401923076 0.5368589743589743 45.301282057692305 45.30769230769231 9.596153846153847 35.71153846153846 3.590182600019034
458000 356.9807692307692 0.1394783761479708 21.33813401923076 0.5416666666666666 45.301282057692305 45.30769230769231 9.596153846153847 35.71153846153846 3.678962000005413
460000 356.9807692307692 0.1394783761479708 21.33813401923076 0.5416666666666666 45.301282057692305 45.30769230769231 9.596153846153847 35.71153846153846 3.313655200006906
462000 356.9807692307692 0.1394783761479708 21.33813401923076 0.5416666666666666 45.301282057692305 45.30769230769231 9.596153846153847 35.71153846153846 3.75250960001722
464000 358.9807692307692 0.1376070469776382 21.33813401923076 0.5368589743589743 45.301282057692305 45.30769230769231 9.596153846153847 35.71153846153846 3.4361409999546595
466000 356.9807692307692 0.1394783761479708 21.33813401923076 0.5416666666666666 45.301282057692305 45.30769230769231 9.596153846153847 35.71153846153846 3.4617261000094004
468000 356.9807692307692 0.1394783761479708 21.33813401923076 0.5416666666666666 45.301282057692305 45.30769230769231 9.596153846153847 35.71153846153846 3.5801927000284195
470000 356.9807692307692 0.1394783761479708 21.33813401923076 0.5416666666666666 45.301282057692305 45.30769230769231 9.596153846153847 35.71153846153846 3.2382002000231296
472000 356.9807692307692 0.1394783761479708 21.33813401923076 0.5416666666666666 45.301282057692305 45.30769230769231 9.596153846153847 35.71153846153846 3.2180339000187814
474000 358.9807692307692 0.1376070469776382 21.33813401923076 0.5368589743589743 45.301282057692305 45.30769230769231 9.596153846153847 35.71153846153846 3.4110609000199474
476000 358.9807692307692 0.1376070469776382 21.33813401923076 0.5368589743589743 45.301282057692305 45.30769230769231 9.596153846153847 35.71153846153846 3.250295499979984
478000 356.9807692307692 0.1394783761479708 21.33813401923076 0.5416666666666666 45.301282057692305 45.30769230769231 9.596153846153847 35.71153846153846 3.5428435999783687
480000 356.9807692307692 0.1394783761479708 21.33813401923076 0.5416666666666666 45.301282057692305 45.30769230769231 9.596153846153847 35.71153846153846 2.8560539000318386
482000 356.9807692307692 0.1394783761479708 21.33813401923076 0.5416666666666666 45.301282057692305 45.30769230769231 9.596153846153847 35.71153846153846 2.8334417000296526
484000 356.9807692307692 0.1394783761479708 21.33813401923076 0.5416666666666666 45.301282057692305 45.30769230769231 9.596153846153847 35.71153846153846 2.9057182000251487
486000 356.9807692307692 0.1394783761479708 21.33813401923076 0.5416666666666666 45.301282057692305 45.30769230769231 9.596153846153847 35.71153846153846 2.8090727999806404
488000 356.9807692307692 0.1394783761479708 21.33813401923076 0.5416666666666666 45.301282057692305 45.30769230769231 9.596153846153847 35.71153846153846 2.8307637000107206
490000 356.9807692307692 0.1394783761479708 21.33813401923076 0.5416666666666666 45.301282057692305 45.30769230769231 9.596153846153847 35.71153846153846 2.9911789000034332
492000 356.9807692307692 0.1394783761479708 21.33813401923076 0.5416666666666666 45.301282057692305 45.30769230769231 9.596153846153847 35.71153846153846 2.8386134000029415
494000 356.9807692307692 0.1394783761479708 21.33813401923076 0.5416666666666666 45.301282057692305 45.30769230769231 9.596153846153847 35.71153846153846 2.8156299000256695
496000 356.9807692307692 0.1394783761479708 21.33813401923076 0.5416666666666666 45.301282057692305 45.30769230769231 9.596153846153847 35.71153846153846 2.7777392999851145
498000 356.9807692307692 0.1394783761479708 21.33813401923076 0.5416666666666666 45.301282057692305 45.30769230769231 9.596153846153847 35.71153846153846 2.9009592999937013
500000 356.9807692307692 0.1394783761479708 21.33813401923076 0.5416666666666666 45.301282057692305 45.30769230769231 9.596153846153847 35.71153846153846 2.9143568000290543
