2000 0.057692307692307696 -0.9230761972205485 39.80418638461537 0.02724358974358974 45.286538461538456 45.30769230769231 0.0 45.30769230769231 1.5907232000026852
4000 0.07692307692307693 -1.0 39.92211925000001 0.020833333333333332 45.286538461538456 45.30769230769231 0.0 45.30769230769231 1.5255050000268966
6000 0.11538461538461539 -0.7307588824169506 39.19919549999999 0.07532051282051282 45.286538461538456 45.30769230769231 0.0 45.30769230769231 1.9515301999635994
8000 0.07692307692307693 -0.8268906290693524 38.98412001923076 0.08814102564102565 45.286538461538456 45.30769230769231 0.0 45.30769230769231 2.2851809998974204
10000 0.07692307692307693 -0.40374893105324394 38.43891142307692 0.1121794871794872 45.286538461538456 45.30769230769231 0.0 45.30769230769231 2.499054400017485
12000 0.1346153846153846 -0.4230390692265955 37.058243596153844 0.19070512820512817 45.286538461538456 45.30769230769231 0.0 45.30769230769231 2.721453399863094
14000 0.11538461538461539 -0.42305036357412074 37.44488142307693 0.20192307692307693 45.286538461538456 45.30769230769231 0.0 45.30769230769231 2.3950867999810725
16000 0.2692307692307692 0.000145621138617168 36.781815980769224 0.1939102564102564 45.286538461538456 45.30769230769231 0.0 45.30769230769231 2.476592200109735
18000 0.1346153846153846 -0.01914130822647111 37.585649442307684 0.14102564102564102 45.286538461538456 45.30769230769231 0.0 45.30769230769231 2.9581041000783443
20000 0.1346153846153846 -0.01913000224352265 37.88268238461537 0.12980769230769232 45.286538461538456 45.30769230769231 0.0 45.30769230769231 2.6103542000055313
22000 0.17307692307692307 0.00014527982322753494 37.601646999999986 0.1987179487179487 45.286538461538456 45.30769230769231 0.0 45.30769230769231 2.675686900038272
24000 0.15384615384615385 -0.09606579985936889 37.340739942307685 0.17948717948717946 45.286538461538456 45.30769230769231 0.0 45.30769230769231 2.774552799994126
26000 0.15384615384615385 9.679159930081384e-05 36.69454444230768 0.23237179487179488 45.286538461538456 45.30769230769231 0.0 45.30769230769231 2.986763099906966
28000 0.07692307692307693 6.112306257246775e-05 37.06087898076922 0.18589743589743588 45.286538461538456 45.30769230769231 0.0 45.30769230769231 2.809026899980381
30000 0.09615384615384616 7.288297841587178e-05 38.3960268076923 0.10416666666666667 45.286538461538456 45.30769230769231 0.0 45.30769230769231 2.987658499972895
32000 0.07692307692307693 0.0001010889185006393 38.10399611538461 0.12820512820512822 45.286538461538456 45.30769230769231 0.0 45.30769230769231 2.7707480997778475
34000 0.07692307692307693 7.271277320575882e-05 38.33609411538461 0.10897435897435898 45.286538461538456 45.30769230769231 0.0 45.30769230769231 3.2022101001348346
36000 0.07692307692307693 -0.03838035784211901 38.20532488461538 0.1185897435897436 45.286538461538456 45.30769230769231 0.0 45.30769230769231 3.1312905999366194
38000 0.09615384615384616 7.755391858972846e-05 38.7739915576923 0.08974358974358974 45.286538461538456 45.30769230769231 0.0 45.30769230769231 2.827785300090909
40000 0.07692307692307693 -0.3461354375509714 38.420797250000014 0.15064102564102563 45.286538461538456 45.30769230769231 0.0 45.30769230769231 2.789462700020522
42000 0.09615384615384616 -0.4615286404541041 38.95864825000001 0.1330128205128205 45.286538461538456 45.30769230769231 0.0 45.30769230769231 2.656957200029865
44000 0.057692307692307696 -0.42306686453796216 39.050571326923084 0.12339743589743589 45.286538461538456 45.30769230769231 0.0 45.30769230769231 2.5752232000231743
46000 0.21153846153846154 8.11993724678042e-05 38.32471719230769 0.11858974358974358 45.286538461538456 45.30769230769231 0.0 45.30769230769231 2.977239199914038
48000 0.2692307692307692 -0.0382156476583767 36.835028538461536 0.16666666666666666 45.286538461538456 45.30769230769231 0.0 45.30769230769231 2.953205400146544
50000 0.3076923076923077 -0.07672140102444808 37.34127853846154 0.15384615384615383 45.286538461538456 45.30769230769231 0.0 45.30769230769231 2.7430538998451084
52000 0.19230769230769232 -0.019121469442440482 37.29829392307692 0.1330128205128205 45.286538461538456 45.30769230769231 0.0 45.30769230769231 2.8575941000599414
54000 0.15384615384615385 0.00012114322727523563 35.64784540384614 0.21474358974358973 45.286538461538456 45.30769230769231 0.0 45.30769230769231 3.047938299831003
56000 0.09615384615384616 6.668887176113592e-05 37.929283230769215 0.09294871794871794 45.286538461538456 45.30769230769231 0.0 45.30769230769231 2.9763980999123305
58000 0.23076923076923078 0.00013861150083309355 37.991665999999995 0.10897435897435896 45.286538461538456 45.30769230769231 0.0 45.30769230769231 2.740741000045091
60000 0.34615384615384615 0.0001776137683507957 37.3161290576923 0.16025641025641024 45.286538461538456 45.30769230769231 0.0 45.30769230769231 2.9266546999569982
62000 0.21153846153846154 0.00014147820142405726 37.30843707692307 0.16826923076923078 45.286538461538456 45.30769230769231 0.0 45.30769230769231 2.5886889998801053
64000 0.1346153846153846 7.454695810482078e-05 37.72169026923076 0.10416666666666667 45.286538461538456 45.30769230769231 0.0 45.30769230769231 3.093984999926761
66000 0.07692307692307693 7.30031367021348e-05 37.126515269230765 0.1618589743589744 45.286538461538456 45.30769230769231 0.0 45.30769230769231 2.9738586000166833
68000 0.09615384615384616 5.4892659948587066e-05 37.05532809615384 0.16025641025641024 45.286538461538456 45.30769230769231 0.0 45.30769230769231 2.652494299924001
70000 0.09615384615384616 9.058724742567475e-05 37.11266911538461 0.16987179487179485 45.286538461538456 45.30769230769231 0.0 45.30769230769231 3.255293999798596
72000 0.1346153846153846 0.0001098476997209794 36.46510661538461 0.2419871794871795 45.286538461538456 45.30769230769231 0.0 45.30769230769231 2.549684700090438
74000 0.25 8.404976434182737e-05 36.15399123076922 0.2580128205128205 45.286538461538456 45.30769230769231 0.0 45.30769230769231 2.742630199994892
76000 0.09615384615384616 8.30776372630337e-05 37.04792103846153 0.1875 45.286538461538456 45.30769230769231 0.0 45.30769230769231 2.6884587998501956
78000 0.07692307692307693 6.353889093525422e-05 37.35019667307691 0.11217948717948717 45.286538461538456 45.30769230769231 0.0 45.30769230769231 2.8629240000154823
80000 0.11538461538461539 0.00012253127984587222 36.75068707692307 0.21794871794871795 45.286538461538456 45.30769230769231 0.0 45.30769230769231 2.610494300024584
82000 0.11538461538461539 0.0001483053677467909 36.76573515384615 0.18910256410256412 45.286538461538456 45.30769230769231 0.0 45.30769230769231 2.9063686998561025
84000 0.21153846153846154 0.00016044065143064605 36.58491334615384 0.23878205128205127 45.286538461538456 45.30769230769231 0.0 45.30769230769231 3.22771679982543
86000 0.3269230769230769 0.00013816021868973455 36.10249348076922 0.24358974358974358 45.286538461538456 45.30769230769231 0.0 45.30769230769231 2.7329096000175923
88000 0.19230769230769232 0.00011990174673484898 37.02383482692307 0.16826923076923078 45.286538461538456 45.30769230769231 0.0 45.30769230769231 2.6702980999834836
90000 0.09615384615384616 -0.07685361891466631 37.469437057692296 0.13942307692307693 45.286538461538456 45.30769230769231 0.0 45.30769230769231 2.629591700155288
92000 0.07692307692307693 -0.13455532985689891 37.85846623076921 0.15384615384615383 45.286538461538456 45.30769230769231 0.0 45.30769230769231 2.583806100068614
94000 0.07692307692307693 -0.21147993317457459 38.03454576923075 0.125 45.286538461538456 45.30769230769231 0.0 45.30769230769231 3.24834270006977
96000 0.09615384615384616 -0.48075535438681904 38.36093061538461 0.09775641025641027 45.286538461538456 45.30769230769231 0.0 45.30769230769231 2.4709739999379963
98000 0.11538461538461539 -0.6730598068683536 38.76642563461537 0.0625 45.286538461538456 45.30769230769231 0.0 45.30769230769231 2.072704799938947
100000 0.21153846153846154 -0.7115319971260602 37.84073782692306 0.16666666666666666 45.286538461538456 45.30769230769231 0.0 45.30769230769231 2.4221577998250723
102000 0.09615384615384616 -0.7499890518553204 38.32925757692307 0.09455128205128206 45.286538461538456 45.30769230769231 0.0 45.30769230769231 2.5382113000378013
104000 0.09615384615384616 -0.53844356747159 38.6339018076923 0.09134615384615384 45.286538461538456 45.30769230769231 0.0 45.30769230769231 2.724156300071627
106000 0.11538461538461539 -0.17303942229931185 37.89433128846153 0.1266025641025641 45.286538461538456 45.30769230769231 0.0 45.30769230769231 2.837781999958679
108000 0.40384615384615385 -0.07674567206169217 36.95625724999999 0.1987179487179487 45.286538461538456 45.30769230769231 0.0 45.30769230769231 3.0103817998897284
110000 0.09615384615384616 -0.21145188187160105 37.58690307692308 0.14583333333333331 45.286538461538456 45.30769230769231 0.0 45.30769230769231 2.7314905000384897
112000 0.07692307692307693 -0.05762278364187245 37.59893865384615 0.17147435897435898 45.286538461538456 45.30769230769231 0.0 45.30769230769231 2.6436526000034064
114000 0.09615384615384616 -0.34612472663618987 38.27446676923076 0.12820512820512822 45.286538461538456 45.30769230769231 0.0 45.30769230769231 2.6385611998848617
116000 0.11538461538461539 9.381778189060937e-05 38.18690823076923 0.07692307692307693 45.286538461538456 45.30769230769231 0.0 45.30769230769231 2.7515650999266654
118000 0.09615384615384616 -0.038364461326164084 37.849039961538466 0.09615384615384616 45.286538461538456 45.30769230769231 0.0 45.30769230769231 2.7115838997997344
120000 0.09615384615384616 8.346033357191075e-05 37.723472634615376 0.10737179487179487 45.286538461538456 45.30769230769231 0.0 45.30769230769231 3.232150499941781
122000 0.07692307692307693 -0.019176836127382815 38.06558098076923 0.09615384615384616 45.286538461538456 45.30769230769231 0.0 45.30769230769231 2.8187915000598878
124000 0.07692307692307693 -0.11534476773282089 38.53663898076923 0.10737179487179488 45.286538461538456 45.30769230769231 0.0 45.30769230769231 2.8807341000065207
126000 0.07692307692307693 -0.1345761652976307 38.145981288461535 0.1266025641025641 45.286538461538456 45.30769230769231 0.0 45.30769230769231 2.968602600041777
128000 0.07692307692307693 -0.07686693394755374 38.130500519230765 0.10416666666666667 45.286538461538456 45.30769230769231 0.0 45.30769230769231 2.965687300078571
130000 0.09615384615384616 5.0569139767646014e-05 37.63150757692307 0.1875 45.286538461538456 45.30769230769231 0.0 45.30769230769231 2.9104535998776555
132000 0.09615384615384616 5.902066211831726e-05 37.62790436538462 0.17147435897435898 45.286538461538456 45.30769230769231 0.0 45.30769230769231 2.747563300188631
134000 0.07692307692307693 -0.23071281959980483 37.39750599999999 0.14423076923076922 45.286538461538456 45.30769230769231 0.0 45.30769230769231 2.684555099811405
136000 0.09615384615384616 -0.44227761983702674 37.835889288461544 0.09615384615384616 45.286538461538456 45.30769230769231 0.0 45.30769230769231 2.364950400078669
138000 0.07692307692307693 -0.3268618957520673 37.72431948076923 0.08012820512820513 45.286538461538456 45.30769230769231 0.0 45.30769230769231 2.5241795000620186
140000 0.09615384615384616 -0.7692193316783839 38.65232207692309 0.09134615384615384 45.286538461538456 45.30769230769231 0.0 45.30769230769231 2.4769512999337167
142000 0.11538461538461539 -0.7114870750595371 38.248328750000006 0.12339743589743589 45.286538461538456 45.30769230769231 0.0 45.30769230769231 2.406855799956247
144000 0.11538461538461539 -0.692281474620306 38.2822286923077 0.12339743589743589 45.286538461538456 45.30769230769231 0.0 45.30769230769231 2.4277416998520494
146000 0.11538461538461539 -0.634571209256905 38.45156411538461 0.08012820512820512 45.286538461538456 45.30769230769231 0.0 45.30769230769231 2.3606795999221504
148000 0.09615384615384616 -0.6922975216576344 38.94353526923078 0.041666666666666664 45.286538461538456 45.30769230769231 0.0 45.30769230769231 2.371607600012794
150000 0.15384615384615385 -0.6730447512726818 38.812729980769234 0.0560897435897436 45.286538461538456 45.30769230769231 0.0 45.30769230769231 2.01575699984096
152000 0.11538461538461539 -0.6153599767569949 38.63810257692308 0.10576923076923077 45.286538461538456 45.30769230769231 0.0 45.30769230769231 2.435980800073594
154000 0.11538461538461539 -0.6153621601558817 38.52148398076924 0.11378205128205127 45.286538461538456 45.30769230769231 0.0 45.30769230769231 2.3663289998658
156000 0.1346153846153846 -0.538386937160814 38.27931351923077 0.12179487179487179 45.286538461538456 45.30769230769231 0.0 45.30769230769231 2.4783308999612927
158000 0.1346153846153846 -0.5768666713273249 38.24242313461539 0.12820512820512817 45.286538461538456 45.30769230769231 0.0 45.30769230769231 2.6173886000178754
160000 0.09615384615384616 -0.3845831405145527 37.81870034615384 0.1522435897435897 45.286538461538456 45.30769230769231 0.0 45.30769230769231 2.8343626998830587
162000 0.09615384615384616 -0.5961366416024171 38.06823817307692 0.11378205128205127 45.286538461538456 45.30769230769231 0.0 45.30769230769231 2.641190900001675
164000 0.09615384615384616 -0.23064131011971883 37.17125744230769 0.20833333333333334 45.286538461538456 45.30769230769231 0.0 45.30769230769231 2.844493899960071
166000 0.1346153846153846 -0.3460816143439214 37.50407326923077 0.15384615384615385 45.286538461538456 45.30769230769231 0.0 45.30769230769231 2.6652154999319464
168000 0.21153846153846154 -0.711507476429046 38.215986230769246 0.13141025641025642 45.286538461538456 45.30769230769231 0.0 45.30769230769231 2.169583800015971
170000 0.11538461538461539 -0.6153590809380162 38.326381384615395 0.08974358974358974 45.286538461538456 45.30769230769231 0.0 45.30769230769231 2.322629800066352
172000 0.09615384615384616 -0.4615032165427184 37.66865219230769 0.15384615384615383 45.286538461538456 45.30769230769231 0.0 45.30769230769231 2.5531752000097185
174000 0.5769230769230769 0.0002613656751636156 32.46686263461538 0.4358974358974359 45.286538461538456 45.30769230769231 0.019230769230769232 45.28846153846154 2.8422257001511753
176000 0.4423076923076923 0.0003630972738459147 34.316942749999995 0.32211538461538464 45.286538461538456 45.30769230769231 0.019230769230769232 45.28846153846154 3.3532281999941915
178000 0.4230769230769231 0.00017716998004888438 35.43566911538461 0.25480769230769235 45.286538461538456 45.30769230769231 0.0 45.30769230769231 2.5817219999153167
180000 0.28846153846153844 0.00018305793533212244 36.74941271153846 0.20032051282051283 45.286538461538456 45.30769230769231 0.0 45.30769230769231 2.737646499881521
182000 0.25 0.00016943779135535195 37.07166407692308 0.20512820512820512 45.286538461538456 45.30769230769231 0.0 45.30769230769231 3.414682799950242
184000 0.3269230769230769 9.254910145845248e-05 36.78819274999999 0.22275641025641024 45.286538461538456 45.30769230769231 0.0 45.30769230769231 2.9406250999309123
186000 0.38461538461538464 -0.018992445836580028 36.649984596153836 0.21634615384615385 45.286538461538456 45.30769230769231 0.0 45.30769230769231 3.366319000022486
188000 0.1346153846153846 -0.019153229643346044 37.49999292307693 0.16987179487179485 45.286538461538456 45.30769230769231 0.0 45.30769230769231 2.7797574000433087
190000 0.25 0.00015758855446600556 37.564281384615384 0.23076923076923073 45.286538461538456 45.30769230769231 0.0 45.30769230769231 2.894786800025031
192000 0.21153846153846154 -0.07682541768011694 37.650636826923076 0.21794871794871792 45.286538461538456 45.30769230769231 0.0 45.30769230769231 2.989929199917242
194000 0.23076923076923078 7.952473741734048e-05 38.2644194423077 0.17628205128205127 45.286538461538456 45.30769230769231 0.0 45.30769230769231 2.758159999968484
196000 0.21153846153846154 -0.01909297890811374 38.18095253846154 0.11698717948717949 45.286538461538456 45.30769230769231 0.0 45.30769230769231 2.9274310001637787
198000 0.1346153846153846 -0.057620072946132805 38.204706769230775 0.13942307692307693 45.286538461538456 45.30769230769231 0.0 45.30769230769231 2.817627300042659
200000 0.09615384615384616 -0.6153647471126628 38.87300713461539 0.08173076923076923 45.286538461538456 45.30769230769231 0.0 45.30769230769231 2.648304099915549
202000 0.17307692307692307 -0.13453284070257518 38.59500748076925 0.11217948717948717 45.286538461538456 45.30769230769231 0.0 45.30769230769231 2.753012100001797
204000 0.3269230769230769 -0.1152450328921243 38.420628884615404 0.11217948717948717 45.286538461538456 45.30769230769231 0.0 45.30769230769231 2.8116560000926256
206000 0.3076923076923077 -0.15375861757038023 38.008476096153856 0.13782051282051283 45.286538461538456 45.30769230769231 0.0 45.30769230769231 2.882628499995917
208000 0.4423076923076923 -0.1536916117326212 37.48251428846155 0.15384615384615383 45.286538461538456 45.30769230769231 0.0 45.30769230769231 2.6842605001293123
210000 0.4230769230769231 -0.2113862592575761 36.297410057692304 0.2644230769230769 45.286538461538456 45.30769230769231 0.0 45.30769230769231 2.625727100064978
212000 0.5769230769230769 -0.5960661635945633 35.87432573076922 0.3012820512820513 45.286538461538456 45.30769230769231 0.0 45.30769230769231 2.763592900009826
214000 0.5 -0.49991145373632284 36.911492653846146 0.1907051282051282 45.286538461538456 45.30769230769231 0.0 45.30769230769231 2.72443910012953
216000 0.40384615384615385 -0.2883534778364761 37.84429392307693 0.11698717948717949 45.286538461538456 45.30769230769231 0.0 45.30769230769231 2.7128075999207795
218000 0.3076923076923077 -0.11527120339544418 38.54786625 0.08814102564102563 45.286538461538456 45.30769230769231 0.0 45.30769230769231 2.802287699887529
220000 0.28846153846153844 0.00011762306840765546 36.30389107692308 0.29166666666666663 45.286538461538456 45.30769230769231 0.0 45.30769230769231 2.6511272001080215
222000 0.2692307692307692 -0.1152489355580795 36.75334817307693 0.21314102564102566 45.286538461538456 45.30769230769231 0.0 45.30769230769231 2.5899348000530154
224000 0.3076923076923077 -0.15373319653978215 36.19653865384615 0.21314102564102566 45.286538461538456 45.30769230769231 0.0 45.30769230769231 2.985680599929765
226000 0.40384615384615385 -0.2691119352646321 36.595178346153844 0.16025641025641024 45.286538461538456 45.30769230769231 0.0 45.30769230769231 2.7153733999002725
228000 0.3269230769230769 -0.13447446332364035 36.06769167307693 0.25961538461538464 45.286538461538456 45.30769230769231 0.0 45.30769230769231 2.749127000104636
230000 0.3076923076923077 0.00012279179071891585 34.86995601923076 0.3637820512820513 45.286538461538456 45.30769230769231 0.0 45.30769230769231 2.5964823001995683
232000 0.2692307692307692 9.540103323463818e-05 35.07380217307692 0.3541666666666667 45.286538461538456 45.30769230769231 0.0 45.30769230769231 2.80785490013659
234000 0.2692307692307692 8.51826554241459e-05 35.281230865384615 0.342948717948718 45.286538461538456 45.30769230769231 0.0 45.30769230769231 2.7438751999288797
236000 0.2692307692307692 4.869086334363219e-05 35.49775790384614 0.30128205128205127 45.286538461538456 45.30769230769231 0.0 45.30769230769231 2.701492599910125
238000 0.2692307692307692 0.00010990954340207087 35.604970403846146 0.35096153846153844 45.286538461538456 45.30769230769231 0.0 45.30769230769231 2.769609299954027
240000 0.2692307692307692 0.00022466345512142308 35.71968194230768 0.3301282051282052 45.286538461538456 45.30769230769231 0.0 45.30769230769231 2.8849366998765618
242000 0.2692307692307692 0.00023536801754099572 36.097662711538455 0.30929487179487186 45.286538461538456 45.30769230769231 0.0 45.30769230769231 2.732793799834326
244000 0.25 8.957134995705174e-05 36.85107617307692 0.23076923076923078 45.286538461538456 45.30769230769231 0.0 45.30769230769231 2.9355518999509513
246000 0.25 0.00012201966414651385 36.74116271153845 0.20833333333333337 45.286538461538456 45.30769230769231 0.0 45.30769230769231 2.874373300001025
248000 0.15384615384615385 9.6684164621413e-05 38.12488578846153 0.18269230769230768 45.286538461538456 45.30769230769231 0.0 45.30769230769231 2.8256232000421733
250000 0.07692307692307693 4.8077735984145624e-05 38.00690632692307 0.16987179487179485 45.286538461538456 45.30769230769231 0.019230769230769232 45.28846153846154 2.882299699820578
252000 0.09615384615384616 6.609314996909444e-05 38.12386817307692 0.17147435897435898 45.286538461538456 45.30769230769231 0.019230769230769232 45.28846153846154 2.6613986999727786
254000 0.07692307692307693 0.00010192585972589518 38.102675557692315 0.16826923076923078 45.286538461538456 45.30769230769231 0.019230769230769232 45.28846153846154 2.9732335000298917
256000 0.07692307692307693 8.742035032135534e-05 38.07165986538461 0.1394230769230769 45.286538461538456 45.30769230769231 0.019230769230769232 45.28846153846154 2.961203600047156
258000 0.11538461538461539 5.526173789490423e-05 38.009895403846144 0.1875 45.286538461538456 45.30769230769231 0.0 45.30769230769231 2.6487393002025783
260000 0.09615384615384616 4.694888372313294e-05 37.8926120576923 0.17467948717948717 45.286538461538456 45.30769230769231 0.0 45.30769230769231 2.707925699884072
262000 0.07692307692307693 4.849424241122587e-05 38.11291509615384 0.16826923076923078 45.286538461538456 45.30769230769231 0.0 45.30769230769231 3.126906800083816
264000 0.07692307692307693 5.055479293466375e-05 38.01197103846153 0.16826923076923078 45.286538461538456 45.30769230769231 0.0 45.30769230769231 2.9123952998779714
266000 0.07692307692307693 2.789400093175715e-05 38.299887096153846 0.11217948717948717 45.286538461538456 45.30769230769231 0.019230769230769232 45.28846153846154 2.9055274000857025
268000 0.09615384615384616 -0.09612631778413486 37.91176369230769 0.16025641025641024 45.286538461538456 45.30769230769231 0.019230769230769232 45.28846153846154 3.439944699872285
270000 0.07692307692307693 -0.019174750120205444 37.95625086538461 0.16185897435897434 45.286538461538456 45.30769230769231 0.019230769230769232 45.28846153846154 2.942221000092104
272000 0.09615384615384616 6.308319121497557e-05 37.913590288461535 0.12179487179487179 45.286538461538456 45.30769230769231 0.019230769230769232 45.28846153846154 3.12925050011836
274000 0.1346153846153846 -0.019132203810245045 36.812864653846155 0.17948717948717946 45.286538461538456 45.30769230769231 0.019230769230769232 45.28846153846154 3.13533389987424
276000 0.1346153846153846 0.00010272774823039585 36.50273003846154 0.18429487179487178 45.286538461538456 45.30769230769231 0.019230769230769232 45.28846153846154 2.9671149998903275
278000 0.17307692307692307 8.379466577086058e-05 36.848306096153834 0.18910256410256407 45.286538461538456 45.30769230769231 0.0 45.30769230769231 3.048420900013298
280000 0.15384615384615385 6.92142052632747e-05 37.0813048653846 0.17467948717948717 45.286538461538456 45.30769230769231 0.019230769230769232 45.28846153846154 2.913179900031537
282000 0.09615384615384616 -0.24995480813691182 37.05447392307691 0.1474358974358974 45.286538461538456 45.30769230769231 0.019230769230769232 45.28846153846154 2.6707482000347227
284000 0.1346153846153846 -0.2307111803634416 36.912110288461534 0.1778846153846154 45.286538461538456 45.30769230769231 0.019230769230769232 45.28846153846154 2.931457499973476
286000 0.21153846153846154 -0.3076099590340713 36.7993678076923 0.15544871794871792 45.286538461538456 45.30769230769231 0.0 45.30769230769231 2.942177499877289
288000 0.19230769230769232 -0.42303418456191466 36.75315234615384 0.15064102564102563 45.286538461538456 45.30769230769231 0.0 45.30769230769231 3.3835589999798685
290000 0.19230769230769232 -0.4230244543398729 36.85480884615384 0.17628205128205127 45.286538461538456 45.30769230769231 0.0 45.30769230769231 2.8452787999995053
292000 0.1346153846153846 -0.38457630044769686 37.29495255769231 0.1490384615384615 45.286538461538456 45.30769230769231 0.0 45.30769230769231 2.8914172002114356
294000 0.3076923076923077 -0.4614271002849314 36.835229134615375 0.16826923076923078 45.286538461538456 45.30769230769231 0.0 45.30769230769231 2.739518499933183
296000 0.17307692307692307 -0.24994874334597988 37.04906717307692 0.14262820512820512 45.286538461538456 45.30769230769231 0.0 45.30769230769231 2.581655800109729
298000 0.11538461538461539 -0.11530499571072944 37.05617086538461 0.15384615384615383 45.286538461538456 45.30769230769231 0.0 45.30769230769231 2.918444799957797
300000 0.15384615384615385 -0.0768323074044917 36.774480153846156 0.15705128205128205 45.286538461538456 45.30769230769231 0.0 45.30769230769231 2.7042771000415087
302000 0.3076923076923077 -0.307605657284861 36.40555828846154 0.18108974358974358 45.286538461538456 45.30769230769231 0.0 45.30769230769231 2.5797766000032425
304000 0.36538461538461536 -0.0189804421205653 36.13506792307691 0.21794871794871792 45.286538461538456 45.30769230769231 0.0 45.30769230769231 2.8629761000629514
306000 0.23076923076923078 -0.038356140733798824 36.621009461538456 0.15064102564102563 45.286538461538456 45.30769230769231 0.0 45.30769230769231 2.4933977001346648
308000 0.40384615384615385 0.00012344396404557817 36.307692999999986 0.17948717948717946 45.286538461538456 45.30769230769231 0.0 45.30769230769231 3.0188418000470847
310000 0.3076923076923077 0.00019379104600545326 36.58794940384614 0.17628205128205124 45.286538461538456 45.30769230769231 0.0 45.30769230769231 2.6303413999266922
312000 0.4423076923076923 0.00025602573470798206 36.446119923076914 0.203525641025641 45.286538461538456 45.30769230769231 0.0 45.30769230769231 2.786033699987456
314000 0.36538461538461536 -0.019005364182603554 36.399606461538454 0.23397435897435892 45.286538461538456 45.30769230769231 0.0 45.30769230769231 2.513263100059703
316000 0.5192307692307693 -0.01894854770710885 36.46783723076922 0.2516025641025641 45.286538461538456 45.30769230769231 0.0 45.30769230769231 2.679392300080508
318000 0.5769230769230769 0.0001675617214678147 36.35219155769231 0.266025641025641 45.286538461538456 45.30769230769231 0.0 45.30769230769231 2.636631599860266
320000 0.6153846153846154 -0.018908473236985305 36.44751848076923 0.23717948717948717 45.286538461538456 45.30769230769231 0.0 45.30769230769231 2.939275899901986
322000 0.5576923076923077 -0.018893597585014205 36.74823963461537 0.19391025641025644 45.286538461538456 45.30769230769231 0.0 45.30769230769231 2.7673179998528212
324000 0.38461538461538464 -0.018976490398691807 36.595595403846154 0.19551282051282054 45.286538461538456 45.30769230769231 0.0 45.30769230769231 2.730287600075826
326000 0.46153846153846156 -0.01892851942958012 36.891772326923075 0.2131410256410257 45.286538461538456 45.30769230769231 0.0 45.30769230769231 3.1425053998827934
328000 0.4423076923076923 -0.018974105466585334 36.871412711538454 0.21634615384615385 45.286538461538456 45.30769230769231 0.0 45.30769230769231 3.1224390000570565
330000 0.36538461538461536 -0.01895114795412414 36.65320757692307 0.2756410256410256 45.286538461538456 45.30769230769231 0.0 45.30769230769231 2.905445999931544
332000 0.5576923076923077 -0.07662878912536353 36.33916271153846 0.2980769230769231 45.286538461538456 45.30769230769231 0.0 45.30769230769231 2.858421199955046
334000 0.5192307692307693 -0.03822452303761736 36.33685501923076 0.28846153846153844 45.286538461538456 45.30769230769231 0.0 45.30769230769231 2.7310363000724465
336000 0.6923076923076923 -0.018915636358292468 36.42098001923077 0.2516025641025641 45.286538461538456 45.30769230769231 0.0 45.30769230769231 2.970734199974686
338000 0.5192307692307693 -0.018979659087934243 36.54963386538461 0.233974358974359 45.286538461538456 45.30769230769231 0.0 45.30769230769231 2.7425637000706047
340000 0.4807692307692308 -0.038286367220618824 36.246653096153835 0.2612179487179488 45.286538461538456 45.30769230769231 0.0 45.30769230769231 3.0168180000036955
342000 0.5192307692307693 -0.01902972320050071 36.352422326923076 0.24198717948717946 45.286538461538456 45.30769230769231 0.0 45.30769230769231 2.8657076999079436
344000 0.5384615384615384 -0.03825618944346582 36.09016848076922 0.27403846153846156 45.286538461538456 45.30769230769231 0.0 45.30769230769231 3.022857600124553
346000 0.38461538461538464 -0.07680651623972999 36.6295915576923 0.2435897435897436 45.286538461538456 45.30769230769231 0.0 45.30769230769231 2.922086799982935
348000 0.3269230769230769 -0.019115757886623706 36.96922761538462 0.22916666666666669 45.286538461538456 45.30769230769231 0.0 45.30769230769231 2.990944500081241
350000 0.3076923076923077 -0.05754737231614117 36.42539625 0.2756410256410256 45.286538461538456 45.30769230769231 0.0 45.30769230769231 2.926818999927491
352000 0.25 -0.07681404623310707 36.296277653846154 0.2387820512820513 45.286538461538456 45.30769230769231 0.0 45.30769230769231 2.810544400010258
354000 0.3269230769230769 -0.03835419919837224 36.989905865384614 0.19391025641025642 45.286538461538456 45.30769230769231 0.0 45.30769230769231 2.744355999864638
356000 0.46153846153846156 -0.03831707650156816 37.32745265384615 0.16826923076923078 45.286538461538456 45.30769230769231 0.0 45.30769230769231 3.0816186000593007
358000 0.4423076923076923 -0.038293035360060526 37.28429688461538 0.18108974358974358 45.286538461538456 45.30769230769231 0.0 45.30769230769231 2.834347599884495
360000 0.19230769230769232 -0.019150238699798074 37.63382440384615 0.18750000000000003 45.286538461538456 45.30769230769231 0.0 45.30769230769231 2.876662200083956
362000 0.1346153846153846 -0.0383828751568805 37.799874557692306 0.1314102564102564 45.286538461538456 45.30769230769231 0.0 45.30769230769231 2.6088607001584023
364000 0.1346153846153846 -0.21145420684391583 37.412447153846145 0.19551282051282046 45.286538461538456 45.30769230769231 0.0 45.30769230769231 2.733055500080809
366000 0.09615384615384616 -0.11533337852280859 37.242010461538456 0.203525641025641 45.286538461538456 45.30769230769231 0.0 45.30769230769231 2.5385181999299675
368000 0.1346153846153846 -0.1345718940912513 37.01896623076923 0.25961538461538464 45.286538461538456 45.30769230769231 0.0 45.30769230769231 2.569183300016448
370000 0.19230769230769232 -0.1345619895173556 36.82331959615385 0.18910256410256407 45.286538461538456 45.30769230769231 0.0 45.30769230769231 2.9355184000451118
372000 0.23076923076923078 -0.24992339456000098 37.12291986538461 0.2564102564102564 45.286538461538456 45.30769230769231 0.0 45.30769230769231 2.792743100086227
374000 0.3076923076923077 -0.23066007870896305 37.23757761538461 0.2532051282051282 45.286538461538456 45.30769230769231 0.0 45.30769230769231 2.784698999952525
376000 0.25 -0.3268196761219994 37.47477151923077 0.23397435897435898 45.286538461538456 45.30769230769231 0.0 45.30769230769231 2.894861599896103
378000 0.19230769230769232 -0.4037619648554612 37.69688690384616 0.19230769230769226 45.286538461538456 45.30769230769231 0.0 45.30769230769231 2.5877786001656204
380000 0.25 -0.28834789507337943 37.474438192307694 0.21794871794871795 45.286538461538456 45.30769230769231 0.0 45.30769230769231 2.8937191001605242
382000 0.23076923076923078 -0.21143561026355814 37.48205357692307 0.20833333333333331 45.286538461538456 45.30769230769231 0.0 45.30769230769231 2.5139195998199284
384000 0.2692307692307692 -0.1344924492148221 37.546025365384615 0.20833333333333331 45.286538461538456 45.30769230769231 0.0 45.30769230769231 2.9148314998019487
386000 0.2692307692307692 -0.07682710103598236 37.30941430769231 0.2467948717948718 45.286538461538456 45.30769230769231 0.0 45.30769230769231 2.7743829002138227
388000 0.2692307692307692 -0.03836882977058841 36.7847268076923 0.2900641025641026 45.286538461538456 45.30769230769231 0.0 45.30769230769231 2.89687589998357
390000 0.17307692307692307 -0.05762017505236413 36.49173321153845 0.27724358974358976 45.286538461538456 45.30769230769231 0.0 45.30769230769231 3.1369676999747753
392000 0.25 -0.1153132542614666 36.223944749999994 0.30929487179487186 45.286538461538456 45.30769230769231 0.0 45.30769230769231 2.692909900099039
394000 0.21153846153846154 -0.038296013747585525 34.92432440384614 0.34615384615384615 45.286538461538456 45.30769230769231 0.0 45.30769230769231 2.7393497000448406
396000 0.46153846153846156 -0.01891163494411213 34.424409499999996 0.40705128205128205 45.286538461538456 45.30769230769231 0.0 45.30769230769231 2.9307497998233885
398000 0.38461538461538464 -0.0767822036722979 35.9468518076923 0.2932692307692308 45.286538461538456 45.30769230769231 0.0 45.30769230769231 2.7457846000324935
400000 0.34615384615384615 -0.038342223894815466 36.74172873076923 0.2227564102564103 45.286538461538456 45.30769230769231 0.0 45.30769230769231 3.6417024999391288
402000 0.5 0.0002431476831002649 35.023563346153836 0.3317307692307692 45.286538461538456 45.30769230769231 0.0 45.30769230769231 3.170757699990645
404000 0.38461538461538464 -0.019025246504675485 35.03387103846154 0.33653846153846156 45.286538461538456 45.30769230769231 0.0 45.30769230769231 2.838285000063479
406000 0.36538461538461536 -0.01904689693415266 34.90428128846153 0.3253205128205129 45.286538461538456 45.30769230769231 0.0 45.30769230769231 2.947164500132203
408000 0.3269230769230769 -0.03824704038574505 34.74935180769231 0.344551282051282 45.286538461538456 45.30769230769231 0.0 45.30769230769231 3.044786300044507
410000 0.4230769230769231 -0.038258559898359586 36.21442296153846 0.2884615384615385 45.286538461538456 45.30769230769231 0.0 45.30769230769231 2.816114200046286
412000 0.36538461538461536 -0.03829950600533692 37.186434980769235 0.2243589743589744 45.286538461538456 45.30769230769231 0.0 45.30769230769231 3.0263358000665903
414000 0.38461538461538464 -0.038270415296604375 37.15576190384615 0.20673076923076927 45.286538461538456 45.30769230769231 0.0 45.30769230769231 2.756862800102681
416000 0.34615384615384615 -0.057535495863788894 37.257480653846144 0.20192307692307693 45.286538461538456 45.30769230769231 0.0 45.30769230769231 2.768229799810797
418000 0.34615384615384615 -0.09596353099278004 37.31639555769231 0.2003205128205128 45.286538461538456 45.30769230769231 0.0 45.30769230769231 2.8553091001231223
420000 0.3269230769230769 -0.11520095565932421 37.215269115384615 0.20352564102564102 45.286538461538456 45.30769230769231 0.0 45.30769230769231 2.955328800017014
422000 0.34615384615384615 -0.07674024963110206 37.63641334615384 0.17948717948717946 45.286538461538456 45.30769230769231 0.0 45.30769230769231 2.6846559999976307
424000 0.3076923076923077 -0.09598288747782124 37.799846038461524 0.18910256410256407 45.286538461538456 45.30769230769231 0.0 45.30769230769231 2.8205778999254107
426000 0.3269230769230769 -0.0767443317168301 37.665244115384596 0.18749999999999997 45.286538461538456 45.30769230769231 0.0 45.30769230769231 2.874476100085303
428000 0.3269230769230769 -0.05751917675279118 37.66290676923076 0.17307692307692307 45.286538461538456 45.30769230769231 0.0 45.30769230769231 2.9631063998676836
430000 0.36538461538461536 -0.05749960867534949 36.910143961538466 0.2548076923076923 45.286538461538456 45.30769230769231 0.0 45.30769230769231 2.7615992000792176
432000 0.4230769230769231 -0.05747676824581591 36.9702025576923 0.25 45.286538461538456 45.30769230769231 0.0 45.30769230769231 3.127613800112158
434000 0.38461538461538464 -0.057466578812524594 36.704534980769225 0.26121794871794873 45.286538461538456 45.30769230769231 0.0 45.30769230769231 2.774132400052622
436000 0.3269230769230769 -0.038258042108973406 37.109236903846146 0.2211538461538462 45.286538461538456 45.30769230769231 0.0 45.30769230769231 3.1686557999346405
438000 0.3076923076923077 -0.03828284901598638 36.9415205576923 0.22435897435897434 45.286538461538456 45.30769230769231 0.0 45.30769230769231 3.091736000031233
440000 0.28846153846153844 -0.019030864874990342 36.61584748076922 0.27243589743589747 45.286538461538456 45.30769230769231 0.0 45.30769230769231 2.9653000000398606
442000 0.28846153846153844 -0.019025538374157776 36.400462865384604 0.2868589743589744 45.286538461538456 45.30769230769231 0.0 45.30769230769231 3.1903069000691175
444000 0.28846153846153844 -0.01906409119752058 37.12156061538461 0.22916666666666666 45.286538461538456 45.30769230769231 0.0 45.30769230769231 3.1598659998271614
446000 0.3076923076923077 -0.019053539163177344 37.52612792307692 0.1955128205128205 45.286538461538456 45.30769230769231 0.0 45.30769230769231 3.040064499946311
448000 0.34615384615384615 -0.018998674474327598 37.243700038461526 0.21153846153846156 45.286538461538456 45.30769230769231 0.0 45.30769230769231 2.9327976000495255
450000 0.3269230769230769 -0.019013504026486716 37.45850773076923 0.20032051282051283 45.286538461538456 45.30769230769231 0.0 45.30769230769231 2.9571040000300854
452000 0.36538461538461536 -0.018983904471029787 37.720945230769225 0.15705128205128205 45.286538461538456 45.30769230769231 0.0 45.30769230769231 2.8638023999519646
454000 0.3269230769230769 -0.019016492889786556 37.83718561538461 0.16025641025641024 45.286538461538456 45.30769230769231 0.0 45.30769230769231 2.8619583998806775
456000 0.28846153846153844 -0.01909763143150636 37.68447728846154 0.15384615384615385 45.286538461538456 45.30769230769231 0.0 45.30769230769231 3.0210865999106318
458000 0.2692307692307692 -0.019101681848574005 37.662304211538455 0.16025641025641024 45.286538461538456 45.30769230769231 0.0 45.30769230769231 3.0700027998536825
460000 0.2692307692307692 -0.038370509376924204 37.516672788461534 0.20032051282051283 45.286538461538456 45.30769230769231 0.0 45.30769230769231 3.1879312999080867
462000 0.2692307692307692 -0.03835063586934451 37.79807113461538 0.18429487179487178 45.286538461538456 45.30769230769231 0.0 45.30769230769231 2.970338099868968
464000 0.3076923076923077 -0.11523497305568843 37.76647257692308 0.18429487179487178 45.286538461538456 45.30769230769231 0.0 45.30769230769231 3.1936329999007285
466000 0.3076923076923077 -0.13450109320456757 37.68578499999999 0.1778846153846154 45.286538461538456 45.30769230769231 0.0 45.30769230769231 2.929271300090477
468000 0.4423076923076923 -0.1729206411407686 37.435488384615375 0.20192307692307693 45.286538461538456 45.30769230769231 0.0 45.30769230769231 2.903455500025302
470000 0.36538461538461536 -0.11524359355202121 37.41299378846153 0.16346153846153846 45.286538461538456 45.30769230769231 0.0 45.30769230769231 2.498236999846995
472000 0.3269230769230769 -0.03829724104987417 37.63534438461538 0.17467948717948717 45.286538461538456 45.30769230769231 0.0 45.30769230769231 2.8644087000284344
474000 0.3076923076923077 -0.01909645844494868 37.872665749999996 0.15064102564102566 45.286538461538456 45.30769230769231 0.0 45.30769230769231 2.3952721999958158
476000 0.3269230769230769 -0.038346998664830774 37.72401446153845 0.1650641025641026 45.286538461538456 45.30769230769231 0.0 45.30769230769231 2.505182299995795
478000 0.3269230769230769 0.00011948515940059323 37.96356334615385 0.16185897435897434 45.286538461538456 45.30769230769231 0.0 45.30769230769231 2.2523166998289526
480000 0.36538461538461536 -0.019080457931584666 37.49699973076922 0.15705128205128205 45.286538461538456 45.30769230769231 0.0 45.30769230769231 2.2767415998969227
482000 0.40384615384615385 0.00014546364897437606 37.18537424999999 0.18269230769230768 45.286538461538456 45.30769230769231 0.0 45.30769230769231 2.103585100034252
484000 0.36538461538461536 0.00015686394367133647 37.34246463461538 0.18108974358974358 45.286538461538456 45.30769230769231 0.0 45.30769230769231 2.3846217000391334
486000 0.36538461538461536 0.00012857567317976884 36.92759284615384 0.20833333333333337 45.286538461538456 45.30769230769231 0.0 45.30769230769231 2.216205900069326
488000 0.36538461538461536 0.00016221131463349438 37.05091271153846 0.20512820512820515 45.286538461538456 45.30769230769231 0.0 45.30769230769231 2.315041100140661
490000 0.40384615384615385 0.0001989882897617839 37.280630653846146 0.17948717948717946 45.286538461538456 45.30769230769231 0.0 45.30769230769231 2.1845367001369596
492000 0.4230769230769231 0.00019800845181512525 37.24851526923075 0.17948717948717946 45.286538461538456 45.30769230769231 0.0 45.30769230769231 2.3119598000776023
494000 0.40384615384615385 0.00018752040827515126 36.67750565384615 0.24839743589743596 45.286538461538456 45.30769230769231 0.0 45.30769230769231 2.2372264000587165
496000 0.46153846153846156 0.00022825764871290175 37.05625565384615 0.1955128205128205 45.286538461538456 45.30769230769231 0.0 45.30769230769231 2.0229078999254853
498000 0.4807692307692308 0.00021669744405206158 37.05298642307691 0.1955128205128205 45.286538461538456 45.30769230769231 0.0 45.30769230769231 1.9569584000855684
500000 0.46153846153846156 0.00019797920636633186 36.167369288461536 0.25961538461538464 45.286538461538456 45.30769230769231 0.0 45.30769230769231 1.7834336999803782
