2000 6.634615384615385 -0.5377754392895489 33.381021096153844 0.2099358974358974 45.301282057692305 45.30769230769231 2.3461538461538463 42.96153846153846 1.0086856999987504
4000 3.7884615384615383 -0.05720542874557852 33.44914571153846 0.15224358974358973 45.301282057692305 45.30769230769231 1.7307692307692308 43.57692307692308 1.1093821999966167
6000 10.442307692307692 0.0008998186038372841 32.58610517307693 0.20192307692307693 45.301282057692305 45.30769230769231 1.6538461538461537 43.65384615384615 1.1642510999954538
8000 13.192307692307692 0.001940128264912701 31.995719980769227 0.22596153846153846 45.301282057692305 45.30769230769231 1.6538461538461537 43.65384615384615 1.2443239999993239
10000 11.692307692307692 0.0010794732734534448 32.29433171153846 0.24358974358974356 45.301282057692305 45.30769230769231 1.6538461538461537 43.65384615384615 1.6049896000040462
12000 14.211538461538462 -0.07364611947976399 31.807222403846165 0.21955128205128205 45.301282057692305 45.30769230769231 2.923076923076923 42.38461538461539 1.5996863000036683
14000 11.307692307692308 0.0010659310855919773 32.843215269230775 0.1794871794871795 45.301282057692305 45.30769230769231 1.6923076923076923 43.61538461538461 1.8784264999994775
16000 11.5 0.0011868562344977693 31.92480255769231 0.22916666666666666 45.301282057692305 45.30769230769231 1.6538461538461537 43.65384615384615 3.8160964000126114
18000 12.192307692307692 0.002005185765794693 32.3528161923077 0.18589743589743588 45.301282057692305 45.30769230769231 2.3846153846153846 42.92307692307692 3.4698094000050332
20000 11.865384615384615 0.0018625271320823974 32.595079442307686 0.20032051282051283 45.301282057692305 45.30769230769231 1.6538461538461537 43.65384615384615 3.4697475000139093
22000 4.980769230769231 -0.36450924054458517 33.968315576923075 0.16346153846153846 45.301282057692305 45.30769230769231 1.6538461538461537 43.65384615384615 3.647783899999922
24000 14.923076923076923 0.0031625918078937772 32.119275346153856 0.20192307692307693 45.301282057692305 45.30769230769231 1.6538461538461537 43.65384615384615 3.841803400006029
26000 11.23076923076923 0.001471686423709923 33.04735911538462 0.20833333333333334 45.301282057692305 45.30769230769231 1.6538461538461537 43.65384615384615 3.5449020999949425
28000 2.7884615384615383 -0.037793169734305264 34.31587117307692 0.1201923076923077 45.301282057692305 45.30769230769231 1.7115384615384615 43.59615384615385 3.7245348999858834
30000 2.8653846153846154 0.0004889789215507884 34.375106057692314 0.11698717948717949 45.301282057692305 45.30769230769231 1.6538461538461537 43.65384615384615 3.712233499987633
32000 3.0576923076923075 0.0005389088798194951 34.527243076923064 0.11378205128205127 45.301282057692305 45.30769230769231 1.6538461538461537 43.65384615384615 3.5487475999980234
34000 4.6923076923076925 0.0007267961220902777 34.414588961538456 0.15064102564102563 45.301282057692305 45.30769230769231 1.6538461538461537 43.65384615384615 3.330563399998937
36000 3.019230769230769 0.000449614279865341 34.60267057692307 0.13141025641025642 45.301282057692305 45.30769230769231 1.6538461538461537 43.65384615384615 3.4605978000035975
38000 2.923076923076923 0.0003083468361211337 34.32181617307692 0.17307692307692307 45.301282057692305 45.30769230769231 2.019230769230769 43.28846153846154 3.499993800010998
40000 4.615384615384615 0.0008164132356088203 34.193878692307706 0.1778846153846154 45.301282057692305 45.30769230769231 2.0576923076923075 43.25 3.468618400002015
42000 4.4423076923076925 0.0009685244666112133 33.814734788461536 0.16987179487179485 45.301282057692305 45.30769230769231 1.6538461538461537 43.65384615384615 3.5151236999954563
44000 3.423076923076923 0.000397557173809889 34.32756269230768 0.09455128205128206 45.301282057692305 45.30769230769231 1.6538461538461537 43.65384615384615 3.6437578000040958
46000 3.7884615384615383 0.0005732964673652723 33.98937021153846 0.17948717948717946 45.301282057692305 45.30769230769231 1.75 43.55769230769231 3.604791400008253
48000 2.75 -0.2496202311845394 34.344277076923085 0.1778846153846154 45.301282057692305 45.30769230769231 1.7115384615384615 43.59615384615385 3.569251599998097
50000 3.1346153846153846 0.0005996347679628404 34.36910957692308 0.18589743589743588 45.301282057692305 45.30769230769231 1.8653846153846154 43.44230769230769 3.660205699998187
52000 3.8653846153846154 0.0006311487339174892 33.110860326923074 0.23397435897435898 45.301282057692305 45.30769230769231 2.3461538461538463 42.96153846153846 3.757114100008039
54000 3.5961538461538463 0.0009601757833458204 33.09515548076923 0.2099358974358974 45.301282057692305 45.30769230769231 2.076923076923077 43.23076923076923 3.4414227999950526
56000 4.403846153846154 0.0006628754758417124 32.644223480769234 0.20192307692307693 45.301282057692305 45.30769230769231 1.7307692307692308 43.57692307692308 3.6452045000041835
58000 11.461538461538462 0.0017289904501179112 31.844723499999994 0.2403846153846154 45.301282057692305 45.30769230769231 1.6538461538461537 43.65384615384615 3.8576098999910755
60000 10.51923076923077 0.0012599892779964583 32.31213805769231 0.21634615384615388 45.301282057692305 45.30769230769231 1.7692307692307692 43.53846153846154 3.599430200003553
62000 11.26923076923077 0.0014808631255929427 32.2264903076923 0.25 45.301282057692305 45.30769230769231 1.6538461538461537 43.65384615384615 3.515618199991877
64000 12.76923076923077 -0.28727453196675123 31.515900249999998 0.2548076923076923 45.301282057692305 45.30769230769231 1.6538461538461537 43.65384615384615 3.7351625000010245
66000 13.384615384615385 0.0018651246246017736 30.880335076923068 0.2548076923076923 45.301282057692305 45.30769230769231 1.7115384615384615 43.59615384615385 3.7194775999960257
68000 18.46153846153846 -0.01560595345256437 30.953931749999995 0.28365384615384615 45.301282057692305 45.30769230769231 2.0576923076923075 43.25 3.9874034999957075
70000 17.96153846153846 -0.8845288115715295 31.729833403846154 0.27564102564102566 45.301282057692305 45.30769230769231 2.5384615384615383 42.76923076923077 3.4166622999910032
72000 18.365384615384617 -0.8066352338404159 31.54929421153846 0.28044871794871795 45.301282057692305 45.30769230769231 2.6923076923076925 42.61538461538461 3.522603799996432
74000 22.46153846153846 0.003331702629923901 30.285672211538465 0.296474358974359 45.301282057692305 45.30769230769231 4.3076923076923075 41.0 3.7220222000032663
76000 20.557692307692307 -0.2090035466006161 30.825148865384616 0.27564102564102566 45.301282057692305 45.30769230769231 3.8653846153846154 41.44230769230769 3.9480061999929603
78000 19.98076923076923 0.0036004437119202984 31.123123826923077 0.29166666666666663 45.301282057692305 45.30769230769231 1.7115384615384615 43.59615384615385 3.8504271999991033
80000 19.692307692307693 0.0025266064803726165 29.954632423076923 0.31570512820512814 45.301282057692305 45.30769230769231 1.6538461538461537 43.65384615384615 4.002752200001851
82000 32.19230769230769 0.0068511427271565496 29.61484340384616 0.3301282051282052 45.301282057692305 45.30769230769231 2.8461538461538463 42.46153846153846 4.145032899992657
84000 34.23076923076923 0.008291872322032372 29.13560667307693 0.3237179487179488 45.301282057692305 45.30769230769231 2.75 42.55769230769231 3.8886054000031436
86000 38.78846153846154 0.01050797015955199 28.881224230769234 0.35256410256410253 45.301282057692305 45.30769230769231 1.9423076923076923 43.36538461538461 3.9292634000012185
88000 18.423076923076923 -0.22731675007732075 31.38694559615385 0.2692307692307692 45.301282057692305 45.30769230769231 1.7115384615384615 43.59615384615385 3.8955762999976287
90000 20.846153846153847 -0.22620542052799764 30.86377501923077 0.2980769230769231 45.301282057692305 45.30769230769231 1.6538461538461537 43.65384615384615 4.06740310000896
92000 15.884615384615385 -0.189983883254078 31.40227363461539 0.28525641025641024 45.301282057692305 45.30769230769231 1.75 43.55769230769231 3.9229277999984333
94000 13.711538461538462 -0.28671577051550534 31.76440103846155 0.2756410256410256 45.301282057692305 45.30769230769231 1.8846153846153846 43.42307692307692 3.841217499997583
96000 13.51923076923077 0.0029784505513889763 32.430368230769226 0.23878205128205127 45.301282057692305 45.30769230769231 1.8846153846153846 43.42307692307692 4.211252900000545
98000 9.73076923076923 0.0013605628801635127 32.71267215384615 0.21474358974358973 45.301282057692305 45.30769230769231 1.8653846153846154 43.44230769230769 3.9794289999990724
100000 7.865384615384615 0.0012103526744474899 32.53217582692308 0.203525641025641 45.301282057692305 45.30769230769231 1.6538461538461537 43.65384615384615 4.1112742999976035
102000 11.596153846153847 0.002058183833811632 33.15343092307693 0.19230769230769226 45.301282057692305 45.30769230769231 1.6538461538461537 43.65384615384615 4.109250699999393
104000 13.557692307692308 0.0022927832233147804 32.34217992307693 0.24519230769230768 45.301282057692305 45.30769230769231 1.7307692307692308 43.57692307692308 4.448092199992971
106000 13.98076923076923 0.0035682492052529 32.07905388461539 0.2644230769230769 45.301282057692305 45.30769230769231 1.6538461538461537 43.65384615384615 4.274754700003541
108000 15.846153846153847 0.0034951973086894076 31.345078634615387 0.2612179487179487 45.301282057692305 45.30769230769231 1.6538461538461537 43.65384615384615 4.389392299999599
110000 14.634615384615385 0.0024460498315155813 31.285516826923086 0.2419871794871795 45.301282057692305 45.30769230769231 1.7692307692307692 43.53846153846154 4.07924279999861
112000 14.75 0.001708356226404387 31.358166442307702 0.24358974358974358 45.301282057692305 45.30769230769231 1.7307692307692308 43.57692307692308 4.182214599990402
114000 16.28846153846154 0.0024661356407594216 31.377041192307697 0.22275641025641024 45.301282057692305 45.30769230769231 1.7307692307692308 43.57692307692308 3.991633900004672
116000 16.23076923076923 0.001705884573615921 31.20360794230769 0.266025641025641 45.301282057692305 45.30769230769231 1.9423076923076923 43.36538461538461 4.190707899993868
118000 25.78846153846154 0.005432483869495092 29.737438807692307 0.2612179487179487 45.301282057692305 45.30769230769231 1.7307692307692308 43.57692307692308 3.9777192000037758
120000 20.98076923076923 0.0028486942021903657 30.019490076923077 0.2900641025641026 45.301282057692305 45.30769230769231 1.7307692307692308 43.57692307692308 4.250700000004144
122000 21.03846153846154 0.0029281683942120325 30.006669519230766 0.31089743589743585 45.301282057692305 45.30769230769231 1.6538461538461537 43.65384615384615 4.322473200008972
124000 20.634615384615383 0.002037006451560754 30.154105538461526 0.30448717948717946 45.301282057692305 45.30769230769231 1.6538461538461537 43.65384615384615 4.156096700011403
126000 29.71153846153846 0.005477564563089917 27.35068542307692 0.40705128205128205 45.301282057692305 45.30769230769231 1.6923076923076923 43.61538461538461 4.024571899994044
128000 24.78846153846154 0.0038045973553554285 28.991711749999997 0.33653846153846156 45.301282057692305 45.30769230769231 1.6538461538461537 43.65384615384615 3.8628961999929743
130000 60.42307692307692 0.01978753763500222 26.06649663461538 0.44070512820512814 45.301282057692305 45.30769230769231 1.6538461538461537 43.65384615384615 4.598841600003652
132000 81.48076923076923 0.02855113137088214 25.107094423076923 0.4503205128205127 45.301282057692305 45.30769230769231 1.6730769230769231 43.63461538461539 4.226565299992217
134000 93.48076923076923 0.014525764388427335 24.117777653846158 0.4791666666666667 45.301282057692305 45.30769230769231 1.6730769230769231 43.63461538461539 4.014993199991295
136000 90.65384615384616 0.014991503706114366 24.354957307692306 0.4791666666666667 45.301282057692305 45.30769230769231 1.6730769230769231 43.63461538461539 4.233133999994607
138000 82.1923076923077 0.016371188441919517 24.813023846153843 0.46794871794871795 45.301282057692305 45.30769230769231 1.6730769230769231 43.63461538461539 4.145138799998676
140000 95.5576923076923 0.016625340249722995 23.475416346153846 0.4743589743589744 45.301282057692305 45.30769230769231 1.8076923076923077 43.5 4.301340200006962
142000 159.09615384615384 0.046400624177923774 22.341522423076917 0.5272435897435896 45.301282057692305 45.30769230769231 4.461538461538462 40.84615384615385 4.441717299996526
144000 173.0 0.05109333702040872 22.190632019230762 0.5416666666666667 45.301282057692305 45.30769230769231 4.326923076923077 40.98076923076923 4.072760699986247
146000 376.9230769230769 0.1110766969947469 20.48134575 0.625 45.301282057692305 45.30769230769231 8.057692307692308 37.25 4.156489700006205
148000 276.63461538461536 0.06564544583876354 21.288682365384616 0.5560897435897435 45.301282057692305 45.30769230769231 8.057692307692308 37.25 4.092402199996286
150000 382.5192307692308 0.11013780947081853 20.35385288461538 0.6057692307692307 45.301282057692305 45.30769230769231 8.192307692307692 37.11538461538461 4.1192133000004105
152000 382.84615384615387 0.10530857970829263 20.428995346153844 0.625 45.301282057692305 45.30769230769231 8.192307692307692 37.11538461538461 4.013271200004965
154000 409.5192307692308 0.08356252431840444 20.34744261538461 0.6266025641025641 45.301282057692305 45.30769230769231 8.192307692307692 37.11538461538461 4.341181399999186
156000 415.40384615384613 0.08446185133155117 20.315391307692302 0.6169871794871795 45.301282057692305 45.30769230769231 8.192307692307692 37.11538461538461 4.27347309999459
158000 415.40384615384613 0.08446185133155117 20.315391307692302 0.6169871794871795 45.301282057692305 45.30769230769231 8.192307692307692 37.11538461538461 4.405253100005211
160000 422.75 0.0827028295976744 20.307200403846142 0.6169871794871795 45.301282057692305 45.30769230769231 8.192307692307692 37.11538461538461 3.919653400007519
162000 453.15384615384613 0.10236685740597781 20.614892865384608 0.6330128205128206 45.301282057692305 45.30769230769231 8.173076923076923 37.13461538461539 4.058053500004462
164000 439.9807692307692 0.09344067043036784 20.653354423076912 0.6169871794871795 45.301282057692305 45.30769230769231 8.173076923076923 37.13461538461539 4.248306599998614
166000 439.9807692307692 0.09455449474476195 20.653354423076912 0.6169871794871795 45.301282057692305 45.30769230769231 8.173076923076923 37.13461538461539 4.224486799997976
168000 430.38461538461536 0.08929087188413298 20.666174942307688 0.6169871794871795 45.301282057692305 45.30769230769231 8.173076923076923 37.13461538461539 4.202842700004112
170000 430.38461538461536 0.08728907842777527 20.666174942307688 0.6169871794871795 45.301282057692305 45.30769230769231 8.173076923076923 37.13461538461539 4.384378400005517
172000 364.2307692307692 0.04141970476249054 20.71745761538461 0.6121794871794872 45.301282057692305 45.30769230769231 8.173076923076923 37.13461538461539 4.137742999999318
174000 428.78846153846155 0.08570306976145102 20.698226269230762 0.6169871794871795 45.301282057692305 45.30769230769231 8.173076923076923 37.13461538461539 4.104810999997426
176000 496.21153846153845 0.13745240649041665 20.41918998076922 0.6410256410256411 45.301282057692305 45.30769230769231 8.634615384615385 36.67307692307692 4.444780099991476
178000 504.7692307692308 0.15103912837205088 20.38806846153846 0.625 45.301282057692305 45.30769230769231 9.25 36.05769230769231 4.658592300009332
180000 665.6346153846154 0.20755837109497888 20.19533992307692 0.6314102564102563 45.301282057692305 45.30769230769231 10.942307692307692 34.36538461538461 4.169302399997832
182000 664.3076923076923 0.2046459677347189 20.131237326923078 0.6121794871794871 45.301282057692305 45.30769230769231 10.942307692307692 34.36538461538461 4.199554799997713
184000 672.7115384615385 0.18972648425832145 20.18251940384615 0.6314102564102563 45.301282057692305 45.30769230769231 10.942307692307692 34.36538461538461 4.290559099987149
186000 664.9423076923077 0.18683205901050243 20.054314211538465 0.6217948717948717 45.301282057692305 45.30769230769231 10.942307692307692 34.36538461538461 4.582119099999545
188000 690.25 0.20016097689762258 20.318661346153842 0.6266025641025641 45.301282057692305 45.30769230769231 11.326923076923077 33.98076923076923 4.416156200008118
190000 686.3846153846154 0.17546201354653895 20.295614942307694 0.641025641025641 45.301282057692305 45.30769230769231 11.288461538461538 34.01923076923077 4.280855799996061
192000 721.9615384615385 0.20438477004406178 20.189693153846157 0.6378205128205129 45.301282057692305 45.30769230769231 11.557692307692308 33.75 4.121341200007009
194000 723.1346153846154 0.2053740670990057 20.202513673076925 0.6378205128205129 45.301282057692305 45.30769230769231 11.557692307692308 33.75 4.3220451999950456
196000 722.6923076923077 0.20519463186614695 20.236091211538465 0.6378205128205129 45.301282057692305 45.30769230769231 11.538461538461538 33.76923076923077 4.280242000008002
198000 697.0192307692307 0.19856523044166238 20.353307326923076 0.6282051282051283 45.301282057692305 45.30769230769231 11.365384615384615 33.94230769230769 4.460797000007005
200000 725.7692307692307 0.20673195554864293 20.228154711538462 0.6378205128205129 45.301282057692305 45.30769230769231 11.557692307692308 33.75 4.400561700007529
202000 725.7692307692307 0.20673195554864293 20.228154711538462 0.6378205128205129 45.301282057692305 45.30769230769231 11.557692307692308 33.75 4.347313499994925
204000 722.3076923076923 0.20477975615093016 20.17687263461539 0.6474358974358976 45.301282057692305 45.30769230769231 11.557692307692308 33.75 4.175832200009609
206000 738.4807692307693 0.20808020762671317 20.16405211538462 0.6378205128205129 45.301282057692305 45.30769230769231 11.557692307692308 33.75 4.313682899999549
208000 738.4807692307693 0.20808020762671317 20.16405211538462 0.6378205128205129 45.301282057692305 45.30769230769231 11.557692307692308 33.75 4.131995100004133
210000 738.4807692307693 0.20808020762671317 20.16405211538462 0.6378205128205129 45.301282057692305 45.30769230769231 11.557692307692308 33.75 4.186348499992164
212000 738.4807692307693 0.20808020762671317 20.16405211538462 0.6378205128205129 45.301282057692305 45.30769230769231 11.557692307692308 33.75 4.286745199991856
214000 736.0384615384615 0.20755845475529167 20.194577153846158 0.6378205128205129 45.301282057692305 45.30769230769231 11.51923076923077 33.78846153846154 4.413818700006232
216000 738.4807692307693 0.20808020762671317 20.16405211538462 0.6378205128205129 45.301282057692305 45.30769230769231 11.557692307692308 33.75 4.190214499991271
218000 738.4807692307693 0.20808020762671317 20.16405211538462 0.6378205128205129 45.301282057692305 45.30769230769231 11.557692307692308 33.75 4.191921899997396
220000 738.4807692307693 0.20808020762671317 20.16405211538462 0.6378205128205129 45.301282057692305 45.30769230769231 11.557692307692308 33.75 4.240623899997445
222000 738.4807692307693 0.20808020762671317 20.16405211538462 0.6378205128205129 45.301282057692305 45.30769230769231 11.557692307692308 33.75 4.078150699991966
224000 738.4807692307693 0.20808020762671317 20.16405211538462 0.6378205128205129 45.301282057692305 45.30769230769231 11.557692307692308 33.75 4.136213600009796
226000 738.4807692307693 0.20808020762671317 20.16405211538462 0.6378205128205129 45.301282057692305 45.30769230769231 11.557692307692308 33.75 4.438649900010205
228000 738.4807692307693 0.20808020762671317 20.16405211538462 0.6378205128205129 45.301282057692305 45.30769230769231 11.557692307692308 33.75 4.1868316999898525
230000 738.4807692307693 0.20808020762671317 20.16405211538462 0.6378205128205129 45.301282057692305 45.30769230769231 11.557692307692308 33.75 4.231174799992004
232000 738.4807692307693 0.20808020762671317 20.16405211538462 0.6378205128205129 45.301282057692305 45.30769230769231 11.557692307692308 33.75 3.8943959000025643
234000 738.4807692307693 0.20808020762671317 20.16405211538462 0.6378205128205129 45.301282057692305 45.30769230769231 11.557692307692308 33.75 4.17182820000744
236000 738.4807692307693 0.20808020762671317 20.16405211538462 0.6378205128205129 45.301282057692305 45.30769230769231 11.557692307692308 33.75 4.114098099991679
238000 738.4807692307693 0.20808020762671317 20.16405211538462 0.6378205128205129 45.301282057692305 45.30769230769231 11.557692307692308 33.75 4.147877100011101
240000 738.4807692307693 0.20808020762671317 20.16405211538462 0.6378205128205129 45.301282057692305 45.30769230769231 11.557692307692308 33.75 4.47841630000039
242000 738.4807692307693 0.20808020762671317 20.16405211538462 0.6378205128205129 45.301282057692305 45.30769230769231 11.557692307692308 33.75 4.350930700005847
244000 738.4807692307693 0.20808020762671317 20.16405211538462 0.6378205128205129 45.301282057692305 45.30769230769231 11.557692307692308 33.75 4.658699199993862
246000 738.4807692307693 0.20808020762671317 20.16405211538462 0.6378205128205129 45.301282057692305 45.30769230769231 11.557692307692308 33.75 4.899565399988205
248000 724.6730769230769 0.20592815837100784 20.198850634615386 0.6282051282051283 45.301282057692305 45.30769230769231 11.5 33.80769230769231 4.3197414000023855
250000 724.6730769230769 0.20592815837100784 20.198850634615386 0.6282051282051283 45.301282057692305 45.30769230769231 11.5 33.80769230769231 4.388272900003358
252000 738.4807692307693 0.20808020762671317 20.16405211538462 0.6378205128205129 45.301282057692305 45.30769230769231 11.557692307692308 33.75 4.615876700001536
254000 738.4807692307693 0.20808020762671317 20.16405211538462 0.6378205128205129 45.301282057692305 45.30769230769231 11.557692307692308 33.75 4.251087199998437
256000 738.4807692307693 0.20808020762671317 20.16405211538462 0.6378205128205129 45.301282057692305 45.30769230769231 11.557692307692308 33.75 4.153413099993486
258000 738.4807692307693 0.20808020762671317 20.16405211538462 0.6378205128205129 45.301282057692305 45.30769230769231 11.557692307692308 33.75 4.273404200008372
260000 738.4807692307693 0.20808020762671317 20.16405211538462 0.6378205128205129 45.301282057692305 45.30769230769231 11.557692307692308 33.75 4.158910900005139
262000 738.4807692307693 0.20808020762671317 20.16405211538462 0.6378205128205129 45.301282057692305 45.30769230769231 11.557692307692308 33.75 4.193287200003397
264000 738.4807692307693 0.20808020762671317 20.16405211538462 0.6378205128205129 45.301282057692305 45.30769230769231 11.557692307692308 33.75 4.258925400004955
266000 738.4807692307693 0.20808020762671317 20.16405211538462 0.6378205128205129 45.301282057692305 45.30769230769231 11.557692307692308 33.75 4.1899973999970825
268000 718.9230769230769 0.20599316729083172 20.2251021923077 0.6378205128205129 45.301282057692305 45.30769230769231 11.48076923076923 33.82692307692308 4.152951900003245
270000 711.9615384615385 0.2038367307959173 20.286152269230772 0.6378205128205129 45.301282057692305 45.30769230769231 11.403846153846153 33.90384615384615 4.173240499992971
272000 721.7115384615385 0.20899480142869584 20.217165673076927 0.6474358974358976 45.301282057692305 45.30769230769231 11.442307692307692 33.86538461538461 4.0150313999911305
274000 710.0769230769231 0.20265654222825769 20.294699230769233 0.6330128205128206 45.301282057692305 45.30769230769231 11.365384615384615 33.94230769230769 4.351986399997259
276000 711.9615384615385 0.2038367307959173 20.286152269230772 0.6378205128205129 45.301282057692305 45.30769230769231 11.403846153846153 33.90384615384615 4.060203800007002
278000 707.4807692307693 0.20146307736486974 20.557519923076924 0.6282051282051283 45.301282057692305 45.30769230769231 11.403846153846153 33.90384615384615 4.277126200002385
280000 720.3076923076923 0.20732720252967612 20.212281673076923 0.6378205128205129 45.301282057692305 45.30769230769231 11.48076923076923 33.82692307692308 4.436619100000826
282000 718.9230769230769 0.2076485493285996 20.2251021923077 0.6378205128205129 45.301282057692305 45.30769230769231 11.48076923076923 33.82692307692308 4.228749299989431
284000 738.4807692307693 0.21081610269083312 20.16405211538462 0.6378205128205129 45.301282057692305 45.30769230769231 11.557692307692308 33.75 4.3718481000105385
286000 744.5192307692307 0.2169209136610372 20.087129000000004 0.6378205128205129 45.301282057692305 45.30769230769231 11.557692307692308 33.75 4.120098600003985
288000 744.5192307692307 0.21665760767589035 20.087129000000004 0.6378205128205129 45.301282057692305 45.30769230769231 11.557692307692308 33.75 4.446074200008297
290000 744.5192307692307 0.21665760767589035 20.087129000000004 0.6378205128205129 45.301282057692305 45.30769230769231 11.557692307692308 33.75 4.098566999993636
292000 745.4807692307693 0.2170828520619564 20.074308480769236 0.6378205128205129 45.301282057692305 45.30769230769231 11.557692307692308 33.75 4.299437100009527
294000 745.4807692307693 0.21749608833330575 20.074308480769236 0.6378205128205129 45.301282057692305 45.30769230769231 11.557692307692308 33.75 4.212736700006644
296000 745.4807692307693 0.2200057223986005 20.074308480769236 0.6378205128205129 45.301282057692305 45.30769230769231 11.557692307692308 33.75 4.096543599996949
298000 700.2115384615385 0.18950422930893066 20.56179338461539 0.6137820512820513 45.301282057692305 45.30769230769231 11.326923076923077 33.98076923076923 4.545177799998783
300000 700.2115384615385 0.1898406362034504 20.64512671153847 0.6137820512820513 45.301282057692305 45.30769230769231 11.23076923076923 34.07692307692308 4.468347800007905
302000 720.6153846153846 0.2148261710332456 20.20526090384616 0.623397435897436 45.301282057692305 45.30769230769231 11.5 33.80769230769231 4.208949200008647
304000 684.9615384615385 0.18609171825565315 20.817318519230774 0.5993589743589743 45.301282057692305 45.30769230769231 11.26923076923077 34.03846153846154 4.284487499986426
306000 711.3269230769231 0.21252773207250983 20.342196230769236 0.608974358974359 45.301282057692305 45.30769230769231 11.442307692307692 33.86538461538461 4.149237799996627
308000 711.3269230769231 0.21252773207250983 20.342196230769236 0.608974358974359 45.301282057692305 45.30769230769231 11.442307692307692 33.86538461538461 4.450225299995509
310000 729.8076923076923 0.2157977482995213 20.21551730769231 0.6282051282051283 45.301282057692305 45.30769230769231 11.5 33.80769230769231 4.202022900004522
312000 721.4230769230769 0.21350868934529807 20.143905519230774 0.623397435897436 45.301282057692305 45.30769230769231 11.442307692307692 33.86538461538461 4.381831399994553
314000 731.9423076923077 0.21716505194998673 20.115517250000003 0.6330128205128206 45.301282057692305 45.30769230769231 11.5 33.80769230769231 4.170597399992403
316000 737.7884615384615 0.21820019221767817 20.080718730769238 0.6378205128205129 45.301282057692305 45.30769230769231 11.557692307692308 33.75 4.189679699993576
318000 736.5576923076923 0.2185176228680805 20.080718730769238 0.6378205128205129 45.301282057692305 45.30769230769231 11.557692307692308 33.75 4.45719879999524
320000 737.7884615384615 0.21941940414257388 20.080718730769238 0.6378205128205129 45.301282057692305 45.30769230769231 11.557692307692308 33.75 4.0976557999965735
322000 741.4038461538462 0.22025226255539446 20.074308480769236 0.6378205128205129 45.301282057692305 45.30769230769231 11.557692307692308 33.75 4.244475599989528
324000 741.0769230769231 0.21893661735606626 20.074308480769236 0.6378205128205129 45.301282057692305 45.30769230769231 11.557692307692308 33.75 4.327219099999638
326000 736.5576923076923 0.2197831606209776 20.080718730769238 0.6378205128205129 45.301282057692305 45.30769230769231 11.557692307692308 33.75 4.321711500000674
328000 736.5576923076923 0.2197831606209776 20.080718730769238 0.6378205128205129 45.301282057692305 45.30769230769231 11.557692307692308 33.75 4.37985800000024
330000 741.4038461538462 0.22151780030829157 20.074308480769236 0.6378205128205129 45.301282057692305 45.30769230769231 11.557692307692308 33.75 4.537624500007951
332000 741.4038461538462 0.2193094507735774 20.074308480769236 0.6378205128205129 45.301282057692305 45.30769230769231 11.557692307692308 33.75 4.249844000005396
334000 745.4807692307693 0.21939931751130326 20.074308480769236 0.6378205128205129 45.301282057692305 45.30769230769231 11.557692307692308 33.75 4.1180999000062
336000 745.4807692307693 0.22034212929312028 20.074308480769236 0.6378205128205129 45.301282057692305 45.30769230769231 11.557692307692308 33.75 4.542210700004944
338000 741.4038461538462 0.2193094507735774 20.074308480769236 0.6378205128205129 45.301282057692305 45.30769230769231 11.557692307692308 33.75 4.257871699999669
340000 741.4038461538462 0.22025226255539446 20.074308480769236 0.6378205128205129 45.301282057692305 45.30769230769231 11.557692307692308 33.75 4.361896500005969
342000 738.1153846153846 0.21979223756008498 20.080718730769238 0.6378205128205129 45.301282057692305 45.30769230769231 11.557692307692308 33.75 4.34720489999745
344000 737.7884615384615 0.21941940414257388 20.080718730769238 0.6378205128205129 45.301282057692305 45.30769230769231 11.557692307692308 33.75 4.167842900002142
346000 736.5576923076923 0.2185176228680805 20.080718730769238 0.6378205128205129 45.301282057692305 45.30769230769231 11.557692307692308 33.75 4.226832100001047
348000 736.5576923076923 0.21757481108626342 20.080718730769238 0.6378205128205129 45.301282057692305 45.30769230769231 11.557692307692308 33.75 4.242559499994968
350000 736.5576923076923 0.21757481108626342 20.080718730769238 0.6378205128205129 45.301282057692305 45.30769230769231 11.557692307692308 33.75 4.350508699993952
352000 736.5576923076923 0.2185176228680805 20.080718730769238 0.6378205128205129 45.301282057692305 45.30769230769231 11.557692307692308 33.75 4.4274452999961795
354000 736.5576923076923 0.2185176228680805 20.080718730769238 0.6378205128205129 45.301282057692305 45.30769230769231 11.557692307692308 33.75 4.331224199995631
356000 736.5576923076923 0.21782568292996046 20.080718730769238 0.6378205128205129 45.301282057692305 45.30769230769231 11.557692307692308 33.75 4.254456900001969
358000 736.5576923076923 0.21757481108626342 20.080718730769238 0.6378205128205129 45.301282057692305 45.30769230769231 11.557692307692308 33.75 4.25641459999315
360000 734.9038461538462 0.21649248274126393 20.11231213461539 0.6378205128205129 45.301282057692305 45.30769230769231 11.48076923076923 33.82692307692308 4.3256372999894666
362000 736.5576923076923 0.21782568292996046 20.080718730769238 0.6378205128205129 45.301282057692305 45.30769230769231 11.557692307692308 33.75 4.300460899990867
364000 736.5576923076923 0.2185176228680805 20.080718730769238 0.6378205128205129 45.301282057692305 45.30769230769231 11.557692307692308 33.75 4.141673699996318
366000 736.5576923076923 0.2185176228680805 20.080718730769238 0.6378205128205129 45.301282057692305 45.30769230769231 11.557692307692308 33.75 4.339539499997045
368000 736.5576923076923 0.2185176228680805 20.080718730769238 0.6378205128205129 45.301282057692305 45.30769230769231 11.557692307692308 33.75 4.311476799994125
370000 736.5576923076923 0.2185176228680805 20.080718730769238 0.6378205128205129 45.301282057692305 45.30769230769231 11.557692307692308 33.75 4.334580800001277
372000 736.5576923076923 0.2185176228680805 20.080718730769238 0.6378205128205129 45.301282057692305 45.30769230769231 11.557692307692308 33.75 4.294061599997804
374000 736.5576923076923 0.2185176228680805 20.080718730769238 0.6378205128205129 45.301282057692305 45.30769230769231 11.557692307692308 33.75 4.227038000011817
376000 736.5576923076923 0.2183473208098257 20.080718730769238 0.6378205128205129 45.301282057692305 45.30769230769231 11.557692307692308 33.75 4.236304600010044
378000 736.5576923076923 0.22001614777111345 20.080718730769238 0.6378205128205129 45.301282057692305 45.30769230769231 11.557692307692308 33.75 4.277672299998812
380000 736.5576923076923 0.21875061001821627 20.080718730769238 0.6378205128205129 45.301282057692305 45.30769230769231 11.557692307692308 33.75 4.253529599998728
382000 736.5576923076923 0.2185176228680805 20.080718730769238 0.6378205128205129 45.301282057692305 45.30769230769231 11.557692307692308 33.75 4.521757599999546
384000 736.5576923076923 0.2185176228680805 20.080718730769238 0.6378205128205129 45.301282057692305 45.30769230769231 11.557692307692308 33.75 4.200187700000242
386000 736.5576923076923 0.2185176228680805 20.080718730769238 0.6378205128205129 45.301282057692305 45.30769230769231 11.557692307692308 33.75 4.201562300004298
388000 736.5576923076923 0.2187684947117775 20.080718730769238 0.6378205128205129 45.301282057692305 45.30769230769231 11.557692307692308 33.75 4.211968799994793
390000 736.5576923076923 0.2187684947117775 20.080718730769238 0.6378205128205129 45.301282057692305 45.30769230769231 11.557692307692308 33.75 4.113637999995262
392000 736.5576923076923 0.2185176228680805 20.080718730769238 0.6378205128205129 45.301282057692305 45.30769230769231 11.557692307692308 33.75 4.229831800010288
394000 736.5576923076923 0.2185176228680805 20.080718730769238 0.6378205128205129 45.301282057692305 45.30769230769231 11.557692307692308 33.75 4.516615200001979
396000 736.5576923076923 0.2183473208098257 20.080718730769238 0.6378205128205129 45.301282057692305 45.30769230769231 11.557692307692308 33.75 4.134985299999244
398000 736.5576923076923 0.2185176228680805 20.080718730769238 0.6378205128205129 45.301282057692305 45.30769230769231 11.557692307692308 33.75 4.188533499996993
400000 736.5576923076923 0.2185176228680805 20.080718730769238 0.6378205128205129 45.301282057692305 45.30769230769231 11.557692307692308 33.75 4.502839499997208
402000 736.5576923076923 0.2185176228680805 20.080718730769238 0.6378205128205129 45.301282057692305 45.30769230769231 11.557692307692308 33.75 4.5027332000026945
404000 736.5576923076923 0.2185176228680805 20.080718730769238 0.6378205128205129 45.301282057692305 45.30769230769231 11.557692307692308 33.75 4.461302499999874
406000 736.5576923076923 0.2185176228680805 20.080718730769238 0.6378205128205129 45.301282057692305 45.30769230769231 11.557692307692308 33.75 4.345854200000758
408000 736.5576923076923 0.2185176228680805 20.080718730769238 0.6378205128205129 45.301282057692305 45.30769230769231 11.557692307692308 33.75 4.307421200006502
410000 736.5576923076923 0.2185176228680805 20.080718730769238 0.6378205128205129 45.301282057692305 45.30769230769231 11.557692307692308 33.75 4.236667700010003
412000 736.5576923076923 0.2185176228680805 20.080718730769238 0.6378205128205129 45.301282057692305 45.30769230769231 11.557692307692308 33.75 4.5575482999993255
414000 736.5576923076923 0.2185176228680805 20.080718730769238 0.6378205128205129 45.301282057692305 45.30769230769231 11.557692307692308 33.75 4.4701573999918764
416000 736.5576923076923 0.21875061001821627 20.080718730769238 0.6378205128205129 45.301282057692305 45.30769230769231 11.557692307692308 33.75 4.328514299995732
418000 736.5576923076923 0.21875061001821627 20.080718730769238 0.6378205128205129 45.301282057692305 45.30769230769231 11.557692307692308 33.75 4.26157129999774
420000 736.5576923076923 0.21875061001821627 20.080718730769238 0.6378205128205129 45.301282057692305 45.30769230769231 11.557692307692308 33.75 4.1292118999990635
422000 736.5576923076923 0.21875061001821627 20.080718730769238 0.6378205128205129 45.301282057692305 45.30769230769231 11.557692307692308 33.75 4.455581599992001
424000 736.5576923076923 0.21875061001821627 20.080718730769238 0.6378205128205129 45.301282057692305 45.30769230769231 11.557692307692308 33.75 4.39771259999543
426000 736.5576923076923 0.21875061001821627 20.080718730769238 0.6378205128205129 45.301282057692305 45.30769230769231 11.557692307692308 33.75 4.533189699999639
428000 736.5576923076923 0.21875061001821627 20.080718730769238 0.6378205128205129 45.301282057692305 45.30769230769231 11.557692307692308 33.75 4.54180279999855
430000 736.5576923076923 0.21875061001821627 20.080718730769238 0.6378205128205129 45.301282057692305 45.30769230769231 11.557692307692308 33.75 4.318209000004572
432000 736.5576923076923 0.21875061001821627 20.080718730769238 0.6378205128205129 45.301282057692305 45.30769230769231 11.557692307692308 33.75 4.276674599997932
434000 736.5576923076923 0.21875061001821627 20.080718730769238 0.6378205128205129 45.301282057692305 45.30769230769231 11.557692307692308 33.75 4.168722399990656
436000 736.5576923076923 0.21875061001821627 20.080718730769238 0.6378205128205129 45.301282057692305 45.30769230769231 11.557692307692308 33.75 4.283742600004189
438000 736.5576923076923 0.21875061001821627 20.080718730769238 0.6378205128205129 45.301282057692305 45.30769230769231 11.557692307692308 33.75 4.5649315000046045
440000 736.5576923076923 0.22034493779118072 20.080718730769238 0.6378205128205129 45.301282057692305 45.30769230769231 11.557692307692308 33.75 4.437643600002048
442000 736.5576923076923 0.21875061001821627 20.080718730769238 0.6378205128205129 45.301282057692305 45.30769230769231 11.557692307692308 33.75 4.216715600006864
444000 736.5576923076923 0.21875061001821627 20.080718730769238 0.6378205128205129 45.301282057692305 45.30769230769231 11.557692307692308 33.75 4.343196000001626
446000 736.5576923076923 0.22034493779118072 20.080718730769238 0.6378205128205129 45.301282057692305 45.30769230769231 11.557692307692308 33.75 4.536253799989936
448000 736.5576923076923 0.22034493779118072 20.080718730769238 0.6378205128205129 45.301282057692305 45.30769230769231 11.557692307692308 33.75 4.479980000003707
450000 736.5576923076923 0.22034493779118072 20.080718730769238 0.6378205128205129 45.301282057692305 45.30769230769231 11.557692307692308 33.75 4.623908699999447
452000 736.5576923076923 0.21875061001821627 20.080718730769238 0.6378205128205129 45.301282057692305 45.30769230769231 11.557692307692308 33.75 4.425769500012393
454000 736.5576923076923 0.21875061001821627 20.080718730769238 0.6378205128205129 45.301282057692305 45.30769230769231 11.557692307692308 33.75 4.859689199991408
456000 736.5576923076923 0.21875061001821627 20.080718730769238 0.6378205128205129 45.301282057692305 45.30769230769231 11.557692307692308 33.75 4.62464340000588
458000 736.5576923076923 0.22034493779118072 20.080718730769238 0.6378205128205129 45.301282057692305 45.30769230769231 11.557692307692308 33.75 4.534646199987037
460000 736.5576923076923 0.22066766376226082 20.080718730769238 0.6378205128205129 45.301282057692305 45.30769230769231 11.557692307692308 33.75 4.305930600006832
462000 736.1538461538462 0.2192279282075491 20.069424519230772 0.6378205128205129 45.301282057692305 45.30769230769231 11.673076923076923 33.63461538461539 4.39874289999716
464000 736.5576923076923 0.21994799332559045 20.080718730769238 0.6378205128205129 45.301282057692305 45.30769230769231 11.557692307692308 33.75 4.6488451000041096
466000 734.8461538461538 0.21617388171465757 20.055058692307696 0.6314102564102563 45.301282057692305 45.30769230769231 11.76923076923077 33.53846153846154 4.604035299998941
468000 740.6730769230769 0.21540996287269282 20.01337825 0.6314102564102563 45.301282057692305 45.30769230769231 12.038461538461538 33.26923076923077 4.535401000001002
470000 735.8846153846154 0.21421682490786748 20.050174711538464 0.6314102564102563 45.301282057692305 45.30769230769231 11.826923076923077 33.48076923076923 4.60167009998986
472000 735.8846153846154 0.21461212112843644 20.050174711538464 0.6314102564102563 45.301282057692305 45.30769230769231 11.826923076923077 33.48076923076923 4.124139199993806
474000 734.6923076923077 0.2154612660540529 20.053532423076927 0.6314102564102563 45.301282057692305 45.30769230769231 11.73076923076923 33.57692307692308 4.306775400007609
476000 735.7307692307693 0.21205183220323112 20.048648442307694 0.6314102564102563 45.301282057692305 45.30769230769231 11.788461538461538 33.51923076923077 4.2914225999993505
478000 734.6923076923077 0.21261232666912647 20.053532423076927 0.6314102564102563 45.301282057692305 45.30769230769231 11.73076923076923 33.57692307692308 4.36831489999895
480000 734.6923076923077 0.21238221429578466 20.053532423076927 0.6314102564102563 45.301282057692305 45.30769230769231 11.73076923076923 33.57692307692308 4.608594899997115
482000 734.6923076923077 0.21238221429578466 20.053532423076927 0.6314102564102563 45.301282057692305 45.30769230769231 11.73076923076923 33.57692307692308 4.407413799999631
484000 734.6923076923077 0.21238221429578466 20.053532423076927 0.6314102564102563 45.301282057692305 45.30769230769231 11.73076923076923 33.57692307692308 4.224991199997021
486000 735.7307692307693 0.2115377402795266 20.048648442307694 0.6314102564102563 45.301282057692305 45.30769230769231 11.788461538461538 33.51923076923077 4.304534499999136
488000 734.6923076923077 0.21238221429578466 20.053532423076927 0.6314102564102563 45.301282057692305 45.30769230769231 11.73076923076923 33.57692307692308 4.015617800003383
490000 734.6923076923077 0.21238221429578466 20.053532423076927 0.6314102564102563 45.301282057692305 45.30769230769231 11.73076923076923 33.57692307692308 3.2998984000005294
492000 734.6923076923077 0.21318124223310442 20.053532423076927 0.6314102564102563 45.301282057692305 45.30769230769231 11.73076923076923 33.57692307692308 3.0660774999996647
494000 738.3846153846154 0.21113677831238936 20.055058711538468 0.6314102564102563 45.301282057692305 45.30769230769231 11.788461538461538 33.51923076923077 2.9484923999989405
496000 739.6153846153846 0.2103055562290122 20.055058711538468 0.6314102564102563 45.301282057692305 45.30769230769231 11.788461538461538 33.51923076923077 3.0428571999946143
498000 739.6153846153846 0.21026621754505911 20.055058711538468 0.6314102564102563 45.301282057692305 45.30769230769231 11.788461538461538 33.51923076923077 2.9988116000022274
500000 740.5384615384615 0.20938720265088243 20.02459623076923 0.6314102564102563 45.301282057692305 45.30769230769231 12.076923076923077 33.23076923076923 2.981318399994052
