2000 4.519230769230769 -0.191137154124774 34.555850461538455 0.25 45.301282057692305 45.30769230769231 2.269230769230769 43.03846153846154 1.4459413000149652
4000 5.538461538461538 -0.34490393241807876 34.90937813461538 0.33653846153846156 45.301282057692305 45.30769230769231 3.2115384615384617 42.09615384615385 1.7241490999876987
6000 3.519230769230769 -0.6718168320354826 34.790713961538465 0.1907051282051282 45.301282057692305 45.30769230769231 3.769230769230769 41.53846153846154 2.097775100002764
8000 2.1153846153846154 -0.26862467812956 35.67077517307692 0.1762820512820513 45.301282057692305 45.30769230769231 2.7884615384615383 42.51923076923077 2.649298699980136
10000 2.7115384615384617 0.00036508749161107135 36.200932557692305 0.20192307692307693 45.301282057692305 45.30769230769231 1.4423076923076923 43.86538461538461 2.6842388000222854
12000 5.096153846153846 0.0009193370783130193 34.60798244230769 0.2676282051282051 45.301282057692305 45.30769230769231 1.4423076923076923 43.86538461538461 3.532603800005745
14000 3.4038461538461537 -0.038065678124135416 34.416743115384634 0.28205128205128205 45.301282057692305 45.30769230769231 1.4423076923076923 43.86538461538461 3.761312300019199
16000 2.3653846153846154 -0.19217028284897386 34.82593250000001 0.23237179487179488 45.301282057692305 45.30769230769231 1.4423076923076923 43.86538461538461 3.204641399992397
18000 2.076923076923077 -0.5572153066280393 36.899014230769225 0.1875 45.301282057692305 45.30769230769231 1.4423076923076923 43.86538461538461 3.881985599990003
20000 1.6153846153846154 -0.4994969037360404 37.47059546153845 0.1907051282051282 45.301282057692305 45.30769230769231 1.75 43.55769230769231 3.896374999982072
22000 6.769230769230769 -0.15212849429400438 33.70541951923076 0.32211538461538464 45.301282057692305 45.30769230769231 2.9615384615384617 42.34615384615385 3.3990304000035394
24000 6.173076923076923 0.0018573057150480185 33.9725166923077 0.28044871794871795 45.301282057692305 45.30769230769231 3.5384615384615383 41.76923076923077 3.472279699984938
26000 6.576923076923077 0.0010464710006828275 33.73999890384616 0.2900641025641026 45.301282057692305 45.30769230769231 3.6346153846153846 41.67307692307692 3.316724800009979
28000 7.5 0.0013567484760907537 33.97717857692308 0.28205128205128205 45.301282057692305 45.30769230769231 3.1153846153846154 42.19230769230769 3.626166000001831
30000 7.653846153846154 0.001393173254748199 34.0370069423077 0.25480769230769235 45.301282057692305 45.30769230769231 3.076923076923077 42.23076923076923 3.463990099990042
32000 4.519230769230769 0.0010317778923181558 34.41888044230769 0.2275641025641026 45.301282057692305 45.30769230769231 2.423076923076923 42.88461538461539 3.528802099986933
34000 3.2115384615384617 0.00046140165657960374 34.91888082692307 0.2387820512820513 45.301282057692305 45.30769230769231 2.3846153846153846 42.92307692307692 3.4649375999870244
36000 5.230769230769231 0.0011751590123897445 34.82913686538462 0.25320512820512825 45.301282057692305 45.30769230769231 2.3076923076923075 43.0 3.8888961000193376
38000 4.653846153846154 0.0009876491458948844 34.684906442307685 0.2307692307692308 45.301282057692305 45.30769230769231 2.6153846153846154 42.69230769230769 3.6215339000045788
40000 4.884615384615385 0.001142121263298487 34.68277123076921 0.27403846153846156 45.301282057692305 45.30769230769231 2.5384615384615383 42.76923076923077 3.6568214000144508
42000 5.0 0.0008800544276139377 34.3804185 0.2387820512820513 45.301282057692305 45.30769230769231 2.269230769230769 43.03846153846154 3.6461626999953296
44000 4.326923076923077 0.000685853379169101 34.75221359615384 0.22596153846153846 45.301282057692305 45.30769230769231 2.173076923076923 43.13461538461539 3.5404054000100587
46000 5.576923076923077 0.001446227421445889 34.72336840384615 0.25641025641025644 45.301282057692305 45.30769230769231 2.173076923076923 43.13461538461539 3.5885980000020936
48000 5.096153846153846 0.0009902608209031048 33.91247167307692 0.2948717948717949 45.301282057692305 45.30769230769231 2.1923076923076925 43.11538461538461 3.49178579999716
50000 2.9038461538461537 0.0006498454928380907 34.24826959615385 0.2980769230769231 45.301282057692305 45.30769230769231 1.9230769230769231 43.38461538461539 3.661698999989312
52000 1.2884615384615385 0.00030637573445858657 35.49634788461539 0.2532051282051282 45.301282057692305 45.30769230769231 1.6346153846153846 43.67307692307692 3.7195285000198055
54000 2.6153846153846154 0.0009153544742450143 35.05233680769231 0.27243589743589747 45.301282057692305 45.30769230769231 1.9615384615384615 43.34615384615385 3.69964110001456
56000 7.038461538461538 0.0030117367541544334 33.09004384615384 0.32532051282051283 45.301282057692305 45.30769230769231 1.8461538461538463 43.46153846153846 3.870245199999772
58000 3.519230769230769 -0.017968469182230776 33.94715548076924 0.3205128205128205 45.301282057692305 45.30769230769231 1.9807692307692308 43.32692307692308 3.592268700012937
60000 3.25 0.001072940446721743 33.78611574999999 0.28044871794871795 45.301282057692305 45.30769230769231 1.8846153846153846 43.42307692307692 3.893572500004666
62000 16.192307692307693 -0.012544033189979594 30.274137000000003 0.3685897435897436 45.301282057692305 45.30769230769231 7.019230769230769 38.28846153846154 3.554112300014822
64000 57.63461538461539 0.00036604068619619165 26.025257557692303 0.49679487179487175 45.301282057692305 45.30769230769231 8.903846153846153 36.40384615384615 3.8362325000052806
66000 55.78846153846154 -0.0006407720512437375 26.505851403846147 0.5112179487179487 45.301282057692305 45.30769230769231 7.038461538461538 38.26923076923077 3.9273525000025984
68000 12.75 0.004966069335131421 29.3923523076923 0.45512820512820523 45.301282057692305 45.30769230769231 7.0 38.30769230769231 3.7961215999966953
70000 120.78846153846153 0.03522863295986829 24.917990269230774 0.5705128205128205 45.301282057692305 45.30769230769231 7.519230769230769 37.78846153846154 3.8844798000063747
72000 56.67307692307692 0.007735603514676036 26.981562442307695 0.5096153846153846 45.301282057692305 45.30769230769231 7.173076923076923 38.13461538461539 4.078211800020654
74000 19.03846153846154 0.0034767792930819916 29.797510269230763 0.4791666666666667 45.301282057692305 45.30769230769231 2.1538461538461537 43.15384615384615 3.860761999996612
76000 19.46153846153846 0.006504021783750933 29.564023788461533 0.49679487179487175 45.301282057692305 45.30769230769231 1.7307692307692308 43.57692307692308 4.174426000012318
78000 34.86538461538461 0.009486304133291431 26.979773403846146 0.5512820512820513 45.301282057692305 45.30769230769231 2.1538461538461537 43.15384615384615 3.707970099989325
80000 36.36538461538461 0.008795699358833302 26.76823463461538 0.5512820512820513 45.301282057692305 45.30769230769231 1.8076923076923077 43.5 4.4767562999913935
82000 31.365384615384617 0.009653398627713009 27.999004403846154 0.49198717948717946 45.301282057692305 45.30769230769231 1.5576923076923077 43.75 4.049014199990779
84000 26.076923076923077 0.007899053659656612 29.374005115384616 0.4278846153846153 45.301282057692305 45.30769230769231 1.5576923076923077 43.75 3.980910500016762
86000 28.173076923076923 0.006024026494163922 28.505414711538467 0.47275641025641024 45.301282057692305 45.30769230769231 1.4615384615384615 43.84615384615385 4.152633499994408
88000 21.25 0.005307017570619733 30.590352615384614 0.4230769230769231 45.301282057692305 45.30769230769231 2.0384615384615383 43.26923076923077 4.169664800021565
90000 22.71153846153846 -0.013321306119512322 30.10156913461539 0.42948717948717946 45.301282057692305 45.30769230769231 1.5192307692307692 43.78846153846154 4.01891810001689
92000 60.19230769230769 0.030191556482083555 27.094949576923074 0.516025641025641 45.301282057692305 45.30769230769231 4.115384615384615 41.19230769230769 4.104975499998545
94000 17.865384615384617 -0.5333763935800381 29.93672425000001 0.4567307692307692 45.301282057692305 45.30769230769231 2.25 43.05769230769231 3.769911699986551
96000 23.942307692307693 -0.6883612196486208 29.705421576923086 0.4887820512820512 45.301282057692305 45.30769230769231 2.3653846153846154 42.94230769230769 4.043839100020705
98000 55.15384615384615 0.004841023040292432 27.394223750000002 0.4935897435897436 45.301282057692305 45.30769230769231 5.653846153846154 39.65384615384615 4.027484499994898
100000 50.44230769230769 -0.3865148098746586 28.679780615384622 0.48717948717948717 45.301282057692305 45.30769230769231 3.673076923076923 41.63461538461539 4.081007599976147
102000 35.15384615384615 -1.0 29.89345713461539 0.47916666666666663 45.301282057692305 45.30769230769231 3.019230769230769 42.28846153846154 2.8780224999936763
104000 150.01923076923077 0.05753754615287713 22.61724276923078 0.6185897435897437 45.301282057692305 45.30769230769231 8.923076923076923 36.38461538461539 4.555241099995328
106000 128.03846153846155 -0.6914192966787631 23.476217557692312 0.5881410256410257 45.301282057692305 45.30769230769231 8.923076923076923 36.38461538461539 3.936055399972247
108000 143.78846153846155 -0.20669259897966236 22.93775575000001 0.6121794871794872 45.301282057692305 45.30769230769231 8.923076923076923 36.38461538461539 4.231111400004011
110000 126.26923076923077 -0.6930896505389531 23.593739076923082 0.5721153846153846 45.301282057692305 45.30769230769231 9.23076923076923 36.07692307692308 4.173329499986721
112000 188.48076923076923 0.0661963774949429 22.650363846153855 0.5913461538461539 45.301282057692305 45.30769230769231 12.653846153846153 32.65384615384615 4.455655400000978
114000 185.6153846153846 0.06561206880106296 22.65891084615385 0.5913461538461539 45.301282057692305 45.30769230769231 12.653846153846153 32.65384615384615 4.247166100016329
116000 213.09615384615384 0.02172063986233362 21.377396980769245 0.5913461538461539 45.301282057692305 45.30769230769231 12.423076923076923 32.88461538461539 4.305826600000728
118000 185.90384615384616 0.06292151822618636 22.671731326923084 0.5721153846153846 45.301282057692305 45.30769230769231 12.576923076923077 32.73076923076923 4.215614099986851
120000 185.26923076923077 0.04348194675917107 23.024295557692312 0.5673076923076923 45.301282057692305 45.30769230769231 12.442307692307692 32.86538461538461 4.238457799976459
122000 213.19230769230768 0.08128237038389192 21.30367905769232 0.5977564102564104 45.301282057692305 45.30769230769231 12.653846153846153 32.65384615384615 4.253079499991145
124000 222.03846153846155 0.07160894046457482 22.169594346153854 0.578525641025641 45.301282057692305 45.30769230769231 12.653846153846153 32.65384615384615 4.357406600000104
126000 222.0 0.06992307915973686 22.19523538461539 0.578525641025641 45.301282057692305 45.30769230769231 12.653846153846153 32.65384615384615 4.290028299990809
128000 250.48076923076923 0.09174511858249883 20.917282826923092 0.5977564102564104 45.301282057692305 45.30769230769231 12.653846153846153 32.65384615384615 4.4753802999912295
130000 243.98076923076923 0.08992469705583592 20.930103346153864 0.5977564102564104 45.301282057692305 45.30769230769231 12.653846153846153 32.65384615384615 4.455592999991495
132000 250.67307692307693 0.09145085555557778 20.934732961538472 0.5977564102564104 45.301282057692305 45.30769230769231 12.653846153846153 32.65384615384615 4.636105099983979
134000 255.78846153846155 0.09520799689730088 21.88113269230769 0.5833333333333333 45.301282057692305 45.30769230769231 12.653846153846153 32.65384615384615 4.408452200004831
136000 256.1730769230769 0.0947980566580938 21.866175846153848 0.5897435897435896 45.301282057692305 45.30769230769231 12.653846153846153 32.65384615384615 4.1448766000103205
138000 256.0769230769231 0.09476257401481082 21.86403909615385 0.5897435897435896 45.301282057692305 45.30769230769231 12.653846153846153 32.65384615384615 4.156154900003457
140000 259.6730769230769 0.09668713981675511 21.830385269230774 0.5689102564102564 45.301282057692305 45.30769230769231 12.653846153846153 32.65384615384615 4.585940800025128
142000 259.6730769230769 0.09668713981675511 21.830385269230774 0.5689102564102564 45.301282057692305 45.30769230769231 12.653846153846153 32.65384615384615 4.120592899998883
144000 273.4807692307692 0.10614297451526913 21.035513057692313 0.5817307692307693 45.301282057692305 45.30769230769231 12.653846153846153 32.65384615384615 4.324655500007793
146000 304.34615384615387 0.12000073129828359 20.663718000000003 0.5961538461538461 45.301282057692305 45.30769230769231 12.653846153846153 32.65384615384615 4.268546300008893
148000 302.6923076923077 0.11916776874569227 20.70217955769231 0.5913461538461539 45.301282057692305 45.30769230769231 12.653846153846153 32.65384615384615 4.4689718000008725
150000 306.1730769230769 0.1204308309794906 20.58679488461539 0.6153846153846154 45.301282057692305 45.30769230769231 12.653846153846153 32.65384615384615 4.236233000003267
152000 306.1730769230769 0.11632425174358077 20.58679488461539 0.6153846153846154 45.301282057692305 45.30769230769231 12.653846153846153 32.65384615384615 4.259600999997929
154000 312.5769230769231 0.10179794299927455 20.38166617307693 0.6410256410256411 45.301282057692305 45.30769230769231 11.903846153846153 33.40384615384615 4.176642000005813
156000 312.6730769230769 0.10202090913223522 20.368845692307698 0.6410256410256411 45.301282057692305 45.30769230769231 11.98076923076923 33.32692307692308 4.291513000003761
158000 312.6730769230769 0.10212329768229624 20.368845692307698 0.6410256410256411 45.301282057692305 45.30769230769231 11.98076923076923 33.32692307692308 4.103866599994944
160000 380.38461538461536 0.14712963262980688 19.13665263461538 0.6794871794871795 45.301282057692305 45.30769230769231 9.057692307692308 36.25 4.251883899996756
162000 380.7692307692308 0.14711414094226366 19.149473115384612 0.6794871794871795 45.301282057692305 45.30769230769231 8.98076923076923 36.32692307692308 4.340961700014304
164000 380.7692307692308 0.14711414094226366 19.149473115384612 0.6794871794871795 45.301282057692305 45.30769230769231 8.98076923076923 36.32692307692308 4.279406000016024
166000 380.7692307692308 0.14711414094226366 19.149473115384612 0.6794871794871795 45.301282057692305 45.30769230769231 8.98076923076923 36.32692307692308 4.258707700006198
168000 380.7692307692308 0.14711840383276342 19.149473115384612 0.6794871794871795 45.301282057692305 45.30769230769231 8.98076923076923 36.32692307692308 4.208271700015757
170000 380.7692307692308 0.14711414094226366 19.149473115384612 0.6794871794871795 45.301282057692305 45.30769230769231 8.98076923076923 36.32692307692308 4.2950968999939505
172000 380.7692307692308 0.14711414094226366 19.149473115384612 0.6794871794871795 45.301282057692305 45.30769230769231 8.98076923076923 36.32692307692308 4.098181299981661
174000 380.5 0.14817588006791726 19.175114153846152 0.6794871794871795 45.301282057692305 45.30769230769231 8.98076923076923 36.32692307692308 4.466583399975207
176000 380.86538461538464 0.14853821720135332 19.18793463461538 0.6794871794871795 45.301282057692305 45.30769230769231 8.923076923076923 36.38461538461539 4.195725099998526
178000 380.5 0.14817588006791726 19.175114153846152 0.6794871794871795 45.301282057692305 45.30769230769231 8.98076923076923 36.32692307692308 4.215317900001537
180000 380.86538461538464 0.1485339543108535 19.18793463461538 0.6794871794871795 45.301282057692305 45.30769230769231 8.923076923076923 36.38461538461539 4.26015919999918
182000 380.5 0.14817588006791726 19.175114153846152 0.6794871794871795 45.301282057692305 45.30769230769231 8.98076923076923 36.32692307692308 4.375122900004499
184000 380.86538461538464 0.1485339543108535 19.18793463461538 0.6794871794871795 45.301282057692305 45.30769230769231 8.923076923076923 36.38461538461539 4.585119399998803
186000 380.86538461538464 0.1485339543108535 19.18793463461538 0.6794871794871795 45.301282057692305 45.30769230769231 8.923076923076923 36.38461538461539 4.179343499999959
188000 380.86538461538464 0.14868904764797528 19.18793463461538 0.6794871794871795 45.301282057692305 45.30769230769231 8.923076923076923 36.38461538461539 4.30891170000541
190000 380.86538461538464 0.15286660369306032 19.18793463461538 0.6794871794871795 45.301282057692305 45.30769230769231 8.923076923076923 36.38461538461539 4.324113500013482
192000 380.86538461538464 0.14853821720135332 19.18793463461538 0.6794871794871795 45.301282057692305 45.30769230769231 8.923076923076923 36.38461538461539 4.21955110001727
194000 376.4807692307692 0.14734033994200516 19.252037230769226 0.6794871794871795 45.301282057692305 45.30769230769231 8.923076923076923 36.38461538461539 4.314019700017525
196000 383.3076923076923 0.15010733910731794 19.136652557692305 0.6794871794871795 45.301282057692305 45.30769230769231 8.923076923076923 36.38461538461539 4.22069059999194
198000 385.2307692307692 0.15093394716469735 19.072549961538453 0.6794871794871795 45.301282057692305 45.30769230769231 8.923076923076923 36.38461538461539 4.31329459999688
200000 382.2307692307692 0.1498659716128285 19.111367692307685 0.6794871794871795 45.301282057692305 45.30769230769231 8.923076923076923 36.38461538461539 4.447168699989561
202000 384.71153846153845 0.1515400701250655 19.072549961538453 0.6794871794871795 45.301282057692305 45.30769230769231 8.923076923076923 36.38461538461539 4.212360400008038
204000 476.63461538461536 0.19778232675466467 20.080383442307703 0.6506410256410257 45.301282057692305 45.30769230769231 11.038461538461538 34.26923076923077 4.522591500019189
206000 476.9807692307692 0.1979433478937746 20.067562923076935 0.6506410256410257 45.301282057692305 45.30769230769231 11.038461538461538 34.26923076923077 4.372002399992198
208000 469.5 0.19529508720361866 20.13807578846155 0.6442307692307693 45.301282057692305 45.30769230769231 11.038461538461538 34.26923076923077 4.123639900004491
210000 476.9423076923077 0.19792447017931056 20.067562923076935 0.6506410256410257 45.301282057692305 45.30769230769231 11.038461538461538 34.26923076923077 4.200184099987382
212000 472.78846153846155 0.1942462353561455 20.240639942307702 0.6458333333333334 45.301282057692305 45.30769230769231 11.038461538461538 34.26923076923077 4.205095200013602
214000 469.5 0.1952337568074976 20.13807578846155 0.6442307692307693 45.301282057692305 45.30769230769231 11.038461538461538 34.26923076923077 4.185118300025351
216000 478.1730769230769 0.19779606208582257 20.041921884615398 0.6506410256410257 45.301282057692305 45.30769230769231 11.038461538461538 34.26923076923077 4.122866699995939
218000 478.1730769230769 0.19779606208582257 20.041921884615398 0.6506410256410257 45.301282057692305 45.30769230769231 11.038461538461538 34.26923076923077 4.640806199982762
220000 478.1730769230769 0.19779606208582257 20.041921884615398 0.6506410256410257 45.301282057692305 45.30769230769231 11.038461538461538 34.26923076923077 4.434656800003722
222000 478.1730769230769 0.19779606208582257 20.041921884615398 0.6506410256410257 45.301282057692305 45.30769230769231 11.038461538461538 34.26923076923077 4.566042999998899
224000 478.1730769230769 0.19779606208582257 20.041921884615398 0.6506410256410257 45.301282057692305 45.30769230769231 11.038461538461538 34.26923076923077 4.233452799991937
226000 476.59615384615387 0.19740345620549443 20.054742403846166 0.6506410256410257 45.301282057692305 45.30769230769231 11.038461538461538 34.26923076923077 4.220769300009124
228000 474.13461538461536 0.196705233733104 20.080383442307703 0.6506410256410257 45.301282057692305 45.30769230769231 11.038461538461538 34.26923076923077 4.220305499999085
230000 474.13461538461536 0.19667098071883132 20.080383442307703 0.6506410256410257 45.301282057692305 45.30769230769231 11.038461538461538 34.26923076923077 4.317454000003636
232000 470.6923076923077 0.19501083356624394 20.112434750000013 0.6442307692307693 45.301282057692305 45.30769230769231 11.038461538461538 34.26923076923077 4.1622616999957245
234000 474.13461538461536 0.19667098071883132 20.080383442307703 0.6506410256410257 45.301282057692305 45.30769230769231 11.038461538461538 34.26923076923077 4.115737100015394
236000 478.1730769230769 0.19779606208582257 20.041921884615398 0.6506410256410257 45.301282057692305 45.30769230769231 11.038461538461538 34.26923076923077 4.334368599986192
238000 474.13461538461536 0.19667098071883132 20.080383442307703 0.6506410256410257 45.301282057692305 45.30769230769231 11.038461538461538 34.26923076923077 4.260717099998146
240000 474.13461538461536 0.19667098071883132 20.080383442307703 0.6506410256410257 45.301282057692305 45.30769230769231 11.038461538461538 34.26923076923077 4.326003199996194
242000 471.1923076923077 0.19526319042854956 20.09961425000001 0.6442307692307693 45.301282057692305 45.30769230769231 11.076923076923077 34.23076923076923 4.394621100014774
244000 471.1923076923077 0.19526319042854956 20.09961425000001 0.6442307692307693 45.301282057692305 45.30769230769231 11.076923076923077 34.23076923076923 4.291487000009511
246000 474.13461538461536 0.19667098071883132 20.080383442307703 0.6506410256410257 45.301282057692305 45.30769230769231 11.038461538461538 34.26923076923077 4.0142946999985725
248000 474.13461538461536 0.19667098071883132 20.080383442307703 0.6506410256410257 45.301282057692305 45.30769230769231 11.038461538461538 34.26923076923077 4.1187708000070415
250000 474.13461538461536 0.19667098071883132 20.080383442307703 0.6506410256410257 45.301282057692305 45.30769230769231 11.038461538461538 34.26923076923077 4.286364300001878
252000 472.2692307692308 0.19613982361200558 20.170127076923087 0.6506410256410257 45.301282057692305 45.30769230769231 11.038461538461538 34.26923076923077 4.268161899992265
254000 473.3076923076923 0.19642529162523542 20.118845000000015 0.6506410256410257 45.301282057692305 45.30769230769231 11.038461538461538 34.26923076923077 4.111608299979707
256000 472.21153846153845 0.1956147656800045 20.09961425000001 0.6506410256410257 45.301282057692305 45.30769230769231 11.038461538461538 34.26923076923077 4.422265999979572
258000 472.46153846153845 0.19620914161065056 20.15730657692309 0.6506410256410257 45.301282057692305 45.30769230769231 11.038461538461538 34.26923076923077 4.444068000011612
260000 478.1730769230769 0.19779606208582257 20.041921884615398 0.6506410256410257 45.301282057692305 45.30769230769231 11.038461538461538 34.26923076923077 4.464265199989313
262000 478.1730769230769 0.19779606208582257 20.041921884615398 0.6506410256410257 45.301282057692305 45.30769230769231 11.038461538461538 34.26923076923077 4.207316199986963
264000 467.28846153846155 0.19366414666151024 20.407306769230782 0.6314102564102565 45.301282057692305 45.30769230769231 11.038461538461538 34.26923076923077 4.15112140000565
266000 470.6923076923077 0.19501083356624394 20.112434750000013 0.6442307692307693 45.301282057692305 45.30769230769231 11.038461538461538 34.26923076923077 4.371564800007036
268000 472.2692307692308 0.19613982361200558 20.170127076923087 0.6506410256410257 45.301282057692305 45.30769230769231 11.038461538461538 34.26923076923077 4.532799300010083
270000 473.3076923076923 0.19642529162523542 20.118845000000015 0.6506410256410257 45.301282057692305 45.30769230769231 11.038461538461538 34.26923076923077 4.499527300009504
272000 472.2692307692308 0.19613982360662063 20.170127076923087 0.6506410256410257 45.301282057692305 45.30769230769231 11.038461538461538 34.26923076923077 4.1729731999803334
274000 471.15384615384613 0.1951572060388813 20.09997026923078 0.6442307692307693 45.301282057692305 45.30769230769231 10.73076923076923 34.57692307692308 4.247662500012666
276000 469.25 0.1944466080065206 20.164072865384625 0.6442307692307693 45.301282057692305 45.30769230769231 10.73076923076923 34.57692307692308 4.136061800003517
278000 471.61538461538464 0.19733486537906345 20.202178403846162 0.6442307692307693 45.301282057692305 45.30769230769231 11.076923076923077 34.23076923076923 4.511576300021261
280000 474.40384615384613 0.1963806458218076 20.11243476923078 0.6442307692307693 45.301282057692305 45.30769230769231 11.076923076923077 34.23076923076923 4.326623100001598
282000 472.53846153846155 0.19595686883497365 20.202178403846162 0.6442307692307693 45.301282057692305 45.30769230769231 11.076923076923077 34.23076923076923 4.297678200004157
284000 472.53846153846155 0.19595686883497365 20.202178403846162 0.6442307692307693 45.301282057692305 45.30769230769231 11.076923076923077 34.23076923076923 4.355951300007291
286000 469.21153846153845 0.19563575105104608 20.170127134615395 0.6458333333333334 45.301282057692305 45.30769230769231 11.153846153846153 34.15384615384615 4.308797399979085
288000 477.0192307692308 0.197902858846688 20.11884501923078 0.6506410256410257 45.301282057692305 45.30769230769231 11.076923076923077 34.23076923076923 4.2390213000180665
290000 477.0192307692308 0.197902858846688 20.11884501923078 0.6506410256410257 45.301282057692305 45.30769230769231 11.076923076923077 34.23076923076923 4.268704499991145
292000 475.9807692307692 0.19720193303923567 20.08679376923078 0.6506410256410257 45.301282057692305 45.30769230769231 11.076923076923077 34.23076923076923 4.160171600000467
294000 475.9807692307692 0.19720193303923567 20.08679376923078 0.6506410256410257 45.301282057692305 45.30769230769231 11.076923076923077 34.23076923076923 4.456715899985284
296000 475.9807692307692 0.19720193303923567 20.08679376923078 0.6506410256410257 45.301282057692305 45.30769230769231 11.076923076923077 34.23076923076923 4.2046991000243
298000 473.5 0.19648009959203805 20.176537403846165 0.6506410256410257 45.301282057692305 45.30769230769231 11.076923076923077 34.23076923076923 4.416884600010235
300000 475.9807692307692 0.19720193303923567 20.08679376923078 0.6506410256410257 45.301282057692305 45.30769230769231 11.076923076923077 34.23076923076923 4.445301299972925
302000 475.4807692307692 0.19701106885463412 20.08679373076924 0.6442307692307693 45.301282057692305 45.30769230769231 11.076923076923077 34.23076923076923 4.744666900020093
304000 474.84615384615387 0.19765508896586542 20.073973211538473 0.6442307692307693 45.301282057692305 45.30769230769231 11.076923076923077 34.23076923076923 4.2249153000011574
306000 474.28846153846155 0.1974491863678262 20.073973211538473 0.6442307692307693 45.301282057692305 45.30769230769231 11.076923076923077 34.23076923076923 4.632020599994576
308000 472.9807692307692 0.1946068675537781 20.144486076923087 0.6442307692307693 45.301282057692305 45.30769230769231 11.076923076923077 34.23076923076923 4.1866572000144515
310000 479.8076923076923 0.19748249052899544 20.073973211538473 0.6506410256410257 45.301282057692305 45.30769230769231 11.076923076923077 34.23076923076923 4.5031172999879345
312000 480.4423076923077 0.19683847041776417 20.08679373076924 0.6506410256410257 45.301282057692305 45.30769230769231 11.076923076923077 34.23076923076923 4.356282299995655
314000 481.2692307692308 0.19940063543609915 20.029101384615394 0.6506410256410257 45.301282057692305 45.30769230769231 11.076923076923077 34.23076923076923 4.182929900009185
316000 480.8076923076923 0.19968088573987947 20.029101384615394 0.6506410256410257 45.301282057692305 45.30769230769231 11.076923076923077 34.23076923076923 4.865256999997655
318000 481.21153846153845 0.1991470474088678 20.041921903846166 0.6506410256410257 45.301282057692305 45.30769230769231 11.076923076923077 34.23076923076923 4.39078720001271
320000 481.21153846153845 0.1991470474088678 20.041921903846166 0.6506410256410257 45.301282057692305 45.30769230769231 11.076923076923077 34.23076923076923 4.266215999989072
322000 481.21153846153845 0.1991470474088678 20.041921903846166 0.6506410256410257 45.301282057692305 45.30769230769231 11.076923076923077 34.23076923076923 4.355876899993746
324000 474.40384615384613 0.19658542999769438 20.11243476923078 0.6442307692307693 45.301282057692305 45.30769230769231 11.076923076923077 34.23076923076923 4.673368999996455
326000 481.88461538461536 0.19927362930727516 20.041921903846166 0.6506410256410257 45.301282057692305 45.30769230769231 11.076923076923077 34.23076923076923 4.256006099982187
328000 481.88461538461536 0.19927362930727516 20.041921903846166 0.6506410256410257 45.301282057692305 45.30769230769231 11.076923076923077 34.23076923076923 4.5027105000044685
330000 481.88461538461536 0.19927362930727516 20.041921903846166 0.6506410256410257 45.301282057692305 45.30769230769231 11.076923076923077 34.23076923076923 4.093292099976679
332000 481.88461538461536 0.19927362930727516 20.041921903846166 0.6506410256410257 45.301282057692305 45.30769230769231 11.076923076923077 34.23076923076923 4.483455300010974
334000 481.88461538461536 0.19927362930727516 20.041921903846166 0.6506410256410257 45.301282057692305 45.30769230769231 11.076923076923077 34.23076923076923 4.358728999999585
336000 478.2307692307692 0.19806647028239405 20.08679373076924 0.6506410256410257 45.301282057692305 45.30769230769231 11.076923076923077 34.23076923076923 4.338251200009836
338000 478.2307692307692 0.19806647028239405 20.08679373076924 0.6506410256410257 45.301282057692305 45.30769230769231 11.076923076923077 34.23076923076923 4.330186599981971
340000 481.88461538461536 0.19927362930727516 20.041921903846166 0.6506410256410257 45.301282057692305 45.30769230769231 11.076923076923077 34.23076923076923 4.26666860000114
342000 481.88461538461536 0.19927362930727516 20.041921903846166 0.6506410256410257 45.301282057692305 45.30769230769231 11.076923076923077 34.23076923076923 4.354088799998863
344000 478.2307692307692 0.19806647028239405 20.08679373076924 0.6506410256410257 45.301282057692305 45.30769230769231 11.076923076923077 34.23076923076923 4.180191299994476
346000 481.4807692307692 0.19919524882645143 20.041921903846166 0.6506410256410257 45.301282057692305 45.30769230769231 11.076923076923077 34.23076923076923 4.2651879000186455
348000 473.0769230769231 0.1959057262570938 20.192741057692317 0.6506410256410257 45.301282057692305 45.30769230769231 10.923076923076923 34.38461538461539 4.593550599995069
350000 478.2307692307692 0.19806647028239405 20.08679373076924 0.6506410256410257 45.301282057692305 45.30769230769231 11.076923076923077 34.23076923076923 4.422191699995892
352000 478.2307692307692 0.19817258631829598 20.08679373076924 0.6506410256410257 45.301282057692305 45.30769230769231 11.076923076923077 34.23076923076923 4.262156800017692
354000 481.88461538461536 0.19927362930727516 20.041921903846166 0.6506410256410257 45.301282057692305 45.30769230769231 11.076923076923077 34.23076923076923 4.879516799992416
356000 481.88461538461536 0.19927362930727516 20.041921903846166 0.6506410256410257 45.301282057692305 45.30769230769231 11.076923076923077 34.23076923076923 4.425995800003875
358000 477.9807692307692 0.19788990229795742 20.118844942307703 0.6506410256410257 45.301282057692305 45.30769230769231 10.923076923076923 34.38461538461539 4.536682200006908
360000 477.9807692307692 0.19788990229795742 20.118844942307703 0.6506410256410257 45.301282057692305 45.30769230769231 10.923076923076923 34.38461538461539 4.086211399990134
362000 472.90384615384613 0.17715561804381802 20.452178442307705 0.6362179487179488 45.301282057692305 45.30769230769231 10.923076923076923 34.38461538461539 4.179407799994806
364000 473.9423076923077 0.19676482093096623 20.15730650000001 0.6506410256410257 45.301282057692305 45.30769230769231 10.923076923076923 34.38461538461539 4.2220152000081725
366000 472.90384615384613 0.17715561804381802 20.452178442307705 0.6362179487179488 45.301282057692305 45.30769230769231 10.923076923076923 34.38461538461539 4.396660800004611
368000 476.9423076923077 0.17828069941080926 20.413716884615397 0.6362179487179488 45.301282057692305 45.30769230769231 10.923076923076923 34.38461538461539 4.219075700006215
370000 475.13461538461536 0.17356967258667846 20.461793826923092 0.6362179487179488 45.301282057692305 45.30769230769231 10.942307692307692 34.36538461538461 4.2091537000087555
372000 476.9423076923077 0.17828069941080926 20.413716884615397 0.6362179487179488 45.301282057692305 45.30769230769231 10.923076923076923 34.38461538461539 4.629482099990128
374000 476.9423076923077 0.17828069941080926 20.413716884615397 0.6362179487179488 45.301282057692305 45.30769230769231 10.923076923076923 34.38461538461539 4.382023999991361
376000 474.53846153846155 0.15288053389441308 20.606024615384626 0.6362179487179488 45.301282057692305 45.30769230769231 10.826923076923077 34.48076923076923 4.024637399998028
378000 475.13461538461536 0.17356967258667846 20.461793826923092 0.6362179487179488 45.301282057692305 45.30769230769231 10.942307692307692 34.36538461538461 4.149816599994665
380000 476.9423076923077 0.17828069941080926 20.413716884615397 0.6362179487179488 45.301282057692305 45.30769230769231 10.923076923076923 34.38461538461539 4.074249900004361
382000 474.53846153846155 0.15288053389441308 20.606024615384626 0.6362179487179488 45.301282057692305 45.30769230769231 10.826923076923077 34.48076923076923 4.318010899994988
384000 474.7307692307692 0.17349129210585473 20.461793826923092 0.6362179487179488 45.301282057692305 45.30769230769231 10.942307692307692 34.36538461538461 4.131973999988986
386000 476.9423076923077 0.17828069941080926 20.413716884615397 0.6362179487179488 45.301282057692305 45.30769230769231 10.923076923076923 34.38461538461539 4.169106500019552
388000 477.9807692307692 0.19788990229795742 20.118844942307703 0.6506410256410257 45.301282057692305 45.30769230769231 10.923076923076923 34.38461538461539 4.488815799995791
390000 477.9807692307692 0.19788990229795742 20.118844942307703 0.6506410256410257 45.301282057692305 45.30769230769231 10.923076923076923 34.38461538461539 4.307375700009288
392000 477.9807692307692 0.19788990229795742 20.118844942307703 0.6506410256410257 45.301282057692305 45.30769230769231 10.923076923076923 34.38461538461539 4.366098700003931
394000 477.9807692307692 0.19788990229795742 20.118844942307703 0.6506410256410257 45.301282057692305 45.30769230769231 10.923076923076923 34.38461538461539 4.577240199985681
396000 477.9807692307692 0.19788990229795742 20.118844942307703 0.6506410256410257 45.301282057692305 45.30769230769231 10.923076923076923 34.38461538461539 4.454811800009338
398000 481.88461538461536 0.19927362930727516 20.041921903846166 0.6506410256410257 45.301282057692305 45.30769230769231 11.076923076923077 34.23076923076923 4.6217699000262655
400000 477.9807692307692 0.19788990229795742 20.118844942307703 0.6506410256410257 45.301282057692305 45.30769230769231 10.923076923076923 34.38461538461539 4.397241999977268
402000 477.9807692307692 0.19788990229795742 20.118844942307703 0.6506410256410257 45.301282057692305 45.30769230769231 10.923076923076923 34.38461538461539 4.156943600013619
404000 477.9807692307692 0.19788990229795742 20.118844942307703 0.6506410256410257 45.301282057692305 45.30769230769231 10.923076923076923 34.38461538461539 4.621919299999718
406000 481.88461538461536 0.19927362930727516 20.041921903846166 0.6506410256410257 45.301282057692305 45.30769230769231 11.076923076923077 34.23076923076923 4.586868100013817
408000 481.88461538461536 0.19927362930727516 20.041921903846166 0.6506410256410257 45.301282057692305 45.30769230769231 11.076923076923077 34.23076923076923 4.327325899997959
410000 481.88461538461536 0.19927362930727516 20.041921903846166 0.6506410256410257 45.301282057692305 45.30769230769231 11.076923076923077 34.23076923076923 4.656883000017842
412000 481.88461538461536 0.19927362930727516 20.041921903846166 0.6506410256410257 45.301282057692305 45.30769230769231 11.076923076923077 34.23076923076923 4.098151799989864
414000 481.88461538461536 0.19927362930727516 20.041921903846166 0.6506410256410257 45.301282057692305 45.30769230769231 11.076923076923077 34.23076923076923 4.211273399996571
416000 481.88461538461536 0.19927362930727516 20.041921903846166 0.6506410256410257 45.301282057692305 45.30769230769231 11.076923076923077 34.23076923076923 4.387243200006196
418000 481.88461538461536 0.19927362930727516 20.041921903846166 0.6506410256410257 45.301282057692305 45.30769230769231 11.076923076923077 34.23076923076923 4.103442099993117
420000 481.88461538461536 0.19927362930727516 20.041921903846166 0.6506410256410257 45.301282057692305 45.30769230769231 11.076923076923077 34.23076923076923 5.095137700001942
422000 481.88461538461536 0.19927362930727516 20.041921903846166 0.6506410256410257 45.301282057692305 45.30769230769231 11.076923076923077 34.23076923076923 4.143345600023167
424000 481.88461538461536 0.19927362930727516 20.041921903846166 0.6506410256410257 45.301282057692305 45.30769230769231 11.076923076923077 34.23076923076923 4.240046400023857
426000 481.88461538461536 0.19927362930727516 20.041921903846166 0.6506410256410257 45.301282057692305 45.30769230769231 11.076923076923077 34.23076923076923 4.277508900006069
428000 481.88461538461536 0.19927362930727516 20.041921903846166 0.6506410256410257 45.301282057692305 45.30769230769231 11.076923076923077 34.23076923076923 4.399981000024127
430000 481.88461538461536 0.19927362930727516 20.041921903846166 0.6506410256410257 45.301282057692305 45.30769230769231 11.076923076923077 34.23076923076923 4.648157700023148
432000 481.88461538461536 0.19927362930727516 20.041921903846166 0.6506410256410257 45.301282057692305 45.30769230769231 11.076923076923077 34.23076923076923 4.42374599998584
434000 481.88461538461536 0.19927362930727516 20.041921903846166 0.6506410256410257 45.301282057692305 45.30769230769231 11.076923076923077 34.23076923076923 4.584339199995156
436000 481.88461538461536 0.19927362930727516 20.041921903846166 0.6506410256410257 45.301282057692305 45.30769230769231 11.076923076923077 34.23076923076923 4.166609199979575
438000 481.88461538461536 0.19927362930727516 20.041921903846166 0.6506410256410257 45.301282057692305 45.30769230769231 11.076923076923077 34.23076923076923 4.083835199999157
440000 481.88461538461536 0.19927362930727516 20.041921903846166 0.6506410256410257 45.301282057692305 45.30769230769231 11.076923076923077 34.23076923076923 4.408331699989503
442000 478.7307692307692 0.1979021295172931 20.10025521153847 0.655448717948718 45.301282057692305 45.30769230769231 10.923076923076923 34.38461538461539 4.284144200006267
444000 478.7307692307692 0.1979021295172931 20.10025521153847 0.655448717948718 45.301282057692305 45.30769230769231 10.923076923076923 34.38461538461539 4.2094266999920364
446000 477.9807692307692 0.19788990229795742 20.118844942307703 0.6506410256410257 45.301282057692305 45.30769230769231 10.923076923076923 34.38461538461539 4.481275100028142
448000 478.7307692307692 0.1979021295172931 20.10025521153847 0.655448717948718 45.301282057692305 45.30769230769231 10.923076923076923 34.38461538461539 4.455550499988021
450000 479.7307692307692 0.19830815925409898 20.067562942307703 0.655448717948718 45.301282057692305 45.30769230769231 11.076923076923077 34.23076923076923 4.491895999992266
452000 477.9807692307692 0.19788990229795742 20.118844942307703 0.6506410256410257 45.301282057692305 45.30769230769231 10.923076923076923 34.38461538461539 4.222677100013243
454000 477.63461538461536 0.1977434979492218 20.10602450000001 0.6410256410256411 45.301282057692305 45.30769230769231 11.076923076923077 34.23076923076923 4.588960199995199
456000 477.63461538461536 0.1977434979492218 20.10602450000001 0.6410256410256411 45.301282057692305 45.30769230769231 11.076923076923077 34.23076923076923 4.172008599998662
458000 477.63461538461536 0.1977434979492218 20.10602450000001 0.6410256410256411 45.301282057692305 45.30769230769231 11.076923076923077 34.23076923076923 4.230561200005468
460000 477.9807692307692 0.19788990229795742 20.118844942307703 0.6506410256410257 45.301282057692305 45.30769230769231 10.923076923076923 34.38461538461539 4.186892600002466
462000 477.63461538461536 0.1977434979492218 20.10602450000001 0.6410256410256411 45.301282057692305 45.30769230769231 11.076923076923077 34.23076923076923 4.404720999998972
464000 477.63461538461536 0.1977434979492218 20.10602450000001 0.6410256410256411 45.301282057692305 45.30769230769231 11.076923076923077 34.23076923076923 4.232316199981142
466000 477.9807692307692 0.19788182776734684 20.118844942307703 0.6506410256410257 45.301282057692305 45.30769230769231 10.923076923076923 34.38461538461539 4.231303800013848
468000 477.9807692307692 0.19788990229795742 20.118844942307703 0.6506410256410257 45.301282057692305 45.30769230769231 10.923076923076923 34.38461538461539 4.216963599988958
470000 477.9807692307692 0.19788990229795742 20.118844942307703 0.6506410256410257 45.301282057692305 45.30769230769231 10.923076923076923 34.38461538461539 4.0885537000140175
472000 477.9807692307692 0.19788182776734684 20.118844942307703 0.6506410256410257 45.301282057692305 45.30769230769231 10.923076923076923 34.38461538461539 4.34576900000684
474000 477.9807692307692 0.19788182776734684 20.118844942307703 0.6506410256410257 45.301282057692305 45.30769230769231 10.923076923076923 34.38461538461539 4.063301299989689
476000 477.9807692307692 0.19788182776734684 20.118844942307703 0.6506410256410257 45.301282057692305 45.30769230769231 10.923076923076923 34.38461538461539 3.875417800009018
478000 477.9807692307692 0.19788182776734684 20.118844942307703 0.6506410256410257 45.301282057692305 45.30769230769231 10.923076923076923 34.38461538461539 4.101087599992752
480000 477.9807692307692 0.19788182776734684 20.118844942307703 0.6506410256410257 45.301282057692305 45.30769230769231 10.923076923076923 34.38461538461539 3.9168817999889143
482000 476.9423076923077 0.17828069941080926 20.413716884615397 0.6362179487179488 45.301282057692305 45.30769230769231 10.923076923076923 34.38461538461539 3.6385796000249684
484000 477.63461538461536 0.1977434979492218 20.10602450000001 0.6410256410256411 45.301282057692305 45.30769230769231 11.076923076923077 34.23076923076923 3.19951000000583
486000 477.63461538461536 0.1977434979492218 20.10602450000001 0.6410256410256411 45.301282057692305 45.30769230769231 11.076923076923077 34.23076923076923 2.894723300007172
488000 477.63461538461536 0.1977434979492218 20.10602450000001 0.6410256410256411 45.301282057692305 45.30769230769231 11.076923076923077 34.23076923076923 2.9695964000129607
490000 477.63461538461536 0.1977434979492218 20.10602450000001 0.6410256410256411 45.301282057692305 45.30769230769231 11.076923076923077 34.23076923076923 2.348870399990119
492000 477.63461538461536 0.1977434979492218 20.10602450000001 0.6410256410256411 45.301282057692305 45.30769230769231 11.076923076923077 34.23076923076923 2.4317021000024397
494000 477.63461538461536 0.1977434979492218 20.10602450000001 0.6410256410256411 45.301282057692305 45.30769230769231 11.076923076923077 34.23076923076923 2.1662655000109226
496000 477.63461538461536 0.1977434979492218 20.10602450000001 0.6410256410256411 45.301282057692305 45.30769230769231 11.076923076923077 34.23076923076923 2.1279280000017025
498000 477.63461538461536 0.1977434979492218 20.10602450000001 0.6410256410256411 45.301282057692305 45.30769230769231 11.076923076923077 34.23076923076923 2.2740750999946613
500000 477.63461538461536 0.1977434979492218 20.10602450000001 0.6410256410256411 45.301282057692305 45.30769230769231 11.076923076923077 34.23076923076923 1.683430299977772
