2000 10.884615384615385 -0.112692407276933 32.41131126923078 0.2676282051282051 45.301282057692305 45.30769230769231 3.326923076923077 41.98076923076923 3.5649704999959795
4000 15.673076923076923 -0.304784656912104 32.57165551923077 0.24358974358974358 45.301282057692305 45.30769230769231 5.019230769230769 40.28846153846154 3.5066503999987617
6000 9.75 -0.4191751617486243 32.69840098076922 0.20993589743589738 45.301282057692305 45.30769230769231 5.3076923076923075 40.0 3.2539699000044493
8000 5.6923076923076925 -0.2870722743662702 33.842162230769226 0.16826923076923078 45.301282057692305 45.30769230769231 3.8653846153846154 41.44230769230769 3.256493099994259
10000 5.423076923076923 -0.01850828054217405 34.26952017307692 0.1939102564102564 45.301282057692305 45.30769230769231 2.6346153846153846 42.67307692307692 3.8349100000050385
12000 11.23076923076923 0.002577934900649834 32.526354096153845 0.21634615384615385 45.301282057692305 45.30769230769231 2.6346153846153846 42.67307692307692 3.5369128000020282
14000 7.75 -0.018795805311146864 32.53655592307693 0.25000000000000006 45.301282057692305 45.30769230769231 2.6346153846153846 42.67307692307692 3.588097200001357
16000 6.846153846153846 -0.21096520949134767 32.919787576923085 0.2099358974358974 45.301282057692305 45.30769230769231 2.6346153846153846 42.67307692307692 3.5062043000070844
18000 6.019230769230769 -0.4413042467055944 34.64775375000001 0.18269230769230765 45.301282057692305 45.30769230769231 2.6346153846153846 42.67307692307692 3.1692338999855565
20000 5.538461538461538 -0.3833380782712425 34.99524374999998 0.16987179487179485 45.301282057692305 45.30769230769231 3.0576923076923075 42.25 3.136905300008948
22000 12.365384615384615 -0.15125480236797031 32.25609755769232 0.2419871794871795 45.301282057692305 45.30769230769231 4.153846153846154 41.15384615384615 3.555919200007338
24000 11.038461538461538 0.0024915080583673586 32.50553226923077 0.24519230769230765 45.301282057692305 45.30769230769231 4.5576923076923075 40.75 3.404665099995327
26000 12.884615384615385 0.002097190626237421 32.167194096153835 0.2692307692307692 45.301282057692305 45.30769230769231 4.711538461538462 40.59615384615385 3.4043241000035778
28000 13.365384615384615 0.002631738974015493 32.38514048076923 0.2836538461538462 45.301282057692305 45.30769230769231 4.3076923076923075 41.0 3.4055635999975493
30000 13.326923076923077 0.0022078712824482385 32.46954355769231 0.24358974358974358 45.301282057692305 45.30769230769231 4.288461538461538 41.01923076923077 3.613980599999195
32000 11.384615384615385 0.0025032211282459246 32.56250378846153 0.22115384615384615 45.301282057692305 45.30769230769231 3.6153846153846154 41.69230769230769 3.429375699997763
34000 8.326923076923077 0.0015098128083501985 33.1484025 0.1939102564102564 45.301282057692305 45.30769230769231 3.519230769230769 41.78846153846154 3.7107074999948964
36000 13.096153846153847 0.0016468814171597022 32.97489746153846 0.2243589743589744 45.301282057692305 45.30769230769231 3.4423076923076925 41.86538461538461 3.650459599986789
38000 11.51923076923077 0.002261199914332415 32.70994101923076 0.21474358974358973 45.301282057692305 45.30769230769231 3.5576923076923075 41.75 3.546860200003721
40000 11.692307692307692 0.0020665881628812834 32.752675249999996 0.25480769230769235 45.301282057692305 45.30769230769231 3.5961538461538463 41.71153846153846 3.5468920999992406
42000 10.288461538461538 0.0018991131646925953 32.611648557692305 0.21955128205128208 45.301282057692305 45.30769230769231 3.4423076923076925 41.86538461538461 3.599287799996091
44000 8.961538461538462 0.0011157236579829746 33.03729048076924 0.21153846153846154 45.301282057692305 45.30769230769231 3.3846153846153846 41.92307692307692 3.613922700009425
46000 12.326923076923077 0.0025855575162094333 32.90908419230769 0.22275641025641027 45.301282057692305 45.30769230769231 3.3653846153846154 41.94230769230769 3.7418472999997903
48000 11.365384615384615 0.0019197477745523358 32.366349769230766 0.264423076923077 45.301282057692305 45.30769230769231 3.3653846153846154 41.94230769230769 3.613389600010123
50000 5.480769230769231 0.0012666742349977359 32.94981146153847 0.24839743589743593 45.301282057692305 45.30769230769231 3.0 42.30769230769231 3.718516600012663
52000 5.173076923076923 0.0009143474572788006 33.433928942307695 0.21474358974358973 45.301282057692305 45.30769230769231 2.8461538461538463 42.46153846153846 3.745962499990128
54000 7.0576923076923075 0.0018702797507310234 33.20173005769231 0.22115384615384615 45.301282057692305 45.30769230769231 2.980769230769231 42.32692307692308 3.9963743000116665
56000 10.692307692307692 0.0036373970103939597 31.562197961538452 0.2724358974358974 45.301282057692305 45.30769230769231 3.0576923076923075 42.25 3.695576699989033
58000 7.673076923076923 -0.035790723705859596 32.289655980769226 0.28685897435897434 45.301282057692305 45.30769230769231 2.980769230769231 42.32692307692308 4.010196699993685
60000 7.865384615384615 0.0026282257518607196 32.08089740384616 0.2548076923076923 45.301282057692305 45.30769230769231 3.2115384615384617 42.09615384615385 4.0688880999950925
62000 24.46153846153846 -0.02696861561716895 29.218700230769223 0.2932692307692308 45.301282057692305 45.30769230769231 7.846153846153846 37.46153846153846 3.902132999995956
64000 92.13461538461539 -0.0008791170394672522 25.060611538461536 0.4487179487179486 45.301282057692305 45.30769230769231 9.75 35.55769230769231 4.303631299990229
66000 80.51923076923077 -0.009589772394589757 25.3794935576923 0.4455128205128205 45.301282057692305 45.30769230769231 7.615384615384615 37.69230769230769 3.8081785999966087
68000 22.0 0.0076023558129453776 28.52468007692308 0.3862179487179488 45.301282057692305 45.30769230769231 8.153846153846153 37.15384615384615 4.037578699993901
70000 178.09615384615384 0.05795497337846205 23.575776326923076 0.5112179487179487 45.301282057692305 45.30769230769231 8.807692307692308 36.5 4.001394099992467
72000 94.01923076923077 0.008971948143347275 25.28251048076924 0.483974358974359 45.301282057692305 45.30769230769231 8.596153846153847 36.71153846153846 4.3230111000011675
74000 46.13461538461539 0.0061501266142011 27.51057826923076 0.4439102564102564 45.301282057692305 45.30769230769231 3.326923076923077 41.98076923076923 4.110423799997079
76000 42.75 0.010399489034796369 27.26949936538461 0.4471153846153845 45.301282057692305 45.30769230769231 3.0384615384615383 42.26923076923077 3.998091600005864
78000 57.92307692307692 0.012662966700895754 25.74732771153846 0.4903846153846153 45.301282057692305 45.30769230769231 3.3461538461538463 41.96153846153846 4.086204799998086
80000 59.65384615384615 0.011780182668157082 25.548607019230772 0.4903846153846153 45.301282057692305 45.30769230769231 3.173076923076923 42.13461538461539 4.875675100003718
82000 54.84615384615385 0.013223899878289376 26.158117423076916 0.4887820512820512 45.301282057692305 45.30769230769231 2.769230769230769 42.53846153846154 4.319627600008971
84000 52.09615384615385 0.011027110631215333 27.10042751923077 0.4439102564102564 45.301282057692305 45.30769230769231 2.769230769230769 42.53846153846154 4.328730499997619
86000 53.30769230769231 0.00960711966689162 26.360038519230777 0.43749999999999994 45.301282057692305 45.30769230769231 2.6538461538461537 42.65384615384615 4.13084230000095
88000 49.73076923076923 0.00958433876829289 27.740917538461535 0.42467948717948717 45.301282057692305 45.30769230769231 3.2884615384615383 42.01923076923077 4.191249199997401
90000 49.59615384615385 0.010043341650303314 27.362710115384612 0.43429487179487175 45.301282057692305 45.30769230769231 2.7115384615384617 42.59615384615385 4.28177620000497
92000 130.71153846153845 0.06827246688327576 24.885799250000005 0.4807692307692307 45.301282057692305 45.30769230769231 6.269230769230769 39.03846153846154 4.399067899998045
94000 46.44230769230769 -0.4917673387393843 27.627516557692314 0.4519230769230769 45.301282057692305 45.30769230769231 3.3846153846153846 41.92307692307692 4.176805400013109
96000 54.73076923076923 -0.6070620162107415 27.38355957692308 0.4663461538461538 45.301282057692305 45.30769230769231 3.5384615384615383 41.76923076923077 3.830346999995527
98000 77.40384615384616 0.011477023531547031 25.846207634615386 0.49358974358974356 45.301282057692305 45.30769230769231 6.096153846153846 39.21153846153846 4.065372600001865
100000 79.38461538461539 -0.3047604450078651 26.49634786538462 0.4711538461538461 45.301282057692305 45.30769230769231 5.115384615384615 40.19230769230769 4.037253700007568
102000 56.59615384615385 -0.9781539108668211 27.779091115384613 0.44711538461538447 45.301282057692305 45.30769230769231 4.211538461538462 41.09615384615385 3.0250188000063645
104000 200.48076923076923 0.07091273413483444 21.826526826923068 0.5961538461538461 45.301282057692305 45.30769230769231 9.865384615384615 35.44230769230769 4.093247099997825
106000 172.57692307692307 -0.7122015089357633 22.672681096153855 0.5560897435897435 45.301282057692305 45.30769230769231 9.865384615384615 35.44230769230769 4.156281599993235
108000 194.19230769230768 -0.1593930754873402 22.08293721153846 0.5897435897435896 45.301282057692305 45.30769230769231 9.865384615384615 35.44230769230769 4.74749769999471
110000 167.75 -0.7144781928541908 22.794476423076933 0.5304487179487178 45.301282057692305 45.30769230769231 10.115384615384615 35.19230769230769 4.18327209999552
112000 251.78846153846155 0.07878210171626178 21.922894230769238 0.5496794871794871 45.301282057692305 45.30769230769231 13.423076923076923 31.884615384615383 4.200587800005451
114000 255.82692307692307 0.08222159951262388 21.852382000000002 0.5496794871794871 45.301282057692305 45.30769230769231 13.423076923076923 31.884615384615383 4.163809899997432
116000 313.0 0.052481363689731206 20.521159942307694 0.5544871794871794 45.301282057692305 45.30769230769231 13.115384615384615 32.19230769230769 4.494397599992226
118000 266.9423076923077 0.08508913662054082 21.781868461538465 0.5496794871794871 45.301282057692305 45.30769230769231 13.346153846153847 31.96153846153846 4.229318700003205
120000 255.53846153846155 0.062460400629945026 22.20494682692308 0.5448717948717948 45.301282057692305 45.30769230769231 13.211538461538462 32.09615384615385 4.194905399999698
122000 306.5 0.11377508538169633 20.480918153846158 0.5608974358974358 45.301282057692305 45.30769230769231 13.423076923076923 31.884615384615383 4.281982000000426
124000 300.38461538461536 0.09189473630983695 21.41648273076924 0.5560897435897435 45.301282057692305 45.30769230769231 13.423076923076923 31.884615384615383 4.286031199997524
126000 296.8269230769231 0.09120968667200681 21.429303250000007 0.5560897435897435 45.301282057692305 45.30769230769231 13.423076923076923 31.884615384615383 4.391553599998588
128000 337.63461538461536 0.12194361068569741 20.19886640384616 0.5608974358974358 45.301282057692305 45.30769230769231 13.423076923076923 31.884615384615383 4.3107878000009805
130000 334.7307692307692 0.12018276334499892 20.216316538461545 0.5608974358974358 45.301282057692305 45.30769230769231 13.423076923076923 31.884615384615383 3.987133399990853
132000 341.2307692307692 0.12200318487166181 20.203496019230776 0.5608974358974358 45.301282057692305 45.30769230769231 13.423076923076923 31.884615384615383 4.158697200007737
134000 365.0 0.139325823023325 20.950671423076926 0.5705128205128204 45.301282057692305 45.30769230769231 13.423076923076923 31.884615384615383 4.352189400000498
136000 367.3269230769231 0.14074059048111687 20.905799826923083 0.5769230769230768 45.301282057692305 45.30769230769231 13.423076923076923 31.884615384615383 4.432205999997677
138000 367.3269230769231 0.14074059048111687 20.905799826923083 0.5769230769230768 45.301282057692305 45.30769230769231 13.423076923076923 31.884615384615383 4.111113200007821
140000 378.13461538461536 0.14659127649293419 20.84223240384616 0.5512820512820512 45.301282057692305 45.30769230769231 13.423076923076923 31.884615384615383 4.021694099996239
142000 378.13461538461536 0.14659127649293419 20.84223240384616 0.5512820512820512 45.301282057692305 45.30769230769231 13.423076923076923 31.884615384615383 4.110878400009824
144000 387.96153846153845 0.1561813382680484 20.09970861538462 0.592948717948718 45.301282057692305 45.30769230769231 13.423076923076923 31.884615384615383 4.128620499992394
146000 412.36538461538464 0.16594481712276712 19.856119076923083 0.592948717948718 45.301282057692305 45.30769230769231 13.423076923076923 31.884615384615383 4.2508273999992525
148000 412.0 0.16568837413121293 19.843298557692314 0.592948717948718 45.301282057692305 45.30769230769231 13.423076923076923 31.884615384615383 4.480903600007878
150000 413.0769230769231 0.16620937808022307 19.824067134615387 0.6025641025641025 45.301282057692305 45.30769230769231 13.423076923076923 31.884615384615383 3.937261800005217
152000 413.0769230769231 0.16232004062694935 19.824067134615387 0.6025641025641025 45.301282057692305 45.30769230769231 13.423076923076923 31.884615384615383 4.471564799998305
154000 416.2307692307692 0.13291511836316686 19.670219326923082 0.6185897435897437 45.301282057692305 45.30769230769231 12.846153846153847 32.46153846153846 4.59929500000726
156000 416.2307692307692 0.13291511836316686 19.670219326923082 0.6185897435897437 45.301282057692305 45.30769230769231 12.846153846153847 32.46153846153846 4.224460299999919
158000 416.2307692307692 0.13291511836316686 19.670219326923082 0.6185897435897437 45.301282057692305 45.30769230769231 12.846153846153847 32.46153846153846 4.180411000008462
160000 500.5576923076923 0.19778233425701142 18.46520669230769 0.6474358974358976 45.301282057692305 45.30769230769231 9.865384615384615 35.44230769230769 4.127736299997196
162000 500.5576923076923 0.19778233425701142 18.46520669230769 0.6474358974358976 45.301282057692305 45.30769230769231 9.865384615384615 35.44230769230769 4.36661450000247
164000 500.5576923076923 0.19778233425701142 18.46520669230769 0.6474358974358976 45.301282057692305 45.30769230769231 9.865384615384615 35.44230769230769 4.302756399993086
166000 500.5576923076923 0.19778233425701142 18.46520669230769 0.6474358974358976 45.301282057692305 45.30769230769231 9.865384615384615 35.44230769230769 4.1548698999977205
168000 500.5576923076923 0.19778659714751123 18.46520669230769 0.6474358974358976 45.301282057692305 45.30769230769231 9.865384615384615 35.44230769230769 4.412647300006938
170000 500.5576923076923 0.19778233425701142 18.46520669230769 0.6474358974358976 45.301282057692305 45.30769230769231 9.865384615384615 35.44230769230769 4.428260200002114
172000 500.5576923076923 0.19778233425701142 18.46520669230769 0.6474358974358976 45.301282057692305 45.30769230769231 9.865384615384615 35.44230769230769 4.33824129999266
174000 500.03846153846155 0.1994766694412916 18.49084773076923 0.6474358974358976 45.301282057692305 45.30769230769231 9.865384615384615 35.44230769230769 4.490338200004771
176000 500.03846153846155 0.1994809323317914 18.49084773076923 0.6474358974358976 45.301282057692305 45.30769230769231 9.865384615384615 35.44230769230769 4.271859100001166
178000 500.03846153846155 0.1994766694412916 18.49084773076923 0.6474358974358976 45.301282057692305 45.30769230769231 9.865384615384615 35.44230769230769 4.422265200002585
180000 500.03846153846155 0.1994766694412916 18.49084773076923 0.6474358974358976 45.301282057692305 45.30769230769231 9.865384615384615 35.44230769230769 4.40478979999898
182000 499.59615384615387 0.19998827288135107 18.47339759615384 0.6538461538461539 45.301282057692305 45.30769230769231 9.865384615384615 35.44230769230769 4.352252800003043
184000 500.03846153846155 0.1994766694412916 18.49084773076923 0.6474358974358976 45.301282057692305 45.30769230769231 9.865384615384615 35.44230769230769 4.148311500001
186000 500.03846153846155 0.1994766694412916 18.49084773076923 0.6474358974358976 45.301282057692305 45.30769230769231 9.865384615384615 35.44230769230769 4.213225200001034
188000 500.03846153846155 0.19963176277841338 18.49084773076923 0.6474358974358976 45.301282057692305 45.30769230769231 9.865384615384615 35.44230769230769 4.632370399995125
190000 497.4807692307692 0.2012396165113498 18.478204596153844 0.6538461538461539 45.301282057692305 45.30769230769231 9.73076923076923 35.57692307692308 4.069816299990634
192000 500.03846153846155 0.1994809323317914 18.49084773076923 0.6474358974358976 45.301282057692305 45.30769230769231 9.865384615384615 35.44230769230769 4.239246600001934
194000 500.03846153846155 0.1997508536803935 18.49084773076923 0.6474358974358976 45.301282057692305 45.30769230769231 9.865384615384615 35.44230769230769 4.245921599998837
196000 502.4230769230769 0.2011608189310557 18.465206692307692 0.6474358974358976 45.301282057692305 45.30769230769231 9.865384615384615 35.44230769230769 4.132310699991649
198000 503.9807692307692 0.20169438511971313 18.413924615384612 0.6474358974358976 45.301282057692305 45.30769230769231 9.865384615384615 35.44230769230769 4.42460860000574
200000 500.96153846153845 0.20065466529974071 18.422115846153847 0.6474358974358976 45.301282057692305 45.30769230769231 9.865384615384615 35.44230769230769 4.23852889999398
202000 503.46153846153845 0.20229588285385508 18.401104096153844 0.6474358974358976 45.301282057692305 45.30769230769231 9.865384615384615 35.44230769230769 4.14156560000265
204000 593.5384615384615 0.23821699962159443 19.45947492307693 0.6282051282051282 45.301282057692305 45.30769230769231 12.01923076923077 33.28846153846154 4.324157299997751
206000 593.8846153846154 0.2383780207607043 19.44665440384616 0.6282051282051282 45.301282057692305 45.30769230769231 12.01923076923077 33.28846153846154 4.232855000009295
208000 590.4423076923077 0.23679351102976237 19.47870634615385 0.6217948717948717 45.301282057692305 45.30769230769231 12.01923076923077 33.28846153846154 4.018623800002388
210000 593.8846153846154 0.2383780207607043 19.44665440384616 0.6282051282051282 45.301282057692305 45.30769230769231 12.01923076923077 33.28846153846154 4.059797599999001
212000 593.8846153846154 0.23997292405157744 19.44665440384616 0.6282051282051282 45.301282057692305 45.30769230769231 12.01923076923077 33.28846153846154 4.294273400009843
214000 590.4423076923077 0.23838841432063546 19.47870634615385 0.6217948717948717 45.301282057692305 45.30769230769231 12.01923076923077 33.28846153846154 4.375894700002391
216000 595.0769230769231 0.23983026346985156 19.43383388461539 0.6282051282051282 45.301282057692305 45.30769230769231 12.01923076923077 33.28846153846154 4.139992299998994
218000 595.0769230769231 0.23983026346985156 19.43383388461539 0.6282051282051282 45.301282057692305 45.30769230769231 12.01923076923077 33.28846153846154 4.676725900004385
220000 595.0769230769231 0.23983026346985156 19.43383388461539 0.6282051282051282 45.301282057692305 45.30769230769231 12.01923076923077 33.28846153846154 4.435071699990658
222000 595.0769230769231 0.23983026346985156 19.43383388461539 0.6282051282051282 45.301282057692305 45.30769230769231 12.01923076923077 33.28846153846154 4.212367700005416
224000 595.0769230769231 0.23983026346985156 19.43383388461539 0.6282051282051282 45.301282057692305 45.30769230769231 12.01923076923077 33.28846153846154 4.330862999995588
226000 598.8846153846154 0.23893593822566056 19.42101336538462 0.6282051282051282 45.301282057692305 45.30769230769231 12.01923076923077 33.28846153846154 4.1899076999980025
228000 595.0769230769231 0.23955651526706612 19.43383388461539 0.6282051282051282 45.301282057692305 45.30769230769231 12.01923076923077 33.28846153846154 4.46762630000012
230000 595.0769230769231 0.23823536017897848 19.43383388461539 0.6282051282051282 45.301282057692305 45.30769230769231 12.01923076923077 33.28846153846154 4.672006300010253
232000 591.6346153846154 0.23657521301692316 19.46588582692308 0.6217948717948717 45.301282057692305 45.30769230769231 12.01923076923077 33.28846153846154 4.294460299992352
234000 595.0769230769231 0.23823536017897848 19.43383388461539 0.6282051282051282 45.301282057692305 45.30769230769231 12.01923076923077 33.28846153846154 4.270680799992988
236000 595.0769230769231 0.23823536017897848 19.43383388461539 0.6282051282051282 45.301282057692305 45.30769230769231 12.01923076923077 33.28846153846154 4.249298100010492
238000 595.0769230769231 0.23823536017897848 19.43383388461539 0.6282051282051282 45.301282057692305 45.30769230769231 12.01923076923077 33.28846153846154 4.252094100011163
240000 595.0769230769231 0.23823536017897848 19.43383388461539 0.6282051282051282 45.301282057692305 45.30769230769231 12.01923076923077 33.28846153846154 4.379998799995519
242000 597.4230769230769 0.23811437704309235 19.44024482692308 0.6217948717948717 45.301282057692305 45.30769230769231 12.096153846153847 33.21153846153846 4.3911193999956595
244000 597.4230769230769 0.23811437704309235 19.44024482692308 0.6217948717948717 45.301282057692305 45.30769230769231 12.096153846153847 33.21153846153846 4.195596199991996
246000 595.0769230769231 0.23983026346985156 19.43383388461539 0.6282051282051282 45.301282057692305 45.30769230769231 12.01923076923077 33.28846153846154 4.460119899988058
248000 595.0769230769231 0.23983026346985156 19.43383388461539 0.6282051282051282 45.301282057692305 45.30769230769231 12.01923076923077 33.28846153846154 4.163752000007662
250000 595.0769230769231 0.23983026346985156 19.43383388461539 0.6282051282051282 45.301282057692305 45.30769230769231 12.01923076923077 33.28846153846154 4.099787800005288
252000 595.0769230769231 0.23983026346985156 19.43383388461539 0.6282051282051282 45.301282057692305 45.30769230769231 12.01923076923077 33.28846153846154 4.132150199991884
254000 595.0769230769231 0.23823536017897848 19.43383388461539 0.6282051282051282 45.301282057692305 45.30769230769231 12.01923076923077 33.28846153846154 4.35938750000787
256000 592.4807692307693 0.23666206294532918 19.45947557692308 0.6282051282051282 45.301282057692305 45.30769230769231 12.01923076923077 33.28846153846154 4.193817599996692
258000 595.0769230769231 0.23823536017897848 19.43383388461539 0.6282051282051282 45.301282057692305 45.30769230769231 12.01923076923077 33.28846153846154 4.589252700010547
260000 595.0769230769231 0.23983026346985156 19.43383388461539 0.6282051282051282 45.301282057692305 45.30769230769231 12.01923076923077 33.28846153846154 4.189333199989051
262000 595.0769230769231 0.23823536017897848 19.43383388461539 0.6282051282051282 45.301282057692305 45.30769230769231 12.01923076923077 33.28846153846154 4.208843800006434
264000 582.5769230769231 0.23499463871874643 19.574860250000004 0.6282051282051282 45.301282057692305 45.30769230769231 12.01923076923077 33.28846153846154 4.2347816999972565
266000 591.6346153846154 0.23657521301692316 19.46588582692308 0.6217948717948717 45.301282057692305 45.30769230769231 12.01923076923077 33.28846153846154 4.329877099997248
268000 595.0769230769231 0.23823536017897848 19.43383388461539 0.6282051282051282 45.301282057692305 45.30769230769231 12.01923076923077 33.28846153846154 4.127881099993829
270000 595.0769230769231 0.23823536017897848 19.43383388461539 0.6282051282051282 45.301282057692305 45.30769230769231 12.01923076923077 33.28846153846154 4.824879600011627
272000 595.0769230769231 0.23823536017897848 19.43383388461539 0.6282051282051282 45.301282057692305 45.30769230769231 12.01923076923077 33.28846153846154 4.403146199998446
274000 589.2307692307693 0.2361286301639588 19.4502149423077 0.6282051282051282 45.301282057692305 45.30769230769231 11.73076923076923 33.57692307692308 4.3349217000068165
276000 591.7884615384615 0.23646609944559405 19.46285807692308 0.6217948717948717 45.301282057692305 45.30769230769231 11.865384615384615 33.44230769230769 4.0574760000017704
278000 619.2115384615385 0.24625535622746236 19.427426269230775 0.6217948717948717 45.301282057692305 45.30769230769231 12.211538461538462 33.09615384615385 4.429744299995946
280000 619.2115384615385 0.24618034759852347 19.427426269230775 0.6217948717948717 45.301282057692305 45.30769230769231 12.211538461538462 33.09615384615385 4.16710819999571
282000 619.2115384615385 0.24618034759852347 19.427426269230775 0.6217948717948717 45.301282057692305 45.30769230769231 12.211538461538462 33.09615384615385 4.163136499992106
284000 619.2115384615385 0.24618034759852347 19.427426269230775 0.6217948717948717 45.301282057692305 45.30769230769231 12.211538461538462 33.09615384615385 4.260969199996907
286000 622.6538461538462 0.2478404947605788 19.39537432692308 0.6282051282051282 45.301282057692305 45.30769230769231 12.211538461538462 33.09615384615385 4.239659099999699
288000 622.6538461538462 0.2478404947605788 19.39537432692308 0.6282051282051282 45.301282057692305 45.30769230769231 12.211538461538462 33.09615384615385 4.2222360000014305
290000 622.6538461538462 0.2478404947605788 19.39537432692308 0.6282051282051282 45.301282057692305 45.30769230769231 12.211538461538462 33.09615384615385 4.274952500010841
292000 620.0769230769231 0.24666864591571128 19.41460576923077 0.6282051282051282 45.301282057692305 45.30769230769231 12.211538461538462 33.09615384615385 4.300159299993538
294000 620.0769230769231 0.24666864591571128 19.41460576923077 0.6282051282051282 45.301282057692305 45.30769230769231 12.211538461538462 33.09615384615385 4.384771199998795
296000 620.0769230769231 0.24666864591571128 19.41460576923077 0.6282051282051282 45.301282057692305 45.30769230769231 12.211538461538462 33.09615384615385 4.268705899987253
298000 620.0769230769231 0.24666864591571128 19.41460576923077 0.6282051282051282 45.301282057692305 45.30769230769231 12.211538461538462 33.09615384615385 4.232451100004255
300000 620.0769230769231 0.24666864591571128 19.41460576923077 0.6282051282051282 45.301282057692305 45.30769230769231 12.211538461538462 33.09615384615385 4.1770784000109416
302000 619.6923076923077 0.24649308978327955 19.414605750000007 0.6217948717948717 45.301282057692305 45.30769230769231 12.211538461538462 33.09615384615385 4.208296799988602
304000 618.7692307692307 0.24681510737061504 19.414605750000007 0.6217948717948717 45.301282057692305 45.30769230769231 12.211538461538462 33.09615384615385 4.258106100009172
306000 618.75 0.24692929385419052 19.414605750000007 0.6217948717948717 45.301282057692305 45.30769230769231 12.211538461538462 33.09615384615385 4.4592491000075825
308000 618.2692307692307 0.24641485766888907 19.427426269230775 0.6217948717948717 45.301282057692305 45.30769230769231 12.211538461538462 33.09615384615385 4.444072300000698
310000 621.4423076923077 0.24822849741390615 19.39537432692308 0.6282051282051282 45.301282057692305 45.30769230769231 12.211538461538462 33.09615384615385 4.220715700008441
312000 622.3846153846154 0.24779229334299518 19.39537432692308 0.6282051282051282 45.301282057692305 45.30769230769231 12.211538461538462 33.09615384615385 4.207298399996944
314000 622.1730769230769 0.24779869203323543 19.39537432692308 0.6282051282051282 45.301282057692305 45.30769230769231 12.211538461538462 33.09615384615385 4.220110399997793
316000 621.9230769230769 0.24790263740460347 19.39537432692308 0.6282051282051282 45.301282057692305 45.30769230769231 12.211538461538462 33.09615384615385 4.217089900004794
318000 622.3846153846154 0.24779229334299518 19.39537432692308 0.6282051282051282 45.301282057692305 45.30769230769231 12.211538461538462 33.09615384615385 4.290446600003634
320000 622.3846153846154 0.24779229334299518 19.39537432692308 0.6282051282051282 45.301282057692305 45.30769230769231 12.211538461538462 33.09615384615385 4.197558100000606
322000 622.3846153846154 0.24779229334299518 19.39537432692308 0.6282051282051282 45.301282057692305 45.30769230769231 12.211538461538462 33.09615384615385 4.185544599997229
324000 619.2115384615385 0.246243123792701 19.427426269230775 0.6217948717948717 45.301282057692305 45.30769230769231 12.211538461538462 33.09615384615385 4.48544600000605
326000 622.6538461538462 0.2478404947605788 19.39537432692308 0.6282051282051282 45.301282057692305 45.30769230769231 12.211538461538462 33.09615384615385 4.503770100011025
328000 622.6538461538462 0.2478404947605788 19.39537432692308 0.6282051282051282 45.301282057692305 45.30769230769231 12.211538461538462 33.09615384615385 4.312950599996839
330000 622.6538461538462 0.2478404947605788 19.39537432692308 0.6282051282051282 45.301282057692305 45.30769230769231 12.211538461538462 33.09615384615385 4.323556999996072
332000 622.6538461538462 0.2478404947605788 19.39537432692308 0.6282051282051282 45.301282057692305 45.30769230769231 12.211538461538462 33.09615384615385 4.4047032999951625
334000 622.6538461538462 0.2478404947605788 19.39537432692308 0.6282051282051282 45.301282057692305 45.30769230769231 12.211538461538462 33.09615384615385 4.277948400005698
336000 621.4423076923077 0.24730332977397845 19.414605750000007 0.6282051282051282 45.301282057692305 45.30769230769231 12.211538461538462 33.09615384615385 4.020959800007404
338000 621.4423076923077 0.24730332977397845 19.414605750000007 0.6282051282051282 45.301282057692305 45.30769230769231 12.211538461538462 33.09615384615385 4.5022746000031475
340000 622.6538461538462 0.2478404947605788 19.39537432692308 0.6282051282051282 45.301282057692305 45.30769230769231 12.211538461538462 33.09615384615385 4.149979000008898
342000 622.6538461538462 0.2478404947605788 19.39537432692308 0.6282051282051282 45.301282057692305 45.30769230769231 12.211538461538462 33.09615384615385 4.290292699995916
344000 621.4423076923077 0.24730332977397845 19.414605750000007 0.6282051282051282 45.301282057692305 45.30769230769231 12.211538461538462 33.09615384615385 4.346877400006633
346000 622.6538461538462 0.2478404947605788 19.39537432692308 0.6282051282051282 45.301282057692305 45.30769230769231 12.211538461538462 33.09615384615385 4.29877170000691
348000 618.7115384615385 0.24582964488642017 19.469270365384617 0.6282051282051282 45.301282057692305 45.30769230769231 12.057692307692308 33.25 4.4777404999913415
350000 621.4423076923077 0.24730332977397845 19.414605750000007 0.6282051282051282 45.301282057692305 45.30769230769231 12.211538461538462 33.09615384615385 4.44488110000384
352000 621.4423076923077 0.24735123603881984 19.414605750000007 0.6282051282051282 45.301282057692305 45.30769230769231 12.211538461538462 33.09615384615385 4.405153500003507
354000 622.6538461538462 0.2478404947605788 19.39537432692308 0.6282051282051282 45.301282057692305 45.30769230769231 12.211538461538462 33.09615384615385 4.34727089999069
356000 622.6538461538462 0.2478404947605788 19.39537432692308 0.6282051282051282 45.301282057692305 45.30769230769231 12.211538461538462 33.09615384615385 4.289274299997487
358000 618.75 0.24645676775126105 19.47229736538462 0.6282051282051282 45.301282057692305 45.30769230769231 12.057692307692308 33.25 4.579463999994914
360000 618.75 0.24645676775126105 19.47229736538462 0.6282051282051282 45.301282057692305 45.30769230769231 12.057692307692308 33.25 4.473682900003041
362000 617.7115384615385 0.22684756486411287 19.767169307692313 0.6137820512820512 45.301282057692305 45.30769230769231 12.057692307692308 33.25 4.044107599998824
364000 618.75 0.24645676775126105 19.47229736538462 0.6282051282051282 45.301282057692305 45.30769230769231 12.057692307692308 33.25 4.173263499993482
366000 617.7115384615385 0.22684756486411287 19.767169307692313 0.6137820512820512 45.301282057692305 45.30769230769231 12.057692307692308 33.25 4.050308799996856
368000 617.7115384615385 0.22684756486411287 19.767169307692313 0.6137820512820512 45.301282057692305 45.30769230769231 12.057692307692308 33.25 4.116717900004005
370000 617.7115384615385 0.22684756486411287 19.767169307692313 0.6137820512820512 45.301282057692305 45.30769230769231 12.057692307692308 33.25 4.47461380000459
372000 617.7115384615385 0.22684756486411287 19.767169307692313 0.6137820512820512 45.301282057692305 45.30769230769231 12.057692307692308 33.25 4.331976000001305
374000 617.7115384615385 0.22684756486411287 19.767169307692313 0.6137820512820512 45.301282057692305 45.30769230769231 12.057692307692308 33.25 4.169059099993319
376000 617.7115384615385 0.22684756486411287 19.767169307692313 0.6137820512820512 45.301282057692305 45.30769230769231 12.057692307692308 33.25 4.396063800013508
378000 617.7115384615385 0.22684756486411287 19.767169307692313 0.6137820512820512 45.301282057692305 45.30769230769231 12.057692307692308 33.25 4.361183199987863
380000 617.7115384615385 0.22684756486411287 19.767169307692313 0.6137820512820512 45.301282057692305 45.30769230769231 12.057692307692308 33.25 4.3520534000126645
382000 617.7115384615385 0.22684756486411287 19.767169307692313 0.6137820512820512 45.301282057692305 45.30769230769231 12.057692307692308 33.25 4.014990900002886
384000 617.7115384615385 0.22684756486411287 19.767169307692313 0.6137820512820512 45.301282057692305 45.30769230769231 12.057692307692308 33.25 4.317929900003946
386000 617.7115384615385 0.22684756486411287 19.767169307692313 0.6137820512820512 45.301282057692305 45.30769230769231 12.057692307692308 33.25 4.303076199998031
388000 618.75 0.24645676775126105 19.47229736538462 0.6282051282051282 45.301282057692305 45.30769230769231 12.057692307692308 33.25 4.218626000001677
390000 618.75 0.24645676775126105 19.47229736538462 0.6282051282051282 45.301282057692305 45.30769230769231 12.057692307692308 33.25 4.30684660001134
392000 618.75 0.24645676775126105 19.47229736538462 0.6282051282051282 45.301282057692305 45.30769230769231 12.057692307692308 33.25 4.098837100013043
394000 618.75 0.24645676775126105 19.47229736538462 0.6282051282051282 45.301282057692305 45.30769230769231 12.057692307692308 33.25 4.239904800007935
396000 618.75 0.24645676775126105 19.47229736538462 0.6282051282051282 45.301282057692305 45.30769230769231 12.057692307692308 33.25 4.287403700000141
398000 622.6538461538462 0.2478404947605788 19.39537432692308 0.6282051282051282 45.301282057692305 45.30769230769231 12.211538461538462 33.09615384615385 4.148801800009096
400000 618.75 0.24645676775126105 19.47229736538462 0.6282051282051282 45.301282057692305 45.30769230769231 12.057692307692308 33.25 4.2181798000092385
402000 618.75 0.24645676775126105 19.47229736538462 0.6282051282051282 45.301282057692305 45.30769230769231 12.057692307692308 33.25 4.169087999995099
404000 618.75 0.24645676775126105 19.47229736538462 0.6282051282051282 45.301282057692305 45.30769230769231 12.057692307692308 33.25 4.370913399994606
406000 622.6538461538462 0.2478404947605788 19.39537432692308 0.6282051282051282 45.301282057692305 45.30769230769231 12.211538461538462 33.09615384615385 4.371161099988967
408000 622.6538461538462 0.2478404947605788 19.39537432692308 0.6282051282051282 45.301282057692305 45.30769230769231 12.211538461538462 33.09615384615385 4.22235979999823
410000 622.6538461538462 0.2478404947605788 19.39537432692308 0.6282051282051282 45.301282057692305 45.30769230769231 12.211538461538462 33.09615384615385 4.286968799991882
412000 622.6538461538462 0.2478404947605788 19.39537432692308 0.6282051282051282 45.301282057692305 45.30769230769231 12.211538461538462 33.09615384615385 4.451285400005872
414000 622.6538461538462 0.2478404947605788 19.39537432692308 0.6282051282051282 45.301282057692305 45.30769230769231 12.211538461538462 33.09615384615385 4.448188800000935
416000 622.6538461538462 0.2478404947605788 19.39537432692308 0.6282051282051282 45.301282057692305 45.30769230769231 12.211538461538462 33.09615384615385 4.508014100007131
418000 622.6538461538462 0.2478404947605788 19.39537432692308 0.6282051282051282 45.301282057692305 45.30769230769231 12.211538461538462 33.09615384615385 4.5358285999973305
420000 622.6538461538462 0.2478404947605788 19.39537432692308 0.6282051282051282 45.301282057692305 45.30769230769231 12.211538461538462 33.09615384615385 4.677254299997003
422000 622.6538461538462 0.2478404947605788 19.39537432692308 0.6282051282051282 45.301282057692305 45.30769230769231 12.211538461538462 33.09615384615385 4.602866799992626
424000 622.6538461538462 0.2478404947605788 19.39537432692308 0.6282051282051282 45.301282057692305 45.30769230769231 12.211538461538462 33.09615384615385 4.85879680000653
426000 622.6538461538462 0.2478404947605788 19.39537432692308 0.6282051282051282 45.301282057692305 45.30769230769231 12.211538461538462 33.09615384615385 4.297724599993671
428000 622.6538461538462 0.2478404947605788 19.39537432692308 0.6282051282051282 45.301282057692305 45.30769230769231 12.211538461538462 33.09615384615385 4.830056299993885
430000 622.6538461538462 0.2478404947605788 19.39537432692308 0.6282051282051282 45.301282057692305 45.30769230769231 12.211538461538462 33.09615384615385 4.588073099992471
432000 622.6538461538462 0.2478404947605788 19.39537432692308 0.6282051282051282 45.301282057692305 45.30769230769231 12.211538461538462 33.09615384615385 4.323679299996002
434000 622.6538461538462 0.2478404947605788 19.39537432692308 0.6282051282051282 45.301282057692305 45.30769230769231 12.211538461538462 33.09615384615385 4.436144099992816
436000 622.6538461538462 0.2478404947605788 19.39537432692308 0.6282051282051282 45.301282057692305 45.30769230769231 12.211538461538462 33.09615384615385 4.515596199998981
438000 622.6538461538462 0.2478404947605788 19.39537432692308 0.6282051282051282 45.301282057692305 45.30769230769231 12.211538461538462 33.09615384615385 4.895380200003274
440000 622.6538461538462 0.2478404947605788 19.39537432692308 0.6282051282051282 45.301282057692305 45.30769230769231 12.211538461538462 33.09615384615385 4.470563700000639
442000 619.5 0.24646899497059674 19.45370763461539 0.6330128205128205 45.301282057692305 45.30769230769231 12.057692307692308 33.25 4.33538380000391
444000 619.5 0.24646899497059674 19.45370763461539 0.6330128205128205 45.301282057692305 45.30769230769231 12.057692307692308 33.25 4.492988799989689
446000 618.75 0.24645676775126105 19.47229736538462 0.6282051282051282 45.301282057692305 45.30769230769231 12.057692307692308 33.25 4.647832300004666
448000 619.5 0.24646899497059674 19.45370763461539 0.6330128205128205 45.301282057692305 45.30769230769231 12.057692307692308 33.25 4.420190400007414
450000 620.5 0.24687502470740258 19.421015365384623 0.6330128205128205 45.301282057692305 45.30769230769231 12.211538461538462 33.09615384615385 4.693941899997299
452000 618.75 0.24645676775126105 19.47229736538462 0.6282051282051282 45.301282057692305 45.30769230769231 12.057692307692308 33.25 4.377534599989303
454000 618.4038461538462 0.2463103634025254 19.459476923076927 0.6185897435897435 45.301282057692305 45.30769230769231 12.211538461538462 33.09615384615385 4.635471200002939
456000 618.4038461538462 0.2463103634025254 19.459476923076927 0.6185897435897435 45.301282057692305 45.30769230769231 12.211538461538462 33.09615384615385 4.334737700002734
458000 618.4038461538462 0.2463103634025254 19.459476923076927 0.6185897435897435 45.301282057692305 45.30769230769231 12.211538461538462 33.09615384615385 4.2110564000031445
460000 618.75 0.24645676775126105 19.47229736538462 0.6282051282051282 45.301282057692305 45.30769230769231 12.057692307692308 33.25 4.504590700002154
462000 618.4038461538462 0.2463103634025254 19.459476923076927 0.6185897435897435 45.301282057692305 45.30769230769231 12.211538461538462 33.09615384615385 4.33862510000472
464000 618.4038461538462 0.2463103634025254 19.459476923076927 0.6185897435897435 45.301282057692305 45.30769230769231 12.211538461538462 33.09615384615385 4.129383899999084
466000 618.75 0.2464486932206504 19.47229736538462 0.6282051282051282 45.301282057692305 45.30769230769231 12.057692307692308 33.25 4.422523000001092
468000 618.75 0.24645676775126105 19.47229736538462 0.6282051282051282 45.301282057692305 45.30769230769231 12.057692307692308 33.25 4.070135800007847
470000 618.75 0.24645676775126105 19.47229736538462 0.6282051282051282 45.301282057692305 45.30769230769231 12.057692307692308 33.25 4.191012299997965
472000 618.75 0.2464486932206504 19.47229736538462 0.6282051282051282 45.301282057692305 45.30769230769231 12.057692307692308 33.25 4.132398199988529
474000 618.75 0.2464486932206504 19.47229736538462 0.6282051282051282 45.301282057692305 45.30769230769231 12.057692307692308 33.25 3.6165103999956045
476000 618.75 0.2464486932206504 19.47229736538462 0.6282051282051282 45.301282057692305 45.30769230769231 12.057692307692308 33.25 3.4276794000033988
478000 618.75 0.2464486932206504 19.47229736538462 0.6282051282051282 45.301282057692305 45.30769230769231 12.057692307692308 33.25 3.0702571000001626
480000 618.75 0.2464486932206504 19.47229736538462 0.6282051282051282 45.301282057692305 45.30769230769231 12.057692307692308 33.25 3.0446780000056606
482000 617.7115384615385 0.22684756486411287 19.767169307692313 0.6137820512820512 45.301282057692305 45.30769230769231 12.057692307692308 33.25 3.238554399998975
484000 618.4038461538462 0.2463103634025254 19.459476923076927 0.6185897435897435 45.301282057692305 45.30769230769231 12.211538461538462 33.09615384615385 3.05176639999263
486000 618.4038461538462 0.2463103634025254 19.459476923076927 0.6185897435897435 45.301282057692305 45.30769230769231 12.211538461538462 33.09615384615385 2.284900499987998
488000 618.4038461538462 0.2463103634025254 19.459476923076927 0.6185897435897435 45.301282057692305 45.30769230769231 12.211538461538462 33.09615384615385 2.2976834000000963
490000 618.4038461538462 0.2463103634025254 19.459476923076927 0.6185897435897435 45.301282057692305 45.30769230769231 12.211538461538462 33.09615384615385 2.062470699995174
492000 618.4038461538462 0.2463103634025254 19.459476923076927 0.6185897435897435 45.301282057692305 45.30769230769231 12.211538461538462 33.09615384615385 1.8051902000006521
494000 618.4038461538462 0.2463103634025254 19.459476923076927 0.6185897435897435 45.301282057692305 45.30769230769231 12.211538461538462 33.09615384615385 1.5744522000022698
496000 618.4038461538462 0.2463103634025254 19.459476923076927 0.6185897435897435 45.301282057692305 45.30769230769231 12.211538461538462 33.09615384615385 1.5784274000034202
498000 618.4038461538462 0.2463103634025254 19.459476923076927 0.6185897435897435 45.301282057692305 45.30769230769231 12.211538461538462 33.09615384615385 1.6270449999865377
500000 618.4038461538462 0.2463103634025254 19.459476923076927 0.6185897435897435 45.301282057692305 45.30769230769231 12.211538461538462 33.09615384615385 1.5899097999936203
