2000 12.288461538461538 -0.11250026784608894 32.1900164423077 0.26282051282051283 45.301282057692305 45.30769230769231 3.9038461538461537 41.40384615384615 1.9648933999997098
4000 18.28846153846154 -0.3039994255571853 32.34022367307692 0.24358974358974358 45.301282057692305 45.30769230769231 5.5576923076923075 39.75 1.9171102000036626
6000 10.692307692307692 -0.4189309193586822 32.50103869230769 0.18108974358974356 45.301282057692305 45.30769230769231 5.846153846153846 39.46153846153846 2.2315292000057525
8000 6.865384615384615 -0.2869132084225343 33.57688426923076 0.16826923076923078 45.301282057692305 45.30769230769231 4.4423076923076925 40.86538461538461 3.0972800999952597
10000 6.403846153846154 -0.018322208088305897 34.02763971153846 0.1939102564102564 45.301282057692305 45.30769230769231 3.230769230769231 42.07692307692308 2.8633012999998755
12000 12.961538461538462 0.0029568871818750507 32.29230698076923 0.21634615384615385 45.301282057692305 45.30769230769231 3.2115384615384617 42.09615384615385 2.8846374999993714
14000 8.923076923076923 -0.03803428851703572 32.2927518076923 0.25000000000000006 45.301282057692305 45.30769230769231 3.2115384615384617 42.09615384615385 2.7930286999981035
16000 8.346153846153847 -0.19153285757432584 32.61123955769231 0.2099358974358974 45.301282057692305 45.30769230769231 3.2115384615384617 42.09615384615385 2.7680727999977535
18000 7.134615384615385 -0.4218390362898855 34.326130038461535 0.18429487179487178 45.301282057692305 45.30769230769231 3.2115384615384617 42.09615384615385 2.659010900002613
20000 6.8076923076923075 -0.36392576080133343 34.70113469230769 0.15224358974358976 45.301282057692305 45.30769230769231 3.7115384615384617 41.59615384615385 2.784213999999338
22000 14.211538461538462 -0.13175794919799289 32.01325651923077 0.2371794871794872 45.301282057692305 45.30769230769231 4.711538461538462 40.59615384615385 2.7529327999945963
24000 12.5 0.0027218985309138384 32.30925282692307 0.24038461538461536 45.301282057692305 45.30769230769231 5.076923076923077 40.23076923076923 2.59655290000228
26000 15.038461538461538 0.0027107277484592542 31.97540215384615 0.26442307692307687 45.301282057692305 45.30769230769231 5.230769230769231 40.07692307692308 2.887137799996708
28000 14.884615384615385 0.002755978829012619 32.20616905769231 0.27884615384615385 45.301282057692305 45.30769230769231 4.826923076923077 40.48076923076923 2.840921700000763
30000 14.76923076923077 0.0023354477305498693 32.288435750000005 0.23878205128205127 45.301282057692305 45.30769230769231 4.826923076923077 40.48076923076923 3.1971254000018234
32000 13.01923076923077 0.0025878639938269146 32.43654388461538 0.1971153846153846 45.301282057692305 45.30769230769231 4.115384615384615 41.19230769230769 2.634303300001193
34000 9.576923076923077 0.0015085004448347642 32.98141655769231 0.18910256410256407 45.301282057692305 45.30769230769231 4.076923076923077 41.23076923076923 2.568704599994817
36000 15.0 0.0016635493949139464 32.77735692307693 0.21955128205128208 45.301282057692305 45.30769230769231 3.980769230769231 41.32692307692308 3.4684932000018307
38000 13.134615384615385 0.0024986983359984705 32.532699096153856 0.2099358974358974 45.301282057692305 45.30769230769231 4.096153846153846 41.21153846153846 2.669564099996933
40000 13.557692307692308 0.002345791199185162 32.52522140384617 0.25000000000000006 45.301282057692305 45.30769230769231 4.173076923076923 41.13461538461539 2.688896699997713
42000 11.884615384615385 0.002017294909068789 32.37991953846153 0.21474358974358976 45.301282057692305 45.30769230769231 4.0 41.30769230769231 3.1851249000028474
44000 10.403846153846153 0.0012462919000308136 32.802997038461534 0.20673076923076922 45.301282057692305 45.30769230769231 3.9423076923076925 41.36538461538461 3.0293301999990945
46000 15.211538461538462 0.0033656024786278497 32.64914971153846 0.22435897435897434 45.301282057692305 45.30769230769231 3.923076923076923 41.38461538461539 2.8015913999988697
48000 14.076923076923077 0.002523682594553294 32.08077403846154 0.25961538461538464 45.301282057692305 45.30769230769231 3.923076923076923 41.38461538461539 2.9635500999938813
50000 6.730769230769231 0.0016005270284928463 32.60327392307693 0.24839743589743593 45.301282057692305 45.30769230769231 3.576923076923077 41.73076923076923 3.192342100002861
52000 6.5 0.0012736438860284911 33.15084409615385 0.19070512820512817 45.301282057692305 45.30769230769231 3.4038461538461537 41.90384615384615 2.9961467000030098
54000 8.961538461538462 0.002351014275080295 32.933896038461526 0.22115384615384615 45.301282057692305 45.30769230769231 3.519230769230769 41.78846153846154 2.7971582999962266
56000 12.961538461538462 0.004146773183050109 31.330610980769226 0.2532051282051282 45.301282057692305 45.30769230769231 3.6153846153846154 41.69230769230769 3.420855500000471
58000 9.25 -0.03525396236053061 32.05575499999999 0.28685897435897434 45.301282057692305 45.30769230769231 3.5384615384615383 41.76923076923077 3.173148100002436
60000 9.98076923076923 0.003099237748017344 31.845125807692305 0.23557692307692307 45.301282057692305 45.30769230769231 3.769230769230769 41.53846153846154 3.0853948000003584
62000 25.75 -0.02706921472646975 29.191148634615384 0.2644230769230769 45.301282057692305 45.30769230769231 8.0 37.30769230769231 3.1709766999993008
64000 98.1923076923077 0.0018304842987177101 24.948649250000003 0.4006410256410256 45.301282057692305 45.30769230769231 10.134615384615385 35.17307692307692 3.2164024000012432
66000 104.92307692307692 -0.002140539292256524 25.137597519230773 0.3974358974358974 45.301282057692305 45.30769230769231 8.173076923076923 37.13461538461539 3.256806899997173
68000 24.0 0.007167739257200045 28.371941807692313 0.34294871794871795 45.301282057692305 45.30769230769231 8.557692307692308 36.75 3.111427800002275
70000 190.98076923076923 0.0631369368365999 23.441378769230766 0.4631410256410256 45.301282057692305 45.30769230769231 9.192307692307692 36.11538461538461 3.2501139999949373
72000 111.4423076923077 0.012619833122181815 25.113925730769225 0.4358974358974359 45.301282057692305 45.30769230769231 8.98076923076923 36.32692307692308 3.288406700004998
74000 53.42307692307692 0.007078860451611139 27.27350551923076 0.4439102564102564 45.301282057692305 45.30769230769231 3.8653846153846154 41.44230769230769 3.2292746999955853
76000 51.05769230769231 0.013463981509095816 27.030288596153845 0.4278846153846153 45.301282057692305 45.30769230769231 3.5576923076923075 41.75 3.2422752999991644
78000 65.86538461538461 0.013479071714252609 25.510254961538465 0.485576923076923 45.301282057692305 45.30769230769231 3.8846153846153846 41.42307692307692 3.2187043000012636
80000 68.32692307692308 0.013225280110606195 25.317944538461536 0.485576923076923 45.301282057692305 45.30769230769231 3.7115384615384617 41.59615384615385 2.9726597999979276
82000 62.55769230769231 0.014219820801159107 25.864419980769235 0.469551282051282 45.301282057692305 45.30769230769231 3.3461538461538463 41.96153846153846 3.380339499999536
84000 59.63461538461539 0.012478340553618263 26.87083267307692 0.4198717948717948 45.301282057692305 45.30769230769231 3.3461538461538463 41.96153846153846 3.3091213000006974
86000 60.69230769230769 0.010593940447205161 26.144331480769235 0.4134615384615384 45.301282057692305 45.30769230769231 3.230769230769231 42.07692307692308 2.9269143999990774
88000 58.57692307692308 0.010950942105400836 27.539102173076927 0.4198717948717948 45.301282057692305 45.30769230769231 3.826923076923077 41.48076923076923 2.9135231000036583
90000 57.01923076923077 0.011004587663904249 27.145935788461546 0.41025641025641024 45.301282057692305 45.30769230769231 3.2884615384615383 42.01923076923077 3.0155223999972804
92000 143.84615384615384 0.07431640705962794 24.734518692307695 0.45192307692307687 45.301282057692305 45.30769230769231 6.6923076923076925 38.61538461538461 2.843311900003755
94000 57.75 -0.4689531208250482 27.36739903846154 0.4326923076923077 45.301282057692305 45.30769230769231 3.9423076923076925 41.36538461538461 2.849813799999538
96000 63.84615384615385 -0.605071738359415 27.11876036538462 0.4471153846153845 45.301282057692305 45.30769230769231 4.115384615384615 41.19230769230769 2.5505526999913855
98000 80.42307692307692 0.013444739626947757 25.792177192307697 0.4455128205128205 45.301282057692305 45.30769230769231 6.596153846153846 38.71153846153846 3.283677700004773
100000 96.34615384615384 -0.2608681448235189 26.08540821153846 0.45833333333333326 45.301282057692305 45.30769230769231 5.980769230769231 39.32692307692308 2.6080588000040734
102000 64.03846153846153 -0.978906120312918 27.595899423076926 0.42788461538461525 45.301282057692305 45.30769230769231 4.75 40.55769230769231 2.0983254999882774
104000 214.5 0.07508455479886439 21.696189730769238 0.5576923076923077 45.301282057692305 45.30769230769231 10.26923076923077 35.03846153846154 3.311946199988597
106000 185.26923076923077 -0.7124034309517036 22.54234400000001 0.5176282051282051 45.301282057692305 45.30769230769231 10.26923076923077 35.03846153846154 3.169608199998038
108000 207.76923076923077 -0.15705824099220916 21.95260011538462 0.5512820512820512 45.301282057692305 45.30769230769231 10.26923076923077 35.03846153846154 3.11566729999322
110000 180.6346153846154 -0.7146052667304855 22.664139326923085 0.4919871794871794 45.301282057692305 45.30769230769231 10.51923076923077 34.78846153846154 3.0212020999897504
112000 265.6923076923077 0.08265662835336626 21.810957557692312 0.5112179487179487 45.301282057692305 45.30769230769231 13.73076923076923 31.576923076923077 3.1392158000089694
114000 269.4807692307692 0.08588549390958541 21.740445326923084 0.5112179487179487 45.301282057692305 45.30769230769231 13.73076923076923 31.576923076923077 3.1350403999967966
116000 333.71153846153845 0.05708355524437551 20.410636903846157 0.516025641025641 45.301282057692305 45.30769230769231 13.423076923076923 31.884615384615383 3.4422689999919385
118000 285.7307692307692 0.08980305407567173 21.669931788461547 0.5112179487179487 45.301282057692305 45.30769230769231 13.653846153846153 31.653846153846153 3.384446600000956
120000 269.1730769230769 0.06601807462406892 22.09301015384617 0.5064102564102563 45.301282057692305 45.30769230769231 13.51923076923077 31.78846153846154 2.8158843999990495
122000 327.21153846153845 0.11922073669025267 20.370395115384625 0.5224358974358974 45.301282057692305 45.30769230769231 13.73076923076923 31.576923076923077 3.1863925000070594
124000 319.40384615384613 0.09671651730378271 21.30454605769232 0.5176282051282051 45.301282057692305 45.30769230769231 13.73076923076923 31.576923076923077 3.2999417999963043
126000 315.75 0.09599889607020316 21.31736657692309 0.5176282051282051 45.301282057692305 45.30769230769231 13.73076923076923 31.576923076923077 3.097217600006843
128000 358.4807692307692 0.12746455393731917 20.08834336538462 0.5224358974358974 45.301282057692305 45.30769230769231 13.73076923076923 31.576923076923077 2.7645363000046927
130000 355.6730769230769 0.12573627819237007 20.105793500000004 0.5224358974358974 45.301282057692305 45.30769230769231 13.73076923076923 31.576923076923077 3.0045875999931013
132000 362.1730769230769 0.12755669971903297 20.092972980769236 0.5224358974358974 45.301282057692305 45.30769230769231 13.73076923076923 31.576923076923077 3.203618599989568
134000 387.4230769230769 0.14607927923600336 20.83873475000001 0.5320512820512819 45.301282057692305 45.30769230769231 13.73076923076923 31.576923076923077 3.0639760000049137
136000 389.90384615384613 0.14770229824739922 20.789590076923087 0.5384615384615383 45.301282057692305 45.30769230769231 13.73076923076923 31.576923076923077 3.085341600002721
138000 389.90384615384613 0.14770229824739922 20.789590076923087 0.5384615384615383 45.301282057692305 45.30769230769231 13.73076923076923 31.576923076923077 2.7990919000003487
140000 401.4230769230769 0.15379578552789303 20.726022653846165 0.5128205128205128 45.301282057692305 45.30769230769231 13.73076923076923 31.576923076923077 2.644095199997537
142000 401.4230769230769 0.15379578552789303 20.726022653846165 0.5128205128205128 45.301282057692305 45.30769230769231 13.73076923076923 31.576923076923077 2.918208000002778
144000 412.36538461538464 0.1642426103821533 19.98884053846154 0.5544871794871795 45.301282057692305 45.30769230769231 13.73076923076923 31.576923076923077 2.786261699991883
146000 436.5 0.17494287390766683 19.745251000000003 0.5544871794871795 45.301282057692305 45.30769230769231 13.73076923076923 31.576923076923077 3.432239399990067
148000 437.15384615384613 0.17532252776218205 19.732430480769235 0.5544871794871795 45.301282057692305 45.30769230769231 13.73076923076923 31.576923076923077 3.427293800006737
150000 438.2307692307692 0.17584353171119219 19.71319905769231 0.5641025641025641 45.301282057692305 45.30769230769231 13.73076923076923 31.576923076923077 3.299113600005512
152000 438.2307692307692 0.171687682316185 19.71319905769231 0.5641025641025641 45.301282057692305 45.30769230769231 13.73076923076923 31.576923076923077 3.0328542000061134
154000 441.5769230769231 0.13838592779892847 19.55935125 0.5801282051282052 45.301282057692305 45.30769230769231 13.153846153846153 32.15384615384615 3.1813926000031643
156000 441.5769230769231 0.13838592779892847 19.55935125 0.5801282051282052 45.301282057692305 45.30769230769231 13.153846153846153 32.15384615384615 3.0528946999984328
158000 441.5769230769231 0.13838592779892847 19.55935125 0.5801282051282052 45.301282057692305 45.30769230769231 13.153846153846153 32.15384615384615 3.0026836000033654
160000 535.0192307692307 0.21066345666355568 18.341623403846146 0.5897435897435898 45.301282057692305 45.30769230769231 10.26923076923077 35.03846153846154 3.1494444999989355
162000 535.0192307692307 0.21066345666355568 18.341623403846146 0.5897435897435898 45.301282057692305 45.30769230769231 10.26923076923077 35.03846153846154 3.2955829999991693
164000 535.0192307692307 0.21066345666355568 18.341623403846146 0.5897435897435898 45.301282057692305 45.30769230769231 10.26923076923077 35.03846153846154 3.5086131999996724
166000 535.0192307692307 0.21066345666355568 18.341623403846146 0.5897435897435898 45.301282057692305 45.30769230769231 10.26923076923077 35.03846153846154 3.427386299998034
168000 535.0192307692307 0.2106677195540555 18.341623403846146 0.5897435897435898 45.301282057692305 45.30769230769231 10.26923076923077 35.03846153846154 3.6680312999960734
170000 535.0192307692307 0.21066345666355568 18.341623403846146 0.5897435897435898 45.301282057692305 45.30769230769231 10.26923076923077 35.03846153846154 2.813531299994793
172000 535.0192307692307 0.21066345666355568 18.341623403846146 0.5897435897435898 45.301282057692305 45.30769230769231 10.26923076923077 35.03846153846154 2.9658328000077745
174000 534.5 0.2123742815798733 18.36726444230769 0.5897435897435898 45.301282057692305 45.30769230769231 10.26923076923077 35.03846153846154 2.9023585000104504
176000 534.5 0.2123785444703731 18.36726444230769 0.5897435897435898 45.301282057692305 45.30769230769231 10.26923076923077 35.03846153846154 3.0119205999944825
178000 534.5 0.2123742815798733 18.36726444230769 0.5897435897435898 45.301282057692305 45.30769230769231 10.26923076923077 35.03846153846154 2.9640297000005376
180000 534.5 0.2123742815798733 18.36726444230769 0.5897435897435898 45.301282057692305 45.30769230769231 10.26923076923077 35.03846153846154 3.242348799991305
182000 533.8653846153846 0.21284725929287612 18.349814307692302 0.5961538461538461 45.301282057692305 45.30769230769231 10.26923076923077 35.03846153846154 2.999889200000325
184000 534.5 0.2123742815798733 18.36726444230769 0.5897435897435898 45.301282057692305 45.30769230769231 10.26923076923077 35.03846153846154 3.2625689999986207
186000 534.5 0.2123742815798733 18.36726444230769 0.5897435897435898 45.301282057692305 45.30769230769231 10.26923076923077 35.03846153846154 3.3990061999938916
188000 534.5 0.21252937491699506 18.36726444230769 0.5897435897435898 45.301282057692305 45.30769230769231 10.26923076923077 35.03846153846154 3.0244281999912346
190000 531.4423076923077 0.21397322058661022 18.3546213076923 0.5961538461538461 45.301282057692305 45.30769230769231 10.134615384615385 35.17307692307692 3.0583757999993395
192000 534.5 0.2123785444703731 18.36726444230769 0.5897435897435898 45.301282057692305 45.30769230769231 10.26923076923077 35.03846153846154 3.2357324000040535
194000 534.5 0.21266570715386568 18.36726444230769 0.5897435897435898 45.301282057692305 45.30769230769231 10.26923076923077 35.03846153846154 2.8360764999961248
196000 536.8846153846154 0.2140756724045279 18.341623403846146 0.5897435897435898 45.301282057692305 45.30769230769231 10.26923076923077 35.03846153846154 3.0721726000047056
198000 538.4807692307693 0.21461035730759084 18.29034132692307 0.5897435897435898 45.301282057692305 45.30769230769231 10.26923076923077 35.03846153846154 3.002158099989174
200000 535.4615384615385 0.21357063748761848 18.298532557692305 0.5897435897435898 45.301282057692305 45.30769230769231 10.26923076923077 35.03846153846154 3.182612999997218
202000 537.9615384615385 0.21521185504173282 18.2775208076923 0.5897435897435898 45.301282057692305 45.30769230769231 10.26923076923077 35.03846153846154 3.1379104999941774
204000 617.0769230769231 0.24135029499003974 19.371909269230773 0.5705128205128205 45.301282057692305 45.30769230769231 12.288461538461538 33.01923076923077 3.085555600002408
206000 617.4230769230769 0.2415113161291496 19.359088750000005 0.5705128205128205 45.301282057692305 45.30769230769231 12.288461538461538 33.01923076923077 3.410022200012463
208000 613.9807692307693 0.23992680639820768 19.391140692307697 0.5641025641025641 45.301282057692305 45.30769230769231 12.288461538461538 33.01923076923077 2.9689723000046797
210000 617.4230769230769 0.2415113161291496 19.359088750000005 0.5705128205128205 45.301282057692305 45.30769230769231 12.288461538461538 33.01923076923077 3.1622224999882746
212000 617.4230769230769 0.24318213911745282 19.359088750000005 0.5705128205128205 45.301282057692305 45.30769230769231 12.288461538461538 33.01923076923077 3.440576599998167
214000 613.9807692307693 0.24159762938651086 19.391140692307697 0.5641025641025641 45.301282057692305 45.30769230769231 12.288461538461538 33.01923076923077 3.013136500012479
216000 618.6153846153846 0.243039478535727 19.346268230769237 0.5705128205128205 45.301282057692305 45.30769230769231 12.288461538461538 33.01923076923077 2.9461765000014566
218000 618.6153846153846 0.243039478535727 19.346268230769237 0.5705128205128205 45.301282057692305 45.30769230769231 12.288461538461538 33.01923076923077 2.8662512000009883
220000 618.6153846153846 0.243039478535727 19.346268230769237 0.5705128205128205 45.301282057692305 45.30769230769231 12.288461538461538 33.01923076923077 2.9300827999977628
222000 618.6153846153846 0.243039478535727 19.346268230769237 0.5705128205128205 45.301282057692305 45.30769230769231 12.288461538461538 33.01923076923077 3.2336053000035463
224000 618.6153846153846 0.243039478535727 19.346268230769237 0.5705128205128205 45.301282057692305 45.30769230769231 12.288461538461538 33.01923076923077 2.7791016999981366
226000 622.3076923076923 0.2420348315942776 19.333447711538465 0.5705128205128205 45.301282057692305 45.30769230769231 12.288461538461538 33.01923076923077 3.0543247000023257
228000 618.6153846153846 0.24277179038040672 19.346268230769237 0.5705128205128205 45.301282057692305 45.30769230769231 12.288461538461538 33.01923076923077 3.303491500002565
230000 618.6153846153846 0.2413686555474238 19.346268230769237 0.5705128205128205 45.301282057692305 45.30769230769231 12.288461538461538 33.01923076923077 3.0693209000019124
232000 615.1730769230769 0.23970850838536847 19.378320173076926 0.5641025641025641 45.301282057692305 45.30769230769231 12.288461538461538 33.01923076923077 2.9090607999969507
234000 618.6153846153846 0.2413686555474238 19.346268230769237 0.5705128205128205 45.301282057692305 45.30769230769231 12.288461538461538 33.01923076923077 3.2713688000076218
236000 618.6153846153846 0.2413686555474238 19.346268230769237 0.5705128205128205 45.301282057692305 45.30769230769231 12.288461538461538 33.01923076923077 3.0865678999980446
238000 618.6153846153846 0.2413686555474238 19.346268230769237 0.5705128205128205 45.301282057692305 45.30769230769231 12.288461538461538 33.01923076923077 3.151898700001766
240000 618.6153846153846 0.2413686555474238 19.346268230769237 0.5705128205128205 45.301282057692305 45.30769230769231 12.288461538461538 33.01923076923077 2.8818494000006467
242000 620.8846153846154 0.24122357044952691 19.35267917307693 0.5641025641025641 45.301282057692305 45.30769230769231 12.365384615384615 32.94230769230769 3.065626700001303
244000 620.8846153846154 0.24122357044952691 19.35267917307693 0.5641025641025641 45.301282057692305 45.30769230769231 12.365384615384615 32.94230769230769 3.203297800006112
246000 618.6153846153846 0.243039478535727 19.346268230769237 0.5705128205128205 45.301282057692305 45.30769230769231 12.288461538461538 33.01923076923077 3.0708362000004854
248000 618.6153846153846 0.243039478535727 19.346268230769237 0.5705128205128205 45.301282057692305 45.30769230769231 12.288461538461538 33.01923076923077 3.3529254000022775
250000 618.6153846153846 0.243039478535727 19.346268230769237 0.5705128205128205 45.301282057692305 45.30769230769231 12.288461538461538 33.01923076923077 3.404382499997155
252000 618.6153846153846 0.243039478535727 19.346268230769237 0.5705128205128205 45.301282057692305 45.30769230769231 12.288461538461538 33.01923076923077 3.286038999998709
254000 618.6153846153846 0.2413686555474238 19.346268230769237 0.5705128205128205 45.301282057692305 45.30769230769231 12.288461538461538 33.01923076923077 3.121801300003426
256000 616.0192307692307 0.23973931592449518 19.371909923076927 0.5705128205128205 45.301282057692305 45.30769230769231 12.288461538461538 33.01923076923077 3.5704257000033977
258000 618.6153846153846 0.2413686555474238 19.346268230769237 0.5705128205128205 45.301282057692305 45.30769230769231 12.288461538461538 33.01923076923077 3.371337400007178
260000 618.6153846153846 0.243039478535727 19.346268230769237 0.5705128205128205 45.301282057692305 45.30769230769231 12.288461538461538 33.01923076923077 3.421688799993717
262000 618.6153846153846 0.2413686555474238 19.346268230769237 0.5705128205128205 45.301282057692305 45.30769230769231 12.288461538461538 33.01923076923077 3.19385890000558
264000 605.6153846153846 0.23802510669673388 19.487294596153852 0.5705128205128205 45.301282057692305 45.30769230769231 12.288461538461538 33.01923076923077 3.501578299998073
266000 615.1730769230769 0.23970850838536847 19.378320173076926 0.5641025641025641 45.301282057692305 45.30769230769231 12.288461538461538 33.01923076923077 3.376094599996577
268000 618.6153846153846 0.2413686555474238 19.346268230769237 0.5705128205128205 45.301282057692305 45.30769230769231 12.288461538461538 33.01923076923077 3.308588999992935
270000 618.6153846153846 0.2413686555474238 19.346268230769237 0.5705128205128205 45.301282057692305 45.30769230769231 12.288461538461538 33.01923076923077 2.9845945999986725
272000 618.6153846153846 0.2413686555474238 19.346268230769237 0.5705128205128205 45.301282057692305 45.30769230769231 12.288461538461538 33.01923076923077 2.9981371000030776
274000 612.2692307692307 0.23908063369900479 19.362649288461544 0.5705128205128205 45.301282057692305 45.30769230769231 12.0 33.30769230769231 3.2271849999960978
276000 615.3269230769231 0.23959939481403936 19.375292423076928 0.5641025641025641 45.301282057692305 45.30769230769231 12.134615384615385 33.17307692307692 3.137420099999872
278000 642.5961538461538 0.24934576262145342 19.33986061538462 0.5641025641025641 45.301282057692305 45.30769230769231 12.48076923076923 32.82692307692308 2.8165984000079334
280000 642.5961538461538 0.2492707539925145 19.33986061538462 0.5641025641025641 45.301282057692305 45.30769230769231 12.48076923076923 32.82692307692308 2.940582199997152
282000 642.5961538461538 0.2492707539925145 19.33986061538462 0.5641025641025641 45.301282057692305 45.30769230769231 12.48076923076923 32.82692307692308 3.2052911999926437
284000 642.5961538461538 0.2492707539925145 19.33986061538462 0.5641025641025641 45.301282057692305 45.30769230769231 12.48076923076923 32.82692307692308 3.3057054999953834
286000 646.0384615384615 0.2509309011545698 19.307808673076927 0.5705128205128205 45.301282057692305 45.30769230769231 12.48076923076923 32.82692307692308 2.7872889999998733
288000 646.0384615384615 0.2509309011545698 19.307808673076927 0.5705128205128205 45.301282057692305 45.30769230769231 12.48076923076923 32.82692307692308 2.791216700003133
290000 646.0384615384615 0.2509309011545698 19.307808673076927 0.5705128205128205 45.301282057692305 45.30769230769231 12.48076923076923 32.82692307692308 3.5501579999981914
292000 643.4615384615385 0.24975905230970227 19.32704011538462 0.5705128205128205 45.301282057692305 45.30769230769231 12.48076923076923 32.82692307692308 3.0125208999961615
294000 643.4615384615385 0.24975905230970227 19.32704011538462 0.5705128205128205 45.301282057692305 45.30769230769231 12.48076923076923 32.82692307692308 2.668959200003883
296000 643.4615384615385 0.24975905230970227 19.32704011538462 0.5705128205128205 45.301282057692305 45.30769230769231 12.48076923076923 32.82692307692308 2.9502773999993224
298000 643.4615384615385 0.24975905230970227 19.32704011538462 0.5705128205128205 45.301282057692305 45.30769230769231 12.48076923076923 32.82692307692308 3.2957638000079896
300000 643.4615384615385 0.24975905230970227 19.32704011538462 0.5705128205128205 45.301282057692305 45.30769230769231 12.48076923076923 32.82692307692308 2.811409800007823
302000 643.0769230769231 0.24958349617727058 19.32704009615385 0.5641025641025641 45.301282057692305 45.30769230769231 12.48076923076923 32.82692307692308 2.8541610999964178
304000 642.1538461538462 0.24990551376460604 19.32704009615385 0.5641025641025641 45.301282057692305 45.30769230769231 12.48076923076923 32.82692307692308 3.4372297000081744
306000 642.0961538461538 0.2500182889827039 19.32704009615385 0.5641025641025641 45.301282057692305 45.30769230769231 12.48076923076923 32.82692307692308 2.862022799992701
308000 641.6153846153846 0.24950385279740245 19.33986061538462 0.5641025641025641 45.301282057692305 45.30769230769231 12.48076923076923 32.82692307692308 2.8219552999944426
310000 644.7884615384615 0.25131749254241953 19.307808673076927 0.5705128205128205 45.301282057692305 45.30769230769231 12.48076923076923 32.82692307692308 2.6400863000017125
312000 645.7692307692307 0.2508826997369862 19.307808673076927 0.5705128205128205 45.301282057692305 45.30769230769231 12.48076923076923 32.82692307692308 2.809356099998695
314000 645.5576923076923 0.2508890984272264 19.307808673076927 0.5705128205128205 45.301282057692305 45.30769230769231 12.48076923076923 32.82692307692308 2.8348380999959772
316000 645.3076923076923 0.25099304379859444 19.307808673076927 0.5705128205128205 45.301282057692305 45.30769230769231 12.48076923076923 32.82692307692308 2.99406509999244
318000 645.7692307692307 0.2508826997369862 19.307808673076927 0.5705128205128205 45.301282057692305 45.30769230769231 12.48076923076923 32.82692307692308 3.3105132000055164
320000 645.7692307692307 0.2508826997369862 19.307808673076927 0.5705128205128205 45.301282057692305 45.30769230769231 12.48076923076923 32.82692307692308 3.014502599995467
322000 645.7692307692307 0.2508826997369862 19.307808673076927 0.5705128205128205 45.301282057692305 45.30769230769231 12.48076923076923 32.82692307692308 3.3721111999911955
324000 642.5961538461538 0.24933353018669202 19.33986061538462 0.5641025641025641 45.301282057692305 45.30769230769231 12.48076923076923 32.82692307692308 2.8227726999903098
326000 646.0384615384615 0.2509309011545698 19.307808673076927 0.5705128205128205 45.301282057692305 45.30769230769231 12.48076923076923 32.82692307692308 2.659397800001898
328000 646.0384615384615 0.2509309011545698 19.307808673076927 0.5705128205128205 45.301282057692305 45.30769230769231 12.48076923076923 32.82692307692308 2.8064195000042673
330000 646.0384615384615 0.2509309011545698 19.307808673076927 0.5705128205128205 45.301282057692305 45.30769230769231 12.48076923076923 32.82692307692308 3.457721600003424
332000 646.0384615384615 0.2509309011545698 19.307808673076927 0.5705128205128205 45.301282057692305 45.30769230769231 12.48076923076923 32.82692307692308 3.1379515000007814
334000 646.0384615384615 0.2509309011545698 19.307808673076927 0.5705128205128205 45.301282057692305 45.30769230769231 12.48076923076923 32.82692307692308 2.6812083999975584
336000 644.8269230769231 0.25039373616796945 19.32704009615385 0.5705128205128205 45.301282057692305 45.30769230769231 12.48076923076923 32.82692307692308 2.9790937999932794
338000 644.8269230769231 0.25039373616796945 19.32704009615385 0.5705128205128205 45.301282057692305 45.30769230769231 12.48076923076923 32.82692307692308 3.196142899992992
340000 646.0384615384615 0.2509309011545698 19.307808673076927 0.5705128205128205 45.301282057692305 45.30769230769231 12.48076923076923 32.82692307692308 3.1318753999948967
342000 646.0384615384615 0.2509309011545698 19.307808673076927 0.5705128205128205 45.301282057692305 45.30769230769231 12.48076923076923 32.82692307692308 2.878545400002622
344000 644.8269230769231 0.25039373616796945 19.32704009615385 0.5705128205128205 45.301282057692305 45.30769230769231 12.48076923076923 32.82692307692308 2.9475381999945967
346000 646.0384615384615 0.2509309011545698 19.307808673076927 0.5705128205128205 45.301282057692305 45.30769230769231 12.48076923076923 32.82692307692308 2.7813863000046695
348000 642.0961538461538 0.2489200512804112 19.381704711538468 0.5705128205128205 45.301282057692305 45.30769230769231 12.326923076923077 32.98076923076923 2.971963700008928
350000 644.8269230769231 0.25039373616796945 19.32704009615385 0.5705128205128205 45.301282057692305 45.30769230769231 12.48076923076923 32.82692307692308 2.8922528000111924
352000 644.8269230769231 0.2504416424328108 19.32704009615385 0.5705128205128205 45.301282057692305 45.30769230769231 12.48076923076923 32.82692307692308 2.6228138000005856
354000 646.0384615384615 0.2509309011545698 19.307808673076927 0.5705128205128205 45.301282057692305 45.30769230769231 12.48076923076923 32.82692307692308 2.7590721999877132
356000 646.0384615384615 0.2509309011545698 19.307808673076927 0.5705128205128205 45.301282057692305 45.30769230769231 12.48076923076923 32.82692307692308 3.105141599997296
358000 642.1346153846154 0.24954717414525207 19.384731711538464 0.5705128205128205 45.301282057692305 45.30769230769231 12.326923076923077 32.98076923076923 2.816248799994355
360000 642.1346153846154 0.24954717414525207 19.384731711538464 0.5705128205128205 45.301282057692305 45.30769230769231 12.326923076923077 32.98076923076923 3.0150845000025583
362000 641.0961538461538 0.2299379712581039 19.679603653846158 0.5560897435897435 45.301282057692305 45.30769230769231 12.326923076923077 32.98076923076923 3.010753199996543
364000 642.1346153846154 0.24954717414525207 19.384731711538464 0.5705128205128205 45.301282057692305 45.30769230769231 12.326923076923077 32.98076923076923 3.071252599998843
366000 641.0961538461538 0.2299379712581039 19.679603653846158 0.5560897435897435 45.301282057692305 45.30769230769231 12.326923076923077 32.98076923076923 2.712246099996264
368000 641.0961538461538 0.2299379712581039 19.679603653846158 0.5560897435897435 45.301282057692305 45.30769230769231 12.326923076923077 32.98076923076923 2.9761762999987695
370000 641.0961538461538 0.2299379712581039 19.679603653846158 0.5560897435897435 45.301282057692305 45.30769230769231 12.326923076923077 32.98076923076923 3.0474948000046425
372000 641.0961538461538 0.2299379712581039 19.679603653846158 0.5560897435897435 45.301282057692305 45.30769230769231 12.326923076923077 32.98076923076923 3.4727779000095325
374000 641.0961538461538 0.2299379712581039 19.679603653846158 0.5560897435897435 45.301282057692305 45.30769230769231 12.326923076923077 32.98076923076923 2.825750900010462
376000 641.0961538461538 0.2299379712581039 19.679603653846158 0.5560897435897435 45.301282057692305 45.30769230769231 12.326923076923077 32.98076923076923 2.8424771999998484
378000 641.0961538461538 0.2299379712581039 19.679603653846158 0.5560897435897435 45.301282057692305 45.30769230769231 12.326923076923077 32.98076923076923 2.739686000000802
380000 641.0961538461538 0.2299379712581039 19.679603653846158 0.5560897435897435 45.301282057692305 45.30769230769231 12.326923076923077 32.98076923076923 2.6762373999954434
382000 641.0961538461538 0.2299379712581039 19.679603653846158 0.5560897435897435 45.301282057692305 45.30769230769231 12.326923076923077 32.98076923076923 3.2391499999939697
384000 641.0961538461538 0.2299379712581039 19.679603653846158 0.5560897435897435 45.301282057692305 45.30769230769231 12.326923076923077 32.98076923076923 2.8958851999923354
386000 641.0961538461538 0.2299379712581039 19.679603653846158 0.5560897435897435 45.301282057692305 45.30769230769231 12.326923076923077 32.98076923076923 2.6605025000026217
388000 642.1346153846154 0.24954717414525207 19.384731711538464 0.5705128205128205 45.301282057692305 45.30769230769231 12.326923076923077 32.98076923076923 3.391195999996853
390000 642.1346153846154 0.24954717414525207 19.384731711538464 0.5705128205128205 45.301282057692305 45.30769230769231 12.326923076923077 32.98076923076923 2.6599390000046697
392000 642.1346153846154 0.24954717414525207 19.384731711538464 0.5705128205128205 45.301282057692305 45.30769230769231 12.326923076923077 32.98076923076923 2.963387600000715
394000 642.1346153846154 0.24954717414525207 19.384731711538464 0.5705128205128205 45.301282057692305 45.30769230769231 12.326923076923077 32.98076923076923 3.397696600004565
396000 642.1346153846154 0.24954717414525207 19.384731711538464 0.5705128205128205 45.301282057692305 45.30769230769231 12.326923076923077 32.98076923076923 2.8143599999893922
398000 646.0384615384615 0.2509309011545698 19.307808673076927 0.5705128205128205 45.301282057692305 45.30769230769231 12.48076923076923 32.82692307692308 2.6999034999898868
400000 642.1346153846154 0.24954717414525207 19.384731711538464 0.5705128205128205 45.301282057692305 45.30769230769231 12.326923076923077 32.98076923076923 3.101212099994882
402000 642.1346153846154 0.24954717414525207 19.384731711538464 0.5705128205128205 45.301282057692305 45.30769230769231 12.326923076923077 32.98076923076923 3.1594222000130685
404000 642.1346153846154 0.24954717414525207 19.384731711538464 0.5705128205128205 45.301282057692305 45.30769230769231 12.326923076923077 32.98076923076923 3.053212800004985
406000 646.0384615384615 0.2509309011545698 19.307808673076927 0.5705128205128205 45.301282057692305 45.30769230769231 12.48076923076923 32.82692307692308 3.035144199995557
408000 646.0384615384615 0.2509309011545698 19.307808673076927 0.5705128205128205 45.301282057692305 45.30769230769231 12.48076923076923 32.82692307692308 3.135376599995652
410000 646.0384615384615 0.2509309011545698 19.307808673076927 0.5705128205128205 45.301282057692305 45.30769230769231 12.48076923076923 32.82692307692308 3.4435496000078274
412000 646.0384615384615 0.2509309011545698 19.307808673076927 0.5705128205128205 45.301282057692305 45.30769230769231 12.48076923076923 32.82692307692308 3.198906599995098
414000 646.0384615384615 0.2509309011545698 19.307808673076927 0.5705128205128205 45.301282057692305 45.30769230769231 12.48076923076923 32.82692307692308 3.088463699998101
416000 646.0384615384615 0.2509309011545698 19.307808673076927 0.5705128205128205 45.301282057692305 45.30769230769231 12.48076923076923 32.82692307692308 2.911612199997762
418000 646.0384615384615 0.2509309011545698 19.307808673076927 0.5705128205128205 45.301282057692305 45.30769230769231 12.48076923076923 32.82692307692308 3.049795799990534
420000 646.0384615384615 0.2509309011545698 19.307808673076927 0.5705128205128205 45.301282057692305 45.30769230769231 12.48076923076923 32.82692307692308 2.9794283999945037
422000 646.0384615384615 0.2509309011545698 19.307808673076927 0.5705128205128205 45.301282057692305 45.30769230769231 12.48076923076923 32.82692307692308 2.9748156999994535
424000 646.0384615384615 0.2509309011545698 19.307808673076927 0.5705128205128205 45.301282057692305 45.30769230769231 12.48076923076923 32.82692307692308 3.0377785000018775
426000 646.0384615384615 0.2509309011545698 19.307808673076927 0.5705128205128205 45.301282057692305 45.30769230769231 12.48076923076923 32.82692307692308 3.2848728999961168
428000 646.0384615384615 0.2509309011545698 19.307808673076927 0.5705128205128205 45.301282057692305 45.30769230769231 12.48076923076923 32.82692307692308 2.5869232999975793
430000 646.0384615384615 0.2509309011545698 19.307808673076927 0.5705128205128205 45.301282057692305 45.30769230769231 12.48076923076923 32.82692307692308 2.8937216000049375
432000 646.0384615384615 0.2509309011545698 19.307808673076927 0.5705128205128205 45.301282057692305 45.30769230769231 12.48076923076923 32.82692307692308 3.210051599991857
434000 646.0384615384615 0.2509309011545698 19.307808673076927 0.5705128205128205 45.301282057692305 45.30769230769231 12.48076923076923 32.82692307692308 2.7182927999965614
436000 646.0384615384615 0.2509309011545698 19.307808673076927 0.5705128205128205 45.301282057692305 45.30769230769231 12.48076923076923 32.82692307692308 2.855957199994009
438000 646.0384615384615 0.2509309011545698 19.307808673076927 0.5705128205128205 45.301282057692305 45.30769230769231 12.48076923076923 32.82692307692308 3.0742934000008972
440000 646.0384615384615 0.2509309011545698 19.307808673076927 0.5705128205128205 45.301282057692305 45.30769230769231 12.48076923076923 32.82692307692308 3.0571165999863297
442000 642.8846153846154 0.24955940136458774 19.366141980769235 0.5753205128205128 45.301282057692305 45.30769230769231 12.326923076923077 32.98076923076923 2.7709073000005446
444000 642.8846153846154 0.24955940136458774 19.366141980769235 0.5753205128205128 45.301282057692305 45.30769230769231 12.326923076923077 32.98076923076923 2.7193312000017613
446000 642.1346153846154 0.24954717414525207 19.384731711538464 0.5705128205128205 45.301282057692305 45.30769230769231 12.326923076923077 32.98076923076923 2.7147276000032434
448000 642.8846153846154 0.24955940136458774 19.366141980769235 0.5753205128205128 45.301282057692305 45.30769230769231 12.326923076923077 32.98076923076923 3.4555822999973316
450000 643.8846153846154 0.24996543110139358 19.333449711538467 0.5753205128205128 45.301282057692305 45.30769230769231 12.48076923076923 32.82692307692308 2.7780861999926856
452000 642.1346153846154 0.24954717414525207 19.384731711538464 0.5705128205128205 45.301282057692305 45.30769230769231 12.326923076923077 32.98076923076923 2.9817713999946136
454000 641.7884615384615 0.24940076979651643 19.371911269230772 0.5608974358974359 45.301282057692305 45.30769230769231 12.48076923076923 32.82692307692308 2.985148699997808
456000 641.7884615384615 0.24940076979651643 19.371911269230772 0.5608974358974359 45.301282057692305 45.30769230769231 12.48076923076923 32.82692307692308 2.98507840000093
458000 641.7884615384615 0.24940076979651643 19.371911269230772 0.5608974358974359 45.301282057692305 45.30769230769231 12.48076923076923 32.82692307692308 2.759403200005181
460000 642.1346153846154 0.24954717414525207 19.384731711538464 0.5705128205128205 45.301282057692305 45.30769230769231 12.326923076923077 32.98076923076923 3.0603422000131104
462000 641.7884615384615 0.24940076979651643 19.371911269230772 0.5608974358974359 45.301282057692305 45.30769230769231 12.48076923076923 32.82692307692308 2.7150858999957563
464000 641.7884615384615 0.24940076979651643 19.371911269230772 0.5608974358974359 45.301282057692305 45.30769230769231 12.48076923076923 32.82692307692308 2.497174600008293
466000 642.1346153846154 0.24953909961464144 19.384731711538464 0.5705128205128205 45.301282057692305 45.30769230769231 12.326923076923077 32.98076923076923 3.1842190000024857
468000 642.1346153846154 0.24954717414525207 19.384731711538464 0.5705128205128205 45.301282057692305 45.30769230769231 12.326923076923077 32.98076923076923 2.4870647999923676
470000 642.1346153846154 0.24954717414525207 19.384731711538464 0.5705128205128205 45.301282057692305 45.30769230769231 12.326923076923077 32.98076923076923 2.390581600004225
472000 642.1346153846154 0.24953909961464144 19.384731711538464 0.5705128205128205 45.301282057692305 45.30769230769231 12.326923076923077 32.98076923076923 2.2770027999940794
474000 642.1346153846154 0.24953909961464144 19.384731711538464 0.5705128205128205 45.301282057692305 45.30769230769231 12.326923076923077 32.98076923076923 2.282532600002014
476000 642.1346153846154 0.24953909961464144 19.384731711538464 0.5705128205128205 45.301282057692305 45.30769230769231 12.326923076923077 32.98076923076923 2.4240381000126945
478000 642.1346153846154 0.24953909961464144 19.384731711538464 0.5705128205128205 45.301282057692305 45.30769230769231 12.326923076923077 32.98076923076923 2.2853246000013314
480000 642.1346153846154 0.24953909961464144 19.384731711538464 0.5705128205128205 45.301282057692305 45.30769230769231 12.326923076923077 32.98076923076923 2.1958031999965897
482000 641.0961538461538 0.2299379712581039 19.679603653846158 0.5560897435897435 45.301282057692305 45.30769230769231 12.326923076923077 32.98076923076923 2.0826976999960607
484000 641.7884615384615 0.24940076979651643 19.371911269230772 0.5608974358974359 45.301282057692305 45.30769230769231 12.48076923076923 32.82692307692308 1.939334200011217
486000 641.7884615384615 0.24940076979651643 19.371911269230772 0.5608974358974359 45.301282057692305 45.30769230769231 12.48076923076923 32.82692307692308 1.8755192999960855
488000 641.7884615384615 0.24940076979651643 19.371911269230772 0.5608974358974359 45.301282057692305 45.30769230769231 12.48076923076923 32.82692307692308 1.8313901999936206
490000 641.7884615384615 0.24940076979651643 19.371911269230772 0.5608974358974359 45.301282057692305 45.30769230769231 12.48076923076923 32.82692307692308 1.707162699996843
492000 641.7884615384615 0.24940076979651643 19.371911269230772 0.5608974358974359 45.301282057692305 45.30769230769231 12.48076923076923 32.82692307692308 1.6181645000033313
494000 641.7884615384615 0.24940076979651643 19.371911269230772 0.5608974358974359 45.301282057692305 45.30769230769231 12.48076923076923 32.82692307692308 1.6395195000077365
496000 641.7884615384615 0.24940076979651643 19.371911269230772 0.5608974358974359 45.301282057692305 45.30769230769231 12.48076923076923 32.82692307692308 1.5490681999945082
498000 641.7884615384615 0.24940076979651643 19.371911269230772 0.5608974358974359 45.301282057692305 45.30769230769231 12.48076923076923 32.82692307692308 1.366691000002902
500000 641.7884615384615 0.24940076979651643 19.371911269230772 0.5608974358974359 45.301282057692305 45.30769230769231 12.48076923076923 32.82692307692308 1.3148520000104327
