2000 10.846153846153847 -0.11264018019122321 32.255800230769225 0.27083333333333337 45.301282057692305 45.30769230769231 3.3461538461538463 41.96153846153846 1.1261228999937885
4000 15.75 -0.3047788511219147 32.57170767307691 0.23397435897435898 45.301282057692305 45.30769230769231 5.019230769230769 40.28846153846154 1.0057806000113487
6000 10.115384615384615 -0.4190822455676886 32.66639913461539 0.20993589743589738 45.301282057692305 45.30769230769231 5.3076923076923075 40.0 1.1200651000253856
8000 5.576923076923077 -0.229419348026329 33.77811078846154 0.16826923076923078 45.301282057692305 45.30769230769231 3.9423076923076925 41.36538461538461 1.2070818999782205
10000 5.538461538461538 -0.018443909460242127 34.23112175000001 0.1939102564102564 45.301282057692305 45.30769230769231 2.6346153846153846 42.67307692307692 1.2462708000093699
12000 11.461538461538462 0.0026164376949336862 32.44949665384615 0.21634615384615385 45.301282057692305 45.30769230769231 2.6346153846153846 42.67307692307692 1.258025000046473
14000 7.769230769230769 -0.018813952539587914 32.53661796153847 0.25000000000000006 45.301282057692305 45.30769230769231 2.6346153846153846 42.67307692307692 1.2243732999777421
16000 6.865384615384615 -0.23022551201490563 32.9454856923077 0.2099358974358974 45.301282057692305 45.30769230769231 2.6346153846153846 42.67307692307692 1.203062199987471
18000 5.961538461538462 -0.47984214973581146 34.73754567307692 0.18269230769230765 45.301282057692305 45.30769230769231 2.6346153846153846 42.67307692307692 1.0746772999991663
20000 5.423076923076923 -0.4218598723716597 35.061531384615385 0.16987179487179485 45.301282057692305 45.30769230769231 2.980769230769231 42.32692307692308 1.127598199993372
22000 12.384615384615385 -0.1512547873308465 32.2561564423077 0.2419871794871795 45.301282057692305 45.30769230769231 4.153846153846154 41.15384615384615 1.193875199998729
24000 11.115384615384615 0.0025172431660870046 32.47353530769231 0.2516025641025641 45.301282057692305 45.30769230769231 4.576923076923077 40.73076923076923 1.2894029000308365
26000 12.98076923076923 0.00212824254168153 32.13519698076923 0.27564102564102566 45.301282057692305 45.30769230769231 4.730769230769231 40.57692307692308 1.2436041999608278
28000 13.403846153846153 0.0026409793599700216 32.32750455769231 0.2836538461538462 45.301282057692305 45.30769230769231 4.326923076923077 40.98076923076923 1.2239471999928355
30000 13.403846153846153 0.002234551711115414 32.43113707692308 0.24358974358974358 45.301282057692305 45.30769230769231 4.288461538461538 41.01923076923077 1.2203963000210933
32000 11.442307692307692 0.002516747317578822 32.56256617307692 0.22115384615384615 45.301282057692305 45.30769230769231 3.6153846153846154 41.69230769230769 1.2815376999787986
34000 8.346153846153847 0.0015105924578089481 33.11000269230769 0.1939102564102564 45.301282057692305 45.30769230769231 3.519230769230769 41.78846153846154 1.3363608000217937
36000 13.153846153846153 0.0016527356167290194 32.96854986538461 0.2243589743589744 45.301282057692305 45.30769230769231 3.4423076923076925 41.86538461538461 1.2812810000032187
38000 11.576923076923077 0.0022747408931795402 32.71000246153847 0.21474358974358973 45.301282057692305 45.30769230769231 3.5576923076923075 41.75 1.1848276000237092
40000 11.75 0.0020727764907973634 32.73991751923077 0.25480769230769235 45.301282057692305 45.30769230769231 3.5961538461538463 41.71153846153846 1.173325100040529
42000 10.307692307692308 0.0019007802922944696 32.611711750000005 0.21955128205128208 45.301282057692305 45.30769230769231 3.4423076923076925 41.86538461538461 1.232987699972
44000 8.961538461538462 0.0011098817517100098 33.03735334615386 0.21153846153846154 45.301282057692305 45.30769230769231 3.3846153846153846 41.92307692307692 1.2105114000150934
46000 12.346153846153847 0.0025855660135093326 32.90914801923076 0.22275641025641027 45.301282057692305 45.30769230769231 3.3653846153846154 41.94230769230769 1.329375900037121
48000 11.365384615384615 0.001913916405475464 32.366413634615384 0.264423076923077 45.301282057692305 45.30769230769231 3.3653846153846154 41.94230769230769 1.2830443999846466
50000 5.5 0.001272476529063933 32.943461673076925 0.24839743589743593 45.301282057692305 45.30769230769231 3.0 42.30769230769231 1.2903997999965213
52000 5.1923076923076925 0.0009149511745815479 33.382707173076916 0.22115384615384615 45.301282057692305 45.30769230769231 2.8461538461538463 42.46153846153846 1.283869200036861
54000 7.076923076923077 0.0018987307826660023 33.201794115384615 0.22115384615384615 45.301282057692305 45.30769230769231 2.980769230769231 42.32692307692308 1.2767918999888934
56000 10.711538461538462 0.0036440684144341375 31.562264596153845 0.2724358974358974 45.301282057692305 45.30769230769231 3.0576923076923075 42.25 1.335237400024198
58000 7.6923076923076925 -0.03578404993081418 32.28972246153846 0.28685897435897434 45.301282057692305 45.30769230769231 2.980769230769231 42.32692307692308 1.2853972000302747
60000 7.884615384615385 0.0026348982415153026 32.080961961538456 0.2548076923076923 45.301282057692305 45.30769230769231 3.2115384615384617 42.09615384615385 1.2552843000157736
62000 24.53846153846154 -0.026949918334268737 29.218748480769225 0.2932692307692308 45.301282057692305 45.30769230769231 7.846153846153846 37.46153846153846 1.2383983999607153
64000 92.23076923076923 -0.000873337233744034 25.06065282692308 0.4487179487179486 45.301282057692305 45.30769230769231 9.75 35.55769230769231 1.2833326000254601
66000 80.63461538461539 -0.009607471072279007 25.37954148076923 0.4455128205128205 45.301282057692305 45.30769230769231 7.615384615384615 37.69230769230769 1.3060724000097252
68000 22.0 0.007602355102398733 28.52472167307692 0.3862179487179488 45.301282057692305 45.30769230769231 8.153846153846153 37.15384615384615 1.26324579998618
70000 178.23076923076923 0.057983490297382284 23.57582251923077 0.5112179487179487 45.301282057692305 45.30769230769231 8.807692307692308 36.5 1.2786664000013843
72000 95.57692307692308 0.00965462475439481 25.25050438461539 0.483974358974359 45.301282057692305 45.30769230769231 8.596153846153847 36.71153846153846 1.3079808999900706
74000 46.17307692307692 0.006130435160704024 27.510640576923063 0.4439102564102564 45.301282057692305 45.30769230769231 3.326923076923077 41.98076923076923 1.2467354999971576
76000 42.80769230769231 0.010416939752495179 27.26956126923076 0.4471153846153845 45.301282057692305 45.30769230769231 3.0384615384615383 42.26923076923077 1.3080925000249408
78000 57.98076923076923 0.012673109642840713 25.747391596153843 0.4903846153846153 45.301282057692305 45.30769230769231 3.3461538461538463 41.96153846153846 1.222505400015507
80000 59.71153846153846 0.01175617043710035 25.548673442307688 0.4903846153846153 45.301282057692305 45.30769230769231 3.173076923076923 42.13461538461539 1.25213390000863
82000 55.0 0.013254648968621833 26.158182153846155 0.4887820512820512 45.301282057692305 45.30769230769231 2.769230769230769 42.53846153846154 1.2520713000558317
84000 52.21153846153846 0.01103629774025561 27.10049034615384 0.4439102564102564 45.301282057692305 45.30769230769231 2.769230769230769 42.53846153846154 1.2839271999546327
86000 53.40384615384615 0.009594445599182889 26.360105480769235 0.43749999999999994 45.301282057692305 45.30769230769231 2.6538461538461537 42.65384615384615 1.2730103000067174
88000 49.76923076923077 0.009564645631228906 27.740982365384614 0.42467948717948717 45.301282057692305 45.30769230769231 3.2884615384615383 42.01923076923077 1.2619165999931283
90000 49.69230769230769 0.010043471870294614 27.36277686538461 0.43429487179487175 45.301282057692305 45.30769230769231 2.7115384615384617 42.59615384615385 1.2906905999989249
92000 130.90384615384616 0.06830998755362314 24.885848173076923 0.4807692307692307 45.301282057692305 45.30769230769231 6.269230769230769 39.03846153846154 1.2293372999993153
94000 46.53846153846154 -0.4917386155857915 27.62756974999999 0.4519230769230769 45.301282057692305 45.30769230769231 3.3846153846153846 41.92307692307692 1.1307084999862127
96000 54.78846153846154 -0.6070669512746022 27.383612192307687 0.4663461538461538 45.301282057692305 45.30769230769231 3.5384615384615383 41.76923076923077 1.10612500004936
98000 77.51923076923077 0.011502199866342714 25.846258288461552 0.49358974358974356 45.301282057692305 45.30769230769231 6.096153846153846 39.21153846153846 1.19288200000301
100000 79.48076923076923 -0.30474355266545916 26.49639696153846 0.4711538461538461 45.301282057692305 45.30769230769231 5.115384615384615 40.19230769230769 1.1673052000114694
102000 56.65384615384615 -0.9781539123932453 27.779143211538464 0.44711538461538447 45.301282057692305 45.30769230769231 4.211538461538462 41.09615384615385 0.892194899963215
104000 200.53846153846155 0.0709246230633178 21.82657048076924 0.5961538461538461 45.301282057692305 45.30769230769231 9.865384615384615 35.44230769230769 1.2310788999893703
106000 172.6153846153846 -0.7314561683311223 22.685545269230776 0.5560897435897435 45.301282057692305 45.30769230769231 9.865384615384615 35.44230769230769 1.1614223000360653
108000 194.25 -0.15938152995940744 22.08298086538462 0.5897435897435896 45.301282057692305 45.30769230769231 9.865384615384615 35.44230769230769 1.242509900010191
110000 166.76923076923077 -0.7359300899913278 22.812682153846158 0.5304487179487178 45.301282057692305 45.30769230769231 10.096153846153847 35.21153846153846 1.211491100024432
112000 251.80769230769232 0.07874712651048998 21.922933134615384 0.5496794871794871 45.301282057692305 45.30769230769231 13.423076923076923 31.884615384615383 1.1944793000002392
114000 255.84615384615384 0.08218662442986382 21.85242026923077 0.5496794871794871 45.301282057692305 45.30769230769231 13.423076923076923 31.884615384615383 1.1532645000261255
116000 313.21153846153845 0.05250489315775363 20.52119059615385 0.5544871794871794 45.301282057692305 45.30769230769231 13.115384615384615 32.19230769230769 1.2306310000130907
118000 266.96153846153845 0.08504588696162552 21.781907365384615 0.5496794871794871 45.301282057692305 45.30769230769231 13.346153846153847 31.96153846153846 1.248786400014069
120000 255.55769230769232 0.062417150976170746 22.204984461538462 0.5448717948717948 45.301282057692305 45.30769230769231 13.211538461538462 32.09615384615385 1.2515854999655858
122000 306.71153846153845 0.11380307859933464 20.480948480769236 0.5608974358974358 45.301282057692305 45.30769230769231 13.423076923076923 31.884615384615383 1.1716964999795891
124000 300.4230769230769 0.0918767795873193 21.416522596153847 0.5560897435897435 45.301282057692305 45.30769230769231 13.423076923076923 31.884615384615383 1.1453017999883741
126000 296.86538461538464 0.09119172995055196 21.429343115384615 0.5560897435897435 45.301282057692305 45.30769230769231 13.423076923076923 31.884615384615383 1.30346569995163
128000 337.86538461538464 0.12199689684524208 20.198897057692314 0.5608974358974358 45.301282057692305 45.30769230769231 13.423076923076923 31.884615384615383 1.206451100006234
130000 334.96153846153845 0.12023604950605812 20.216347192307698 0.5608974358974358 45.301282057692305 45.30769230769231 13.423076923076923 31.884615384615383 1.246483700000681
132000 341.46153846153845 0.122056471032721 20.20352667307693 0.5608974358974358 45.301282057692305 45.30769230769231 13.423076923076923 31.884615384615383 1.2281315000145696
134000 365.11538461538464 0.13933646360676527 20.950710423076924 0.5705128205128204 45.301282057692305 45.30769230769231 13.423076923076923 31.884615384615383 1.249268400017172
136000 367.5192307692308 0.14077942126575055 20.905838615384617 0.5769230769230768 45.301282057692305 45.30769230769231 13.423076923076923 31.884615384615383 1.1999068000004627
138000 367.5192307692308 0.14077942126575055 20.905838615384617 0.5769230769230768 45.301282057692305 45.30769230769231 13.423076923076923 31.884615384615383 1.2281200000434183
140000 378.38461538461536 0.14665749166778122 20.842270230769238 0.5512820512820512 45.301282057692305 45.30769230769231 13.423076923076923 31.884615384615383 1.2151554999873042
142000 378.38461538461536 0.14665749166778122 20.842270230769238 0.5512820512820512 45.301282057692305 45.30769230769231 13.423076923076923 31.884615384615383 1.2432505000033416
144000 388.0576923076923 0.1562015976670348 20.099748461538468 0.592948717948718 45.301282057692305 45.30769230769231 13.423076923076923 31.884615384615383 1.310905200021807
146000 412.5192307692308 0.16597817259549577 19.85615859615385 0.592948717948718 45.301282057692305 45.30769230769231 13.423076923076923 31.884615384615383 1.2574009000090882
148000 412.15384615384613 0.16572172960380685 19.843338076923082 0.592948717948718 45.301282057692305 45.30769230769231 13.423076923076923 31.884615384615383 1.255312099994626
150000 413.15384615384613 0.16621492629814832 19.82410728846154 0.6025641025641025 45.301282057692305 45.30769230769231 13.423076923076923 31.884615384615383 1.2330366999958642
152000 413.15384615384613 0.1623421775719461 19.82410728846154 0.6025641025641025 45.301282057692305 45.30769230769231 13.423076923076923 31.884615384615383 1.2021573999663815
154000 416.28846153846155 0.13289023171878298 19.670260749999997 0.6185897435897437 45.301282057692305 45.30769230769231 12.846153846153847 32.46153846153846 1.1614827999728732
156000 416.28846153846155 0.13289023171878298 19.670260749999997 0.6185897435897437 45.301282057692305 45.30769230769231 12.846153846153847 32.46153846153846 1.241646500013303
158000 416.28846153846155 0.13289023171878298 19.670260749999997 0.6185897435897437 45.301282057692305 45.30769230769231 12.846153846153847 32.46153846153846 1.2149846999673173
160000 500.7692307692308 0.19785095719482146 18.46524705769231 0.6474358974358976 45.301282057692305 45.30769230769231 9.865384615384615 35.44230769230769 1.2216374999843538
162000 500.7692307692308 0.19785095719482146 18.46524705769231 0.6474358974358976 45.301282057692305 45.30769230769231 9.865384615384615 35.44230769230769 1.2200816000113264
164000 500.7692307692308 0.19785095719482146 18.46524705769231 0.6474358974358976 45.301282057692305 45.30769230769231 9.865384615384615 35.44230769230769 1.224641699984204
166000 500.7692307692308 0.19785095719482146 18.46524705769231 0.6474358974358976 45.301282057692305 45.30769230769231 9.865384615384615 35.44230769230769 1.2451695000054315
168000 500.7692307692308 0.19785522008532125 18.46524705769231 0.6474358974358976 45.301282057692305 45.30769230769231 9.865384615384615 35.44230769230769 1.1999846000107937
170000 500.7692307692308 0.19785095719482146 18.46524705769231 0.6474358974358976 45.301282057692305 45.30769230769231 9.865384615384615 35.44230769230769 1.204443699971307
172000 500.7692307692308 0.19785095719482146 18.46524705769231 0.6474358974358976 45.301282057692305 45.30769230769231 9.865384615384615 35.44230769230769 1.2180522999842651
174000 500.25 0.19952241381444805 18.490888096153846 0.6474358974358976 45.301282057692305 45.30769230769231 9.865384615384615 35.44230769230769 1.3603526999941096
176000 500.25 0.19952667670494786 18.490888096153846 0.6474358974358976 45.301282057692305 45.30769230769231 9.865384615384615 35.44230769230769 1.3899661999894306
178000 500.25 0.19952241381444805 18.490888096153846 0.6474358974358976 45.301282057692305 45.30769230769231 9.865384615384615 35.44230769230769 1.2726708999834955
180000 500.25 0.19952241381444805 18.490888096153846 0.6474358974358976 45.301282057692305 45.30769230769231 9.865384615384615 35.44230769230769 1.2549787000170909
182000 499.8076923076923 0.20003401726118872 18.473437961538462 0.6538461538461539 45.301282057692305 45.30769230769231 9.865384615384615 35.44230769230769 1.254737599985674
184000 500.25 0.19952241381444805 18.490888096153846 0.6474358974358976 45.301282057692305 45.30769230769231 9.865384615384615 35.44230769230769 1.298280999995768
186000 500.25 0.19952241381444805 18.490888096153846 0.6474358974358976 45.301282057692305 45.30769230769231 9.865384615384615 35.44230769230769 1.2663864000351168
188000 500.25 0.19967750715156982 18.490888096153846 0.6474358974358976 45.301282057692305 45.30769230769231 9.865384615384615 35.44230769230769 1.2963490999536589
190000 497.6923076923077 0.20130823951966192 18.478245596153847 0.6538461538461539 45.301282057692305 45.30769230769231 9.73076923076923 35.57692307692308 1.2539130999939516
192000 500.25 0.19952667670494786 18.490888096153846 0.6474358974358976 45.301282057692305 45.30769230769231 9.865384615384615 35.44230769230769 1.2429212999995798
194000 500.25 0.1997965980531045 18.490888096153846 0.6474358974358976 45.301282057692305 45.30769230769231 9.865384615384615 35.44230769230769 1.2156395000056364
196000 502.63461538461536 0.2012148764430029 18.46524705769231 0.6474358974358976 45.301282057692305 45.30769230769231 9.865384615384615 35.44230769230769 1.250341799983289
198000 504.1923076923077 0.20174844263287223 18.41396498076923 0.6474358974358976 45.301282057692305 45.30769230769231 9.865384615384615 35.44230769230769 1.260760199977085
200000 501.1923076923077 0.2007255175612039 18.422155884615382 0.6474358974358976 45.301282057692305 45.30769230769231 9.865384615384615 35.44230769230769 1.2363853999995627
202000 503.6730769230769 0.2023576867414389 18.401144461538458 0.6474358974358976 45.301282057692305 45.30769230769231 9.865384615384615 35.44230769230769 1.2286899999598972
204000 593.7692307692307 0.23845958704556308 19.459511711538465 0.6282051282051282 45.301282057692305 45.30769230769231 12.01923076923077 33.28846153846154 1.2336991000338458
206000 594.1153846153846 0.23862060818467296 19.446691192307696 0.6282051282051282 45.301282057692305 45.30769230769231 12.01923076923077 33.28846153846154 1.2392919000121765
208000 590.6730769230769 0.23703609846538723 19.478742500000006 0.6217948717948717 45.301282057692305 45.30769230769231 12.01923076923077 33.28846153846154 1.260623200039845
210000 594.1153846153846 0.23862060818467296 19.446691192307696 0.6282051282051282 45.301282057692305 45.30769230769231 12.01923076923077 33.28846153846154 1.2575535000069067
212000 594.1153846153846 0.24021551147182502 19.446691192307696 0.6282051282051282 45.301282057692305 45.30769230769231 12.01923076923077 33.28846153846154 1.2088942999835126
214000 590.6730769230769 0.23863100175253926 19.478742500000006 0.6217948717948717 45.301282057692305 45.30769230769231 12.01923076923077 33.28846153846154 1.3377602999680676
216000 595.3076923076923 0.2400651045156745 19.433870673076928 0.6282051282051282 45.301282057692305 45.30769230769231 12.01923076923077 33.28846153846154 1.2781388000003062
218000 595.3076923076923 0.2400651045156745 19.433870673076928 0.6282051282051282 45.301282057692305 45.30769230769231 12.01923076923077 33.28846153846154 1.3203378000180237
220000 595.3076923076923 0.2400651045156745 19.433870673076928 0.6282051282051282 45.301282057692305 45.30769230769231 12.01923076923077 33.28846153846154 1.3187700000125915
222000 595.3076923076923 0.2400651045156745 19.433870673076928 0.6282051282051282 45.301282057692305 45.30769230769231 12.01923076923077 33.28846153846154 1.2848779000341892
224000 595.3076923076923 0.2400651045156745 19.433870673076928 0.6282051282051282 45.301282057692305 45.30769230769231 12.01923076923077 33.28846153846154 1.281356899999082
226000 599.1153846153846 0.23917077927408265 19.42105015384616 0.6282051282051282 45.301282057692305 45.30769230769231 12.01923076923077 33.28846153846154 1.2660551999579184
228000 595.3076923076923 0.23979135631342705 19.433870673076928 0.6282051282051282 45.301282057692305 45.30769230769231 12.01923076923077 33.28846153846154 1.3261790000251494
230000 595.3076923076923 0.23847020122852244 19.433870673076928 0.6282051282051282 45.301282057692305 45.30769230769231 12.01923076923077 33.28846153846154 1.254835500032641
232000 591.8653846153846 0.23681005407593506 19.465921980769235 0.6217948717948717 45.301282057692305 45.30769230769231 12.01923076923077 33.28846153846154 1.3647695000399835
234000 595.3076923076923 0.23847020122852244 19.433870673076928 0.6282051282051282 45.301282057692305 45.30769230769231 12.01923076923077 33.28846153846154 1.326080999977421
236000 595.3076923076923 0.23847020122852244 19.433870673076928 0.6282051282051282 45.301282057692305 45.30769230769231 12.01923076923077 33.28846153846154 1.3251755999517627
238000 595.3076923076923 0.23847020122852244 19.433870673076928 0.6282051282051282 45.301282057692305 45.30769230769231 12.01923076923077 33.28846153846154 1.2095391000038944
240000 595.3076923076923 0.23847020122852244 19.433870673076928 0.6282051282051282 45.301282057692305 45.30769230769231 12.01923076923077 33.28846153846154 1.2784599000005983
242000 597.6538461538462 0.23834921810160287 19.440280980769238 0.6217948717948717 45.301282057692305 45.30769230769231 12.096153846153847 33.21153846153846 1.2533988999784924
244000 597.6538461538462 0.23834921810160287 19.440280980769238 0.6217948717948717 45.301282057692305 45.30769230769231 12.096153846153847 33.21153846153846 1.1952735999948345
246000 595.3076923076923 0.2400651045156745 19.433870673076928 0.6282051282051282 45.301282057692305 45.30769230769231 12.01923076923077 33.28846153846154 1.2116136999684386
248000 595.3076923076923 0.2400651045156745 19.433870673076928 0.6282051282051282 45.301282057692305 45.30769230769231 12.01923076923077 33.28846153846154 1.2187043000012636
250000 595.3076923076923 0.2400651045156745 19.433870673076928 0.6282051282051282 45.301282057692305 45.30769230769231 12.01923076923077 33.28846153846154 1.18650810001418
252000 595.3076923076923 0.2400651045156745 19.433870673076928 0.6282051282051282 45.301282057692305 45.30769230769231 12.01923076923077 33.28846153846154 1.2312468999880366
254000 595.3076923076923 0.23847020122852244 19.433870673076928 0.6282051282051282 45.301282057692305 45.30769230769231 12.01923076923077 33.28846153846154 1.2284675000119023
256000 592.7115384615385 0.23689690400588173 19.459511730769236 0.6282051282051282 45.301282057692305 45.30769230769231 12.01923076923077 33.28846153846154 1.3586145999724977
258000 595.3076923076923 0.23847020122852244 19.433870673076928 0.6282051282051282 45.301282057692305 45.30769230769231 12.01923076923077 33.28846153846154 1.24951960000908
260000 595.3076923076923 0.2400651045156745 19.433870673076928 0.6282051282051282 45.301282057692305 45.30769230769231 12.01923076923077 33.28846153846154 1.2074891000520438
262000 595.3076923076923 0.23847020122852244 19.433870673076928 0.6282051282051282 45.301282057692305 45.30769230769231 12.01923076923077 33.28846153846154 1.2209231000160798
264000 582.8076923076923 0.2352294797431738 19.57489640384616 0.6282051282051282 45.301282057692305 45.30769230769231 12.01923076923077 33.28846153846154 1.2185595000046305
266000 591.8653846153846 0.23681005407593506 19.465921980769235 0.6217948717948717 45.301282057692305 45.30769230769231 12.01923076923077 33.28846153846154 1.269568799994886
268000 595.3076923076923 0.23847020122852244 19.433870673076928 0.6282051282051282 45.301282057692305 45.30769230769231 12.01923076923077 33.28846153846154 1.223028200038243
270000 595.3076923076923 0.23847020122852244 19.433870673076928 0.6282051282051282 45.301282057692305 45.30769230769231 12.01923076923077 33.28846153846154 1.2553608000162058
272000 595.3076923076923 0.23847020122852244 19.433870673076928 0.6282051282051282 45.301282057692305 45.30769230769231 12.01923076923077 33.28846153846154 1.2652783999801613
274000 589.4615384615385 0.2363634712126206 19.45025236538462 0.6282051282051282 45.301282057692305 45.30769230769231 11.73076923076923 33.57692307692308 1.2350817000260577
276000 592.0192307692307 0.23670094049513807 19.46289486538462 0.6217948717948717 45.301282057692305 45.30769230769231 11.865384615384615 33.44230769230769 1.2087971000000834
278000 619.4615384615385 0.246453816802243 19.427460519230774 0.6217948717948717 45.301282057692305 45.30769230769231 12.211538461538462 33.09615384615385 1.2714630999835208
280000 619.4615384615385 0.24637880817187116 19.427460519230774 0.6217948717948717 45.301282057692305 45.30769230769231 12.211538461538462 33.09615384615385 1.2684841000009328
282000 619.4615384615385 0.24637880817187116 19.427460519230774 0.6217948717948717 45.301282057692305 45.30769230769231 12.211538461538462 33.09615384615385 1.2559505000244826
284000 619.4615384615385 0.24637880817187116 19.427460519230774 0.6217948717948717 45.301282057692305 45.30769230769231 12.211538461538462 33.09615384615385 1.2850489999982528
286000 622.9038461538462 0.24803895532445858 19.395409211538468 0.6282051282051282 45.301282057692305 45.30769230769231 12.211538461538462 33.09615384615385 1.3076150999986567
288000 622.9038461538462 0.24803895532445858 19.395409211538468 0.6282051282051282 45.301282057692305 45.30769230769231 12.211538461538462 33.09615384615385 1.2131577000254765
290000 622.9038461538462 0.24803895532445858 19.395409211538468 0.6282051282051282 45.301282057692305 45.30769230769231 12.211538461538462 33.09615384615385 1.2542254000436515
292000 620.3269230769231 0.24686710649010188 19.414640019230774 0.6282051282051282 45.301282057692305 45.30769230769231 12.211538461538462 33.09615384615385 1.22118120000232
294000 620.3269230769231 0.24686710649010188 19.414640019230774 0.6282051282051282 45.301282057692305 45.30769230769231 12.211538461538462 33.09615384615385 1.2125312000280246
296000 620.3269230769231 0.24686710649010188 19.414640019230774 0.6282051282051282 45.301282057692305 45.30769230769231 12.211538461538462 33.09615384615385 1.2435419000103138
298000 620.3269230769231 0.24686710649010188 19.414640019230774 0.6282051282051282 45.301282057692305 45.30769230769231 12.211538461538462 33.09615384615385 1.2071248999563977
300000 620.3269230769231 0.24686710649010188 19.414640019230774 0.6282051282051282 45.301282057692305 45.30769230769231 12.211538461538462 33.09615384615385 1.2718814999680035
302000 619.9423076923077 0.24669155035716292 19.414640000000006 0.6217948717948717 45.301282057692305 45.30769230769231 12.211538461538462 33.09615384615385 1.292553500039503
304000 619.0192307692307 0.24701356794449844 19.414640000000006 0.6217948717948717 45.301282057692305 45.30769230769231 12.211538461538462 33.09615384615385 1.2745712000178173
306000 619.0 0.24712775443437202 19.414640000000006 0.6217948717948717 45.301282057692305 45.30769230769231 12.211538461538462 33.09615384615385 1.300470200018026
308000 618.5192307692307 0.2466133182462407 19.427460519230774 0.6217948717948717 45.301282057692305 45.30769230769231 12.211538461538462 33.09615384615385 1.27212999999756
310000 621.6923076923077 0.248426957984084 19.395409211538468 0.6282051282051282 45.301282057692305 45.30769230769231 12.211538461538462 33.09615384615385 1.246026000007987
312000 622.6346153846154 0.24799075390687497 19.395409211538468 0.6282051282051282 45.301282057692305 45.30769230769231 12.211538461538462 33.09615384615385 1.3039589999825694
314000 622.4230769230769 0.24799715259711522 19.395409211538468 0.6282051282051282 45.301282057692305 45.30769230769231 12.211538461538462 33.09615384615385 1.3191767000244
316000 622.1730769230769 0.24810109796848326 19.395409211538468 0.6282051282051282 45.301282057692305 45.30769230769231 12.211538461538462 33.09615384615385 1.2993074000114575
318000 622.6346153846154 0.24799075390687497 19.395409211538468 0.6282051282051282 45.301282057692305 45.30769230769231 12.211538461538462 33.09615384615385 1.374729200033471
320000 622.6346153846154 0.24799075390687497 19.395409211538468 0.6282051282051282 45.301282057692305 45.30769230769231 12.211538461538462 33.09615384615385 1.2744955000234768
322000 622.6346153846154 0.24799075390687497 19.395409211538468 0.6282051282051282 45.301282057692305 45.30769230769231 12.211538461538462 33.09615384615385 1.3362106999848038
324000 619.4615384615385 0.2464415843675963 19.427460519230774 0.6217948717948717 45.301282057692305 45.30769230769231 12.211538461538462 33.09615384615385 1.2640625000349246
326000 622.9038461538462 0.24803895532445858 19.395409211538468 0.6282051282051282 45.301282057692305 45.30769230769231 12.211538461538462 33.09615384615385 1.2841770999948494
328000 622.9038461538462 0.24803895532445858 19.395409211538468 0.6282051282051282 45.301282057692305 45.30769230769231 12.211538461538462 33.09615384615385 1.254160599957686
330000 622.9038461538462 0.24803895532445858 19.395409211538468 0.6282051282051282 45.301282057692305 45.30769230769231 12.211538461538462 33.09615384615385 1.2684160000062548
332000 622.9038461538462 0.24803895532445858 19.395409211538468 0.6282051282051282 45.301282057692305 45.30769230769231 12.211538461538462 33.09615384615385 1.2389054000377655
334000 622.9038461538462 0.24803895532445858 19.395409211538468 0.6282051282051282 45.301282057692305 45.30769230769231 12.211538461538462 33.09615384615385 1.2263740999624133
336000 621.75 0.24752976986020123 19.414640000000006 0.6282051282051282 45.301282057692305 45.30769230769231 12.211538461538462 33.09615384615385 1.2698570999782532
338000 621.75 0.24752976986020123 19.414640000000006 0.6282051282051282 45.301282057692305 45.30769230769231 12.211538461538462 33.09615384615385 1.2322423000005074
340000 622.9038461538462 0.24803895532445858 19.395409211538468 0.6282051282051282 45.301282057692305 45.30769230769231 12.211538461538462 33.09615384615385 1.2491380999563262
342000 622.9038461538462 0.24803895532445858 19.395409211538468 0.6282051282051282 45.301282057692305 45.30769230769231 12.211538461538462 33.09615384615385 1.3023847000440583
344000 621.75 0.24752976986020123 19.414640000000006 0.6282051282051282 45.301282057692305 45.30769230769231 12.211538461538462 33.09615384615385 1.3687628000043333
346000 622.9038461538462 0.24803895532445858 19.395409211538468 0.6282051282051282 45.301282057692305 45.30769230769231 12.211538461538462 33.09615384615385 1.3732070000260137
348000 618.9615384615385 0.24602810545029996 19.469305250000005 0.6282051282051282 45.301282057692305 45.30769230769231 12.057692307692308 33.25 1.323852400004398
350000 621.75 0.24752976986020123 19.414640000000006 0.6282051282051282 45.301282057692305 45.30769230769231 12.211538461538462 33.09615384615385 1.351540700008627
352000 621.75 0.24758945699187646 19.414640000000006 0.6282051282051282 45.301282057692305 45.30769230769231 12.211538461538462 33.09615384615385 1.3673623999929987
354000 622.9038461538462 0.24803895532445858 19.395409211538468 0.6282051282051282 45.301282057692305 45.30769230769231 12.211538461538462 33.09615384615385 1.3593906000023708
356000 622.9038461538462 0.24803895532445858 19.395409211538468 0.6282051282051282 45.301282057692305 45.30769230769231 12.211538461538462 33.09615384615385 1.3176619000150822
358000 619.0 0.24665522831514083 19.472332250000004 0.6282051282051282 45.301282057692305 45.30769230769231 12.057692307692308 33.25 1.3183319000527263
360000 619.0 0.24665522831514083 19.472332250000004 0.6282051282051282 45.301282057692305 45.30769230769231 12.057692307692308 33.25 1.1760691999807023
362000 617.9615384615385 0.22704602542799257 19.767204192307698 0.6137820512820512 45.301282057692305 45.30769230769231 12.057692307692308 33.25 1.2145936000160873
364000 619.0 0.24665522831514083 19.472332250000004 0.6282051282051282 45.301282057692305 45.30769230769231 12.057692307692308 33.25 1.236363000003621
366000 617.9615384615385 0.22704602542799257 19.767204192307698 0.6137820512820512 45.301282057692305 45.30769230769231 12.057692307692308 33.25 1.1963280999916606
368000 617.9615384615385 0.22704602542799257 19.767204192307698 0.6137820512820512 45.301282057692305 45.30769230769231 12.057692307692308 33.25 1.2022700000088662
370000 617.9615384615385 0.22704602542799257 19.767204192307698 0.6137820512820512 45.301282057692305 45.30769230769231 12.057692307692308 33.25 1.237152400019113
372000 617.9615384615385 0.22704602542799257 19.767204192307698 0.6137820512820512 45.301282057692305 45.30769230769231 12.057692307692308 33.25 1.213836100010667
374000 617.9615384615385 0.22704602542799257 19.767204192307698 0.6137820512820512 45.301282057692305 45.30769230769231 12.057692307692308 33.25 1.2489031000295654
376000 617.9615384615385 0.22704602542799257 19.767204192307698 0.6137820512820512 45.301282057692305 45.30769230769231 12.057692307692308 33.25 1.265474300016649
378000 617.9615384615385 0.22704602542799257 19.767204192307698 0.6137820512820512 45.301282057692305 45.30769230769231 12.057692307692308 33.25 1.2271808000514284
380000 617.9615384615385 0.22704602542799257 19.767204192307698 0.6137820512820512 45.301282057692305 45.30769230769231 12.057692307692308 33.25 1.224255400011316
382000 617.9615384615385 0.22704602542799257 19.767204192307698 0.6137820512820512 45.301282057692305 45.30769230769231 12.057692307692308 33.25 1.2486559000099078
384000 617.9615384615385 0.22704602542799257 19.767204192307698 0.6137820512820512 45.301282057692305 45.30769230769231 12.057692307692308 33.25 1.2190292999730445
386000 617.9615384615385 0.22704602542799257 19.767204192307698 0.6137820512820512 45.301282057692305 45.30769230769231 12.057692307692308 33.25 1.239392300019972
388000 619.0 0.24665522831514083 19.472332250000004 0.6282051282051282 45.301282057692305 45.30769230769231 12.057692307692308 33.25 1.2634212999837473
390000 619.0 0.24665522831514083 19.472332250000004 0.6282051282051282 45.301282057692305 45.30769230769231 12.057692307692308 33.25 1.2230815999791957
392000 619.0 0.24665522831514083 19.472332250000004 0.6282051282051282 45.301282057692305 45.30769230769231 12.057692307692308 33.25 1.2330891000456177
394000 619.0 0.24665522831514083 19.472332250000004 0.6282051282051282 45.301282057692305 45.30769230769231 12.057692307692308 33.25 1.219014700036496
396000 619.0 0.24665522831514083 19.472332250000004 0.6282051282051282 45.301282057692305 45.30769230769231 12.057692307692308 33.25 1.2515489000361413
398000 622.9038461538462 0.24803895532445858 19.395409211538468 0.6282051282051282 45.301282057692305 45.30769230769231 12.211538461538462 33.09615384615385 1.2616978000150993
400000 619.0 0.24665522831514083 19.472332250000004 0.6282051282051282 45.301282057692305 45.30769230769231 12.057692307692308 33.25 1.2252808000193909
402000 619.0 0.24665522831514083 19.472332250000004 0.6282051282051282 45.301282057692305 45.30769230769231 12.057692307692308 33.25 1.2022519999882206
404000 619.0 0.24665522831514083 19.472332250000004 0.6282051282051282 45.301282057692305 45.30769230769231 12.057692307692308 33.25 1.2468548000324517
406000 622.9038461538462 0.24803895532445858 19.395409211538468 0.6282051282051282 45.301282057692305 45.30769230769231 12.211538461538462 33.09615384615385 1.249831199995242
408000 622.9038461538462 0.24803895532445858 19.395409211538468 0.6282051282051282 45.301282057692305 45.30769230769231 12.211538461538462 33.09615384615385 1.360717100033071
410000 622.9038461538462 0.24803895532445858 19.395409211538468 0.6282051282051282 45.301282057692305 45.30769230769231 12.211538461538462 33.09615384615385 1.4245551999774761
412000 622.9038461538462 0.24803895532445858 19.395409211538468 0.6282051282051282 45.301282057692305 45.30769230769231 12.211538461538462 33.09615384615385 1.3711263000150211
414000 622.9038461538462 0.24803895532445858 19.395409211538468 0.6282051282051282 45.301282057692305 45.30769230769231 12.211538461538462 33.09615384615385 1.4123739000060596
416000 622.9038461538462 0.24803895532445858 19.395409211538468 0.6282051282051282 45.301282057692305 45.30769230769231 12.211538461538462 33.09615384615385 1.5004582999972627
418000 622.9038461538462 0.24803895532445858 19.395409211538468 0.6282051282051282 45.301282057692305 45.30769230769231 12.211538461538462 33.09615384615385 1.3731470999773592
420000 622.9038461538462 0.24803895532445858 19.395409211538468 0.6282051282051282 45.301282057692305 45.30769230769231 12.211538461538462 33.09615384615385 1.4557864000089467
422000 622.9038461538462 0.24803895532445858 19.395409211538468 0.6282051282051282 45.301282057692305 45.30769230769231 12.211538461538462 33.09615384615385 1.289513600000646
424000 622.9038461538462 0.24803895532445858 19.395409211538468 0.6282051282051282 45.301282057692305 45.30769230769231 12.211538461538462 33.09615384615385 1.2446164999855682
426000 622.9038461538462 0.24803895532445858 19.395409211538468 0.6282051282051282 45.301282057692305 45.30769230769231 12.211538461538462 33.09615384615385 1.1923272999702021
428000 622.9038461538462 0.24803895532445858 19.395409211538468 0.6282051282051282 45.301282057692305 45.30769230769231 12.211538461538462 33.09615384615385 1.221146299969405
430000 622.9038461538462 0.24803895532445858 19.395409211538468 0.6282051282051282 45.301282057692305 45.30769230769231 12.211538461538462 33.09615384615385 1.260688400012441
432000 622.9038461538462 0.24803895532445858 19.395409211538468 0.6282051282051282 45.301282057692305 45.30769230769231 12.211538461538462 33.09615384615385 1.3196271999622695
434000 622.9038461538462 0.24803895532445858 19.395409211538468 0.6282051282051282 45.301282057692305 45.30769230769231 12.211538461538462 33.09615384615385 1.2634496000246145
436000 622.9038461538462 0.24803895532445858 19.395409211538468 0.6282051282051282 45.301282057692305 45.30769230769231 12.211538461538462 33.09615384615385 1.3249835000024177
438000 622.9038461538462 0.24803895532445858 19.395409211538468 0.6282051282051282 45.301282057692305 45.30769230769231 12.211538461538462 33.09615384615385 1.2659325000131503
440000 622.9038461538462 0.24803895532445858 19.395409211538468 0.6282051282051282 45.301282057692305 45.30769230769231 12.211538461538462 33.09615384615385 1.3104422999895178
442000 619.75 0.24666745553447653 19.453742519230772 0.6330128205128205 45.301282057692305 45.30769230769231 12.057692307692308 33.25 1.271161500015296
444000 619.75 0.24666745553447653 19.453742519230772 0.6330128205128205 45.301282057692305 45.30769230769231 12.057692307692308 33.25 1.2923315999796614
446000 619.0 0.24665522831514083 19.472332250000004 0.6282051282051282 45.301282057692305 45.30769230769231 12.057692307692308 33.25 1.3855186000000685
448000 619.75 0.24666745553447653 19.453742519230772 0.6330128205128205 45.301282057692305 45.30769230769231 12.057692307692308 33.25 1.3521542000235058
450000 620.75 0.2470734852712824 19.421050250000004 0.6330128205128205 45.301282057692305 45.30769230769231 12.211538461538462 33.09615384615385 1.2877686999854632
452000 619.0 0.24665522831514083 19.472332250000004 0.6282051282051282 45.301282057692305 45.30769230769231 12.057692307692308 33.25 1.3417703000013717
454000 618.6538461538462 0.24650882396640522 19.459511807692312 0.6185897435897435 45.301282057692305 45.30769230769231 12.211538461538462 33.09615384615385 1.2101508000050671
456000 618.6538461538462 0.24650882396640522 19.459511807692312 0.6185897435897435 45.301282057692305 45.30769230769231 12.211538461538462 33.09615384615385 1.2615311000263318
458000 618.6538461538462 0.24650882396640522 19.459511807692312 0.6185897435897435 45.301282057692305 45.30769230769231 12.211538461538462 33.09615384615385 1.2389595999848098
460000 619.0 0.24665522831514083 19.472332250000004 0.6282051282051282 45.301282057692305 45.30769230769231 12.057692307692308 33.25 1.2566675000125542
462000 618.6538461538462 0.24650882396640522 19.459511807692312 0.6185897435897435 45.301282057692305 45.30769230769231 12.211538461538462 33.09615384615385 1.2918403000221588
464000 618.6538461538462 0.24650882396640522 19.459511807692312 0.6185897435897435 45.301282057692305 45.30769230769231 12.211538461538462 33.09615384615385 1.2522964000236243
466000 619.0 0.24664715378453023 19.472332250000004 0.6282051282051282 45.301282057692305 45.30769230769231 12.057692307692308 33.25 1.1933963999617845
468000 619.0 0.24665522831514083 19.472332250000004 0.6282051282051282 45.301282057692305 45.30769230769231 12.057692307692308 33.25 1.2035318000125699
470000 619.0 0.24665522831514083 19.472332250000004 0.6282051282051282 45.301282057692305 45.30769230769231 12.057692307692308 33.25 1.2662422000430524
472000 619.0 0.24664715378453023 19.472332250000004 0.6282051282051282 45.301282057692305 45.30769230769231 12.057692307692308 33.25 1.305642599996645
474000 619.0 0.24664715378453023 19.472332250000004 0.6282051282051282 45.301282057692305 45.30769230769231 12.057692307692308 33.25 1.281025399977807
476000 619.0 0.24664715378453023 19.472332250000004 0.6282051282051282 45.301282057692305 45.30769230769231 12.057692307692308 33.25 1.303413300018292
478000 619.0 0.24664715378453023 19.472332250000004 0.6282051282051282 45.301282057692305 45.30769230769231 12.057692307692308 33.25 1.281236699956935
480000 619.0 0.24664715378453023 19.472332250000004 0.6282051282051282 45.301282057692305 45.30769230769231 12.057692307692308 33.25 1.2849781999830157
482000 617.9615384615385 0.22704602542799257 19.767204192307698 0.6137820512820512 45.301282057692305 45.30769230769231 12.057692307692308 33.25 1.2681097000022419
484000 618.6538461538462 0.24650882396640522 19.459511807692312 0.6185897435897435 45.301282057692305 45.30769230769231 12.211538461538462 33.09615384615385 1.2909334000432864
486000 618.6538461538462 0.24650882396640522 19.459511807692312 0.6185897435897435 45.301282057692305 45.30769230769231 12.211538461538462 33.09615384615385 1.2661504000425339
488000 618.6538461538462 0.24650882396640522 19.459511807692312 0.6185897435897435 45.301282057692305 45.30769230769231 12.211538461538462 33.09615384615385 1.0588812000351027
490000 618.6538461538462 0.24650882396640522 19.459511807692312 0.6185897435897435 45.301282057692305 45.30769230769231 12.211538461538462 33.09615384615385 0.953402700019069
492000 618.6538461538462 0.24650882396640522 19.459511807692312 0.6185897435897435 45.301282057692305 45.30769230769231 12.211538461538462 33.09615384615385 1.0382953999796882
494000 618.6538461538462 0.24650882396640522 19.459511807692312 0.6185897435897435 45.301282057692305 45.30769230769231 12.211538461538462 33.09615384615385 1.007010100001935
496000 618.6538461538462 0.24650882396640522 19.459511807692312 0.6185897435897435 45.301282057692305 45.30769230769231 12.211538461538462 33.09615384615385 0.9505253999959677
498000 618.6538461538462 0.24650882396640522 19.459511807692312 0.6185897435897435 45.301282057692305 45.30769230769231 12.211538461538462 33.09615384615385 0.9435403000097722
500000 618.6538461538462 0.24650882396640522 19.459511807692312 0.6185897435897435 45.301282057692305 45.30769230769231 12.211538461538462 33.09615384615385 0.9694221999961883
