2000 3.8333333333333335 -0.6849512885510043 128.03703703703704 0.12191358024691358 135.5185185185185 45.333333333333336 0.0 45.333333333333336 1.1889445000015257
4000 1.6481481481481481 -0.7036449645676806 128.2037037037037 0.13580246913580243 135.5185185185185 45.333333333333336 0.0 45.333333333333336 1.5151253000003635
6000 1.3888888888888888 -0.6661462364737568 128.74074074074073 0.07407407407407407 135.5185185185185 45.333333333333336 0.0 45.333333333333336 1.299647300002107
8000 6.7407407407407405 -0.22079199766749102 125.81481481481481 0.20679012345679007 135.5185185185185 45.333333333333336 0.0 45.333333333333336 1.7246950000007928
10000 5.166666666666667 -0.6294894677054228 126.98148148148148 0.16512345679012344 135.5185185185185 45.333333333333336 0.0 45.333333333333336 1.5008775999995123
12000 4.5 -0.5365949561918504 126.62962962962963 0.14969135802469133 135.5185185185185 45.333333333333336 0.018518518518518517 45.31481481481482 1.5291379999980563
14000 9.722222222222221 -0.2379560506449792 124.94444444444444 0.21141975308641975 135.5185185185185 45.333333333333336 0.018518518518518517 45.31481481481482 1.5760544999975536
16000 1.8148148148148149 -0.33323986702495817 127.83333333333333 0.1419753086419753 135.5185185185185 45.333333333333336 0.0 45.333333333333336 1.757042299999739
18000 1.9444444444444444 -0.4442315300019977 128.4814814814815 0.11728395061728393 135.5185185185185 45.333333333333336 0.0 45.333333333333336 1.7150060999993002
20000 1.8518518518518519 -0.6109264655130763 128.25925925925927 0.09722222222222221 135.5185185185185 45.333333333333336 0.0 45.333333333333336 1.7480345999974816
22000 2.2222222222222223 -0.44430275360581456 127.70370370370371 0.12962962962962962 135.5185185185185 45.333333333333336 0.0 45.333333333333336 1.6737189999985276
24000 2.6481481481481484 -0.40697203409737986 127.12962962962963 0.15895061728395063 135.5185185185185 45.333333333333336 0.0 45.333333333333336 1.7957964000015636
26000 2.388888888888889 -0.37004146263146404 127.68518518518519 0.13425925925925924 135.5185185185185 45.333333333333336 0.0 45.333333333333336 2.003609299998061
28000 3.6296296296296298 -0.07339003881322594 127.4074074074074 0.11111111111111109 135.5185185185185 45.333333333333336 0.018518518518518517 45.31481481481482 2.177927799999452
30000 3.9444444444444446 -0.07340734781285493 126.98148148148148 0.19290123456790123 135.5185185185185 45.333333333333336 0.0 45.333333333333336 1.9402478000010888
32000 2.111111111111111 -0.388469726353794 127.5925925925926 0.10030864197530863 135.5185185185185 45.333333333333336 0.0 45.333333333333336 1.764729200000147
34000 1.6111111111111112 -0.3887503994900409 127.61111111111111 0.09104938271604937 135.5185185185185 45.333333333333336 0.0 45.333333333333336 1.4931217999983346
36000 2.7222222222222223 -0.7404982872285534 127.05555555555556 0.13425925925925927 135.5185185185185 45.333333333333336 0.0 45.333333333333336 1.30947820000074
38000 2.6296296296296298 -0.3331704626524105 126.51851851851852 0.1712962962962963 135.5185185185185 45.333333333333336 0.0 45.333333333333336 1.9302859999988868
40000 3.1296296296296298 -0.5552157811583074 126.77777777777777 0.19753086419753088 135.5185185185185 45.333333333333336 0.0 45.333333333333336 1.584746600001381
42000 4.055555555555555 -0.5550504006432375 126.74074074074075 0.19444444444444445 135.5185185185185 45.333333333333336 0.0 45.333333333333336 1.5106907000008505
44000 8.092592592592593 -0.035598641848340634 124.48148148148148 0.3256172839506173 135.5185185185185 45.333333333333336 0.0 45.333333333333336 1.7886890000008862
46000 3.0925925925925926 -0.7221511550468842 126.9074074074074 0.14969135802469133 135.5185185185185 45.333333333333336 0.0 45.333333333333336 1.6783673999998427
48000 4.203703703703703 -0.5365069277822093 126.25925925925925 0.2191358024691358 135.5185185185185 45.333333333333336 0.0 45.333333333333336 1.7184746999992058
50000 5.388888888888889 0.0009567086999360518 125.44444444444444 0.2515432098765432 135.5185185185185 45.333333333333336 0.0 45.333333333333336 1.8733479999973497
52000 6.555555555555555 0.0014368739657738662 124.03703703703704 0.36265432098765443 135.5185185185185 45.333333333333336 0.0 45.333333333333336 1.885257800000545
54000 10.87037037037037 0.0022409006684140998 124.31481481481481 0.25925925925925924 135.5185185185185 45.333333333333336 0.0 45.333333333333336 2.1647142000001622
56000 14.685185185185185 0.0008227925738007943 123.38888888888889 0.31790123456790126 135.5185185185185 45.333333333333336 0.0 45.333333333333336 1.9125655999996525
58000 12.925925925925926 0.0011793615665901462 123.24074074074075 0.32407407407407407 135.5185185185185 45.333333333333336 0.0 45.333333333333336 1.888658799998666
60000 11.648148148148149 0.0010918981515700326 123.55555555555556 0.3117283950617284 135.5185185185185 45.333333333333336 0.0 45.333333333333336 1.9053886000001512
62000 14.092592592592593 0.0016637513477323882 123.25925925925925 0.3225308641975309 135.5185185185185 45.333333333333336 0.018518518518518517 45.31481481481482 1.8869629000000714
64000 19.5 -0.14509966517369727 123.18518518518519 0.3425925925925926 135.5185185185185 45.333333333333336 0.0 45.333333333333336 1.845777000002272
66000 13.462962962962964 -0.9071852589725106 124.35185185185185 0.2746913580246914 135.5185185185185 45.333333333333336 0.0 45.333333333333336 1.7592309999999998
68000 21.333333333333332 -0.014506287554376315 122.48148148148148 0.37191358024691357 135.5185185185185 45.333333333333336 0.018518518518518517 45.31481481481482 1.9601746000007552
70000 18.35185185185185 0.0032232004442598024 122.14814814814815 0.37191358024691357 135.5185185185185 45.333333333333336 0.018518518518518517 45.31481481481482 1.9992408999969484
72000 13.981481481481481 0.0014190409273841674 122.53703703703704 0.3070987654320988 135.5185185185185 45.333333333333336 0.018518518518518517 45.31481481481482 1.8854614999982005
74000 14.333333333333334 -0.07255981332353373 123.72222222222223 0.30555555555555564 135.5185185185185 45.333333333333336 0.0 45.333333333333336 1.7416621000011219
76000 5.925925925925926 -0.0176557412996363 126.29629629629629 0.18827160493827158 135.5185185185185 45.333333333333336 0.0 45.333333333333336 1.7908289000006334
78000 6.203703703703703 -0.05412404997993194 125.96296296296296 0.20061728395061726 135.5185185185185 45.333333333333336 0.0 45.333333333333336 1.7314765000010084
80000 6.0 -0.01706288129615377 125.79629629629629 0.18518518518518517 135.5185185185185 45.333333333333336 0.0 45.333333333333336 1.7871001999992586
82000 6.166666666666667 0.0008881249144095867 125.83333333333333 0.22685185185185186 135.5185185185185 45.333333333333336 0.0 45.333333333333336 1.6970412000009674
84000 6.074074074074074 -0.01761288876641399 125.9074074074074 0.19135802469135804 135.5185185185185 45.333333333333336 0.0 45.333333333333336 1.7193021000020963
86000 5.611111111111111 0.0007178623624133966 126.64814814814815 0.1712962962962963 135.5185185185185 45.333333333333336 0.0 45.333333333333336 1.716066699998919
88000 7.981481481481482 0.002276190456480401 125.77777777777777 0.2484567901234568 135.5185185185185 45.333333333333336 0.0 45.333333333333336 1.7885532999971474
90000 7.351851851851852 0.002304381913682344 125.29629629629629 0.2283950617283951 135.5185185185185 45.333333333333336 0.018518518518518517 45.31481481481482 1.7266152000011061
92000 31.90740740740741 0.006387884791214947 122.33333333333333 0.3256172839506173 135.5185185185185 45.333333333333336 0.018518518518518517 45.31481481481482 1.6766013999986171
94000 34.74074074074074 0.01278992085201094 122.74074074074075 0.35493827160493824 135.5185185185185 45.333333333333336 0.018518518518518517 45.31481481481482 1.7306994999999006
96000 4.074074074074074 0.0005324551139748772 126.29629629629629 0.17901234567901234 135.5185185185185 45.333333333333336 0.018518518518518517 45.31481481481482 1.8002605000001495
98000 16.703703703703702 0.0040741366345820925 123.85185185185185 0.27777777777777785 135.5185185185185 45.333333333333336 0.018518518518518517 45.31481481481482 1.7768129000032786
100000 53.648148148148145 0.013662880736558526 120.72222222222223 0.4058641975308642 135.5185185185185 45.333333333333336 0.018518518518518517 45.31481481481482 1.6956480000008014
102000 36.333333333333336 0.003616071513362548 122.31481481481481 0.37037037037037035 135.5185185185185 45.333333333333336 0.018518518518518517 45.31481481481482 1.7736535000003641
104000 52.27777777777778 0.008902477066618593 122.62962962962963 0.35802469135802467 135.5185185185185 45.333333333333336 0.018518518518518517 45.31481481481482 1.6791047000006074
106000 115.22222222222223 0.04228033189350212 119.70370370370371 0.46141975308641975 135.5185185185185 45.333333333333336 0.0 45.333333333333336 1.7285913000014261
108000 70.24074074074075 -0.6785288038352527 120.55555555555556 0.4475308641975308 135.5185185185185 45.333333333333336 0.0 45.333333333333336 1.5500308000009682
110000 63.7037037037037 0.013976403918522881 119.88888888888889 0.4629629629629629 135.5185185185185 45.333333333333336 0.018518518518518517 45.31481481481482 1.7560379999995348
112000 81.79629629629629 0.011423225617502962 118.72222222222223 0.5802469135802469 135.5185185185185 45.333333333333336 0.018518518518518517 45.31481481481482 1.6695705999991333
114000 162.59259259259258 -0.028013501859127387 116.88888888888889 0.6419753086419754 135.5185185185185 45.333333333333336 0.018518518518518517 45.31481481481482 1.6620121999985713
116000 146.07407407407408 -0.3338194826624254 117.16666666666667 0.6388888888888891 135.5185185185185 45.333333333333336 0.0 45.333333333333336 1.669751699999324
118000 67.55555555555556 0.005480636941444113 119.29629629629629 0.5354938271604938 135.5185185185185 45.333333333333336 0.018518518518518517 45.31481481481482 1.73086400000102
120000 77.57407407407408 0.004718651728813427 118.87037037037037 0.5725308641975309 135.5185185185185 45.333333333333336 0.018518518518518517 45.31481481481482 1.6924309999994875
122000 84.11111111111111 0.011205123584832104 118.68518518518519 0.5771604938271605 135.5185185185185 45.333333333333336 0.0 45.333333333333336 1.6713294000001042
124000 74.16666666666667 0.0036807071263386055 119.16666666666667 0.5679012345679012 135.5185185185185 45.333333333333336 0.0 45.333333333333336 1.779167900000175
126000 78.33333333333333 0.00552119234775195 118.70370370370371 0.5679012345679012 135.5185185185185 45.333333333333336 0.0 45.333333333333336 1.6388702999975067
128000 91.4074074074074 0.008482241196444258 118.53703703703704 0.5771604938271605 135.5185185185185 45.333333333333336 0.0 45.333333333333336 1.644221299997298
130000 163.46296296296296 0.049270595159622364 116.5925925925926 0.6481481481481483 135.5185185185185 45.333333333333336 0.0 45.333333333333336 1.701409799999965
132000 158.2037037037037 0.046803468574184055 116.77777777777777 0.6435185185185186 135.5185185185185 45.333333333333336 0.0 45.333333333333336 1.6199086000015086
134000 158.2037037037037 0.046803468574184055 116.77777777777777 0.6435185185185186 135.5185185185185 45.333333333333336 0.0 45.333333333333336 1.746630900001037
136000 158.7037037037037 0.04526983999610891 117.62962962962963 0.6249999999999999 135.5185185185185 45.333333333333336 0.0 45.333333333333336 1.75661079999918
138000 143.05555555555554 -0.7154892668636333 117.33333333333333 0.6280864197530865 135.5185185185185 45.333333333333336 0.0 45.333333333333336 1.7151410999977088
140000 158.7037037037037 0.04526983999610891 117.62962962962963 0.6249999999999999 135.5185185185185 45.333333333333336 0.0 45.333333333333336 1.7583775000020978
142000 140.62962962962962 -0.8863422111178154 118.22222222222223 0.6203703703703702 135.5185185185185 45.333333333333336 0.0 45.333333333333336 1.6475487999996403
144000 201.75925925925927 0.06741266023661435 117.25925925925925 0.595679012345679 135.5185185185185 45.333333333333336 0.0 45.333333333333336 1.893537699997978
146000 183.25925925925927 -0.8611053666645864 117.96296296296296 0.566358024691358 135.5185185185185 45.333333333333336 0.0 45.333333333333336 1.8366662000007636
148000 239.5 -0.8798955283950698 117.20370370370371 0.6188271604938272 135.5185185185185 45.333333333333336 0.0 45.333333333333336 1.810313199999655
150000 239.5 -0.8798955283950698 117.20370370370371 0.6188271604938272 135.5185185185185 45.333333333333336 0.0 45.333333333333336 2.063748900000064
152000 239.5 -1.0 117.20370370370371 0.6188271604938272 135.5185185185185 45.333333333333336 0.0 45.333333333333336 2.614770399999543
154000 182.16666666666666 -1.0 117.98148148148148 0.566358024691358 135.5185185185185 45.333333333333336 0.0 45.333333333333336 2.443143599997711
156000 239.5 -1.0 117.20370370370371 0.6188271604938272 135.5185185185185 45.333333333333336 0.0 45.333333333333336 2.6003309000006993
158000 239.5 -1.0 117.20370370370371 0.6188271604938272 135.5185185185185 45.333333333333336 0.0 45.333333333333336 2.907738900001277
160000 239.5 -1.0 117.20370370370371 0.6188271604938272 135.5185185185185 45.333333333333336 0.0 45.333333333333336 3.0729670000000624
162000 239.5 -1.0 117.20370370370371 0.6188271604938272 135.5185185185185 45.333333333333336 0.0 45.333333333333336 2.9517870000017865
164000 235.64814814814815 -1.0 116.16666666666667 0.632716049382716 135.5185185185185 45.333333333333336 0.0 45.333333333333336 3.528833200001827
166000 235.64814814814815 -1.0 116.16666666666667 0.632716049382716 135.5185185185185 45.333333333333336 0.0 45.333333333333336 3.512321399997745
168000 239.5 -1.0 117.20370370370371 0.6188271604938272 135.5185185185185 45.333333333333336 0.0 45.333333333333336 3.6815280000009807
170000 234.77777777777777 -1.0 116.62962962962963 0.6141975308641975 135.5185185185185 45.333333333333336 0.0 45.333333333333336 3.5170529000024544
172000 234.77777777777777 -1.0 116.62962962962963 0.6141975308641975 135.5185185185185 45.333333333333336 0.0 45.333333333333336 3.5348520999978064
174000 234.77777777777777 -0.8217084145259624 116.62962962962963 0.6141975308641975 135.5185185185185 45.333333333333336 0.0 45.333333333333336 3.4791742999987036
176000 235.64814814814815 -1.0 116.16666666666667 0.632716049382716 135.5185185185185 45.333333333333336 0.0 45.333333333333336 3.541849799999909
178000 235.64814814814815 -1.0 116.16666666666667 0.632716049382716 135.5185185185185 45.333333333333336 0.0 45.333333333333336 3.1859829999993963
180000 235.64814814814815 -1.0 116.16666666666667 0.632716049382716 135.5185185185185 45.333333333333336 0.0 45.333333333333336 3.2511206999988644
182000 239.5 -1.0 117.20370370370371 0.6188271604938272 135.5185185185185 45.333333333333336 0.0 45.333333333333336 3.1851624000009906
184000 235.64814814814815 -1.0 116.16666666666667 0.632716049382716 135.5185185185185 45.333333333333336 0.0 45.333333333333336 3.2570154999993974
186000 168.24074074074073 -1.0 117.46296296296296 0.5679012345679012 135.5185185185185 45.333333333333336 0.0 45.333333333333336 3.241509399998904
188000 319.7962962962963 -0.48393559151250964 117.01851851851852 0.5833333333333334 135.5185185185185 45.333333333333336 0.0 45.333333333333336 3.1380092999970657
190000 182.16666666666666 -1.0 117.98148148148148 0.566358024691358 135.5185185185185 45.333333333333336 0.0 45.333333333333336 3.2883457000025373
192000 182.16666666666666 -1.0 117.98148148148148 0.566358024691358 135.5185185185185 45.333333333333336 0.0 45.333333333333336 3.3120321999995213
194000 168.24074074074073 -1.0 117.46296296296296 0.5679012345679012 135.5185185185185 45.333333333333336 0.0 45.333333333333336 3.2312326000028406
196000 235.64814814814815 -1.0 116.16666666666667 0.632716049382716 135.5185185185185 45.333333333333336 0.0 45.333333333333336 3.5622599000016635
198000 235.64814814814815 -1.0 116.16666666666667 0.632716049382716 135.5185185185185 45.333333333333336 0.0 45.333333333333336 3.1942949000003864
200000 235.64814814814815 -1.0 116.16666666666667 0.632716049382716 135.5185185185185 45.333333333333336 0.0 45.333333333333336 3.4120445999978983
202000 235.64814814814815 -1.0 116.16666666666667 0.632716049382716 135.5185185185185 45.333333333333336 0.0 45.333333333333336 3.4886881000020367
204000 235.64814814814815 -1.0 116.16666666666667 0.632716049382716 135.5185185185185 45.333333333333336 0.0 45.333333333333336 3.185214299999643
206000 235.64814814814815 -1.0 116.16666666666667 0.632716049382716 135.5185185185185 45.333333333333336 0.0 45.333333333333336 3.490273499999603
208000 239.5 -1.0 117.20370370370371 0.6188271604938272 135.5185185185185 45.333333333333336 0.0 45.333333333333336 3.380598199997621
210000 235.64814814814815 -1.0 116.16666666666667 0.632716049382716 135.5185185185185 45.333333333333336 0.0 45.333333333333336 3.423092299999553
212000 235.64814814814815 -1.0 116.16666666666667 0.632716049382716 135.5185185185185 45.333333333333336 0.0 45.333333333333336 3.6332088999988628
214000 235.64814814814815 -1.0 116.16666666666667 0.632716049382716 135.5185185185185 45.333333333333336 0.0 45.333333333333336 3.2730891999999585
216000 235.64814814814815 -1.0 116.16666666666667 0.632716049382716 135.5185185185185 45.333333333333336 0.0 45.333333333333336 3.3901495000027353
218000 239.5 -1.0 117.20370370370371 0.6188271604938272 135.5185185185185 45.333333333333336 0.0 45.333333333333336 3.1830205999976897
220000 234.77777777777777 -1.0 116.62962962962963 0.6141975308641975 135.5185185185185 45.333333333333336 0.0 45.333333333333336 3.200421699999424
222000 235.64814814814815 -1.0 116.16666666666667 0.632716049382716 135.5185185185185 45.333333333333336 0.0 45.333333333333336 3.1188561000017216
224000 235.64814814814815 -1.0 116.16666666666667 0.632716049382716 135.5185185185185 45.333333333333336 0.0 45.333333333333336 3.5577395999971486
226000 262.5925925925926 -1.0 116.75925925925925 0.5972222222222222 135.5185185185185 45.333333333333336 0.0 45.333333333333336 3.422870400001557
228000 239.5 -1.0 117.20370370370371 0.6188271604938272 135.5185185185185 45.333333333333336 0.0 45.333333333333336 3.6313305999974546
230000 262.5925925925926 -1.0 116.75925925925925 0.5972222222222222 135.5185185185185 45.333333333333336 0.0 45.333333333333336 3.1848038000025554
232000 235.64814814814815 -1.0 116.16666666666667 0.632716049382716 135.5185185185185 45.333333333333336 0.0 45.333333333333336 3.373827999999776
234000 262.5925925925926 -1.0 116.75925925925925 0.5972222222222222 135.5185185185185 45.333333333333336 0.0 45.333333333333336 3.4558524999993097
236000 262.5925925925926 -1.0 116.75925925925925 0.5972222222222222 135.5185185185185 45.333333333333336 0.0 45.333333333333336 3.0844777999991493
238000 235.64814814814815 -1.0 116.16666666666667 0.632716049382716 135.5185185185185 45.333333333333336 0.0 45.333333333333336 3.26809940000021
240000 239.5 -1.0 117.20370370370371 0.6188271604938272 135.5185185185185 45.333333333333336 0.0 45.333333333333336 3.4073599000003014
242000 367.9074074074074 -0.43744068617504295 115.51851851851852 0.6265432098765431 135.5185185185185 45.333333333333336 0.0 45.333333333333336 3.787557600000582
244000 239.5 -1.0 117.20370370370371 0.6188271604938272 135.5185185185185 45.333333333333336 0.0 45.333333333333336 3.4123389000014868
246000 169.2037037037037 -1.0 120.9074074074074 0.4166666666666665 135.5185185185185 45.333333333333336 0.0 45.333333333333336 2.9356738999995287
248000 262.5925925925926 -1.0 116.75925925925925 0.5972222222222222 135.5185185185185 45.333333333333336 0.0 45.333333333333336 3.3485206000004837
250000 262.9074074074074 -0.9583724507900493 116.5925925925926 0.601851851851852 135.5185185185185 45.333333333333336 0.0 45.333333333333336 3.189770299999509
252000 262.5925925925926 -1.0 116.75925925925925 0.5972222222222222 135.5185185185185 45.333333333333336 0.0 45.333333333333336 3.5072274999984074
254000 235.64814814814815 -1.0 116.16666666666667 0.632716049382716 135.5185185185185 45.333333333333336 0.0 45.333333333333336 3.4187878999982786
256000 235.64814814814815 -1.0 116.16666666666667 0.632716049382716 135.5185185185185 45.333333333333336 0.0 45.333333333333336 3.436733300000924
258000 234.77777777777777 -1.0 116.62962962962963 0.6141975308641975 135.5185185185185 45.333333333333336 0.0 45.333333333333336 3.2299534999983734
260000 243.0185185185185 -1.0 116.38888888888889 0.654320987654321 135.5185185185185 45.333333333333336 0.0 45.333333333333336 3.3323051999977906
262000 235.64814814814815 -1.0 116.16666666666667 0.632716049382716 135.5185185185185 45.333333333333336 0.0 45.333333333333336 3.508824200001982
264000 235.64814814814815 -1.0 116.16666666666667 0.632716049382716 135.5185185185185 45.333333333333336 0.0 45.333333333333336 3.537012999997387
266000 262.5925925925926 -1.0 116.75925925925925 0.5972222222222222 135.5185185185185 45.333333333333336 0.0 45.333333333333336 3.607203899999149
268000 235.64814814814815 -1.0 116.16666666666667 0.632716049382716 135.5185185185185 45.333333333333336 0.0 45.333333333333336 3.3140927999993437
270000 168.24074074074073 -1.0 117.46296296296296 0.5679012345679012 135.5185185185185 45.333333333333336 0.0 45.333333333333336 3.6451531000020623
272000 235.64814814814815 -1.0 116.16666666666667 0.632716049382716 135.5185185185185 45.333333333333336 0.0 45.333333333333336 3.6341978999989806
274000 239.5 -0.7217303060018055 117.20370370370371 0.6188271604938272 135.5185185185185 45.333333333333336 0.0 45.333333333333336 3.6475726999997278
276000 246.57407407407408 -0.9560236261057483 117.24074074074075 0.6188271604938272 135.5185185185185 45.333333333333336 0.0 45.333333333333336 3.2109759000013582
278000 219.61111111111111 -0.9770621775040207 117.03703703703704 0.5895061728395061 135.5185185185185 45.333333333333336 0.0 45.333333333333336 3.225857699999324
280000 234.77777777777777 -1.0 116.62962962962963 0.6141975308641975 135.5185185185185 45.333333333333336 0.0 45.333333333333336 3.4991088999995554
282000 234.77777777777777 -1.0 116.62962962962963 0.6141975308641975 135.5185185185185 45.333333333333336 0.0 45.333333333333336 3.2923566999998
284000 275.8333333333333 -0.9533019291371119 116.66666666666667 0.6188271604938271 135.5185185185185 45.333333333333336 0.0 45.333333333333336 3.5063769000007596
286000 193.2037037037037 -1.0 117.24074074074075 0.603395061728395 135.5185185185185 45.333333333333336 0.018518518518518517 45.31481481481482 3.2549665000005916
288000 234.77777777777777 -1.0 116.62962962962963 0.6141975308641975 135.5185185185185 45.333333333333336 0.0 45.333333333333336 3.250429300001997
290000 193.2037037037037 -0.8822782704660989 117.24074074074075 0.603395061728395 135.5185185185185 45.333333333333336 0.018518518518518517 45.31481481481482 3.1958333000002312
292000 193.2037037037037 -0.8822782704660989 117.24074074074075 0.603395061728395 135.5185185185185 45.333333333333336 0.018518518518518517 45.31481481481482 3.354921500002092
294000 193.2037037037037 -0.8822782704660989 117.24074074074075 0.603395061728395 135.5185185185185 45.333333333333336 0.018518518518518517 45.31481481481482 3.2447395999988657
296000 193.2037037037037 -0.8822782704660989 117.24074074074075 0.603395061728395 135.5185185185185 45.333333333333336 0.018518518518518517 45.31481481481482 3.3875386999970942
298000 262.5925925925926 -0.8789803553310088 116.75925925925925 0.5972222222222222 135.5185185185185 45.333333333333336 0.0 45.333333333333336 3.255345599998691
300000 229.40740740740742 -0.7935064385213196 117.03703703703704 0.5972222222222222 135.5185185185185 45.333333333333336 0.018518518518518517 45.31481481481482 3.4409059999998135
302000 262.5925925925926 -1.0 116.75925925925925 0.5972222222222222 135.5185185185185 45.333333333333336 0.0 45.333333333333336 3.433654500000557
304000 262.5925925925926 -1.0 116.75925925925925 0.5972222222222222 135.5185185185185 45.333333333333336 0.0 45.333333333333336 3.6041942999981984
306000 234.77777777777777 -1.0 116.62962962962963 0.6141975308641975 135.5185185185185 45.333333333333336 0.0 45.333333333333336 3.5108053000003565
308000 234.77777777777777 -1.0 116.62962962962963 0.6141975308641975 135.5185185185185 45.333333333333336 0.0 45.333333333333336 3.701552200000151
310000 234.77777777777777 -1.0 116.62962962962963 0.6141975308641975 135.5185185185185 45.333333333333336 0.0 45.333333333333336 3.3809105000000272
312000 234.77777777777777 -1.0 116.62962962962963 0.6141975308641975 135.5185185185185 45.333333333333336 0.0 45.333333333333336 3.4963398999971105
314000 234.77777777777777 -1.0 116.62962962962963 0.6141975308641975 135.5185185185185 45.333333333333336 0.0 45.333333333333336 3.668587500000285
316000 239.5 -1.0 117.20370370370371 0.6188271604938272 135.5185185185185 45.333333333333336 0.0 45.333333333333336 3.5438393999975233
318000 247.2962962962963 -1.0 117.0925925925926 0.6188271604938272 135.5185185185185 45.333333333333336 0.0 45.333333333333336 3.3861745999965933
320000 266.81481481481484 -0.9796713909629235 116.72222222222223 0.6018518518518519 135.5185185185185 45.333333333333336 0.0 45.333333333333336 3.6867356000002474
322000 303.51851851851853 -0.7605558813198111 116.24074074074075 0.6388888888888887 135.5185185185185 45.333333333333336 0.018518518518518517 45.31481481481482 3.430592400000023
324000 235.64814814814815 -1.0 116.16666666666667 0.632716049382716 135.5185185185185 45.333333333333336 0.0 45.333333333333336 3.4816250000003492
326000 193.2037037037037 -1.0 117.24074074074075 0.603395061728395 135.5185185185185 45.333333333333336 0.018518518518518517 45.31481481481482 3.455414000000019
328000 193.2037037037037 -1.0 117.24074074074075 0.603395061728395 135.5185185185185 45.333333333333336 0.018518518518518517 45.31481481481482 3.2879596000020683
330000 221.14814814814815 -0.9329106434038494 116.87037037037037 0.5987654320987654 135.5185185185185 45.333333333333336 0.0 45.333333333333336 3.2373273000011977
332000 192.61111111111111 -1.0 117.35185185185185 0.5987654320987653 135.5185185185185 45.333333333333336 0.018518518518518517 45.31481481481482 3.65089799999987
334000 236.75925925925927 -0.9051783991983027 116.74074074074075 0.5941358024691359 135.5185185185185 45.333333333333336 0.0 45.333333333333336 3.485390499998175
336000 239.8148148148148 -0.824602148565698 117.0925925925926 0.5879629629629629 135.5185185185185 45.333333333333336 0.0 45.333333333333336 3.3672235000012734
338000 258.4259259259259 -0.6885188065753693 116.42592592592592 0.6033950617283951 135.5185185185185 45.333333333333336 0.0 45.333333333333336 3.3395373999992444
340000 234.75925925925927 -0.8965143779114354 116.70370370370371 0.6095679012345678 135.5185185185185 45.333333333333336 0.0 45.333333333333336 3.7967094000014185
342000 248.44444444444446 -0.8183922242903365 116.42592592592592 0.6141975308641975 135.5185185185185 45.333333333333336 0.0 45.333333333333336 3.535436000001937
344000 280.7037037037037 -0.7857056713540809 116.07407407407408 0.5941358024691359 135.5185185185185 45.333333333333336 0.0 45.333333333333336 3.1308733000005304
346000 251.22222222222223 -0.9119557602160188 116.42592592592592 0.6141975308641975 135.5185185185185 45.333333333333336 0.0 45.333333333333336 3.6014240000004065
348000 235.64814814814815 -1.0 116.16666666666667 0.632716049382716 135.5185185185185 45.333333333333336 0.0 45.333333333333336 3.397797800000262
350000 235.64814814814815 -1.0 116.16666666666667 0.632716049382716 135.5185185185185 45.333333333333336 0.0 45.333333333333336 3.417448100000911
352000 235.64814814814815 -1.0 116.16666666666667 0.632716049382716 135.5185185185185 45.333333333333336 0.0 45.333333333333336 3.078088400001434
354000 227.44444444444446 -1.0 116.25925925925925 0.6589506172839505 135.5185185185185 45.333333333333336 0.0 45.333333333333336 3.19096300000092
356000 194.22222222222223 -1.0 117.12962962962963 0.5987654320987653 135.5185185185185 45.333333333333336 0.018518518518518517 45.31481481481482 3.553064400002768
358000 203.37037037037038 -1.0 116.9074074074074 0.6080246913580246 135.5185185185185 45.333333333333336 0.018518518518518517 45.31481481481482 3.4529512000008253
360000 232.46296296296296 -0.9580668946908929 117.37037037037037 0.5987654320987654 135.5185185185185 45.333333333333336 0.0 45.333333333333336 3.328673299998627
362000 193.2037037037037 -1.0 117.24074074074075 0.603395061728395 135.5185185185185 45.333333333333336 0.018518518518518517 45.31481481481482 3.3293468999981997
364000 250.7037037037037 -0.9117072353033255 117.05555555555556 0.6126543209876544 135.5185185185185 45.333333333333336 0.0 45.333333333333336 3.436230899998918
366000 193.2037037037037 -1.0 117.24074074074075 0.603395061728395 135.5185185185185 45.333333333333336 0.018518518518518517 45.31481481481482 3.640178300000116
368000 273.44444444444446 -0.8385720648363306 116.5925925925926 0.6018518518518519 135.5185185185185 45.333333333333336 0.0 45.333333333333336 3.1941355999988446
370000 271.9074074074074 -0.8011292075643022 116.38888888888889 0.5972222222222222 135.5185185185185 45.333333333333336 0.0 45.333333333333336 3.5689578000019537
372000 271.0925925925926 -0.8987287771509607 116.61111111111111 0.5972222222222222 135.5185185185185 45.333333333333336 0.0 45.333333333333336 3.2546332999991137
374000 262.5925925925926 -1.0 116.75925925925925 0.5972222222222222 135.5185185185185 45.333333333333336 0.0 45.333333333333336 3.3537274000009347
376000 465.22222222222223 -0.0919534015116242 115.38888888888889 0.6188271604938272 135.5185185185185 45.333333333333336 0.0 45.333333333333336 3.5062975000000733
378000 443.3888888888889 -0.16104536522550467 115.75925925925925 0.6141975308641976 135.5185185185185 45.333333333333336 0.0 45.333333333333336 3.41967410000143
380000 466.5740740740741 -0.07381239834852726 115.5925925925926 0.6327160493827161 135.5185185185185 45.333333333333336 0.0 45.333333333333336 3.3641468999994686
382000 458.44444444444446 -0.09624184589640399 115.64814814814815 0.6234567901234569 135.5185185185185 45.333333333333336 0.0 45.333333333333336 3.6834362000008696
384000 435.1111111111111 -0.2007200556053203 115.92592592592592 0.6188271604938272 135.5185185185185 45.333333333333336 0.0 45.333333333333336 3.448916699999245
386000 493.2962962962963 -0.04586233315060829 115.44444444444444 0.6388888888888891 135.5185185185185 45.333333333333336 0.0 45.333333333333336 3.681019700001343
388000 565.4814814814815 0.10472726387702197 115.5 0.6481481481481483 135.5185185185185 45.333333333333336 0.0 45.333333333333336 3.46461139999883
390000 570.7407407407408 0.1275044395012424 115.48148148148148 0.6481481481481483 135.5185185185185 45.333333333333336 0.0 45.333333333333336 3.515038799996546
392000 570.7407407407408 0.1275044395012424 115.48148148148148 0.6481481481481483 135.5185185185185 45.333333333333336 0.0 45.333333333333336 3.4882280999991053
394000 572.6851851851852 0.14765142338918 115.46296296296296 0.6481481481481483 135.5185185185185 45.333333333333336 0.0 45.333333333333336 3.3986959000030765
396000 572.6851851851852 0.14765142338918 115.46296296296296 0.6481481481481483 135.5185185185185 45.333333333333336 0.0 45.333333333333336 3.4881688999994367
398000 572.6851851851852 0.14765142338918 115.46296296296296 0.6481481481481483 135.5185185185185 45.333333333333336 0.0 45.333333333333336 3.3744828999988385
400000 570.1481481481482 0.14765142338918 115.5925925925926 0.6481481481481483 135.5185185185185 45.333333333333336 0.0 45.333333333333336 3.4722614999991492
402000 570.1481481481482 0.14765142338918 115.5925925925926 0.6481481481481483 135.5185185185185 45.333333333333336 0.0 45.333333333333336 3.3834413000004133
404000 570.1481481481482 0.14765142338918 115.5925925925926 0.6481481481481483 135.5185185185185 45.333333333333336 0.0 45.333333333333336 3.417618700001185
406000 570.1111111111111 0.14765142338918 115.64814814814815 0.6481481481481483 135.5185185185185 45.333333333333336 0.0 45.333333333333336 3.4295449999990524
408000 561.3703703703703 0.10418432042901594 116.18518518518519 0.617283950617284 135.5185185185185 45.333333333333336 0.0 45.333333333333336 3.4891180000013264
410000 561.3703703703703 0.10418432042901594 116.18518518518519 0.617283950617284 135.5185185185185 45.333333333333336 0.0 45.333333333333336 3.503553999998985
412000 561.3703703703703 0.10418432042901594 116.18518518518519 0.617283950617284 135.5185185185185 45.333333333333336 0.0 45.333333333333336 3.078186699996877
414000 561.3703703703703 0.10418432042901594 116.18518518518519 0.617283950617284 135.5185185185185 45.333333333333336 0.0 45.333333333333336 3.2042987999993784
416000 561.3703703703703 0.10418432042901594 116.18518518518519 0.617283950617284 135.5185185185185 45.333333333333336 0.0 45.333333333333336 3.3472398000012618
418000 548.7222222222222 0.0814313344058159 116.44444444444444 0.5987654320987654 135.5185185185185 45.333333333333336 0.0 45.333333333333336 3.3129191999978502
420000 548.7222222222222 0.0814313344058159 116.44444444444444 0.5987654320987654 135.5185185185185 45.333333333333336 0.0 45.333333333333336 3.390259799998603
422000 548.5 0.10418432042901594 116.35185185185185 0.6080246913580247 135.5185185185185 45.333333333333336 0.0 45.333333333333336 3.6809160000011616
424000 557.2962962962963 0.14765142338918 115.75925925925925 0.6388888888888891 135.5185185185185 45.333333333333336 0.0 45.333333333333336 3.483832900001289
426000 570.1481481481482 0.14765142338918 115.5925925925926 0.6481481481481483 135.5185185185185 45.333333333333336 0.0 45.333333333333336 3.2663723999976355
428000 570.1481481481482 0.14765142338918 115.5925925925926 0.6481481481481483 135.5185185185185 45.333333333333336 0.0 45.333333333333336 3.6686478999981773
430000 557.2777777777778 0.14765142338918 115.75925925925925 0.6388888888888891 135.5185185185185 45.333333333333336 0.0 45.333333333333336 3.72747679999884
432000 557.2777777777778 0.14765142338918 115.75925925925925 0.6388888888888891 135.5185185185185 45.333333333333336 0.0 45.333333333333336 3.3521168000006583
434000 570.1481481481482 0.14765142338918 115.5925925925926 0.6481481481481483 135.5185185185185 45.333333333333336 0.0 45.333333333333336 3.4893721000007645
436000 557.2777777777778 0.14765142338918 115.75925925925925 0.6388888888888891 135.5185185185185 45.333333333333336 0.0 45.333333333333336 3.241698500001803
438000 557.2777777777778 0.14765142338918 115.75925925925925 0.6388888888888891 135.5185185185185 45.333333333333336 0.0 45.333333333333336 3.2512388000031933
440000 570.1666666666666 0.14765142338918 115.5925925925926 0.6481481481481483 135.5185185185185 45.333333333333336 0.0 45.333333333333336 3.677979999996751
442000 557.2777777777778 0.14765142338918 115.75925925925925 0.6388888888888891 135.5185185185185 45.333333333333336 0.0 45.333333333333336 3.5679805999970995
444000 557.2777777777778 0.14765142338918 115.75925925925925 0.6388888888888891 135.5185185185185 45.333333333333336 0.0 45.333333333333336 3.535395899998548
446000 557.2777777777778 0.14765142338918 115.75925925925925 0.6388888888888891 135.5185185185185 45.333333333333336 0.0 45.333333333333336 3.247909300000174
448000 557.2777777777778 0.14765142338918 115.75925925925925 0.6388888888888891 135.5185185185185 45.333333333333336 0.0 45.333333333333336 3.4653144999974757
450000 557.2777777777778 0.14765142338918 115.75925925925925 0.6388888888888891 135.5185185185185 45.333333333333336 0.0 45.333333333333336 3.7382003999991866
452000 557.2777777777778 0.14765142338918 115.75925925925925 0.6388888888888891 135.5185185185185 45.333333333333336 0.0 45.333333333333336 3.581880800000363
454000 570.1481481481482 0.14765142338918 115.5925925925926 0.6481481481481483 135.5185185185185 45.333333333333336 0.0 45.333333333333336 3.4626891999978398
456000 570.1481481481482 0.14765142338918 115.5925925925926 0.6481481481481483 135.5185185185185 45.333333333333336 0.0 45.333333333333336 3.324376399999892
458000 570.1481481481482 0.14765142338918 115.5925925925926 0.6481481481481483 135.5185185185185 45.333333333333336 0.0 45.333333333333336 3.580819300001167
460000 572.6851851851852 0.14765142338918 115.46296296296296 0.6481481481481483 135.5185185185185 45.333333333333336 0.0 45.333333333333336 3.704362200001924
462000 557.2777777777778 0.14765142338918 115.75925925925925 0.6388888888888891 135.5185185185185 45.333333333333336 0.0 45.333333333333336 3.4781734999996843
464000 557.2777777777778 0.14765142338918 115.75925925925925 0.6388888888888891 135.5185185185185 45.333333333333336 0.0 45.333333333333336 3.449685200001113
466000 557.2777777777778 0.14765142338918 115.75925925925925 0.6388888888888891 135.5185185185185 45.333333333333336 0.0 45.333333333333336 3.7168066000012914
468000 572.6851851851852 0.14765142338918 115.46296296296296 0.6481481481481483 135.5185185185185 45.333333333333336 0.0 45.333333333333336 3.604433500000596
470000 570.1481481481482 0.14765142338918 115.5925925925926 0.6481481481481483 135.5185185185185 45.333333333333336 0.0 45.333333333333336 3.206791799999337
472000 557.2777777777778 0.14765142338918 115.75925925925925 0.6388888888888891 135.5185185185185 45.333333333333336 0.0 45.333333333333336 3.3717901000018173
474000 557.2777777777778 0.14765142338918 115.75925925925925 0.6388888888888891 135.5185185185185 45.333333333333336 0.0 45.333333333333336 3.393604900000355
476000 570.1481481481482 0.14765142338918 115.5925925925926 0.6481481481481483 135.5185185185185 45.333333333333336 0.0 45.333333333333336 3.809129599998414
478000 570.1481481481482 0.14765142338918 115.5925925925926 0.6481481481481483 135.5185185185185 45.333333333333336 0.0 45.333333333333336 3.4586148999987927
480000 557.2777777777778 0.14765142338918 115.75925925925925 0.6388888888888891 135.5185185185185 45.333333333333336 0.0 45.333333333333336 3.4581077999973786
482000 570.1481481481482 0.14765142338918 115.5925925925926 0.6481481481481483 135.5185185185185 45.333333333333336 0.0 45.333333333333336 3.447864399997343
484000 557.2777777777778 0.14765142338918 115.75925925925925 0.6388888888888891 135.5185185185185 45.333333333333336 0.0 45.333333333333336 3.528354699999909
486000 570.1481481481482 0.14765142338918 115.5925925925926 0.6481481481481483 135.5185185185185 45.333333333333336 0.0 45.333333333333336 3.586282600001141
488000 557.2777777777778 0.14765142338918 115.75925925925925 0.6388888888888891 135.5185185185185 45.333333333333336 0.0 45.333333333333336 3.535185200002161
490000 572.6851851851852 0.14765142338918 115.46296296296296 0.6481481481481483 135.5185185185185 45.333333333333336 0.0 45.333333333333336 3.235593500001414
492000 572.6851851851852 0.14765142338918 115.46296296296296 0.6481481481481483 135.5185185185185 45.333333333333336 0.0 45.333333333333336 3.495386899998266
494000 557.2777777777778 0.14765142338918 115.75925925925925 0.6388888888888891 135.5185185185185 45.333333333333336 0.0 45.333333333333336 3.300344100000075
496000 557.2777777777778 0.14765142338918 115.75925925925925 0.6388888888888891 135.5185185185185 45.333333333333336 0.0 45.333333333333336 3.3018942999988212
498000 557.2777777777778 0.14765142338918 115.75925925925925 0.6388888888888891 135.5185185185185 45.333333333333336 0.0 45.333333333333336 3.3097010999990744
500000 557.2777777777778 0.14765142338918 115.75925925925925 0.6388888888888891 135.5185185185185 45.333333333333336 0.0 45.333333333333336 3.707922600002348
