2000 0.09615384615384616 -0.7884161240922481 37.66843461538461 0.15705128205128208 45.286538461538456 45.30769230769231 0.0 45.30769230769231 2.806976499967277
4000 0.21153846153846154 -0.8076610280855113 38.22345257692307 0.17307692307692307 45.286538461538456 45.30769230769231 0.0 45.30769230769231 2.644343900028616
6000 0.07692307692307693 -0.7692189326469738 37.98094130769229 0.203525641025641 45.286538461538456 45.30769230769231 0.0 45.30769230769231 2.6368156999815255
8000 0.07692307692307693 -1.0 39.428223230769234 0.08012820512820512 45.286538461538456 45.30769230769231 0.0 45.30769230769231 2.11628370010294
10000 0.17307692307692307 -0.5961261044927599 38.09698153846153 0.10897435897435896 45.286538461538456 45.30769230769231 0.0 45.30769230769231 3.0866199999582022
12000 0.46153846153846156 -0.7883656567012147 35.39339500000001 0.2740384615384615 45.286538461538456 45.30769230769231 0.0 45.30769230769231 2.575930100050755
14000 0.6538461538461539 -0.7305866070062503 34.694935461538456 0.24839743589743588 45.286538461538456 45.30769230769231 0.0 45.30769230769231 3.7140664000762627
16000 0.36538461538461536 -0.6730481407785073 36.970095057692305 0.2019230769230769 45.286538461538456 45.30769230769231 0.019230769230769232 45.28846153846154 2.7351317999418825
18000 0.5961538461538461 -0.7884256132311199 35.24278967307692 0.25 45.286538461538456 45.30769230769231 0.0 45.30769230769231 2.7066203000722453
20000 0.6153846153846154 -0.8846145500709526 35.62513582692308 0.2131410256410256 45.286538461538456 45.30769230769231 0.0 45.30769230769231 2.8154618999687955
22000 0.25 -0.9614970829326382 37.72697232692308 0.15865384615384615 45.286538461538456 45.30769230769231 0.0 45.30769230769231 2.6876875000307336
24000 0.09615384615384616 -1.0 38.80816815384615 0.07852564102564104 45.286538461538456 45.30769230769231 0.0 45.30769230769231 2.3410575999878347
26000 0.4230769230769231 -0.538412102184561 36.33495886538462 0.1266025641025641 45.286538461538456 45.30769230769231 0.0 45.30769230769231 3.4081048999214545
28000 0.5384615384615384 -0.0766265171357147 32.11098323076922 0.358974358974359 45.286538461538456 45.30769230769231 0.019230769230769232 45.28846153846154 3.6341162000317127
30000 0.38461538461538464 0.00027450225107913056 33.10822040384615 0.3205128205128205 45.286538461538456 45.30769230769231 0.019230769230769232 45.28846153846154 3.632643499993719
32000 0.19230769230769232 -0.3076596180961956 37.654332576923075 0.14423076923076922 45.286538461538456 45.30769230769231 0.0 45.30769230769231 3.029176399926655
34000 0.25 -0.24991544089926437 36.23793065384614 0.20993589743589747 45.286538461538456 45.30769230769231 0.019230769230769232 45.28846153846154 3.5125741000520065
36000 0.17307692307692307 9.568718069523428e-05 35.96532696153845 0.17628205128205127 45.286538461538456 45.30769230769231 0.019230769230769232 45.28846153846154 3.447073500021361
38000 0.07692307692307693 -0.9615236799956437 38.217942788461535 0.17147435897435898 45.286538461538456 45.30769230769231 0.0 45.30769230769231 3.3598209000192583
40000 0.19230769230769232 -0.26913707647136165 36.98767009615384 0.1987179487179487 45.286538461538456 45.30769230769231 0.0 45.30769230769231 3.553142899996601
42000 0.17307692307692307 -0.26912732574089887 37.035319461538464 0.203525641025641 45.286538461538456 45.30769230769231 0.0 45.30769230769231 3.4586822000565007
44000 0.3269230769230769 -0.32679980184940544 36.27642123076922 0.2532051282051282 45.286538461538456 45.30769230769231 0.0 45.30769230769231 3.7635890999808908
46000 0.3076923076923077 -0.34608292117195444 36.110340249999986 0.26282051282051283 45.286538461538456 45.30769230769231 0.0 45.30769230769231 3.5077373000094667
48000 0.25 -0.8269175683920013 36.11821563461538 0.24358974358974358 45.286538461538456 45.30769230769231 0.0 45.30769230769231 3.652059299987741
50000 0.09615384615384616 9.143646781940389e-05 37.075784500000005 0.1875 45.286538461538456 45.30769230769231 0.0 45.30769230769231 3.614650300005451
52000 0.15384615384615385 -0.0190884980748726 36.99052809615384 0.2131410256410256 45.286538461538456 45.30769230769231 0.0 45.30769230769231 3.7585294999880716
54000 0.17307692307692307 0.00010945616212297248 37.300669115384615 0.17467948717948717 45.286538461538456 45.30769230769231 0.0 45.30769230769231 3.6520192000316456
56000 0.7692307692307693 0.00041756284533161966 34.546050538461536 0.3397435897435897 45.286538461538456 45.30769230769231 0.0 45.30769230769231 3.6102891999762505
58000 0.11538461538461539 8.923761929633286e-05 37.04864188461538 0.1794871794871795 45.286538461538456 45.30769230769231 0.0 45.30769230769231 3.867296199896373
60000 0.3076923076923077 0.0001834671518335671 36.95454732692306 0.21474358974358973 45.286538461538456 45.30769230769231 0.0 45.30769230769231 3.4837573000695556
62000 0.46153846153846156 0.0003036064939280639 35.20539907692308 0.3269230769230769 45.286538461538456 45.30769230769231 0.0 45.30769230769231 3.490605099941604
64000 0.25 -0.19220654868361514 36.85292713461537 0.1955128205128205 45.286538461538456 45.30769230769231 0.0 45.30769230769231 3.497174400021322
66000 0.23076923076923078 -0.24990621563999424 36.92980884615383 0.19230769230769226 45.286538461538456 45.30769230769231 0.0 45.30769230769231 3.5246246000751853
68000 0.09615384615384616 -0.8653718447251286 38.584098903846154 0.09294871794871794 45.286538461538456 45.30769230769231 0.0 45.30769230769231 3.0806267999578267
70000 0.17307692307692307 -0.21145242706005782 36.75440019230768 0.2019230769230769 45.286538461538456 45.30769230769231 0.0 45.30769230769231 3.3276043999940157
72000 0.4230769230769231 -0.03836217626125829 35.569162711538446 0.30288461538461536 45.286538461538456 45.30769230769231 0.0 45.30769230769231 3.642166200093925
74000 0.38461538461538464 -0.13449933180863816 35.45268674999999 0.27724358974358976 45.286538461538456 45.30769230769231 0.0 45.30769230769231 3.5983917000703514
76000 0.4423076923076923 0.0001922207345120074 34.888008865384606 0.3125 45.286538461538456 45.30769230769231 0.0 45.30769230769231 3.895185300032608
78000 0.38461538461538464 -0.2691602559130786 36.32218194230767 0.1987179487179487 45.286538461538456 45.30769230769231 0.0 45.30769230769231 3.559574200073257
80000 0.21153846153846154 -0.019074061600011613 35.92773194230767 0.2387820512820513 45.286538461538456 45.30769230769231 0.019230769230769232 45.28846153846154 3.6829802999272943
82000 0.21153846153846154 -0.019098534104103906 36.31867103846152 0.2403846153846154 45.286538461538456 45.30769230769231 0.0 45.30769230769231 3.570115700014867
84000 0.23076923076923078 0.00025174448567033797 35.11828642307691 0.24679487179487178 45.286538461538456 45.30769230769231 0.019230769230769232 45.28846153846154 3.6320624999934807
86000 0.19230769230769232 -0.03820733713026861 34.54482488461537 0.28044871794871795 45.286538461538456 45.30769230769231 0.019230769230769232 45.28846153846154 3.792704000021331
88000 0.15384615384615385 -0.8269109180542891 38.6663418846154 0.06410256410256411 45.286538461538456 45.30769230769231 0.0 45.30769230769231 3.1322430000873283
90000 0.17307692307692307 -0.49994911292647193 37.16780726923077 0.17307692307692307 45.286538461538456 45.30769230769231 0.0 45.30769230769231 3.6434480000752956
92000 0.19230769230769232 -0.09604449409524608 36.90537905769231 0.20673076923076927 45.286538461538456 45.30769230769231 0.0 45.30769230769231 3.8881248000543565
94000 0.15384615384615385 -0.40380724410111746 37.95267073076923 0.10256410256410256 45.286538461538456 45.30769230769231 0.0 45.30769230769231 3.4267353999894112
96000 0.15384615384615385 -0.23070105215626066 37.52591432692306 0.10737179487179487 45.286538461538456 45.30769230769231 0.0 45.30769230769231 3.830499600037001
98000 0.07692307692307693 -0.8460714126579644 38.52806271153847 0.12179487179487179 45.286538461538456 45.30769230769231 0.0 45.30769230769231 3.129572100006044
100000 0.1346153846153846 9.12088091985173e-05 36.16272553846153 0.20833333333333334 45.286538461538456 45.30769230769231 0.019230769230769232 45.28846153846154 3.6524966000579298
102000 0.11538461538461539 -0.057614793017813686 37.10967424999998 0.1346153846153846 45.286538461538456 45.30769230769231 0.0 45.30769230769231 3.754467500024475
104000 0.15384615384615385 -0.11532565894383266 37.25221271153844 0.16025641025641024 45.286538461538456 45.30769230769231 0.0 45.30769230769231 3.603654699982144
106000 0.21153846153846154 0.0001217906361707624 36.62706848076922 0.20833333333333334 45.286538461538456 45.30769230769231 0.0 45.30769230769231 3.8910982999950647
108000 0.40384615384615385 0.0002122115368933286 36.497992846153835 0.24358974358974358 45.286538461538456 45.30769230769231 0.0 45.30769230769231 3.6359827999258414
110000 0.21153846153846154 0.00013848301604201 36.161326173076915 0.23557692307692307 45.286538461538456 45.30769230769231 0.0 45.30769230769231 3.5321643999777734
112000 0.1346153846153846 5.205454802654547e-05 36.615773288461526 0.20673076923076922 45.286538461538456 45.30769230769231 0.0 45.30769230769231 3.817861400078982
114000 0.11538461538461539 0.00012177319184717229 36.52387392307692 0.2115384615384615 45.286538461538456 45.30769230769231 0.0 45.30769230769231 3.7047191000310704
116000 0.15384615384615385 9.242877799677683e-05 36.28939732692307 0.2067307692307692 45.286538461538456 45.30769230769231 0.0 45.30769230769231 3.807854700018652
118000 0.19230769230769232 6.49512409123036e-05 36.32836726923077 0.2580128205128205 45.286538461538456 45.30769230769231 0.0 45.30769230769231 3.661280100001022
120000 0.19230769230769232 0.00011498272525364463 36.59569234615383 0.28044871794871795 45.286538461538456 45.30769230769231 0.0 45.30769230769231 3.5506735000526533
122000 0.23076923076923078 8.870085373090514e-05 36.70189988461538 0.23878205128205127 45.286538461538456 45.30769230769231 0.0 45.30769230769231 3.387889500008896
124000 0.11538461538461539 -0.07679944477737678 36.19971301923075 0.2580128205128205 45.286538461538456 45.30769230769231 0.0 45.30769230769231 3.685003099963069
126000 0.19230769230769232 -0.01908467514612463 35.43299348076922 0.28205128205128205 45.286538461538456 45.30769230769231 0.019230769230769232 45.28846153846154 3.7889147999230772
128000 0.3269230769230769 0.00016626533599194685 34.660827788461525 0.37660256410256415 45.286538461538456 45.30769230769231 0.0 45.30769230769231 3.56524179992266
130000 0.19230769230769232 -0.42301594948407995 36.355933865384614 0.22435897435897434 45.286538461538456 45.30769230769231 0.0 45.30769230769231 3.382276099990122
132000 0.11538461538461539 -0.15380923357102935 36.561271673076924 0.22916666666666666 45.286538461538456 45.30769230769231 0.0 45.30769230769231 3.4929363999981433
134000 0.3076923076923077 -0.09598369438662015 36.28169286538461 0.22275641025641027 45.286538461538456 45.30769230769231 0.0 45.30769230769231 3.940690500079654
136000 0.23076923076923078 -0.4229899984560207 36.47776725000001 0.22435897435897434 45.286538461538456 45.30769230769231 0.0 45.30769230769231 3.316831099917181
138000 0.07692307692307693 -0.8269103086672712 37.99871557692306 0.18429487179487178 45.286538461538456 45.30769230769231 0.0 45.30769230769231 3.0647058999165893
140000 0.057692307692307696 -0.9423030782701041 38.11189999999999 0.18269230769230768 45.286538461538456 45.30769230769231 0.0 45.30769230769231 2.4826218000380322
142000 0.21153846153846154 -0.7884368637117151 37.91747676923076 0.21794871794871792 45.286538461538456 45.30769230769231 0.0 45.30769230769231 2.5941049000248313
144000 0.28846153846153844 -0.2691609530885319 36.877178730769224 0.22115384615384615 45.286538461538456 45.30769230769231 0.0 45.30769230769231 3.2353622000664473
146000 0.34615384615384615 8.425519789019948e-05 36.69147040384616 0.21314102564102566 45.286538461538456 45.30769230769231 0.019230769230769232 45.28846153846154 3.6307427999563515
148000 0.5576923076923077 -0.018996160605748345 35.42386675000001 0.2932692307692308 45.286538461538456 45.30769230769231 0.0 45.30769230769231 3.8338712999830022
150000 0.4230769230769231 0.00010914381871805544 36.54010823076922 0.19711538461538458 45.286538461538456 45.30769230769231 0.0 45.30769230769231 3.633595300023444
152000 0.3076923076923077 -0.038388997835822364 37.3345441153846 0.16185897435897434 45.286538461538456 45.30769230769231 0.0 45.30769230769231 3.7652926000300795
154000 0.5576923076923077 0.00010523772458061604 36.481638673076915 0.21794871794871792 45.286538461538456 45.30769230769231 0.0 45.30769230769231 3.8876314000226557
156000 0.5576923076923077 0.00013263924713210134 37.07829503846153 0.1955128205128205 45.286538461538456 45.30769230769231 0.0 45.30769230769231 3.897415400017053
158000 0.40384615384615385 0.0001228505610576432 36.42042873076923 0.23076923076923078 45.286538461538456 45.30769230769231 0.0 45.30769230769231 3.626397700048983
160000 0.2692307692307692 9.327648190465276e-05 36.348441557692304 0.21474358974358976 45.286538461538456 45.30769230769231 0.0 45.30769230769231 4.0433293000096455
162000 0.28846153846153844 0.0001103492095896165 35.96257617307692 0.2275641025641026 45.286538461538456 45.30769230769231 0.019230769230769232 45.28846153846154 3.6563967999536544
164000 0.38461538461538464 0.00013309009668518562 35.915701173076926 0.22916666666666669 45.286538461538456 45.30769230769231 0.019230769230769232 45.28846153846154 3.5436237000394613
166000 0.25 8.870655721267138e-05 36.14876848076923 0.23557692307692307 45.286538461538456 45.30769230769231 0.019230769230769232 45.28846153846154 3.8751176999649033
168000 0.5384615384615384 0.00022696573055607796 35.431758865384616 0.24839743589743588 45.286538461538456 45.30769230769231 0.019230769230769232 45.28846153846154 3.934869999997318
170000 0.5769230769230769 0.000290078032817969 35.12072040384615 0.2932692307692308 45.286538461538456 45.30769230769231 0.019230769230769232 45.28846153846154 3.8065329999662936
172000 0.5384615384615384 0.0002433201370021036 35.033893480769216 0.29967948717948717 45.286538461538456 45.30769230769231 0.019230769230769232 45.28846153846154 3.488240099977702
174000 0.5 0.00024620138494955214 35.20723963461538 0.2692307692307692 45.286538461538456 45.30769230769231 0.019230769230769232 45.28846153846154 3.708072500070557
176000 0.23076923076923078 -0.09603591587321157 36.23530565384615 0.21794871794871792 45.286538461538456 45.30769230769231 0.019230769230769232 45.28846153846154 4.057787199970335
178000 0.5 0.00017242645869088106 36.13743834615384 0.21153846153846154 45.286538461538456 45.30769230769231 0.019230769230769232 45.28846153846154 3.6284706000005826
180000 0.34615384615384615 0.00011837579596973995 36.4420588653846 0.22115384615384615 45.286538461538456 45.30769230769231 0.0 45.30769230769231 3.7169001000002027
182000 0.4423076923076923 -0.01911715819188857 36.30133290384615 0.2371794871794872 45.286538461538456 45.30769230769231 0.0 45.30769230769231 3.85309370001778
184000 0.5961538461538461 8.378224252907334e-05 36.0887540576923 0.24519230769230768 45.286538461538456 45.30769230769231 0.0 45.30769230769231 3.83247880009003
186000 0.5576923076923077 0.00019288262991994112 36.74971271153846 0.21153846153846154 45.286538461538456 45.30769230769231 0.0 45.30769230769231 3.828542400035076
188000 0.38461538461538464 0.00014211757543717578 36.52294348076923 0.21794871794871795 45.286538461538456 45.30769230769231 0.0 45.30769230769231 3.759497500024736
190000 0.23076923076923078 6.638575467779122e-05 37.21080886538461 0.12179487179487179 45.286538461538456 45.30769230769231 0.0 45.30769230769231 3.746931100031361
192000 0.36538461538461536 0.00014978967444222727 36.60054732692306 0.19871794871794873 45.286538461538456 45.30769230769231 0.019230769230769232 45.28846153846154 3.882895299931988
194000 0.40384615384615385 9.341503727867595e-05 37.244239634615376 0.18269230769230768 45.286538461538456 45.30769230769231 0.0 45.30769230769231 3.975590099929832
196000 0.4423076923076923 0.0001549164095154434 37.39890309615384 0.16346153846153846 45.286538461538456 45.30769230769231 0.0 45.30769230769231 3.8241961000021547
198000 0.4230769230769231 0.00018489348550621297 37.016002461538456 0.20833333333333331 45.286538461538456 45.30769230769231 0.0 45.30769230769231 3.6688882999587804
200000 0.6346153846153846 0.00011844915809302998 36.809114634615376 0.19871794871794873 45.286538461538456 45.30769230769231 0.0 45.30769230769231 3.593455799971707
202000 0.6923076923076923 0.00010657348923478042 36.68026848076922 0.1875 45.286538461538456 45.30769230769231 0.0 45.30769230769231 4.131687700049952
204000 0.8076923076923077 0.00021132068163654647 36.654691557692296 0.2003205128205128 45.286538461538456 45.30769230769231 0.0 45.30769230769231 3.7218973999843
206000 0.7307692307692307 0.00016418331264581826 36.36103771153846 0.203525641025641 45.286538461538456 45.30769230769231 0.0 45.30769230769231 3.775811499916017
208000 0.5384615384615384 0.0001678121432133459 36.70526848076922 0.1907051282051282 45.286538461538456 45.30769230769231 0.0 45.30769230769231 3.459287600009702
210000 0.21153846153846154 -0.15375070120481193 36.86512425 0.17467948717948717 45.286538461538456 45.30769230769231 0.0 45.30769230769231 3.5064188999822363
212000 0.25 -0.05763484583395462 36.604547326923075 0.17147435897435898 45.286538461538456 45.30769230769231 0.0 45.30769230769231 3.7920463000191376
214000 0.36538461538461536 -0.01908852112627794 36.45128963461538 0.17948717948717946 45.286538461538456 45.30769230769231 0.019230769230769232 45.28846153846154 3.8438000000314787
216000 0.34615384615384615 7.650556974154359e-05 36.51520309615384 0.21634615384615385 45.286538461538456 45.30769230769231 0.0 45.30769230769231 3.9217885000398383
218000 0.34615384615384615 8.280737376517243e-05 37.18306848076922 0.12980769230769232 45.286538461538456 45.30769230769231 0.0 45.30769230769231 3.678984500002116
220000 0.34615384615384615 8.202011361882086e-05 37.33316463461538 0.1298076923076923 45.286538461538456 45.30769230769231 0.0 45.30769230769231 3.9415787999751046
222000 0.4807692307692308 0.00020141238323903986 36.762460788461524 0.19711538461538458 45.286538461538456 45.30769230769231 0.0 45.30769230769231 3.883140300051309
224000 0.2692307692307692 7.912574693324404e-05 36.8195665576923 0.16666666666666663 45.286538461538456 45.30769230769231 0.0 45.30769230769231 4.111489000031725
226000 0.28846153846153844 8.918507748138644e-05 36.17718194230768 0.22435897435897434 45.286538461538456 45.30769230769231 0.0 45.30769230769231 3.5655160000314936
228000 0.2692307692307692 6.212623349921086e-05 36.278681942307685 0.18429487179487178 45.286538461538456 45.30769230769231 0.0 45.30769230769231 3.812342199962586
230000 0.3269230769230769 9.934891169056447e-05 36.49541271153845 0.20673076923076922 45.286538461538456 45.30769230769231 0.0 45.30769230769231 3.7384151000296697
232000 0.28846153846153844 8.466798790685289e-05 36.46329732692307 0.1875 45.286538461538456 45.30769230769231 0.019230769230769232 45.28846153846154 3.5516795999137685
234000 0.23076923076923078 7.918244809288303e-05 36.62823963461537 0.16346153846153846 45.286538461538456 45.30769230769231 0.019230769230769232 45.28846153846154 3.5260928999632597
236000 0.23076923076923078 0.00013267096289086433 36.77783771153845 0.13942307692307693 45.286538461538456 45.30769230769231 0.019230769230769232 45.28846153846154 3.806637500063516
238000 0.36538461538461536 0.00011772573111125788 36.721069769230766 0.1939102564102564 45.286538461538456 45.30769230769231 0.019230769230769232 45.28846153846154 3.9530730999540538
240000 0.21153846153846154 8.604090792902852e-05 37.2787415576923 0.16346153846153846 45.286538461538456 45.30769230769231 0.019230769230769232 45.28846153846154 3.967458999948576
242000 0.23076923076923078 0.00011123717718726824 37.311741557692294 0.20352564102564108 45.286538461538456 45.30769230769231 0.019230769230769232 45.28846153846154 3.60739880008623
244000 0.15384615384615385 0.00011490039794441868 37.2194915576923 0.18910256410256407 45.286538461538456 45.30769230769231 0.019230769230769232 45.28846153846154 3.492313400027342
246000 0.11538461538461539 8.36415813265839e-05 37.21239540384616 0.15544871794871792 45.286538461538456 45.30769230769231 0.019230769230769232 45.28846153846154 3.6807477000402287
248000 0.1346153846153846 8.591482158797395e-05 36.7722415576923 0.16025641025641024 45.286538461538456 45.30769230769231 0.019230769230769232 45.28846153846154 3.7031756000360474
250000 0.1346153846153846 0.00010135490304356502 36.79639540384614 0.15865384615384612 45.286538461538456 45.30769230769231 0.0 45.30769230769231 3.7218663999810815
252000 0.11538461538461539 7.985768217789403e-05 37.63715501923077 0.11858974358974358 45.286538461538456 45.30769230769231 0.0 45.30769230769231 3.8582924000220373
254000 0.1346153846153846 0.00010393147683822073 36.81612269230769 0.1362179487179487 45.286538461538456 45.30769230769231 0.0 45.30769230769231 3.832339399959892
256000 0.15384615384615385 0.00010208915108410454 36.83083032692306 0.1442307692307692 45.286538461538456 45.30769230769231 0.019230769230769232 45.28846153846154 3.811303099966608
258000 0.1346153846153846 4.006843600608758e-05 36.9188823076923 0.17307692307692307 45.286538461538456 45.30769230769231 0.019230769230769232 45.28846153846154 3.8021247999276966
260000 0.15384615384615385 -0.15380364926962195 37.18270261538462 0.12980769230769232 45.286538461538456 45.30769230769231 0.019230769230769232 45.28846153846154 3.78551260009408
262000 0.17307692307692307 7.407875485164388e-05 36.75183749999999 0.17147435897435898 45.286538461538456 45.30769230769231 0.0 45.30769230769231 3.9786192000610754
264000 0.15384615384615385 8.535241086483932e-05 36.75376057692307 0.17307692307692307 45.286538461538456 45.30769230769231 0.0 45.30769230769231 4.007595699978992
266000 0.1346153846153846 5.6142282582388e-05 37.16856473076921 0.16185897435897434 45.286538461538456 45.30769230769231 0.019230769230769232 45.28846153846154 3.799065800034441
268000 0.17307692307692307 6.090303011386581e-05 37.264784384615375 0.18589743589743593 45.286538461538456 45.30769230769231 0.0 45.30769230769231 3.3855286999605596
270000 0.21153846153846154 9.154952177840267e-05 36.764947615384614 0.18589743589743588 45.286538461538456 45.30769230769231 0.0 45.30769230769231 3.7714775999775156
272000 0.21153846153846154 0.00015421415673155166 37.08955503846154 0.18429487179487183 45.286538461538456 45.30769230769231 0.019230769230769232 45.28846153846154 3.7274364000186324
274000 0.21153846153846154 0.00011759877666936857 36.90981786538461 0.17628205128205127 45.286538461538456 45.30769230769231 0.019230769230769232 45.28846153846154 3.6947440000949427
276000 0.11538461538461539 5.937697973628228e-05 36.97950007692307 0.16346153846153846 45.286538461538456 45.30769230769231 0.019230769230769232 45.28846153846154 3.458179800072685
278000 0.23076923076923078 0.0001950783212562821 36.38806978846154 0.1778846153846154 45.286538461538456 45.30769230769231 0.019230769230769232 45.28846153846154 3.5725924000144005
280000 0.19230769230769232 5.509512235937837e-05 35.68108396153847 0.23237179487179488 45.286538461538456 45.30769230769231 0.0 45.30769230769231 3.7215926001081243
282000 0.40384615384615385 0.000144391415312536 35.30129228846154 0.28525641025641024 45.286538461538456 45.30769230769231 0.0 45.30769230769231 3.6140800999710336
284000 0.3076923076923077 0.00011992768174531824 35.61244613461538 0.25961538461538464 45.286538461538456 45.30769230769231 0.019230769230769232 45.28846153846154 3.5695072000380605
286000 0.3076923076923077 7.316837664561394e-05 35.93656528846154 0.23237179487179488 45.286538461538456 45.30769230769231 0.019230769230769232 45.28846153846154 3.8098522000946105
288000 0.19230769230769232 4.669224279549277e-05 36.205458884615375 0.23397435897435898 45.286538461538456 45.30769230769231 0.019230769230769232 45.28846153846154 3.8565023000119254
290000 0.40384615384615385 -0.11523730780280003 35.6144188076923 0.26442307692307687 45.286538461538456 45.30769230769231 0.0 45.30769230769231 3.631744800019078
292000 0.4807692307692308 0.00011808710646461273 34.98796636538461 0.27403846153846156 45.286538461538456 45.30769230769231 0.019230769230769232 45.28846153846154 3.851880499976687
294000 0.2692307692307692 7.962252978316558e-05 35.46406151923077 0.24999999999999997 45.286538461538456 45.30769230769231 0.019230769230769232 45.28846153846154 3.920889600063674
296000 0.2692307692307692 6.728408951790654e-05 35.80261726923077 0.22596153846153844 45.286538461538456 45.30769230769231 0.019230769230769232 45.28846153846154 4.204069199971855
298000 0.17307692307692307 4.211597883172294e-05 35.970880365384616 0.15705128205128205 45.286538461538456 45.30769230769231 0.019230769230769232 45.28846153846154 3.5824714000336826
300000 0.19230769230769232 3.289676755308127e-05 35.97148788461539 0.20032051282051283 45.286538461538456 45.30769230769231 0.019230769230769232 45.28846153846154 3.9409398999996483
302000 0.17307692307692307 4.270143053471906e-05 36.14162075 0.18589743589743588 45.286538461538456 45.30769230769231 0.019230769230769232 45.28846153846154 4.026548000052571
304000 0.15384615384615385 2.8954927009866416e-05 36.78950536538462 0.15384615384615383 45.286538461538456 45.30769230769231 0.019230769230769232 45.28846153846154 3.564298600074835
306000 0.17307692307692307 2.851667280996579e-05 36.08037715384615 0.1875 45.286538461538456 45.30769230769231 0.019230769230769232 45.28846153846154 3.674489599885419
308000 0.15384615384615385 7.070994675125057e-05 35.43760536538461 0.2692307692307693 45.286538461538456 45.30769230769231 0.019230769230769232 45.28846153846154 3.8432228999445215
310000 0.23076923076923078 -0.019104970197695335 33.85086357692307 0.33814102564102566 45.286538461538456 45.30769230769231 0.019230769230769232 45.28846153846154 3.747189600020647
312000 0.19230769230769232 9.047056587596072e-05 35.07735365384615 0.280448717948718 45.286538461538456 45.30769230769231 0.019230769230769232 45.28846153846154 3.6982401999412104
314000 0.15384615384615385 6.355540559690831e-05 36.69136084615384 0.20673076923076927 45.286538461538456 45.30769230769231 0.019230769230769232 45.28846153846154 3.8325120999943465
316000 0.17307692307692307 -0.07685029591438344 37.17622082692307 0.17307692307692307 45.286538461538456 45.30769230769231 0.019230769230769232 45.28846153846154 3.774171600001864
318000 0.17307692307692307 -0.07682216031011659 36.45918557692307 0.21474358974358973 45.286538461538456 45.30769230769231 0.019230769230769232 45.28846153846154 3.6620866999728605
320000 0.1346153846153846 -0.2691704721302115 36.10746559615386 0.24038461538461542 45.286538461538456 45.30769230769231 0.0 45.30769230769231 3.6000690000364557
322000 0.15384615384615385 -0.3461381627818374 36.920622961538456 0.1746794871794872 45.286538461538456 45.30769230769231 0.0 45.30769230769231 3.6629379999358207
324000 0.3076923076923077 -0.3460135829285366 36.515568480769225 0.264423076923077 45.286538461538456 45.30769230769231 0.0 45.30769230769231 3.4063324999297038
326000 0.36538461538461536 -0.32685019169469104 35.63871142307691 0.27243589743589747 45.286538461538456 45.30769230769231 0.0 45.30769230769231 3.5438001999864355
328000 0.21153846153846154 -0.5384440327226527 35.96701590384616 0.24679487179487183 45.286538461538456 45.30769230769231 0.0 45.30769230769231 3.101067200070247
330000 0.3269230769230769 -0.3460856834966987 33.85598546153847 0.4102564102564102 45.286538461538456 45.30769230769231 0.0 45.30769230769231 3.677372199948877
332000 0.3076923076923077 -0.6537883156468313 32.68755853846154 0.4391025641025641 45.286538461538456 45.30769230769231 0.019230769230769232 45.28846153846154 3.705802600015886
334000 0.28846153846153844 -0.67302484360215 32.65427769230769 0.45032051282051283 45.286538461538456 45.30769230769231 0.019230769230769232 45.28846153846154 3.658342400100082
336000 0.25 -0.8269045677627087 34.34591936538461 0.375 45.286538461538456 45.30769230769231 0.0 45.30769230769231 3.1866140000056475
338000 0.28846153846153844 -0.8653842006511108 34.54721519230768 0.33814102564102566 45.286538461538456 45.30769230769231 0.0 45.30769230769231 3.106151800020598
340000 0.2692307692307692 -0.48072755072760776 34.02889148076923 0.36538461538461536 45.286538461538456 45.30769230769231 0.019230769230769232 45.28846153846154 3.2774569999892265
342000 0.21153846153846154 -0.5575795828457903 34.663795326923065 0.3125 45.286538461538456 45.30769230769231 0.0 45.30769230769231 3.1337720999727026
344000 0.2692307692307692 -0.4422410209422181 33.82962769230768 0.3525641025641026 45.286538461538456 45.30769230769231 0.019230769230769232 45.28846153846154 3.6816222000634298
346000 0.3076923076923077 -0.24992215444776525 33.793212865384604 0.40224358974358976 45.286538461538456 45.30769230769231 0.019230769230769232 45.28846153846154 3.446566200000234
348000 0.1346153846153846 -0.34611311104034787 36.64182296153845 0.20993589743589738 45.286538461538456 45.30769230769231 0.0 45.30769230769231 3.3094846999738365
350000 0.1346153846153846 -0.42299411150858546 36.657858057692295 0.20192307692307696 45.286538461538456 45.30769230769231 0.0 45.30769230769231 3.3468248000135645
352000 0.17307692307692307 -0.5384415205713367 36.08554563461537 0.23717948717948723 45.286538461538456 45.30769230769231 0.0 45.30769230769231 3.3877206000033766
354000 0.17307692307692307 -0.2692018886430383 34.706812384615375 0.296474358974359 45.286538461538456 45.30769230769231 0.0 45.30769230769231 3.485930100083351
356000 0.23076923076923078 -0.2691520075015728 34.049489634615384 0.3173076923076923 45.286538461538456 45.30769230769231 0.0 45.30769230769231 3.6133701999206096
358000 0.17307692307692307 -0.1730140472002777 33.130918961538455 0.4182692307692308 45.286538461538456 45.30769230769231 0.019230769230769232 45.28846153846154 3.376472800038755
360000 0.38461538461538464 -0.07678325502531858 33.07495276923076 0.3798076923076923 45.286538461538456 45.30769230769231 0.019230769230769232 45.28846153846154 3.639165199943818
362000 0.6153846153846154 0.00029905333105614373 32.88952969230769 0.40865384615384615 45.286538461538456 45.30769230769231 0.019230769230769232 45.28846153846154 3.500088099972345
364000 0.8269230769230769 -0.03811557093673009 31.46927809615384 0.46634615384615385 45.286538461538456 45.30769230769231 0.019230769230769232 45.28846153846154 4.043536999961361
366000 1.3269230769230769 -0.09567000670042489 32.00012584615384 0.49358974358974356 45.286538461538456 45.30769230769231 0.019230769230769232 45.28846153846154 3.8543046000413597
368000 1.1346153846153846 -0.018791538250145564 32.287159269230756 0.45673076923076916 45.286538461538456 45.30769230769231 0.0 45.30769230769231 3.6605226000538096
370000 0.9807692307692307 -0.07651043069050253 32.871820557692295 0.43589743589743585 45.286538461538456 45.30769230769231 0.019230769230769232 45.28846153846154 3.8084277999587357
372000 1.0576923076923077 0.00038198418260804916 32.11886944230769 0.4487179487179487 45.286538461538456 45.30769230769231 0.019230769230769232 45.28846153846154 3.5616135000018403
374000 0.9615384615384616 -0.03805381696760747 31.79973482692308 0.45512820512820507 45.286538461538456 45.30769230769231 0.019230769230769232 45.28846153846154 3.8452657000161707
376000 1.4807692307692308 0.0005476415356659261 31.567607980769232 0.4887820512820513 45.286538461538456 45.30769230769231 0.0 45.30769230769231 3.9026539999758825
378000 0.9230769230769231 0.0003055975168232012 32.828701173076915 0.45512820512820507 45.286538461538456 45.30769230769231 0.0 45.30769230769231 3.9191870999056846
380000 1.0192307692307692 0.0004457638237802596 31.623282903846153 0.4583333333333333 45.286538461538456 45.30769230769231 0.019230769230769232 45.28846153846154 3.669319499982521
382000 1.0384615384615385 0.0003805107933261371 32.01266751923077 0.44070512820512814 45.286538461538456 45.30769230769231 0.0 45.30769230769231 4.100933500099927
384000 0.9230769230769231 0.00028571149184872116 32.60497521153846 0.4118589743589744 45.286538461538456 45.30769230769231 0.0 45.30769230769231 3.774287100066431
386000 0.7115384615384616 0.0003697410701234116 33.53775886538461 0.4006410256410256 45.286538461538456 45.30769230769231 0.0 45.30769230769231 4.037128099938855
388000 0.6538461538461539 0.00044170005343161943 33.89742392307692 0.3525641025641026 45.286538461538456 45.30769230769231 0.019230769230769232 45.28846153846154 3.6745399000355974
390000 0.9615384615384616 0.0004604542671994323 32.76227007692307 0.4006410256410256 45.286538461538456 45.30769230769231 0.019230769230769232 45.28846153846154 3.8992671000305563
392000 0.8269230769230769 -0.0186929883599418 33.15207776923076 0.3621794871794872 45.286538461538456 45.30769230769231 0.019230769230769232 45.28846153846154 3.5955632999539375
394000 0.5576923076923077 -0.03816283419492632 34.166981615384614 0.3733974358974359 45.286538461538456 45.30769230769231 0.0 45.30769230769231 3.4995323000475764
396000 0.38461538461538464 0.00018447866429079646 34.649705980769234 0.3621794871794872 45.286538461538456 45.30769230769231 0.0 45.30769230769231 3.6332263000076637
398000 0.3269230769230769 -0.01904747185021572 35.012847 0.3301282051282052 45.286538461538456 45.30769230769231 0.0 45.30769230769231 3.3720502000069246
400000 0.2692307692307692 0.00020710311133789646 35.58661944230769 0.3060897435897436 45.286538461538456 45.30769230769231 0.0 45.30769230769231 3.801929400069639
402000 0.4423076923076923 0.0002519806645880256 35.06305694230768 0.3701923076923077 45.286538461538456 45.30769230769231 0.0 45.30769230769231 3.508821800001897
404000 0.40384615384615385 -0.019082053486075393 35.24076367307692 0.35096153846153844 45.286538461538456 45.30769230769231 0.0 45.30769230769231 3.8743480999255553
406000 0.4423076923076923 0.00015430260333832373 35.275633865384606 0.32532051282051283 45.286538461538456 45.30769230769231 0.0 45.30769230769231 3.8181419000029564
408000 0.4423076923076923 0.0001449847706737563 35.25265309615384 0.3285256410256411 45.286538461538456 45.30769230769231 0.0 45.30769230769231 3.746021999977529
410000 0.4423076923076923 0.00017881255903699935 35.45223642307691 0.3253205128205129 45.286538461538456 45.30769230769231 0.0 45.30769230769231 3.764906600001268
412000 0.4230769230769231 0.00017131505394717727 35.16505853846153 0.35096153846153844 45.286538461538456 45.30769230769231 0.0 45.30769230769231 3.9813312999904156
414000 0.4807692307692308 0.00018934530596386058 35.08044315384614 0.34134615384615385 45.286538461538456 45.30769230769231 0.0 45.30769230769231 3.927616500062868
416000 0.46153846153846156 0.0001821254100679071 34.873784499999985 0.3493589743589744 45.286538461538456 45.30769230769231 0.0 45.30769230769231 3.8227267999900505
418000 0.6153846153846154 0.0001762246165053977 34.62892232692306 0.3733974358974359 45.286538461538456 45.30769230769231 0.0 45.30769230769231 3.927089500008151
420000 0.6153846153846154 0.0002791406560545462 34.372318153846145 0.3942307692307692 45.286538461538456 45.30769230769231 0.0 45.30769230769231 3.6215555999660864
422000 0.5769230769230769 0.0002212593559357317 34.6210040576923 0.38461538461538464 45.286538461538456 45.30769230769231 0.0 45.30769230769231 3.5255057000322267
424000 0.5576923076923077 0.00022937056061064217 34.64460021153845 0.37660256410256415 45.286538461538456 45.30769230769231 0.0 45.30769230769231 3.603073799982667
426000 0.6346153846153846 0.0001622715200359244 34.653407903846144 0.3605769230769231 45.286538461538456 45.30769230769231 0.0 45.30769230769231 3.9851954000769183
428000 0.4230769230769231 0.00014090921670723483 35.21766751923076 0.2932692307692308 45.286538461538456 45.30769230769231 0.0 45.30769230769231 3.9933818000135943
430000 0.5192307692307693 0.00012415872097831896 34.55624444230768 0.3557692307692308 45.286538461538456 45.30769230769231 0.0 45.30769230769231 3.8827734999358654
432000 0.38461538461538464 -0.019063122721222146 35.31549740384614 0.2772435897435898 45.286538461538456 45.30769230769231 0.0 45.30769230769231 3.8890990000218153
434000 0.46153846153846156 -0.019114831337152176 34.89223803846152 0.28525641025641024 45.286538461538456 45.30769230769231 0.0 45.30769230769231 3.6343712999951094
436000 0.6538461538461539 -0.01905157522204289 34.487276499999986 0.35256410256410253 45.286538461538456 45.30769230769231 0.0 45.30769230769231 3.963861099909991
438000 0.5384615384615384 -0.019030506051611707 34.9487540576923 0.31410256410256415 45.286538461538456 45.30769230769231 0.0 45.30769230769231 3.6457799000199884
440000 0.4230769230769231 0.00020159168963942918 35.405715596153826 0.2868589743589744 45.286538461538456 45.30769230769231 0.0 45.30769230769231 3.840012500062585
442000 0.4230769230769231 0.00011230871106738201 35.23030213461537 0.33333333333333337 45.286538461538456 45.30769230769231 0.0 45.30769230769231 3.611797200050205
444000 0.5576923076923077 0.0001399329270579501 34.927071365384606 0.3333333333333333 45.286538461538456 45.30769230769231 0.0 45.30769230769231 3.504683000035584
446000 0.5961538461538461 0.0001624140685424646 34.859148288461526 0.3349358974358975 45.286538461538456 45.30769230769231 0.0 45.30769230769231 3.3928196999477223
448000 0.6730769230769231 0.00032606866356002024 34.79909059615383 0.30929487179487186 45.286538461538456 45.30769230769231 0.0 45.30769230769231 3.3221978000365198
450000 0.6346153846153846 0.0002487081295073305 34.825090596153835 0.3076923076923077 45.286538461538456 45.30769230769231 0.0 45.30769230769231 2.914579699980095
452000 0.6923076923076923 0.0003207130907544479 34.633052134615376 0.3525641025641026 45.286538461538456 45.30769230769231 0.0 45.30769230769231 2.9838432000251487
454000 0.7692307692307693 0.00021029338869050886 34.34266751923076 0.38782051282051283 45.286538461538456 45.30769230769231 0.0 45.30769230769231 2.6008599000051618
456000 0.7307692307692307 0.00021431342560571416 34.15310021153846 0.37179487179487186 45.286538461538456 45.30769230769231 0.0 45.30769230769231 2.766015400062315
458000 0.7692307692307693 0.00023564257181951304 34.10156174999999 0.3669871794871795 45.286538461538456 45.30769230769231 0.0 45.30769230769231 2.572311400086619
460000 0.9038461538461539 0.00028840443665994504 34.078484826923074 0.3669871794871795 45.286538461538456 45.30769230769231 0.0 45.30769230769231 2.68517970002722
462000 0.8076923076923077 0.00030058023419027644 34.37689828846153 0.3541666666666667 45.286538461538456 45.30769230769231 0.0 45.30769230769231 2.5994189999764785
464000 0.75 0.0003867135831676131 34.46535982692307 0.35096153846153844 45.286538461538456 45.30769230769231 0.0 45.30769230769231 3.2450796000193805
466000 0.6730769230769231 0.0003351477890465339 34.53651367307691 0.3557692307692308 45.286538461538456 45.30769230769231 0.0 45.30769230769231 2.611161999986507
468000 0.7115384615384616 0.00033998478935956614 34.78651367307692 0.3605769230769231 45.286538461538456 45.30769230769231 0.0 45.30769230769231 2.709115100093186
470000 0.7307692307692307 0.00035600672641500765 34.67920598076922 0.3557692307692308 45.286538461538456 45.30769230769231 0.0 45.30769230769231 2.894809899968095
472000 0.6730769230769231 0.0002801200658972013 34.742282903846146 0.3605769230769231 45.286538461538456 45.30769230769231 0.0 45.30769230769231 2.5011554000666365
474000 0.6923076923076923 0.000274578775366837 34.75189828846153 0.3605769230769231 45.286538461538456 45.30769230769231 0.0 45.30769230769231 2.3861830999376252
476000 0.5769230769230769 0.0002598754067197738 34.884052134615374 0.3349358974358974 45.286538461538456 45.30769230769231 0.0 45.30769230769231 1.8782170000486076
478000 0.6923076923076923 0.00027720696453879167 34.790744442307684 0.36217948717948717 45.286538461538456 45.30769230769231 0.0 45.30769230769231 1.868490400025621
480000 0.5384615384615384 0.00022556130640594962 35.11520598076922 0.33333333333333337 45.286538461538456 45.30769230769231 0.0 45.30769230769231 1.9165677999844775
482000 0.6346153846153846 0.00022109677824388315 34.81866751923076 0.358974358974359 45.286538461538456 45.30769230769231 0.0 45.30769230769231 1.94254479999654
484000 0.6923076923076923 0.00024686152466857965 34.844590596153836 0.35737179487179493 45.286538461538456 45.30769230769231 0.0 45.30769230769231 1.6818099999800324
486000 0.6923076923076923 0.00028575809202239166 34.87635982692307 0.33653846153846156 45.286538461538456 45.30769230769231 0.0 45.30769230769231 1.732989399926737
488000 0.7692307692307693 0.00028454314962172327 34.5125713653846 0.37179487179487186 45.286538461538456 45.30769230769231 0.0 45.30769230769231 1.7432829999597743
490000 0.7692307692307693 0.00026373741910633655 34.458802134615375 0.3669871794871795 45.286538461538456 45.30769230769231 0.0 45.30769230769231 1.7666206000139937
492000 0.7692307692307693 0.0002805851896747045 34.4419463653846 0.3669871794871795 45.286538461538456 45.30769230769231 0.0 45.30769230769231 1.8223486000206321
494000 0.75 0.0001562516371058018 34.22865790384615 0.38782051282051283 45.286538461538456 45.30769230769231 0.019230769230769232 45.28846153846154 1.9020607999991626
496000 0.6730769230769231 0.00014495652796881392 34.27915790384615 0.36858974358974356 45.286538461538456 45.30769230769231 0.0 45.30769230769231 1.584482099977322
498000 0.6730769230769231 0.00013773958711795034 34.31185021153846 0.37179487179487186 45.286538461538456 45.30769230769231 0.0 45.30769230769231 1.5792614999227226
500000 0.6153846153846154 9.688249015348484e-05 34.491802134615384 0.34615384615384615 45.286538461538456 45.30769230769231 0.0 45.30769230769231 1.4787480001104996
