2000 5.076923076923077 -0.018024450941919398 98.46153846153847 0.31089743589743585 135.8653846153846 45.28846153846154 1.6153846153846154 43.67307692307692 1.2700428999960423
4000 5.211538461538462 0.001960229962486384 106.4423076923077 0.1955128205128205 135.8653846153846 45.28846153846154 1.1153846153846154 44.17307692307692 1.2301279999956023
6000 1.6153846153846154 0.00041689882072912774 106.88461538461539 0.15705128205128205 135.8653846153846 45.28846153846154 1.1153846153846154 44.17307692307692 1.282677800001693
8000 2.3076923076923075 0.0003068787956797881 106.59615384615384 0.20512820512820512 135.8653846153846 45.28846153846154 1.1538461538461537 44.13461538461539 1.243895399995381
10000 3.480769230769231 0.0008407768090001826 104.9423076923077 0.15544871794871792 135.8653846153846 45.28846153846154 1.1153846153846154 44.17307692307692 1.2022452000019257
12000 2.519230769230769 0.00013928523136000158 104.75 0.18910256410256407 135.8653846153846 45.28846153846154 1.1153846153846154 44.17307692307692 1.2866827999969246
14000 1.6346153846153846 0.00017458717604828928 107.53846153846153 0.14583333333333334 135.8653846153846 45.28846153846154 1.1153846153846154 44.17307692307692 1.2967325999998138
16000 1.5 0.00020969777053104016 107.84615384615384 0.15865384615384615 135.8653846153846 45.28846153846154 1.2692307692307692 44.01923076923077 1.3067878000001656
18000 1.3846153846153846 0.0003585522968797755 109.25 0.16666666666666669 135.8653846153846 45.28846153846154 1.1153846153846154 44.17307692307692 1.443903200000932
20000 2.0576923076923075 0.0005371655198548146 107.61538461538461 0.18429487179487178 135.8653846153846 45.28846153846154 1.3846153846153846 43.90384615384615 1.3380063000004156
22000 3.1153846153846154 0.0006923170932482062 103.9423076923077 0.25641025641025644 135.8653846153846 45.28846153846154 1.9230769230769231 43.36538461538461 1.3919358999992255
24000 2.0 0.00023404725980043266 107.15384615384616 0.21634615384615385 135.8653846153846 45.28846153846154 1.1153846153846154 44.17307692307692 1.4610374000039883
26000 2.1346153846153846 0.00040250612988299223 106.98076923076923 0.2435897435897436 135.8653846153846 45.28846153846154 1.1538461538461537 44.13461538461539 1.715748300004634
28000 3.75 0.0006499130205662139 104.75 0.2387820512820513 135.8653846153846 45.28846153846154 1.1153846153846154 44.17307692307692 1.7212691999957315
30000 1.9423076923076923 0.000304613240411601 107.71153846153847 0.19551282051282046 135.8653846153846 45.28846153846154 1.1346153846153846 44.15384615384615 1.8631409000008716
32000 2.423076923076923 0.0004665428434866018 107.75 0.21474358974358973 135.8653846153846 45.28846153846154 1.1153846153846154 44.17307692307692 1.8411179000031552
34000 2.923076923076923 0.00080400969713428 105.8076923076923 0.2596153846153846 135.8653846153846 45.28846153846154 1.1153846153846154 44.17307692307692 1.790274099999806
36000 3.326923076923077 0.0007031430179183026 106.23076923076923 0.22596153846153844 135.8653846153846 45.28846153846154 1.7884615384615385 43.5 1.7920655999987503
38000 3.9615384615384617 0.0012274850422876351 105.38461538461539 0.20512820512820512 135.8653846153846 45.28846153846154 1.1346153846153846 44.15384615384615 2.0023731000037515
40000 4.230769230769231 0.0008963787820602969 105.65384615384616 0.2131410256410256 135.8653846153846 45.28846153846154 1.4615384615384615 43.82692307692308 1.8136295000003884
42000 2.6538461538461537 0.00033291696563742586 106.42307692307692 0.21634615384615385 135.8653846153846 45.28846153846154 1.1153846153846154 44.17307692307692 1.8267474000022048
44000 2.9615384615384617 0.000495392776322451 106.07692307692308 0.203525641025641 135.8653846153846 45.28846153846154 1.1153846153846154 44.17307692307692 1.972089800001413
46000 2.5961538461538463 0.0005691067015634438 106.90384615384616 0.203525641025641 135.8653846153846 45.28846153846154 1.1153846153846154 44.17307692307692 1.873160100003588
48000 3.0 0.0005179862370720317 107.5 0.1490384615384615 135.8653846153846 45.28846153846154 2.326923076923077 42.96153846153846 1.7762521000040579
50000 4.096153846153846 0.0006634904691396799 104.07692307692308 0.23237179487179485 135.8653846153846 45.28846153846154 3.076923076923077 42.21153846153846 1.9576967999964836
52000 4.269230769230769 0.0008361589780187504 104.28846153846153 0.2532051282051282 135.8653846153846 45.28846153846154 2.269230769230769 43.01923076923077 1.8074726999984705
54000 5.480769230769231 0.0012258247233755892 101.57692307692308 0.27884615384615385 135.8653846153846 45.28846153846154 2.076923076923077 43.21153846153846 1.6628308000072138
56000 8.0 0.002755304566427238 97.51923076923077 0.3669871794871795 135.8653846153846 45.28846153846154 1.1153846153846154 44.17307692307692 1.747558700000809
58000 24.423076923076923 0.003032738591845617 88.11538461538461 0.4471153846153847 135.8653846153846 45.28846153846154 1.1153846153846154 44.17307692307692 1.746915000003355
60000 22.21153846153846 0.0031798500720819165 87.5 0.483974358974359 135.8653846153846 45.28846153846154 1.1153846153846154 44.17307692307692 1.746806100003596
62000 27.596153846153847 0.005888115776028635 87.88461538461539 0.4471153846153847 135.8653846153846 45.28846153846154 1.1153846153846154 44.17307692307692 1.7759911000030115
64000 25.346153846153847 0.009002337791263016 90.98076923076923 0.42307692307692313 135.8653846153846 45.28846153846154 1.1153846153846154 44.17307692307692 1.6616024999966612
66000 84.38461538461539 0.016009874405762865 75.75 0.5673076923076923 135.8653846153846 45.28846153846154 1.1153846153846154 44.17307692307692 1.6692860999974073
68000 72.9423076923077 0.013996586681995434 76.38461538461539 0.5272435897435898 135.8653846153846 45.28846153846154 1.4615384615384615 43.82692307692308 1.6830157000003965
70000 77.67307692307692 0.019653406552651784 78.98076923076923 0.4823717948717948 135.8653846153846 45.28846153846154 1.1153846153846154 44.17307692307692 1.7850772999954643
72000 114.15384615384616 0.023423061287917973 69.98076923076923 0.6121794871794872 135.8653846153846 45.28846153846154 1.1153846153846154 44.17307692307692 1.706148299999768
74000 158.17307692307693 0.03609066113983973 65.65384615384616 0.6730769230769231 135.8653846153846 45.28846153846154 1.1153846153846154 44.17307692307692 1.8220587000032538
76000 196.73076923076923 0.056601478760685546 64.21153846153847 0.6891025641025641 135.8653846153846 45.28846153846154 2.6346153846153846 42.65384615384615 1.8011001999984728
78000 213.25 0.05845106616103271 63.61538461538461 0.6939102564102565 135.8653846153846 45.28846153846154 3.25 42.03846153846154 1.6929452999975183
80000 213.25 0.05881026309064587 63.61538461538461 0.6939102564102565 135.8653846153846 45.28846153846154 3.25 42.03846153846154 1.6586448999951244
82000 254.05769230769232 0.05484955323423375 63.69230769230769 0.6810897435897437 135.8653846153846 45.28846153846154 4.865384615384615 40.42307692307692 1.7490381000025081
84000 257.5576923076923 0.055585081224818304 63.38461538461539 0.6923076923076923 135.8653846153846 45.28846153846154 4.865384615384615 40.42307692307692 1.6710738000037964
86000 217.59615384615384 0.04711527879999981 62.88461538461539 0.6987179487179488 135.8653846153846 45.28846153846154 3.4038461538461537 41.88461538461539 1.6899357000002055
88000 224.51923076923077 0.048022649613905864 62.59615384615385 0.6939102564102565 135.8653846153846 45.28846153846154 3.6346153846153846 41.65384615384615 1.7601552000051015
90000 182.51923076923077 0.022554264209323216 63.40384615384615 0.6826923076923077 135.8653846153846 45.28846153846154 2.076923076923077 43.21153846153846 1.7267770000034943
92000 174.55769230769232 0.02034066946299993 65.65384615384616 0.669871794871795 135.8653846153846 45.28846153846154 2.0576923076923075 43.23076923076923 1.783324600000924
94000 169.42307692307693 0.020159287358764964 67.34615384615384 0.6009615384615384 135.8653846153846 45.28846153846154 2.173076923076923 43.11538461538461 1.6373117999974056
96000 416.40384615384613 0.1311761956473313 58.80769230769231 0.6586538461538461 135.8653846153846 45.28846153846154 9.807692307692308 35.48076923076923 1.6971790999959921
98000 367.34615384615387 0.10453365484079459 62.07692307692308 0.6362179487179488 135.8653846153846 45.28846153846154 7.576923076923077 37.71153846153846 1.7267825999952038
100000 469.03846153846155 0.14222011061348963 58.90384615384615 0.6650641025641026 135.8653846153846 45.28846153846154 9.807692307692308 35.48076923076923 1.6459194000053685
102000 422.5192307692308 0.13618112403591462 60.86538461538461 0.6298076923076923 135.8653846153846 45.28846153846154 10.51923076923077 34.76923076923077 1.6242169000033755
104000 428.21153846153845 0.1369449267837174 60.90384615384615 0.6554487179487178 135.8653846153846 45.28846153846154 10.365384615384615 34.92307692307692 1.7528093000000808
106000 444.3076923076923 0.14138010628167946 60.13461538461539 0.6618589743589745 135.8653846153846 45.28846153846154 10.01923076923077 35.26923076923077 1.7228485999949044
108000 577.1923076923077 0.16065190115794156 60.15384615384615 0.6506410256410255 135.8653846153846 45.28846153846154 12.51923076923077 32.76923076923077 1.9020190000010189
110000 580.3461538461538 0.16235906813471798 60.25 0.6506410256410255 135.8653846153846 45.28846153846154 12.51923076923077 32.76923076923077 1.8620687000002363
112000 583.0384615384615 0.1675753457382797 60.55769230769231 0.6506410256410255 135.8653846153846 45.28846153846154 12.51923076923077 32.76923076923077 1.7980564999961643
114000 612.5192307692307 0.19822490855952657 60.28846153846154 0.6506410256410255 135.8653846153846 45.28846153846154 13.788461538461538 31.5 1.705596500003594
116000 612.5192307692307 0.19822490855952657 60.28846153846154 0.6506410256410255 135.8653846153846 45.28846153846154 13.788461538461538 31.5 1.6713042000046698
118000 612.5192307692307 0.19569791451530916 60.28846153846154 0.6506410256410255 135.8653846153846 45.28846153846154 13.788461538461538 31.5 1.6690751999994973
120000 758.0961538461538 0.25285362819143015 58.57692307692308 0.6650641025641026 135.8653846153846 45.28846153846154 15.961538461538462 29.326923076923077 1.695723499993619
122000 775.5576923076923 0.2584097826592149 58.21153846153846 0.6746794871794872 135.8653846153846 45.28846153846154 15.903846153846153 29.384615384615383 1.723808499998995
124000 786.4038461538462 0.2598791834707735 58.09615384615385 0.6746794871794872 135.8653846153846 45.28846153846154 15.942307692307692 29.346153846153847 1.7006280999994488
126000 786.4038461538462 0.2598791834707735 58.09615384615385 0.6746794871794872 135.8653846153846 45.28846153846154 15.942307692307692 29.346153846153847 1.664647600002354
128000 786.4038461538462 0.2598791834707735 58.09615384615385 0.6746794871794872 135.8653846153846 45.28846153846154 15.942307692307692 29.346153846153847 1.7141239999982645
130000 784.4230769230769 0.2552753841485583 58.30769230769231 0.6810897435897437 135.8653846153846 45.28846153846154 15.384615384615385 29.903846153846153 1.6832744999992428
132000 784.4230769230769 0.2552753841485583 58.30769230769231 0.6810897435897437 135.8653846153846 45.28846153846154 15.384615384615385 29.903846153846153 1.7109923000025447
134000 784.4230769230769 0.2552753841485583 58.30769230769231 0.6810897435897437 135.8653846153846 45.28846153846154 15.384615384615385 29.903846153846153 1.6385580999995
136000 784.4230769230769 0.2552753841485583 58.30769230769231 0.6810897435897437 135.8653846153846 45.28846153846154 15.384615384615385 29.903846153846153 1.64138549999916
138000 784.4230769230769 0.2552753841485583 58.30769230769231 0.6810897435897437 135.8653846153846 45.28846153846154 15.384615384615385 29.903846153846153 1.6697459000060917
140000 784.4230769230769 0.2552753841485583 58.30769230769231 0.6810897435897437 135.8653846153846 45.28846153846154 15.384615384615385 29.903846153846153 1.6173256999973091
142000 784.4230769230769 0.2552753841485583 58.30769230769231 0.6810897435897437 135.8653846153846 45.28846153846154 15.384615384615385 29.903846153846153 1.7302368999953615
144000 784.4230769230769 0.2564046699122777 58.30769230769231 0.6810897435897437 135.8653846153846 45.28846153846154 15.384615384615385 29.903846153846153 1.8496999999988475
146000 784.4230769230769 0.2587344283842663 58.30769230769231 0.6810897435897437 135.8653846153846 45.28846153846154 15.384615384615385 29.903846153846153 1.8028472000005422
148000 784.4230769230769 0.2552753841485583 58.30769230769231 0.6810897435897437 135.8653846153846 45.28846153846154 15.384615384615385 29.903846153846153 1.7495018000045093
150000 784.4230769230769 0.2552753841485583 58.30769230769231 0.6810897435897437 135.8653846153846 45.28846153846154 15.384615384615385 29.903846153846153 1.8273103999963496
152000 784.4230769230769 0.2552753841485583 58.30769230769231 0.6810897435897437 135.8653846153846 45.28846153846154 15.384615384615385 29.903846153846153 1.6995788999993238
154000 784.4230769230769 0.2552753841485583 58.30769230769231 0.6810897435897437 135.8653846153846 45.28846153846154 15.384615384615385 29.903846153846153 1.6869065999999293
156000 784.4230769230769 0.2552753841485583 58.30769230769231 0.6810897435897437 135.8653846153846 45.28846153846154 15.384615384615385 29.903846153846153 1.7894834999970044
158000 784.4230769230769 0.2552753841485583 58.30769230769231 0.6810897435897437 135.8653846153846 45.28846153846154 15.384615384615385 29.903846153846153 1.7047277000019676
160000 784.4230769230769 0.2552753841485583 58.30769230769231 0.6810897435897437 135.8653846153846 45.28846153846154 15.384615384615385 29.903846153846153 1.6513021999999182
162000 784.4230769230769 0.2552753841485583 58.30769230769231 0.6810897435897437 135.8653846153846 45.28846153846154 15.384615384615385 29.903846153846153 1.8157257999991998
164000 784.4230769230769 0.2552753841485583 58.30769230769231 0.6810897435897437 135.8653846153846 45.28846153846154 15.384615384615385 29.903846153846153 1.8121902999992017
166000 784.4230769230769 0.2552753841485583 58.30769230769231 0.6810897435897437 135.8653846153846 45.28846153846154 15.384615384615385 29.903846153846153 1.656171299997368
168000 784.4230769230769 0.2552753841485583 58.30769230769231 0.6810897435897437 135.8653846153846 45.28846153846154 15.384615384615385 29.903846153846153 1.6762798999989172
170000 784.4230769230769 0.2552753841485583 58.30769230769231 0.6810897435897437 135.8653846153846 45.28846153846154 15.384615384615385 29.903846153846153 1.7072297999984585
172000 784.4230769230769 0.2552753841485583 58.30769230769231 0.6810897435897437 135.8653846153846 45.28846153846154 15.384615384615385 29.903846153846153 1.709102900000289
174000 784.4230769230769 0.2552753841485583 58.30769230769231 0.6810897435897437 135.8653846153846 45.28846153846154 15.384615384615385 29.903846153846153 1.8197495999993407
176000 784.4230769230769 0.2552753841485583 58.30769230769231 0.6810897435897437 135.8653846153846 45.28846153846154 15.384615384615385 29.903846153846153 1.854751300001226
178000 784.4230769230769 0.2563441628349856 58.30769230769231 0.6810897435897437 135.8653846153846 45.28846153846154 15.384615384615385 29.903846153846153 1.7335496000014246
180000 784.4230769230769 0.2563441628349856 58.30769230769231 0.6810897435897437 135.8653846153846 45.28846153846154 15.384615384615385 29.903846153846153 1.819422400003532
182000 784.4230769230769 0.2576051426205469 58.30769230769231 0.6810897435897437 135.8653846153846 45.28846153846154 15.384615384615385 29.903846153846153 1.8273727999985567
184000 784.4230769230769 0.2576051426205469 58.30769230769231 0.6810897435897437 135.8653846153846 45.28846153846154 15.384615384615385 29.903846153846153 1.7138890999995056
186000 784.4230769230769 0.2576051426205469 58.30769230769231 0.6810897435897437 135.8653846153846 45.28846153846154 15.384615384615385 29.903846153846153 1.8215192999996361
188000 784.4230769230769 0.2552753841485583 58.30769230769231 0.6810897435897437 135.8653846153846 45.28846153846154 15.384615384615385 29.903846153846153 1.8075915000008536
190000 784.4230769230769 0.2563441628349856 58.30769230769231 0.6810897435897437 135.8653846153846 45.28846153846154 15.384615384615385 29.903846153846153 1.6500537999963854
192000 784.4230769230769 0.2563441628349856 58.30769230769231 0.6810897435897437 135.8653846153846 45.28846153846154 15.384615384615385 29.903846153846153 1.8745907999982592
194000 784.4230769230769 0.2576051426205469 58.30769230769231 0.6810897435897437 135.8653846153846 45.28846153846154 15.384615384615385 29.903846153846153 1.7224466999978176
196000 784.4230769230769 0.2552753841485583 58.30769230769231 0.6810897435897437 135.8653846153846 45.28846153846154 15.384615384615385 29.903846153846153 1.8184223999996902
198000 784.4230769230769 0.2552753841485583 58.30769230769231 0.6810897435897437 135.8653846153846 45.28846153846154 15.384615384615385 29.903846153846153 1.7174917000011192
200000 784.4230769230769 0.2552753841485583 58.30769230769231 0.6810897435897437 135.8653846153846 45.28846153846154 15.384615384615385 29.903846153846153 1.7307566000017687
202000 784.4230769230769 0.2552753841485583 58.30769230769231 0.6810897435897437 135.8653846153846 45.28846153846154 15.384615384615385 29.903846153846153 1.7377550000019255
204000 784.4230769230769 0.2552753841485583 58.30769230769231 0.6810897435897437 135.8653846153846 45.28846153846154 15.384615384615385 29.903846153846153 1.7364326999959303
206000 784.4230769230769 0.2552753841485583 58.30769230769231 0.6810897435897437 135.8653846153846 45.28846153846154 15.384615384615385 29.903846153846153 1.6791898000010406
208000 784.4230769230769 0.2552753841485583 58.30769230769231 0.6810897435897437 135.8653846153846 45.28846153846154 15.384615384615385 29.903846153846153 1.7356396000031964
210000 784.4230769230769 0.2552753841485583 58.30769230769231 0.6810897435897437 135.8653846153846 45.28846153846154 15.384615384615385 29.903846153846153 1.7071252000023378
212000 784.4230769230769 0.2552753841485583 58.30769230769231 0.6810897435897437 135.8653846153846 45.28846153846154 15.384615384615385 29.903846153846153 1.8764242000033846
214000 784.4230769230769 0.2552753841485583 58.30769230769231 0.6810897435897437 135.8653846153846 45.28846153846154 15.384615384615385 29.903846153846153 1.7991869000034058
216000 784.4230769230769 0.2552753841485583 58.30769230769231 0.6810897435897437 135.8653846153846 45.28846153846154 15.384615384615385 29.903846153846153 1.7706978999995044
218000 784.4230769230769 0.2587344283842663 58.30769230769231 0.6810897435897437 135.8653846153846 45.28846153846154 15.384615384615385 29.903846153846153 1.7615843000021414
220000 784.4230769230769 0.2552753841485583 58.30769230769231 0.6810897435897437 135.8653846153846 45.28846153846154 15.384615384615385 29.903846153846153 1.6944036999993841
222000 784.4230769230769 0.2563441628349856 58.30769230769231 0.6810897435897437 135.8653846153846 45.28846153846154 15.384615384615385 29.903846153846153 1.852265300003637
224000 784.4230769230769 0.26047812589112096 58.30769230769231 0.6810897435897437 135.8653846153846 45.28846153846154 15.384615384615385 29.903846153846153 1.7778209999960382
226000 784.4230769230769 0.2552753841485583 58.30769230769231 0.6810897435897437 135.8653846153846 45.28846153846154 15.384615384615385 29.903846153846153 1.7289763000007952
228000 784.4230769230769 0.2552753841485583 58.30769230769231 0.6810897435897437 135.8653846153846 45.28846153846154 15.384615384615385 29.903846153846153 1.7427848000006634
230000 784.4230769230769 0.2552753841485583 58.30769230769231 0.6810897435897437 135.8653846153846 45.28846153846154 15.384615384615385 29.903846153846153 1.8754182999982731
232000 784.4230769230769 0.25737631853343584 58.30769230769231 0.6810897435897437 135.8653846153846 45.28846153846154 15.384615384615385 29.903846153846153 1.7614087000038126
234000 784.4230769230769 0.26047812589112096 58.30769230769231 0.6810897435897437 135.8653846153846 45.28846153846154 15.384615384615385 29.903846153846153 1.7760177000018302
236000 784.4230769230769 0.2552753841485583 58.30769230769231 0.6810897435897437 135.8653846153846 45.28846153846154 15.384615384615385 29.903846153846153 1.8209590000042226
238000 784.4230769230769 0.2552753841485583 58.30769230769231 0.6810897435897437 135.8653846153846 45.28846153846154 15.384615384615385 29.903846153846153 1.750568800001929
240000 784.4230769230769 0.2552753841485583 58.30769230769231 0.6810897435897437 135.8653846153846 45.28846153846154 15.384615384615385 29.903846153846153 1.7014632999998867
242000 784.4230769230769 0.2552753841485583 58.30769230769231 0.6810897435897437 135.8653846153846 45.28846153846154 15.384615384615385 29.903846153846153 1.9650696000026073
244000 784.4230769230769 0.2552753841485583 58.30769230769231 0.6810897435897437 135.8653846153846 45.28846153846154 15.384615384615385 29.903846153846153 1.8838415000063833
246000 784.4230769230769 0.2552753841485583 58.30769230769231 0.6810897435897437 135.8653846153846 45.28846153846154 15.384615384615385 29.903846153846153 1.8402792000051704
248000 784.4230769230769 0.2552753841485583 58.30769230769231 0.6810897435897437 135.8653846153846 45.28846153846154 15.384615384615385 29.903846153846153 1.752373900002567
250000 784.4230769230769 0.2552753841485583 58.30769230769231 0.6810897435897437 135.8653846153846 45.28846153846154 15.384615384615385 29.903846153846153 1.7749069999990752
252000 784.4230769230769 0.2552753841485583 58.30769230769231 0.6810897435897437 135.8653846153846 45.28846153846154 15.384615384615385 29.903846153846153 1.7363767999995616
254000 784.4230769230769 0.2552753841485583 58.30769230769231 0.6810897435897437 135.8653846153846 45.28846153846154 15.384615384615385 29.903846153846153 1.7898633000004338
256000 784.4230769230769 0.2552753841485583 58.30769230769231 0.6810897435897437 135.8653846153846 45.28846153846154 15.384615384615385 29.903846153846153 1.8096357000031276
258000 784.4230769230769 0.2552753841485583 58.30769230769231 0.6810897435897437 135.8653846153846 45.28846153846154 15.384615384615385 29.903846153846153 1.8386523999943165
260000 784.4230769230769 0.2552753841485583 58.30769230769231 0.6810897435897437 135.8653846153846 45.28846153846154 15.384615384615385 29.903846153846153 1.7657388999941759
262000 784.4230769230769 0.2552753841485583 58.30769230769231 0.6810897435897437 135.8653846153846 45.28846153846154 15.384615384615385 29.903846153846153 1.7873553999961587
264000 784.4230769230769 0.2590725020960035 58.30769230769231 0.6810897435897437 135.8653846153846 45.28846153846154 15.384615384615385 29.903846153846153 1.8450604999961797
266000 784.4230769230769 0.2552753841485583 58.30769230769231 0.6810897435897437 135.8653846153846 45.28846153846154 15.384615384615385 29.903846153846153 1.7211603999967338
268000 784.4230769230769 0.2590725020960035 58.30769230769231 0.6810897435897437 135.8653846153846 45.28846153846154 15.384615384615385 29.903846153846153 1.7628717999978107
270000 784.4230769230769 0.2590725020960035 58.30769230769231 0.6810897435897437 135.8653846153846 45.28846153846154 15.384615384615385 29.903846153846153 1.888460699999996
272000 784.4230769230769 0.2590725020960035 58.30769230769231 0.6810897435897437 135.8653846153846 45.28846153846154 15.384615384615385 29.903846153846153 1.8715290000036475
274000 784.4230769230769 0.25934884012740156 58.30769230769231 0.6810897435897437 135.8653846153846 45.28846153846154 15.384615384615385 29.903846153846153 1.8558476000034716
276000 784.4230769230769 0.25934884012740156 58.30769230769231 0.6810897435897437 135.8653846153846 45.28846153846154 15.384615384615385 29.903846153846153 1.74875400000019
278000 784.4230769230769 0.2552753841485583 58.30769230769231 0.6810897435897437 135.8653846153846 45.28846153846154 15.384615384615385 29.903846153846153 1.7351323000038974
280000 784.4230769230769 0.2552753841485583 58.30769230769231 0.6810897435897437 135.8653846153846 45.28846153846154 15.384615384615385 29.903846153846153 1.7555600999985472
282000 784.4230769230769 0.2552753841485583 58.30769230769231 0.6810897435897437 135.8653846153846 45.28846153846154 15.384615384615385 29.903846153846153 1.8447135999958846
284000 784.4230769230769 0.2552753841485583 58.30769230769231 0.6810897435897437 135.8653846153846 45.28846153846154 15.384615384615385 29.903846153846153 1.8114218999980949
286000 784.4230769230769 0.2552753841485583 58.30769230769231 0.6810897435897437 135.8653846153846 45.28846153846154 15.384615384615385 29.903846153846153 1.705381400002807
288000 784.4230769230769 0.2552753841485583 58.30769230769231 0.6810897435897437 135.8653846153846 45.28846153846154 15.384615384615385 29.903846153846153 1.7485734000001685
290000 784.4230769230769 0.2552753841485583 58.30769230769231 0.6810897435897437 135.8653846153846 45.28846153846154 15.384615384615385 29.903846153846153 1.8182721999983187
292000 784.4230769230769 0.2552753841485583 58.30769230769231 0.6810897435897437 135.8653846153846 45.28846153846154 15.384615384615385 29.903846153846153 1.6747613999978057
294000 784.4230769230769 0.2552753841485583 58.30769230769231 0.6810897435897437 135.8653846153846 45.28846153846154 15.384615384615385 29.903846153846153 1.7418006999942008
296000 784.4230769230769 0.2552753841485583 58.30769230769231 0.6810897435897437 135.8653846153846 45.28846153846154 15.384615384615385 29.903846153846153 1.8231391999943298
298000 784.4230769230769 0.2552753841485583 58.30769230769231 0.6810897435897437 135.8653846153846 45.28846153846154 15.384615384615385 29.903846153846153 1.8025656000027084
300000 784.4230769230769 0.2552753841485583 58.30769230769231 0.6810897435897437 135.8653846153846 45.28846153846154 15.384615384615385 29.903846153846153 1.7254458999959752
302000 784.4230769230769 0.2552753841485583 58.30769230769231 0.6810897435897437 135.8653846153846 45.28846153846154 15.384615384615385 29.903846153846153 1.8361531999980798
304000 784.4230769230769 0.2552753841485583 58.30769230769231 0.6810897435897437 135.8653846153846 45.28846153846154 15.384615384615385 29.903846153846153 1.8169256999972276
306000 784.4230769230769 0.2552753841485583 58.30769230769231 0.6810897435897437 135.8653846153846 45.28846153846154 15.384615384615385 29.903846153846153 1.906107000002521
308000 784.4230769230769 0.2552753841485583 58.30769230769231 0.6810897435897437 135.8653846153846 45.28846153846154 15.384615384615385 29.903846153846153 1.8604387000013958
310000 784.4230769230769 0.2552753841485583 58.30769230769231 0.6810897435897437 135.8653846153846 45.28846153846154 15.384615384615385 29.903846153846153 1.7958473000035156
312000 784.4230769230769 0.2552753841485583 58.30769230769231 0.6810897435897437 135.8653846153846 45.28846153846154 15.384615384615385 29.903846153846153 1.673470299996552
314000 784.4230769230769 0.2552753841485583 58.30769230769231 0.6810897435897437 135.8653846153846 45.28846153846154 15.384615384615385 29.903846153846153 1.800100599997677
316000 784.4230769230769 0.2552753841485583 58.30769230769231 0.6810897435897437 135.8653846153846 45.28846153846154 15.384615384615385 29.903846153846153 1.8247398000021349
318000 784.4230769230769 0.2580878603418403 58.30769230769231 0.6810897435897437 135.8653846153846 45.28846153846154 15.384615384615385 29.903846153846153 1.7716107000014745
320000 784.4230769230769 0.25934884012740156 58.30769230769231 0.6810897435897437 135.8653846153846 45.28846153846154 15.384615384615385 29.903846153846153 1.7914801000006264
322000 784.4230769230769 0.257019081655413 58.30769230769231 0.6810897435897437 135.8653846153846 45.28846153846154 15.384615384615385 29.903846153846153 1.743407499998284
324000 784.4230769230769 0.2552753841485583 58.30769230769231 0.6810897435897437 135.8653846153846 45.28846153846154 15.384615384615385 29.903846153846153 1.858484899996256
326000 784.4230769230769 0.2552753841485583 58.30769230769231 0.6810897435897437 135.8653846153846 45.28846153846154 15.384615384615385 29.903846153846153 1.832714500000293
328000 784.4230769230769 0.2552753841485583 58.30769230769231 0.6810897435897437 135.8653846153846 45.28846153846154 15.384615384615385 29.903846153846153 1.7923165000029257
330000 784.4230769230769 0.2552753841485583 58.30769230769231 0.6810897435897437 135.8653846153846 45.28846153846154 15.384615384615385 29.903846153846153 1.84201739999844
332000 784.4230769230769 0.2552753841485583 58.30769230769231 0.6810897435897437 135.8653846153846 45.28846153846154 15.384615384615385 29.903846153846153 1.7551728999969782
334000 784.4230769230769 0.2552753841485583 58.30769230769231 0.6810897435897437 135.8653846153846 45.28846153846154 15.384615384615385 29.903846153846153 1.8469076000037603
336000 784.4230769230769 0.2552753841485583 58.30769230769231 0.6810897435897437 135.8653846153846 45.28846153846154 15.384615384615385 29.903846153846153 1.7783901000002516
338000 784.4230769230769 0.2552753841485583 58.30769230769231 0.6810897435897437 135.8653846153846 45.28846153846154 15.384615384615385 29.903846153846153 1.854271099997277
340000 784.4230769230769 0.2552753841485583 58.30769230769231 0.6810897435897437 135.8653846153846 45.28846153846154 15.384615384615385 29.903846153846153 1.8455956000034348
342000 784.4230769230769 0.2552753841485583 58.30769230769231 0.6810897435897437 135.8653846153846 45.28846153846154 15.384615384615385 29.903846153846153 1.7469004000013229
344000 784.4230769230769 0.2552753841485583 58.30769230769231 0.6810897435897437 135.8653846153846 45.28846153846154 15.384615384615385 29.903846153846153 1.7544620999979088
346000 784.4230769230769 0.2552753841485583 58.30769230769231 0.6810897435897437 135.8653846153846 45.28846153846154 15.384615384615385 29.903846153846153 1.631973299998208
348000 784.4230769230769 0.2552753841485583 58.30769230769231 0.6810897435897437 135.8653846153846 45.28846153846154 15.384615384615385 29.903846153846153 1.8406546000042
350000 784.4230769230769 0.2552753841485583 58.30769230769231 0.6810897435897437 135.8653846153846 45.28846153846154 15.384615384615385 29.903846153846153 1.7857901000024867
352000 784.4230769230769 0.2552753841485583 58.30769230769231 0.6810897435897437 135.8653846153846 45.28846153846154 15.384615384615385 29.903846153846153 1.70798709999508
354000 784.4230769230769 0.2552753841485583 58.30769230769231 0.6810897435897437 135.8653846153846 45.28846153846154 15.384615384615385 29.903846153846153 1.8581951999949524
356000 784.4230769230769 0.2552753841485583 58.30769230769231 0.6810897435897437 135.8653846153846 45.28846153846154 15.384615384615385 29.903846153846153 1.721061300006113
358000 784.4230769230769 0.2552753841485583 58.30769230769231 0.6810897435897437 135.8653846153846 45.28846153846154 15.384615384615385 29.903846153846153 1.7100110999963363
360000 784.4230769230769 0.2550465600614472 58.30769230769231 0.6810897435897437 135.8653846153846 45.28846153846154 15.384615384615385 29.903846153846153 1.8168970999977319
362000 784.4230769230769 0.25822926626575726 58.30769230769231 0.6810897435897437 135.8653846153846 45.28846153846154 15.384615384615385 29.903846153846153 1.8757657000023755
364000 784.4230769230769 0.25822926626575726 58.30769230769231 0.6810897435897437 135.8653846153846 45.28846153846154 15.384615384615385 29.903846153846153 1.832327999996778
366000 784.4230769230769 0.2552753841485583 58.30769230769231 0.6810897435897437 135.8653846153846 45.28846153846154 15.384615384615385 29.903846153846153 1.796062499997788
368000 784.4230769230769 0.2552753841485583 58.30769230769231 0.6810897435897437 135.8653846153846 45.28846153846154 15.384615384615385 29.903846153846153 1.8788111000030767
370000 784.4230769230769 0.2552753841485583 58.30769230769231 0.6810897435897437 135.8653846153846 45.28846153846154 15.384615384615385 29.903846153846153 1.9852851000032388
372000 784.4230769230769 0.2552753841485583 58.30769230769231 0.6810897435897437 135.8653846153846 45.28846153846154 15.384615384615385 29.903846153846153 1.7883809999984805
374000 784.4230769230769 0.2552753841485583 58.30769230769231 0.6810897435897437 135.8653846153846 45.28846153846154 15.384615384615385 29.903846153846153 1.818325599997479
376000 784.4230769230769 0.2552753841485583 58.30769230769231 0.6810897435897437 135.8653846153846 45.28846153846154 15.384615384615385 29.903846153846153 2.0465744999964954
378000 784.4230769230769 0.2552753841485583 58.30769230769231 0.6810897435897437 135.8653846153846 45.28846153846154 15.384615384615385 29.903846153846153 1.7884779999949387
380000 784.4230769230769 0.2552753841485583 58.30769230769231 0.6810897435897437 135.8653846153846 45.28846153846154 15.384615384615385 29.903846153846153 1.8601828000028036
382000 784.4230769230769 0.2552753841485583 58.30769230769231 0.6810897435897437 135.8653846153846 45.28846153846154 15.384615384615385 29.903846153846153 1.722256600005494
384000 784.4230769230769 0.2552753841485583 58.30769230769231 0.6810897435897437 135.8653846153846 45.28846153846154 15.384615384615385 29.903846153846153 1.7364190000007511
386000 784.4230769230769 0.2552753841485583 58.30769230769231 0.6810897435897437 135.8653846153846 45.28846153846154 15.384615384615385 29.903846153846153 1.8348334000038449
388000 784.4230769230769 0.2552753841485583 58.30769230769231 0.6810897435897437 135.8653846153846 45.28846153846154 15.384615384615385 29.903846153846153 1.7388385000012931
390000 784.4230769230769 0.2552753841485583 58.30769230769231 0.6810897435897437 135.8653846153846 45.28846153846154 15.384615384615385 29.903846153846153 1.807983200000308
392000 784.4230769230769 0.2552753841485583 58.30769230769231 0.6810897435897437 135.8653846153846 45.28846153846154 15.384615384615385 29.903846153846153 1.710134900000412
394000 784.4230769230769 0.2552753841485583 58.30769230769231 0.6810897435897437 135.8653846153846 45.28846153846154 15.384615384615385 29.903846153846153 1.7492419999980484
396000 784.4230769230769 0.2552753841485583 58.30769230769231 0.6810897435897437 135.8653846153846 45.28846153846154 15.384615384615385 29.903846153846153 1.9838209000008646
398000 784.4230769230769 0.2552753841485583 58.30769230769231 0.6810897435897437 135.8653846153846 45.28846153846154 15.384615384615385 29.903846153846153 1.828125
400000 784.4230769230769 0.2552753841485583 58.30769230769231 0.6810897435897437 135.8653846153846 45.28846153846154 15.384615384615385 29.903846153846153 1.7858382999984315
402000 784.4230769230769 0.2552753841485583 58.30769230769231 0.6810897435897437 135.8653846153846 45.28846153846154 15.384615384615385 29.903846153846153 1.7619760000015958
404000 784.4230769230769 0.2552753841485583 58.30769230769231 0.6810897435897437 135.8653846153846 45.28846153846154 15.384615384615385 29.903846153846153 1.8153624000042328
406000 784.4230769230769 0.2552753841485583 58.30769230769231 0.6810897435897437 135.8653846153846 45.28846153846154 15.384615384615385 29.903846153846153 1.8237397000048077
408000 784.4230769230769 0.2552753841485583 58.30769230769231 0.6810897435897437 135.8653846153846 45.28846153846154 15.384615384615385 29.903846153846153 1.710557999998855
410000 784.4230769230769 0.2552753841485583 58.30769230769231 0.6810897435897437 135.8653846153846 45.28846153846154 15.384615384615385 29.903846153846153 1.743341399997007
412000 784.4230769230769 0.2552753841485583 58.30769230769231 0.6810897435897437 135.8653846153846 45.28846153846154 15.384615384615385 29.903846153846153 1.792291900004784
414000 784.4230769230769 0.2552753841485583 58.30769230769231 0.6810897435897437 135.8653846153846 45.28846153846154 15.384615384615385 29.903846153846153 1.6613060999952722
416000 784.4230769230769 0.2552753841485583 58.30769230769231 0.6810897435897437 135.8653846153846 45.28846153846154 15.384615384615385 29.903846153846153 1.7574429000014788
418000 784.4230769230769 0.2552753841485583 58.30769230769231 0.6810897435897437 135.8653846153846 45.28846153846154 15.384615384615385 29.903846153846153 1.8997404000037932
420000 784.4230769230769 0.2564046699122777 58.30769230769231 0.6810897435897437 135.8653846153846 45.28846153846154 15.384615384615385 29.903846153846153 1.8010476999988896
422000 784.4230769230769 0.2552753841485583 58.30769230769231 0.6810897435897437 135.8653846153846 45.28846153846154 15.384615384615385 29.903846153846153 1.9027482000019518
424000 784.4230769230769 0.2552753841485583 58.30769230769231 0.6810897435897437 135.8653846153846 45.28846153846154 15.384615384615385 29.903846153846153 1.7151974000007613
426000 784.4230769230769 0.2564046699122777 58.30769230769231 0.6810897435897437 135.8653846153846 45.28846153846154 15.384615384615385 29.903846153846153 1.7039465999987442
428000 784.4230769230769 0.2552753841485583 58.30769230769231 0.6810897435897437 135.8653846153846 45.28846153846154 15.384615384615385 29.903846153846153 1.778963600001589
430000 784.4230769230769 0.2552753841485583 58.30769230769231 0.6810897435897437 135.8653846153846 45.28846153846154 15.384615384615385 29.903846153846153 1.7974910000048112
432000 784.4230769230769 0.2552753841485583 58.30769230769231 0.6810897435897437 135.8653846153846 45.28846153846154 15.384615384615385 29.903846153846153 1.7550884000011138
434000 784.4230769230769 0.2552753841485583 58.30769230769231 0.6810897435897437 135.8653846153846 45.28846153846154 15.384615384615385 29.903846153846153 1.8853129999988596
436000 784.4230769230769 0.2552753841485583 58.30769230769231 0.6810897435897437 135.8653846153846 45.28846153846154 15.384615384615385 29.903846153846153 1.7805169000057504
438000 784.4230769230769 0.2552753841485583 58.30769230769231 0.6810897435897437 135.8653846153846 45.28846153846154 15.384615384615385 29.903846153846153 1.8555055999968317
440000 784.4230769230769 0.2552753841485583 58.30769230769231 0.6810897435897437 135.8653846153846 45.28846153846154 15.384615384615385 29.903846153846153 1.7984565000006114
442000 784.4230769230769 0.2552753841485583 58.30769230769231 0.6810897435897437 135.8653846153846 45.28846153846154 15.384615384615385 29.903846153846153 1.8643117000028724
444000 784.4230769230769 0.2552753841485583 58.30769230769231 0.6810897435897437 135.8653846153846 45.28846153846154 15.384615384615385 29.903846153846153 1.8054548000000068
446000 784.4230769230769 0.2552753841485583 58.30769230769231 0.6810897435897437 135.8653846153846 45.28846153846154 15.384615384615385 29.903846153846153 1.8043095999964862
448000 784.4230769230769 0.2552753841485583 58.30769230769231 0.6810897435897437 135.8653846153846 45.28846153846154 15.384615384615385 29.903846153846153 1.6773075000019162
450000 784.4230769230769 0.2552753841485583 58.30769230769231 0.6810897435897437 135.8653846153846 45.28846153846154 15.384615384615385 29.903846153846153 1.8420996999993804
452000 784.4230769230769 0.2552753841485583 58.30769230769231 0.6810897435897437 135.8653846153846 45.28846153846154 15.384615384615385 29.903846153846153 1.9641042999937781
454000 784.4230769230769 0.2552753841485583 58.30769230769231 0.6810897435897437 135.8653846153846 45.28846153846154 15.384615384615385 29.903846153846153 1.8972744000056991
456000 784.4230769230769 0.2552753841485583 58.30769230769231 0.6810897435897437 135.8653846153846 45.28846153846154 15.384615384615385 29.903846153846153 1.9210043999992195
458000 784.4230769230769 0.2552753841485583 58.30769230769231 0.6810897435897437 135.8653846153846 45.28846153846154 15.384615384615385 29.903846153846153 1.9440203999984078
460000 784.4230769230769 0.2552753841485583 58.30769230769231 0.6810897435897437 135.8653846153846 45.28846153846154 15.384615384615385 29.903846153846153 1.8700280000048224
462000 784.4230769230769 0.2552753841485583 58.30769230769231 0.6810897435897437 135.8653846153846 45.28846153846154 15.384615384615385 29.903846153846153 1.798917200001597
464000 784.4230769230769 0.2552753841485583 58.30769230769231 0.6810897435897437 135.8653846153846 45.28846153846154 15.384615384615385 29.903846153846153 1.804558800002269
466000 784.4230769230769 0.2552753841485583 58.30769230769231 0.6810897435897437 135.8653846153846 45.28846153846154 15.384615384615385 29.903846153846153 1.8658586000019568
468000 784.4230769230769 0.2552753841485583 58.30769230769231 0.6810897435897437 135.8653846153846 45.28846153846154 15.384615384615385 29.903846153846153 1.7818063000013353
470000 784.4230769230769 0.2552753841485583 58.30769230769231 0.6810897435897437 135.8653846153846 45.28846153846154 15.384615384615385 29.903846153846153 1.8920924999983981
472000 784.4230769230769 0.2552753841485583 58.30769230769231 0.6810897435897437 135.8653846153846 45.28846153846154 15.384615384615385 29.903846153846153 1.755812399998831
474000 784.4230769230769 0.2552753841485583 58.30769230769231 0.6810897435897437 135.8653846153846 45.28846153846154 15.384615384615385 29.903846153846153 1.8184097000048496
476000 784.4230769230769 0.2552753841485583 58.30769230769231 0.6810897435897437 135.8653846153846 45.28846153846154 15.384615384615385 29.903846153846153 1.753406999996514
478000 784.4230769230769 0.2552753841485583 58.30769230769231 0.6810897435897437 135.8653846153846 45.28846153846154 15.384615384615385 29.903846153846153 1.3750897999998415
480000 784.4230769230769 0.2552753841485583 58.30769230769231 0.6810897435897437 135.8653846153846 45.28846153846154 15.384615384615385 29.903846153846153 1.4735820999994758
482000 784.4230769230769 0.2552753841485583 58.30769230769231 0.6810897435897437 135.8653846153846 45.28846153846154 15.384615384615385 29.903846153846153 1.676234700003988
484000 784.4230769230769 0.2552753841485583 58.30769230769231 0.6810897435897437 135.8653846153846 45.28846153846154 15.384615384615385 29.903846153846153 1.4239932999989833
486000 784.4230769230769 0.2552753841485583 58.30769230769231 0.6810897435897437 135.8653846153846 45.28846153846154 15.384615384615385 29.903846153846153 1.213119399995776
488000 784.4230769230769 0.2552753841485583 58.30769230769231 0.6810897435897437 135.8653846153846 45.28846153846154 15.384615384615385 29.903846153846153 1.1360721000019112
490000 784.4230769230769 0.2552753841485583 58.30769230769231 0.6810897435897437 135.8653846153846 45.28846153846154 15.384615384615385 29.903846153846153 1.101535399997374
492000 784.4230769230769 0.2552753841485583 58.30769230769231 0.6810897435897437 135.8653846153846 45.28846153846154 15.384615384615385 29.903846153846153 1.0215803000028245
494000 784.4230769230769 0.2552753841485583 58.30769230769231 0.6810897435897437 135.8653846153846 45.28846153846154 15.384615384615385 29.903846153846153 1.0091363999963505
496000 784.4230769230769 0.2552753841485583 58.30769230769231 0.6810897435897437 135.8653846153846 45.28846153846154 15.384615384615385 29.903846153846153 0.9742427999954089
498000 784.4230769230769 0.2552753841485583 58.30769230769231 0.6810897435897437 135.8653846153846 45.28846153846154 15.384615384615385 29.903846153846153 0.9965841000012006
500000 784.4230769230769 0.2552753841485583 58.30769230769231 0.6810897435897437 135.8653846153846 45.28846153846154 15.384615384615385 29.903846153846153 0.9753462000007858
