5 0.17307692307692307 -0.30763623117347144 38.12338007692307 0.1346153846153846 45.286538461538456 45.30769230769231 0.019230769230769232 45.28846153846154 0.6851715999655426
10 0.17307692307692307 -0.30763623117347144 38.12338007692307 0.1346153846153846 45.286538461538456 45.30769230769231 0.019230769230769232 45.28846153846154 0.6819106000475585
15 0.17307692307692307 -0.30763623117347144 38.12338007692307 0.1346153846153846 45.286538461538456 45.30769230769231 0.019230769230769232 45.28846153846154 0.6268519000150263
20 0.17307692307692307 -0.30763623117347144 38.12338007692307 0.1346153846153846 45.286538461538456 45.30769230769231 0.019230769230769232 45.28846153846154 0.6405735000153072
25 0.17307692307692307 -0.30763623117347144 38.12338007692307 0.1346153846153846 45.286538461538456 45.30769230769231 0.019230769230769232 45.28846153846154 0.6421614999999292
30 0.17307692307692307 -0.30763623117347144 38.12338007692307 0.1346153846153846 45.286538461538456 45.30769230769231 0.019230769230769232 45.28846153846154 0.637962399981916
35 0.17307692307692307 -0.30763623117347144 38.12338007692307 0.1346153846153846 45.286538461538456 45.30769230769231 0.019230769230769232 45.28846153846154 0.6422122999792919
40 0.17307692307692307 -0.30763623117347144 38.12338007692307 0.1346153846153846 45.286538461538456 45.30769230769231 0.019230769230769232 45.28846153846154 0.6556365000433289
45 0.17307692307692307 -0.30763623117347144 38.12338007692307 0.1346153846153846 45.286538461538456 45.30769230769231 0.019230769230769232 45.28846153846154 0.6498756000073627
50 0.17307692307692307 -0.30763623117347144 38.12338007692307 0.1346153846153846 45.286538461538456 45.30769230769231 0.019230769230769232 45.28846153846154 0.7198905000113882
55 0.17307692307692307 -0.30763623117347144 38.12338007692307 0.1346153846153846 45.286538461538456 45.30769230769231 0.019230769230769232 45.28846153846154 0.7041721999994479
60 0.17307692307692307 -0.30763623117347144 38.12338007692307 0.1346153846153846 45.286538461538456 45.30769230769231 0.019230769230769232 45.28846153846154 0.7906262000324205
65 0.17307692307692307 -0.30763623117347144 38.12338007692307 0.1346153846153846 45.286538461538456 45.30769230769231 0.019230769230769232 45.28846153846154 0.7178245999966748
70 0.17307692307692307 -0.30763623117347144 38.12338007692307 0.1346153846153846 45.286538461538456 45.30769230769231 0.019230769230769232 45.28846153846154 0.8130264999927022
75 0.17307692307692307 -0.30763623117347144 38.12338007692307 0.1346153846153846 45.286538461538456 45.30769230769231 0.019230769230769232 45.28846153846154 0.7207651999779046
80 0.17307692307692307 -0.30763623117347144 38.12338007692307 0.1346153846153846 45.286538461538456 45.30769230769231 0.019230769230769232 45.28846153846154 0.8083944999962114
85 0.17307692307692307 -0.30763623117347144 38.12338007692307 0.1346153846153846 45.286538461538456 45.30769230769231 0.019230769230769232 45.28846153846154 0.716181099996902
90 0.17307692307692307 -0.30763623117347144 38.12338007692307 0.1346153846153846 45.286538461538456 45.30769230769231 0.019230769230769232 45.28846153846154 0.8124996999977157
95 0.17307692307692307 -0.30763623117347144 38.12338007692307 0.1346153846153846 45.286538461538456 45.30769230769231 0.019230769230769232 45.28846153846154 0.7227967999642715
100 0.17307692307692307 -0.30763623117347144 38.12338007692307 0.1346153846153846 45.286538461538456 45.30769230769231 0.019230769230769232 45.28846153846154 0.7229729000246152
105 0.17307692307692307 -0.30763623117347144 38.12338007692307 0.1346153846153846 45.286538461538456 45.30769230769231 0.019230769230769232 45.28846153846154 0.7268159000086598
110 0.17307692307692307 -0.30763623117347144 38.12338007692307 0.1346153846153846 45.286538461538456 45.30769230769231 0.019230769230769232 45.28846153846154 0.7723816999932751
115 0.17307692307692307 -0.30763623117347144 38.12338007692307 0.1346153846153846 45.286538461538456 45.30769230769231 0.019230769230769232 45.28846153846154 0.7192928000004031
120 0.17307692307692307 -0.30763623117347144 38.12338007692307 0.1346153846153846 45.286538461538456 45.30769230769231 0.019230769230769232 45.28846153846154 0.8099577000248246
125 0.17307692307692307 -0.30763623117347144 38.12338007692307 0.1346153846153846 45.286538461538456 45.30769230769231 0.019230769230769232 45.28846153846154 0.7211393000325188
130 0.17307692307692307 -0.30763623117347144 38.12338007692307 0.1346153846153846 45.286538461538456 45.30769230769231 0.019230769230769232 45.28846153846154 0.8094054999528453
135 0.17307692307692307 -0.30763623117347144 38.12338007692307 0.1346153846153846 45.286538461538456 45.30769230769231 0.019230769230769232 45.28846153846154 0.7157572999713011
140 0.17307692307692307 -0.30763623117347144 38.12338007692307 0.1346153846153846 45.286538461538456 45.30769230769231 0.019230769230769232 45.28846153846154 0.8143897000118159
145 0.17307692307692307 -0.30763623117347144 38.12338007692307 0.1346153846153846 45.286538461538456 45.30769230769231 0.019230769230769232 45.28846153846154 0.7162496999953873
150 0.17307692307692307 -0.30763623117347144 38.12338007692307 0.1346153846153846 45.286538461538456 45.30769230769231 0.019230769230769232 45.28846153846154 0.8073216999764554
155 0.17307692307692307 -0.30763623117347144 38.12338007692307 0.1346153846153846 45.286538461538456 45.30769230769231 0.019230769230769232 45.28846153846154 0.7169872000231408
160 0.17307692307692307 -0.30763623117347144 38.12338007692307 0.1346153846153846 45.286538461538456 45.30769230769231 0.019230769230769232 45.28846153846154 0.815362399967853
165 0.17307692307692307 -0.30763623117347144 38.12338007692307 0.1346153846153846 45.286538461538456 45.30769230769231 0.019230769230769232 45.28846153846154 0.7238339000032283
170 0.17307692307692307 -0.30763623117347144 38.12338007692307 0.1346153846153846 45.286538461538456 45.30769230769231 0.019230769230769232 45.28846153846154 0.8194993000361137
175 0.17307692307692307 -0.30763623117347144 38.12338007692307 0.1346153846153846 45.286538461538456 45.30769230769231 0.019230769230769232 45.28846153846154 0.7171684000059031
180 0.17307692307692307 -0.30763623117347144 38.12338007692307 0.1346153846153846 45.286538461538456 45.30769230769231 0.019230769230769232 45.28846153846154 0.8118422999978065
185 0.17307692307692307 -0.30763623117347144 38.12338007692307 0.1346153846153846 45.286538461538456 45.30769230769231 0.019230769230769232 45.28846153846154 0.7211564999888651
190 0.17307692307692307 -0.30763623117347144 38.12338007692307 0.1346153846153846 45.286538461538456 45.30769230769231 0.019230769230769232 45.28846153846154 0.8140560000319965
195 0.17307692307692307 -0.30763623117347144 38.12338007692307 0.1346153846153846 45.286538461538456 45.30769230769231 0.019230769230769232 45.28846153846154 0.8127104999730363
200 0.17307692307692307 -0.30763623117347144 38.12338007692307 0.1346153846153846 45.286538461538456 45.30769230769231 0.019230769230769232 45.28846153846154 0.7172901000012644
