2000 2.1538461538461537 -0.03790883476753511 39.583335876464844 0.08333333333333334 48.78845977783203 45.28846153846154 1.1923076923076923 44.09615384615385 6.058471000054851
4000 4.9423076923076925 0.0011929055946772952 36.3012809753418 0.07051282051282051 45.28845977783203 45.28846153846154 1.1923076923076923 44.09615384615385 6.2907474000239745
6000 3.0 0.00037473637459499703 36.397438049316406 0.12980769230769232 45.28845977783203 45.28846153846154 1.1923076923076923 44.09615384615385 6.245598600013182
8000 1.5192307692307692 0.0002972360095872031 36.217952728271484 0.08493589743589743 45.28845977783203 45.28846153846154 1.1923076923076923 44.09615384615385 6.38733559998218
10000 2.6923076923076925 0.0008056992259649987 36.17307662963867 0.07371794871794872 45.28845977783203 45.28846153846154 1.1923076923076923 44.09615384615385 6.243457500007935
12000 3.4038461538461537 0.000911097092659081 35.487178802490234 0.17307692307692304 45.28845977783203 45.28846153846154 1.1923076923076923 44.09615384615385 6.253941599978134
14000 3.826923076923077 0.0007707456556952184 35.50641632080078 0.1506410256410256 45.28845977783203 45.28846153846154 1.3076923076923077 43.98076923076923 6.196003600023687
16000 2.0384615384615383 0.00018318990510674614 34.974361419677734 0.2564102564102564 45.28845977783203 45.28846153846154 1.1923076923076923 44.09615384615385 6.268379800021648
18000 3.3846153846153846 0.001301787549059116 34.852561950683594 0.22756410256410253 45.28845977783203 45.28846153846154 1.1923076923076923 44.09615384615385 6.274543599924073
20000 5.480769230769231 0.002002810096573308 33.83333206176758 0.22756410256410253 45.28845977783203 45.28846153846154 1.1923076923076923 44.09615384615385 6.194104099995457
