2000 1.75 0.00013585280449495283 39.749914749999995 0.0625 45.3125 45.3125 1.8125 43.5 0.3872821999975713
4000 11.5 0.002060256269346639 35.788934687499996 0.13020833333333331 45.3125 45.3125 1.8125 43.5 0.5087604000000283
6000 7.125 0.001666014670519388 39.229986375 0.09375 45.3125 45.3125 1.8125 43.5 0.43967439999687485
8000 8.25 0.0024025728430855948 39.56021018749999 0.078125 45.3125 45.3125 1.8125 43.5 0.5461919999943348
10000 2.125 0.00026205164194569426 39.83928068750001 0.0625 45.3125 45.3125 1.8125 43.5 0.4470151999994414
12000 1.875 0.0002282590737453725 39.4950885625 0.0625 45.3125 45.3125 1.8125 43.5 0.46917470000335015
14000 3.6875 0.0006212133669057661 39.210106 0.03125 45.3125 45.3125 2.4375 42.875 0.4424754999927245
16000 4.0625 -0.6245573442928395 39.450942375 0.046875 45.3125 45.3125 2.5 42.8125 0.4051785000046948
18000 4.5 0.0006117365602487748 37.125054 0.16666666666666666 45.3125 45.3125 1.8125 43.5 0.4612075999903027
20000 4.9375 0.000769535622509534 37.03352325 0.1875 45.3125 45.3125 1.8125 43.5 0.6361665000003995
22000 9.5625 0.002587374695554585 37.2093264375 0.078125 45.3125 45.3125 1.9375 43.375 0.4315839000046253
24000 9.125 0.002424266386578975 37.041720624999996 0.18229166666666666 45.3125 45.3125 1.8125 43.5 0.42580569999699946
26000 10.75 0.002975884664666844 37.172490062499996 0.09375 45.3125 45.3125 1.9375 43.375 0.4358370999980252
28000 10.0625 0.0026534399895424233 37.7137293125 0.0625 45.3125 45.3125 1.9375 43.375 0.4836846999969566
30000 4.5 0.0007772290414750649 37.42552181250001 0.08333333333333333 45.3125 45.3125 1.875 43.4375 0.4224386999994749
32000 5.75 0.0011555961890211495 37.2407273125 0.07291666666666666 45.3125 45.3125 1.8125 43.5 0.45086389999778476
34000 7.25 0.001600592126314796 37.84881775000001 0.07291666666666666 45.3125 45.3125 1.8125 43.5 0.5022670999896945
36000 5.3125 0.0009457632922580921 37.994651250000004 0.06770833333333333 45.3125 45.3125 1.8125 43.5 0.38661600000341423
38000 7.3125 0.00140217016258877 37.866793125 0.07291666666666666 45.3125 45.3125 1.875 43.4375 0.41989469999680296
40000 3.5625 0.0004872195083728309 37.995655812500004 0.0625 45.3125 45.3125 1.9375 43.375 0.4197532999969553
42000 2.0 0.000225744022623376 39.318458375000006 0.05208333333333333 45.3125 45.3125 2.0625 43.25 0.39728600000671577
44000 2.6875 0.00042669231622776256 39.345622 0.05208333333333333 45.3125 45.3125 2.0 43.3125 0.4185639000061201
46000 4.25 0.0011150938763078483 38.123748687500004 0.11979166666666666 45.3125 45.3125 2.3125 43.0 0.49082279999856837
48000 4.5 0.001220080954177514 37.8560768125 0.07291666666666666 45.3125 45.3125 2.0 43.3125 0.4466794000036316
50000 4.8125 0.001295773373399926 37.4537796875 0.08854166666666666 45.3125 45.3125 1.8125 43.5 0.4295435000094585
52000 6.5 0.0016564690917802417 38.452993125000006 0.05729166666666666 45.3125 45.3125 1.875 43.4375 0.4349015000043437
54000 4.5625 0.0011200847700892742 38.1157363125 0.05729166666666666 45.3125 45.3125 1.875 43.4375 0.5122904000018025
56000 4.25 0.0010780823226556678 38.6622056875 0.06770833333333333 45.3125 45.3125 2.0 43.3125 0.5818731000035768
58000 4.375 0.0010929631620047596 38.39670675 0.07291666666666666 45.3125 45.3125 2.0 43.3125 0.6293786000023829
60000 1.9375 0.00024175962670540553 37.50101306249999 0.13020833333333331 45.3125 45.3125 1.8125 43.5 0.42189860000507906
62000 2.125 0.0003073034290598286 37.4176794375 0.09895833333333333 45.3125 45.3125 1.8125 43.5 0.44865829999616835
64000 3.125 0.0005798513678852002 37.40843825 0.08333333333333333 45.3125 45.3125 1.8125 43.5 0.43513460000394844
66000 7.625 0.001974428071108682 37.468482937500006 0.07291666666666666 45.3125 45.3125 1.8125 43.5 0.44840380000823643
68000 3.6875 0.0005863418825420159 38.0204099375 0.03125 45.3125 45.3125 1.8125 43.5 0.5077956000022823
70000 4.875 0.0009502679143207508 37.679519750000004 0.05208333333333333 45.3125 45.3125 1.8125 43.5 0.4702623000048334
72000 4.375 0.0007594975263762025 38.1164381875 0.078125 45.3125 45.3125 1.8125 43.5 0.49150920000101905
74000 4.375 0.0007833379737410268 38.2110545 0.046875 45.3125 45.3125 1.8125 43.5 0.38938340000458993
76000 4.1875 0.0010075673482745988 38.58497525000001 0.08333333333333333 45.3125 45.3125 1.8125 43.5 0.42377989999658894
78000 2.75 0.0006085945298021523 38.932427874999995 0.07291666666666666 45.3125 45.3125 1.8125 43.5 0.5177207000087947
80000 2.8125 0.000639128048769308 38.543798312499995 0.05208333333333333 45.3125 45.3125 1.8125 43.5 0.41555700000026263
82000 4.0 0.001007076787301253 38.8693428125 0.06770833333333333 45.3125 45.3125 1.8125 43.5 0.4142872000084026
84000 2.6875 0.0005407848151357381 38.584331750000004 0.09375 45.3125 45.3125 1.8125 43.5 0.43614099999831524
86000 2.75 0.0005703881403890006 38.641398624999994 0.09375 45.3125 45.3125 1.8125 43.5 0.4473528000089573
88000 2.75 0.0005672168636846783 38.662232 0.11458333333333333 45.3125 45.3125 1.8125 43.5 0.43700770000577904
90000 4.0 0.0010093524974186217 38.628194625 0.078125 45.3125 45.3125 1.8125 43.5 0.4358550000033574
92000 3.125 0.0007172349337238502 38.78149625 0.08333333333333333 45.3125 45.3125 1.8125 43.5 0.4222789999912493
94000 3.1875 0.0007590700626199193 39.0887416875 0.10416666666666666 45.3125 45.3125 1.8125 43.5 0.42383470000640955
96000 2.5625 0.0005390395247805997 39.192908374999995 0.10416666666666666 45.3125 45.3125 1.8125 43.5 0.41597069999261294
98000 2.5 0.0005258671868954331 38.94686087499999 0.08333333333333333 45.3125 45.3125 1.8125 43.5 0.42984599999908824
100000 4.6875 0.0012961680036496068 38.49358031249999 0.11458333333333333 45.3125 45.3125 1.8125 43.5 0.42200880000018515
102000 4.6875 0.0012512649560061405 37.19754687499999 0.08333333333333333 45.3125 45.3125 1.8125 43.5 0.4666795000084676
104000 4.4375 0.001197350809949728 37.75661643749999 0.10416666666666666 45.3125 45.3125 1.8125 43.5 0.4960055999981705
106000 2.6875 0.0005386829872496715 39.07961931249999 0.08333333333333333 45.3125 45.3125 1.8125 43.5 0.43580110000038985
108000 2.25 0.0002455140631984094 38.52881024999999 0.13541666666666666 45.3125 45.3125 1.8125 43.5 0.4108237000036752
110000 1.8125 0.00020742498275122051 38.267694 0.09895833333333333 45.3125 45.3125 1.8125 43.5 0.4107442000095034
112000 2.0 0.00032581985018725066 39.036550937499996 0.05208333333333333 45.3125 45.3125 1.8125 43.5 0.42934560000139754
114000 2.5625 0.000550769271641192 38.520355812499986 0.09895833333333333 45.3125 45.3125 1.8125 43.5 0.4281878999900073
116000 3.375 0.0009552713944891456 37.3940885625 0.13020833333333331 45.3125 45.3125 1.8125 43.5 0.47267650000867434
118000 1.875 0.0003517548330017825 38.28027350000001 0.09375 45.3125 45.3125 1.8125 43.5 0.41111139999702573
120000 2.125 0.00032399889493380413 37.676694687499996 0.140625 45.3125 45.3125 1.8125 43.5 0.4451390000031097
122000 28.8125 0.008605464863347841 36.0416395625 0.203125 45.3125 45.3125 1.8125 43.5 0.44099059999280144
124000 28.75 0.007335639858505878 35.975312 0.20833333333333334 45.3125 45.3125 1.8125 43.5 0.42032769999059383
126000 29.8125 0.0010139544436173664 35.482273375 0.1875 45.3125 45.3125 1.8125 43.5 0.5275855000072625
128000 29.6875 0.0007168106940744597 35.264357875 0.15625 45.3125 45.3125 1.8125 43.5 0.46087910000642296
130000 47.1875 0.009717385360852841 28.7907716875 0.4114583333333333 45.3125 45.3125 1.8125 43.5 0.4080718000041088
132000 37.25 0.00699058314814857 33.504834687499994 0.28125 45.3125 45.3125 1.8125 43.5 0.4398737000010442
134000 36.4375 0.0037736663356740616 34.22361043749999 0.2708333333333333 45.3125 45.3125 3.0625 42.25 0.4479732000036165
136000 45.9375 0.007449244007750217 31.432470999999996 0.30208333333333337 45.3125 45.3125 1.9375 43.375 0.44144530000630766
138000 49.125 0.008802553090927862 29.93903143749999 0.3541666666666667 45.3125 45.3125 3.5625 41.75 0.4482679999928223
140000 41.75 0.005941691080765239 31.900565999999994 0.296875 45.3125 45.3125 1.9375 43.375 0.4081494999991264
142000 47.6875 0.008297194105720083 30.085077249999998 0.359375 45.3125 45.3125 4.0 41.3125 0.5204692999977851
144000 45.625 0.010140653724341085 31.549714437500004 0.3072916666666667 45.3125 45.3125 3.4375 41.875 0.4466740000061691
146000 68.5625 0.019748244304666474 27.380735874999992 0.4114583333333333 45.3125 45.3125 3.5625 41.75 0.4322537999978522
148000 67.875 0.01950360916351653 27.380735812499992 0.4114583333333333 45.3125 45.3125 3.4375 41.875 0.408775699994294
150000 123.3125 0.04298257843778375 25.352717687499997 0.484375 45.3125 45.3125 1.8125 43.5 0.4144793000014033
152000 123.3125 0.04298257843778375 25.352717687499997 0.484375 45.3125 45.3125 1.8125 43.5 0.42623810000077356
154000 118.9375 0.041008969282604335 25.967301437499994 0.484375 45.3125 45.3125 1.875 43.4375 0.5065717999968911
156000 123.3125 0.04298257843778375 25.352717687499997 0.484375 45.3125 45.3125 1.8125 43.5 0.39901549999194685
158000 123.3125 0.04298257843778375 25.352717687499997 0.484375 45.3125 45.3125 1.8125 43.5 0.46595840000372846
160000 123.3125 0.04298257843778375 25.352717687499997 0.484375 45.3125 45.3125 1.8125 43.5 0.41261659999145195
162000 123.3125 0.04298257843778375 25.352717687499997 0.484375 45.3125 45.3125 1.8125 43.5 0.43063709999842104
164000 123.3125 0.04298257843778375 25.352717687499997 0.484375 45.3125 45.3125 1.8125 43.5 0.5674112999986392
166000 123.3125 0.04298257843778375 25.352717687499997 0.484375 45.3125 45.3125 1.8125 43.5 0.5129821000009542
168000 123.3125 0.04298257843778375 25.352717687499997 0.484375 45.3125 45.3125 1.8125 43.5 0.45256229999358766
170000 123.3125 0.04298257843778375 25.352717687499997 0.484375 45.3125 45.3125 1.8125 43.5 0.41528610000386834
172000 123.3125 0.04298257843778375 25.352717687499997 0.484375 45.3125 45.3125 1.8125 43.5 0.4436118000012357
174000 123.3125 0.04298257843778375 25.352717687499997 0.484375 45.3125 45.3125 1.8125 43.5 0.4004348000016762
176000 123.3125 0.04298257843778375 25.352717687499997 0.484375 45.3125 45.3125 1.8125 43.5 0.43479040000238456
178000 123.3125 0.04298257843778375 25.352717687499997 0.484375 45.3125 45.3125 1.8125 43.5 0.42666739999549463
180000 123.3125 0.04298257843778375 25.352717687499997 0.484375 45.3125 45.3125 1.8125 43.5 0.4159581999992952
182000 123.3125 0.04298257843778375 25.352717687499997 0.484375 45.3125 45.3125 1.8125 43.5 0.49369950000254903
184000 123.3125 0.04298257843778375 25.352717687499997 0.484375 45.3125 45.3125 1.8125 43.5 0.4274086000077659
186000 123.3125 0.04298257843778375 25.352717687499997 0.484375 45.3125 45.3125 1.8125 43.5 0.474178699994809
188000 123.3125 0.04298257843778375 25.352717687499997 0.484375 45.3125 45.3125 1.8125 43.5 0.5682094000076177
190000 123.3125 0.04298257843778375 25.352717687499997 0.484375 45.3125 45.3125 1.8125 43.5 0.4213776999968104
192000 123.3125 0.04298257843778375 25.352717687499997 0.484375 45.3125 45.3125 1.8125 43.5 0.41333290000329725
194000 123.3125 0.04298257843778375 25.352717687499997 0.484375 45.3125 45.3125 1.8125 43.5 0.43800090000149794
196000 123.3125 0.04298257843778375 25.352717687499997 0.484375 45.3125 45.3125 1.8125 43.5 0.4572130000015022
198000 123.3125 0.04298257843778375 25.352717687499997 0.484375 45.3125 45.3125 1.8125 43.5 0.4298142000043299
200000 123.3125 0.04298257843778375 25.352717687499997 0.484375 45.3125 45.3125 1.8125 43.5 0.4359970999939833
202000 123.3125 0.04298257843778375 25.352717687499997 0.484375 45.3125 45.3125 1.8125 43.5 0.43506109999725595
204000 123.3125 0.04298257843778375 25.352717687499997 0.484375 45.3125 45.3125 1.8125 43.5 0.4321711999946274
206000 123.3125 0.04298257843778375 25.352717687499997 0.484375 45.3125 45.3125 1.8125 43.5 0.4183059999922989
208000 123.3125 0.04298257843778375 25.352717687499997 0.484375 45.3125 45.3125 1.8125 43.5 0.5251833999936935
210000 123.3125 0.04298257843778375 25.352717687499997 0.484375 45.3125 45.3125 1.8125 43.5 0.396929700000328
212000 123.3125 0.04298257843778375 25.352717687499997 0.484375 45.3125 45.3125 1.8125 43.5 0.4431454000005033
214000 123.3125 0.04298257843778375 25.352717687499997 0.484375 45.3125 45.3125 1.8125 43.5 0.5813075000041863
216000 123.3125 0.04298257843778375 25.352717687499997 0.484375 45.3125 45.3125 1.8125 43.5 0.40248080001038034
218000 123.3125 0.04298257843778375 25.352717687499997 0.484375 45.3125 45.3125 1.8125 43.5 0.5544730999972671
220000 123.3125 0.04298257843778375 25.352717687499997 0.484375 45.3125 45.3125 1.8125 43.5 0.41375170000537764
222000 123.3125 0.04298257843778375 25.352717687499997 0.484375 45.3125 45.3125 1.8125 43.5 0.42693729999882635
224000 123.3125 0.04298257843778375 25.352717687499997 0.484375 45.3125 45.3125 1.8125 43.5 0.4141651000099955
226000 123.3125 0.04298257843778375 25.352717687499997 0.484375 45.3125 45.3125 1.8125 43.5 0.428188499994576
228000 123.3125 0.04298257843778375 25.352717687499997 0.484375 45.3125 45.3125 1.8125 43.5 0.44125059999350924
230000 123.3125 0.04298257843778375 25.352717687499997 0.484375 45.3125 45.3125 1.8125 43.5 0.41229929999099113
232000 123.3125 0.04298257843778375 25.352717687499997 0.484375 45.3125 45.3125 1.8125 43.5 0.5590353000006871
234000 123.3125 0.04298257843778375 25.352717687499997 0.484375 45.3125 45.3125 1.8125 43.5 0.44384519998857286
236000 123.3125 0.04298257843778375 25.352717687499997 0.484375 45.3125 45.3125 1.8125 43.5 0.4677936999942176
238000 123.3125 0.04298257843778375 25.352717687499997 0.484375 45.3125 45.3125 1.8125 43.5 0.45706660000723787
240000 123.3125 0.04298257843778375 25.352717687499997 0.484375 45.3125 45.3125 1.8125 43.5 0.42086170001130085
242000 123.3125 0.04298257843778375 25.352717687499997 0.484375 45.3125 45.3125 1.8125 43.5 0.5005515000084415
244000 123.3125 0.04298257843778375 25.352717687499997 0.484375 45.3125 45.3125 1.8125 43.5 0.455154199997196
246000 123.3125 0.04298257843778375 25.352717687499997 0.484375 45.3125 45.3125 1.8125 43.5 0.5559588999894913
248000 123.3125 0.04298257843778375 25.352717687499997 0.484375 45.3125 45.3125 1.8125 43.5 0.449580500004231
250000 123.3125 0.04298257843778375 25.352717687499997 0.484375 45.3125 45.3125 1.8125 43.5 0.44768549999571405
252000 123.3125 0.04298257843778375 25.352717687499997 0.484375 45.3125 45.3125 1.8125 43.5 0.4373211999918567
254000 123.3125 0.04298257843778375 25.352717687499997 0.484375 45.3125 45.3125 1.8125 43.5 0.524157899999409
256000 123.3125 0.04298257843778375 25.352717687499997 0.484375 45.3125 45.3125 1.8125 43.5 0.5210747000091942
258000 123.3125 0.04298257843778375 25.352717687499997 0.484375 45.3125 45.3125 1.8125 43.5 0.4065620999899693
260000 123.3125 0.04298257843778375 25.352717687499997 0.484375 45.3125 45.3125 1.8125 43.5 0.4266176999954041
262000 108.0625 0.03619725045384751 25.581884562499997 0.484375 45.3125 45.3125 1.8125 43.5 0.40143080000416376
264000 123.3125 0.04298257843778375 25.352717687499997 0.484375 45.3125 45.3125 1.8125 43.5 0.47932449998916127
266000 123.3125 0.04298257843778375 25.352717687499997 0.484375 45.3125 45.3125 1.8125 43.5 0.43314249999821186
268000 123.3125 0.04298257843778375 25.352717687499997 0.484375 45.3125 45.3125 1.8125 43.5 0.4292888000054518
270000 123.3125 0.04298257843778375 25.352717687499997 0.484375 45.3125 45.3125 1.8125 43.5 0.6594408999953885
272000 123.3125 0.04298257843778375 25.352717687499997 0.484375 45.3125 45.3125 1.8125 43.5 0.4124964000075124
274000 123.3125 0.04298257843778375 25.352717687499997 0.484375 45.3125 45.3125 1.8125 43.5 0.473491800003103
276000 123.3125 0.04298257843778375 25.352717687499997 0.484375 45.3125 45.3125 1.8125 43.5 0.5126037000009092
278000 123.3125 0.04298257843778375 25.352717687499997 0.484375 45.3125 45.3125 1.8125 43.5 0.45665720000397414
280000 123.3125 0.04298257843778375 25.352717687499997 0.484375 45.3125 45.3125 1.8125 43.5 0.45830099999147933
282000 123.3125 0.04298257843778375 25.352717687499997 0.484375 45.3125 45.3125 1.8125 43.5 0.563649700008682
284000 123.3125 0.04298257843778375 25.352717687499997 0.484375 45.3125 45.3125 1.8125 43.5 0.4986314999987371
286000 123.3125 0.04298257843778375 25.352717687499997 0.484375 45.3125 45.3125 1.8125 43.5 0.4179064999916591
288000 123.3125 0.04298257843778375 25.352717687499997 0.484375 45.3125 45.3125 1.8125 43.5 0.43977060000179335
290000 123.3125 0.04298257843778375 25.352717687499997 0.484375 45.3125 45.3125 1.8125 43.5 0.5098371999920346
292000 123.3125 0.04298257843778375 25.352717687499997 0.484375 45.3125 45.3125 1.8125 43.5 0.4425171000038972
294000 123.3125 0.04298257843778375 25.352717687499997 0.484375 45.3125 45.3125 1.8125 43.5 0.45861310001055244
296000 123.3125 0.04298257843778375 25.352717687499997 0.484375 45.3125 45.3125 1.8125 43.5 0.5185186999879079
298000 123.3125 0.04298257843778375 25.352717687499997 0.484375 45.3125 45.3125 1.8125 43.5 0.41530300000158604
300000 123.3125 0.04298257843778375 25.352717687499997 0.484375 45.3125 45.3125 1.8125 43.5 0.5062781999877188
302000 123.3125 0.04298257843778375 25.352717687499997 0.484375 45.3125 45.3125 1.8125 43.5 0.4773089000082109
304000 121.6875 0.04186406904332536 25.456884437499998 0.484375 45.3125 45.3125 1.8125 43.5 0.44101470000168774
306000 123.3125 0.04298257843778375 25.352717687499997 0.484375 45.3125 45.3125 1.8125 43.5 0.43455200000607874
308000 123.3125 0.04298257843778375 25.352717687499997 0.484375 45.3125 45.3125 1.8125 43.5 0.49668570001085754
310000 123.3125 0.04298257843778375 25.352717687499997 0.484375 45.3125 45.3125 1.8125 43.5 0.4483680999983335
312000 123.3125 0.04298257843778375 25.352717687499997 0.484375 45.3125 45.3125 1.8125 43.5 0.42351249999774154
314000 123.3125 0.04298257843778375 25.352717687499997 0.484375 45.3125 45.3125 1.8125 43.5 0.5773011999990558
316000 123.3125 0.04298257843778375 25.352717687499997 0.484375 45.3125 45.3125 1.8125 43.5 0.41805370000656694
318000 123.3125 0.04298257843778375 25.352717687499997 0.484375 45.3125 45.3125 1.8125 43.5 0.41217999999935273
320000 123.3125 0.04298257843778375 25.352717687499997 0.484375 45.3125 45.3125 1.8125 43.5 0.4864366000110749
322000 123.3125 0.04298257843778375 25.352717687499997 0.484375 45.3125 45.3125 1.8125 43.5 0.5382704999938142
324000 123.3125 0.04298257843778375 25.352717687499997 0.484375 45.3125 45.3125 1.8125 43.5 0.5255559999932302
326000 123.3125 0.04298257843778375 25.352717687499997 0.484375 45.3125 45.3125 1.8125 43.5 0.44941770000150427
328000 123.3125 0.04298257843778375 25.352717687499997 0.484375 45.3125 45.3125 1.8125 43.5 0.42249660000379663
330000 123.3125 0.04298257843778375 25.352717687499997 0.484375 45.3125 45.3125 1.8125 43.5 0.5477054000075441
332000 123.3125 0.04298257843778375 25.352717687499997 0.484375 45.3125 45.3125 1.8125 43.5 0.4634775000013178
334000 123.3125 0.04298257843778375 25.352717687499997 0.484375 45.3125 45.3125 1.8125 43.5 0.44802270000218414
336000 123.3125 0.04298257843778375 25.352717687499997 0.484375 45.3125 45.3125 1.8125 43.5 0.4315070000011474
338000 123.3125 0.04298257843778375 25.352717687499997 0.484375 45.3125 45.3125 1.8125 43.5 0.4851177000091411
340000 123.3125 0.04298257843778375 25.352717687499997 0.484375 45.3125 45.3125 1.8125 43.5 0.49187630000233185
342000 123.3125 0.04298257843778375 25.352717687499997 0.484375 45.3125 45.3125 1.8125 43.5 0.42851680000603665
344000 123.3125 0.04298257843778375 25.352717687499997 0.484375 45.3125 45.3125 1.8125 43.5 0.48084730000118725
346000 123.3125 0.04298257843778375 25.352717687499997 0.484375 45.3125 45.3125 1.8125 43.5 0.5133793999993941
348000 123.3125 0.04298257843778375 25.352717687499997 0.484375 45.3125 45.3125 1.8125 43.5 0.5193624999956228
350000 123.3125 0.04298257843778375 25.352717687499997 0.484375 45.3125 45.3125 1.8125 43.5 0.5331884000042919
352000 123.3125 0.04298257843778375 25.352717687499997 0.484375 45.3125 45.3125 1.8125 43.5 0.48265140000148676
354000 123.3125 0.04298257843778375 25.352717687499997 0.484375 45.3125 45.3125 1.8125 43.5 0.5618482999998378
356000 120.8125 0.04087318918319873 25.519384499999997 0.515625 45.3125 45.3125 1.8125 43.5 0.39908639999339357
358000 123.1875 0.04283698103419721 25.4152198125 0.515625 45.3125 45.3125 1.875 43.4375 0.46156759999576025
360000 122.0 0.04201874163666404 25.5193865625 0.515625 45.3125 45.3125 1.9375 43.375 0.3983148999977857
362000 123.3125 0.04298257843778375 25.352717687499997 0.484375 45.3125 45.3125 1.8125 43.5 0.3916571000008844
364000 123.3125 0.04298257843778375 25.352717687499997 0.484375 45.3125 45.3125 1.8125 43.5 0.5096162999980152
366000 123.3125 0.04298257843778375 25.352717687499997 0.484375 45.3125 45.3125 1.8125 43.5 0.4090165999950841
368000 123.3125 0.04298257843778375 25.352717687499997 0.484375 45.3125 45.3125 1.8125 43.5 0.4407508999865968
370000 123.3125 0.04298257843778375 25.352717687499997 0.484375 45.3125 45.3125 1.8125 43.5 0.5704546000051778
372000 123.3125 0.04298257843778375 25.352717687499997 0.484375 45.3125 45.3125 1.8125 43.5 0.5398034999961965
374000 123.3125 0.04298257843778375 25.352717687499997 0.484375 45.3125 45.3125 1.8125 43.5 0.47519640000246
376000 114.5 0.038782503756078376 25.394384374999998 0.484375 45.3125 45.3125 1.8125 43.5 0.4979429999948479
378000 122.75 0.04234778696165798 25.352717687499997 0.484375 45.3125 45.3125 1.8125 43.5 0.41867400000046473
380000 114.5 0.038782503756078376 25.394384374999998 0.484375 45.3125 45.3125 1.8125 43.5 0.4125530000019353
382000 114.5 0.038782503756078376 25.394384374999998 0.484375 45.3125 45.3125 1.8125 43.5 0.42109509999863803
384000 114.5 0.038782503756078376 25.394384374999998 0.484375 45.3125 45.3125 1.8125 43.5 0.43730479999794625
386000 113.8125 0.03819609481263073 25.477717874999996 0.484375 45.3125 45.3125 1.8125 43.5 0.42154590001155157
388000 114.5 0.038782503756078376 25.394384374999998 0.484375 45.3125 45.3125 1.8125 43.5 0.4262866000062786
390000 114.5 0.038782503756078376 25.394384374999998 0.484375 45.3125 45.3125 1.8125 43.5 0.4448634000000311
392000 114.5 0.038782503756078376 25.394384374999998 0.484375 45.3125 45.3125 1.8125 43.5 0.470564999995986
394000 114.5 0.038782503756078376 25.394384374999998 0.484375 45.3125 45.3125 1.8125 43.5 0.4304935999971349
396000 114.5 0.038782503756078376 25.394384374999998 0.484375 45.3125 45.3125 1.8125 43.5 0.4576946000015596
398000 114.5 0.038782503756078376 25.394384374999998 0.484375 45.3125 45.3125 1.8125 43.5 0.4018006999976933
400000 114.5 0.038782503756078376 25.394384374999998 0.484375 45.3125 45.3125 1.8125 43.5 0.4338716999918688
402000 114.5 0.038782503756078376 25.394384374999998 0.484375 45.3125 45.3125 1.8125 43.5 0.4806670999969356
404000 114.5 0.038782503756078376 25.394384374999998 0.484375 45.3125 45.3125 1.8125 43.5 0.41271489999780897
406000 114.5 0.038782503756078376 25.394384374999998 0.484375 45.3125 45.3125 1.8125 43.5 0.4415720999968471
408000 114.5 0.038782503756078376 25.394384374999998 0.484375 45.3125 45.3125 1.8125 43.5 0.4805022999935318
410000 114.5 0.038782503756078376 25.394384374999998 0.484375 45.3125 45.3125 1.8125 43.5 0.45111399999586865
412000 114.5 0.038782503756078376 25.394384374999998 0.484375 45.3125 45.3125 1.8125 43.5 0.4336145999986911
414000 114.5 0.038782503756078376 25.394384374999998 0.484375 45.3125 45.3125 1.8125 43.5 0.4797547000052873
416000 114.5 0.038782503756078376 25.394384374999998 0.484375 45.3125 45.3125 1.8125 43.5 0.5365288999892073
418000 114.5 0.038782503756078376 25.394384374999998 0.484375 45.3125 45.3125 1.8125 43.5 0.4325736000027973
420000 114.5 0.038782503756078376 25.394384374999998 0.484375 45.3125 45.3125 1.8125 43.5 0.45509869999659713
422000 114.5 0.038782503756078376 25.394384374999998 0.484375 45.3125 45.3125 1.8125 43.5 0.4378609000123106
424000 114.5 0.038782503756078376 25.394384374999998 0.484375 45.3125 45.3125 1.8125 43.5 0.4207109999988461
426000 113.125 0.03836706615805959 25.422164249999998 0.484375 45.3125 45.3125 1.8125 43.5 0.43253310000000056
428000 113.125 0.03836706615805959 25.422164249999998 0.484375 45.3125 45.3125 1.8125 43.5 0.43875249999109656
430000 113.125 0.03836706615805959 25.422164249999998 0.484375 45.3125 45.3125 1.8125 43.5 0.4231159999908414
432000 113.125 0.03836706615805959 25.422164249999998 0.484375 45.3125 45.3125 1.8125 43.5 0.41995540000789333
434000 113.125 0.03836706615805959 25.422164249999998 0.484375 45.3125 45.3125 1.8125 43.5 0.6780847000045469
436000 113.125 0.03836706615805959 25.422164249999998 0.484375 45.3125 45.3125 1.8125 43.5 0.41517239999666344
438000 113.125 0.03836706615805959 25.422164249999998 0.484375 45.3125 45.3125 1.8125 43.5 0.4921128999994835
440000 113.125 0.03836706615805959 25.422164249999998 0.484375 45.3125 45.3125 1.8125 43.5 0.43657079999684356
442000 113.125 0.03836706615805959 25.422164249999998 0.484375 45.3125 45.3125 1.8125 43.5 0.43957219998992514
444000 113.125 0.03836706615805959 25.422164249999998 0.484375 45.3125 45.3125 1.8125 43.5 0.43188390000432264
446000 113.125 0.03836706615805959 25.422164249999998 0.484375 45.3125 45.3125 1.8125 43.5 0.4211662999878172
448000 113.125 0.03836706615805959 25.422164249999998 0.484375 45.3125 45.3125 1.8125 43.5 0.49713999999221414
450000 113.125 0.03836706615805959 25.422164249999998 0.484375 45.3125 45.3125 1.8125 43.5 0.3843440000055125
452000 113.125 0.03836706615805959 25.422164249999998 0.484375 45.3125 45.3125 1.8125 43.5 0.46369969999068417
454000 113.125 0.03836706615805959 25.422164249999998 0.484375 45.3125 45.3125 1.8125 43.5 0.5455464999977266
456000 113.125 0.03836706615805959 25.422164249999998 0.484375 45.3125 45.3125 1.8125 43.5 0.42982990000746213
458000 113.125 0.03836706615805959 25.422164249999998 0.484375 45.3125 45.3125 1.8125 43.5 0.43189439999696333
460000 113.125 0.03836706615805959 25.422164249999998 0.484375 45.3125 45.3125 1.8125 43.5 0.48724509999738075
462000 113.125 0.03836706615805959 25.422164249999998 0.484375 45.3125 45.3125 1.8125 43.5 0.43793709999590646
464000 113.125 0.03836706615805959 25.422164249999998 0.484375 45.3125 45.3125 1.8125 43.5 0.4150987999892095
466000 113.125 0.03836706615805959 25.422164249999998 0.484375 45.3125 45.3125 1.8125 43.5 0.44947369999135844
468000 113.125 0.03836706615805959 25.422164249999998 0.484375 45.3125 45.3125 1.8125 43.5 0.419942100008484
470000 113.125 0.03836706615805959 25.422164249999998 0.484375 45.3125 45.3125 1.8125 43.5 0.46150910000142176
472000 113.125 0.03836706615805959 25.422164249999998 0.484375 45.3125 45.3125 1.8125 43.5 0.39510860000154935
474000 113.125 0.03836706615805959 25.422164249999998 0.484375 45.3125 45.3125 1.8125 43.5 0.41717010000138544
476000 113.125 0.03836706615805959 25.422164249999998 0.484375 45.3125 45.3125 1.8125 43.5 0.44388310000067577
478000 113.125 0.03836706615805959 25.422164249999998 0.484375 45.3125 45.3125 1.8125 43.5 0.41828320000786334
480000 113.125 0.03836706615805959 25.422164249999998 0.484375 45.3125 45.3125 1.8125 43.5 0.46421019999252167
482000 113.125 0.03836706615805959 25.422164249999998 0.484375 45.3125 45.3125 1.8125 43.5 0.40796909999335185
484000 113.125 0.03836706615805959 25.422164249999998 0.484375 45.3125 45.3125 1.8125 43.5 0.44276849999732804
486000 113.125 0.03836706615805959 25.422164249999998 0.484375 45.3125 45.3125 1.8125 43.5 0.5458857999910833
488000 113.125 0.03836706615805959 25.422164249999998 0.484375 45.3125 45.3125 1.8125 43.5 0.37066799998865463
490000 113.125 0.03836706615805959 25.422164249999998 0.484375 45.3125 45.3125 1.8125 43.5 0.4076162999990629
492000 113.125 0.03836706615805959 25.422164249999998 0.484375 45.3125 45.3125 1.8125 43.5 0.37328049998905044
494000 113.125 0.03836706615805959 25.422164249999998 0.484375 45.3125 45.3125 1.8125 43.5 0.3004639999999199
496000 113.125 0.03836706615805959 25.422164249999998 0.484375 45.3125 45.3125 1.8125 43.5 0.3098844000051031
498000 113.125 0.03836706615805959 25.422164249999998 0.484375 45.3125 45.3125 1.8125 43.5 0.30962350001209415
500000 113.125 0.03836706615805959 25.422164249999998 0.484375 45.3125 45.3125 1.8125 43.5 0.20993570001155604
