2000 0.38461538461538464 0.00014787450967521654 40.26420178846154 0.057692307692307696 45.301282057692305 45.30769230769231 1.0384615384615385 44.26923076923077 2.367723000003025
4000 0.38461538461538464 -0.03831025082432698 38.65696907692306 0.17147435897435898 45.301282057692305 45.30769230769231 1.4230769230769231 43.88461538461539 2.18086939999921
6000 0.1346153846153846 7.238089557782007e-05 39.91209578846153 0.11378205128205127 45.301282057692305 45.30769230769231 1.0384615384615385 44.26923076923077 2.0803241999965394
8000 0.3076923076923077 0.000408492404690832 38.1075706923077 0.1201923076923077 45.301282057692305 45.30769230769231 1.4230769230769231 43.88461538461539 2.2180921000035596
10000 0.11538461538461539 0.00018083922653218265 38.22275528846154 0.11057692307692307 45.301282057692305 45.30769230769231 1.1346153846153846 44.17307692307692 2.2209759000033955
12000 0.11538461538461539 4.060761501896867e-05 39.74872361538462 0.044871794871794865 45.301282057692305 45.30769230769231 1.0384615384615385 44.26923076923077 1.8257975000014994
14000 0.23076923076923078 0.00020328823976918672 38.74632359615385 0.16506410256410253 45.301282057692305 45.30769230769231 1.0384615384615385 44.26923076923077 1.8424893000046723
16000 0.19230769230769232 9.04792444239036e-05 39.63460898076922 0.09455128205128203 45.301282057692305 45.30769230769231 1.0384615384615385 44.26923076923077 1.9671696000004886
18000 0.23076923076923078 0.00011931830913759882 39.40367265384616 0.1362179487179487 45.301282057692305 45.30769230769231 1.0384615384615385 44.26923076923077 1.8385383999993792
20000 0.15384615384615385 0.00013308149252506897 39.242639923076915 0.10256410256410257 45.301282057692305 45.30769230769231 1.0384615384615385 44.26923076923077 2.1549946000013733
22000 0.09615384615384616 6.689046040092128e-05 39.12474648076923 0.11698717948717949 45.301282057692305 45.30769230769231 1.0384615384615385 44.26923076923077 2.068264999994426
24000 0.17307692307692307 0.00016153118041678882 38.972696288461535 0.13141025641025642 45.301282057692305 45.30769230769231 1.0384615384615385 44.26923076923077 2.083279800004675
26000 0.09615384615384616 6.401930642149928e-05 38.433756711538464 0.14423076923076922 45.301282057692305 45.30769230769231 1.0384615384615385 44.26923076923077 2.0507476000057068
28000 0.17307692307692307 0.00016838635458546242 38.4920325 0.15544871794871792 45.301282057692305 45.30769230769231 1.0384615384615385 44.26923076923077 1.9493826999969315
30000 0.21153846153846154 0.00020561761899968943 38.35681198076923 0.16025641025641024 45.301282057692305 45.30769230769231 1.0384615384615385 44.26923076923077 2.2072408000021824
32000 0.6923076923076923 0.00036832583902525094 37.86981040384615 0.2067307692307692 45.301282057692305 45.30769230769231 1.0384615384615385 44.26923076923077 1.9793602999998257
34000 0.6730769230769231 0.00034323676708617135 37.957131 0.2067307692307692 45.301282057692305 45.30769230769231 1.0384615384615385 44.26923076923077 1.8777541999952518
36000 0.5961538461538461 0.00032918763943964467 38.05675528846154 0.18749999999999997 45.301282057692305 45.30769230769231 1.0384615384615385 44.26923076923077 1.9833729000019957
38000 0.23076923076923078 0.00018824212619950132 39.22640788461539 0.11858974358974358 45.301282057692305 45.30769230769231 1.0384615384615385 44.26923076923077 1.921812199994747
40000 0.21153846153846154 0.00018557608838352195 39.25845982692307 0.11858974358974358 45.301282057692305 45.30769230769231 1.0384615384615385 44.26923076923077 2.27830210000684
42000 0.25 0.0001584835951345988 39.296148076923075 0.1201923076923077 45.301282057692305 45.30769230769231 1.0384615384615385 44.26923076923077 1.9711787999985972
44000 0.25 0.00021342188569257434 38.84503392307692 0.09935897435897437 45.301282057692305 45.30769230769231 1.0576923076923077 44.25 1.8439985000004526
46000 0.15384615384615385 0.00018453394782150722 38.84746180769231 0.07852564102564104 45.301282057692305 45.30769230769231 1.0576923076923077 44.25 2.17203430000518
48000 0.3269230769230769 0.00017481911180500722 38.86085857692307 0.12019230769230771 45.301282057692305 45.30769230769231 1.0576923076923077 44.25 1.9710052000009455
50000 0.21153846153846154 0.00010916141910619362 39.545228615384616 0.08653846153846154 45.301282057692305 45.30769230769231 1.0384615384615385 44.26923076923077 2.0366945000059786
52000 0.09615384615384616 9.285051303889246e-05 39.72102821153846 0.08012820512820513 45.301282057692305 45.30769230769231 1.0769230769230769 44.23076923076923 1.8861495000019204
54000 0.28846153846153844 0.00018396317642761513 39.1993995576923 0.08974358974358974 45.301282057692305 45.30769230769231 1.0576923076923077 44.25 2.1870868999976665
56000 0.1346153846153846 0.00012620986595975812 39.44777955769231 0.11858974358974356 45.301282057692305 45.30769230769231 1.1153846153846154 44.19230769230769 2.3696157000013045
58000 0.1346153846153846 0.0001471455688728674 39.81863825000001 0.07692307692307693 45.301282057692305 45.30769230769231 1.2692307692307692 44.03846153846154 2.332758200005628
60000 0.8653846153846154 0.0004703507508513931 39.79791240384615 0.08333333333333333 45.301282057692305 45.30769230769231 1.0576923076923077 44.25 2.0990958999973373
62000 0.23076923076923078 0.00017229317021270551 39.12806403846153 0.08333333333333333 45.301282057692305 45.30769230769231 1.1346153846153846 44.17307692307692 2.169768699997803
64000 0.9423076923076923 -0.03803374957113306 38.359103673076916 0.12339743589743589 45.301282057692305 45.30769230769231 1.1346153846153846 44.17307692307692 2.2967952999970294
66000 0.8076923076923077 0.00034070239181160727 38.023694846153845 0.12339743589743588 45.301282057692305 45.30769230769231 1.0576923076923077 44.25 2.227813599994988
68000 1.1346153846153846 0.0004990465886128166 37.43406555769231 0.16506410256410253 45.301282057692305 45.30769230769231 1.0576923076923077 44.25 2.140503100003116
70000 0.38461538461538464 0.0003800352131653605 38.446764788461536 0.11217948717948717 45.301282057692305 45.30769230769231 1.2692307692307692 44.03846153846154 1.9991300000037882
72000 0.46153846153846156 0.0004465947516605741 37.402368249999995 0.17628205128205124 45.301282057692305 45.30769230769231 1.2115384615384615 44.09615384615385 2.262081400003808
74000 0.5961538461538461 0.0005009427752099528 37.4388974423077 0.17948717948717946 45.301282057692305 45.30769230769231 1.2115384615384615 44.09615384615385 2.2713392000005115
76000 0.5 0.00020508829188620268 38.56931630769232 0.15224358974358973 45.301282057692305 45.30769230769231 1.2115384615384615 44.09615384615385 2.1646275999955833
78000 0.4807692307692308 0.00016973455423250334 38.56730246153847 0.10256410256410256 45.301282057692305 45.30769230769231 1.7884615384615385 43.51923076923077 2.1262778000018443
80000 0.7115384615384616 0.000497609565517062 38.39607623076924 0.14262820512820512 45.301282057692305 45.30769230769231 1.5 43.80769230769231 2.1755331000022124
82000 0.6153846153846154 0.0002547765857355845 37.69395484615386 0.1298076923076923 45.301282057692305 45.30769230769231 1.3076923076923077 44.0 2.060171299999638
84000 0.34615384615384615 0.00017035045674105765 37.36890005769231 0.157051282051282 45.301282057692305 45.30769230769231 1.1346153846153846 44.17307692307692 2.3431026999969617
86000 0.4230769230769231 0.00026090858906378247 38.15007461538462 0.1490384615384615 45.301282057692305 45.30769230769231 1.0576923076923077 44.25 2.2699876000042423
88000 0.3269230769230769 -0.01907473321714711 37.98046321153847 0.16346153846153846 45.301282057692305 45.30769230769231 1.0384615384615385 44.26923076923077 2.243601399997715
90000 0.28846153846153844 0.00021050947731505074 38.99425376923076 0.14423076923076922 45.301282057692305 45.30769230769231 1.0576923076923077 44.25 2.277245600002061
92000 0.21153846153846154 -0.13445044186152758 37.784683115384624 0.13942307692307693 45.301282057692305 45.30769230769231 1.5 43.80769230769231 2.2992803000015556
94000 0.3269230769230769 0.00016791506503591503 38.13173965384616 0.1971153846153846 45.301282057692305 45.30769230769231 1.3076923076923077 44.0 2.075871900000493
96000 0.40384615384615385 0.0004257329315336911 37.73561292307692 0.22596153846153846 45.301282057692305 45.30769230769231 1.3461538461538463 43.96153846153846 2.374418000006699
98000 0.5192307692307693 0.0004801686948515391 37.59582830769231 0.2099358974358974 45.301282057692305 45.30769230769231 1.4038461538461537 43.90384615384615 2.234701800000039
100000 1.5384615384615385 0.0008880230103083236 36.711131749999986 0.2211538461538462 45.301282057692305 45.30769230769231 2.0961538461538463 43.21153846153846 2.3665293999947608
102000 0.8269230769230769 0.0005317651848298764 38.491890730769235 0.2419871794871795 45.301282057692305 45.30769230769231 1.0961538461538463 44.21153846153846 2.1733135000031325
104000 0.5769230769230769 0.00045426098612283655 38.459120500000004 0.18910256410256407 45.301282057692305 45.30769230769231 1.0576923076923077 44.25 2.3639340000008815
106000 1.0961538461538463 0.0006667288008792715 37.52176325 0.2564102564102564 45.301282057692305 45.30769230769231 1.1730769230769231 44.13461538461539 2.2260758000047645
108000 1.1730769230769231 0.0005860051613064031 37.40356438461537 0.1987179487179487 45.301282057692305 45.30769230769231 1.3653846153846154 43.94230769230769 2.225153700004739
110000 0.7115384615384616 0.0006003107220161548 37.30472398076922 0.24679487179487178 45.301282057692305 45.30769230769231 1.1346153846153846 44.17307692307692 2.378531299997121
112000 0.8269230769230769 0.00021487601566462907 37.08906769230769 0.26282051282051283 45.301282057692305 45.30769230769231 1.1153846153846154 44.19230769230769 2.249891400002525
114000 1.4807692307692308 0.0008512806003566257 37.08569348076923 0.18108974358974358 45.301282057692305 45.30769230769231 1.4230769230769231 43.88461538461539 1.9107071999969776
116000 1.7307692307692308 -0.018494486405211414 36.460510634615396 0.18589743589743588 45.301282057692305 45.30769230769231 1.8269230769230769 43.48076923076923 2.3317562000011094
118000 3.2884615384615383 -0.49924293482301363 36.52339501923077 0.17948717948717946 45.301282057692305 45.30769230769231 2.3846153846153846 42.92307692307692 2.486278799995489
120000 2.769230769230769 -0.40320030318946015 36.58357323076923 0.16025641025641024 45.301282057692305 45.30769230769231 2.423076923076923 42.88461538461539 2.14436189999833
122000 7.0576923076923075 -0.03595014283843016 34.2479548076923 0.3076923076923077 45.301282057692305 45.30769230769231 2.423076923076923 42.88461538461539 2.1968908999988344
124000 4.846153846153846 -0.09508075365974446 34.26775898076923 0.28205128205128205 45.301282057692305 45.30769230769231 1.0384615384615385 44.26923076923077 2.413963999999396
126000 7.25 0.0027936716531131007 33.710092326923075 0.27724358974358976 45.301282057692305 45.30769230769231 1.0576923076923077 44.25 1.7022354000000632
128000 5.826923076923077 0.0020322826848871846 33.9159295 0.2788461538461538 45.301282057692305 45.30769230769231 1.0384615384615385 44.26923076923077 3.474971600000572
130000 5.519230769230769 0.0017939752321314635 33.86803065384615 0.2740384615384615 45.301282057692305 45.30769230769231 1.0384615384615385 44.26923076923077 1.9852129999999306
132000 5.423076923076923 0.0016686042323727547 33.910509749999996 0.26442307692307687 45.301282057692305 45.30769230769231 1.0384615384615385 44.26923076923077 1.5032282999964082
134000 4.0576923076923075 0.0010705765126042277 33.86858940384615 0.2564102564102564 45.301282057692305 45.30769230769231 1.0384615384615385 44.26923076923077 1.6387080999993486
136000 8.807692307692308 0.003070362703210243 33.23920803846152 0.2932692307692308 45.301282057692305 45.30769230769231 2.7115384615384617 42.59615384615385 1.523313199999393
138000 9.75 -0.015741534479763366 31.98065867307692 0.33653846153846156 45.301282057692305 45.30769230769231 2.519230769230769 42.78846153846154 2.330904100002954
140000 7.4423076923076925 0.003040249984946362 33.18863161538461 0.29166666666666663 45.301282057692305 45.30769230769231 2.6153846153846154 42.69230769230769 1.8919232999978703
142000 5.769230769230769 0.002203137934343007 34.80212430769232 0.25641025641025644 45.301282057692305 45.30769230769231 2.9423076923076925 42.36538461538461 1.4164891999971587
144000 5.769230769230769 0.0022038775561330293 34.81494415384616 0.25641025641025644 45.301282057692305 45.30769230769231 2.8653846153846154 42.44230769230769 1.6270003999961773
146000 6.230769230769231 -0.03619364554589121 34.378842923076924 0.25961538461538464 45.301282057692305 45.30769230769231 2.4615384615384617 42.84615384615385 1.6314072999957716
148000 6.076923076923077 0.0022488971159251173 34.62401730769231 0.2548076923076923 45.301282057692305 45.30769230769231 3.019230769230769 42.28846153846154 1.4489000999965356
150000 5.25 0.001699690143804788 34.90811323076923 0.2580128205128205 45.301282057692305 45.30769230769231 2.3461538461538463 42.96153846153846 1.4209651999990456
152000 5.346153846153846 0.0016482225573638638 34.91232253846154 0.2676282051282051 45.301282057692305 45.30769230769231 2.269230769230769 43.03846153846154 1.409295999997994
154000 5.1923076923076925 0.001905693998252869 34.86098148076922 0.3060897435897436 45.301282057692305 45.30769230769231 2.019230769230769 43.28846153846154 1.4569502999947872
156000 5.0576923076923075 0.001665524219563659 35.16989042307692 0.25641025641025644 45.301282057692305 45.30769230769231 2.326923076923077 42.98076923076923 1.4534673000016483
158000 6.4423076923076925 0.0024802803513045125 34.45500963461538 0.266025641025641 45.301282057692305 45.30769230769231 3.5384615384615383 41.76923076923077 1.3772643000047537
160000 5.576923076923077 0.0020455901293545877 34.67761117307693 0.27564102564102566 45.301282057692305 45.30769230769231 2.3076923076923075 43.0 1.453078500002448
162000 5.634615384615385 0.0019993196857905154 34.92730969230769 0.2676282051282052 45.301282057692305 45.30769230769231 2.423076923076923 42.88461538461539 1.6519036999961827
164000 5.8076923076923075 0.001961369159228114 34.841786153846144 0.24679487179487178 45.301282057692305 45.30769230769231 2.019230769230769 43.28846153846154 1.4477216000013868
166000 6.788461538461538 0.002578968279135005 33.89962148076923 0.23878205128205124 45.301282057692305 45.30769230769231 3.519230769230769 41.78846153846154 1.3469231999988551
168000 6.538461538461538 0.002389886831778066 34.59042223076924 0.25641025641025644 45.301282057692305 45.30769230769231 3.980769230769231 41.32692307692308 1.482152500000666
170000 7.826923076923077 0.0027676751497497077 33.679379346153844 0.266025641025641 45.301282057692305 45.30769230769231 3.25 42.05769230769231 1.4094987999997102
172000 6.884615384615385 0.002460348422363419 34.156483249999994 0.23397435897435898 45.301282057692305 45.30769230769231 3.25 42.05769230769231 1.5745683999994071
174000 7.269230769230769 0.002687790258156891 34.164260192307694 0.25961538461538464 45.301282057692305 45.30769230769231 3.826923076923077 41.48076923076923 1.6437521999978344
176000 6.711538461538462 0.002651510938737116 34.64933657692308 0.2275641025641026 45.301282057692305 45.30769230769231 3.4038461538461537 41.90384615384615 1.4205852000013692
178000 6.346153846153846 0.002533581716253572 34.36650580769231 0.25801282051282054 45.301282057692305 45.30769230769231 3.4423076923076925 41.86538461538461 1.498945300001651
180000 6.3076923076923075 -0.017067762284837522 34.75050309615384 0.2387820512820513 45.301282057692305 45.30769230769231 4.038461538461538 41.26923076923077 1.4307128000000375
182000 6.1923076923076925 -0.05559590513659451 34.52947207692308 0.21794871794871792 45.301282057692305 45.30769230769231 4.134615384615385 41.17307692307692 1.4129681999984314
184000 6.423076923076923 0.0021232001051209913 34.63176698076923 0.233974358974359 45.301282057692305 45.30769230769231 4.153846153846154 41.15384615384615 1.4095260000030976
186000 6.480769230769231 0.0022376847460888237 34.55758940384615 0.22756410256410253 45.301282057692305 45.30769230769231 4.0576923076923075 41.25 1.3767208000062965
188000 6.096153846153846 0.001980840718518088 34.80145563461539 0.21794871794871792 45.301282057692305 45.30769230769231 3.9038461538461537 41.40384615384615 1.3704165999952238
190000 6.5576923076923075 0.0022359774655857055 34.83615028846154 0.22596153846153844 45.301282057692305 45.30769230769231 4.211538461538462 41.09615384615385 1.3345699999990757
192000 6.326923076923077 0.00220886450327675 34.96117825 0.22596153846153844 45.301282057692305 45.30769230769231 4.153846153846154 41.15384615384615 1.3683683999988716
194000 6.653846153846154 0.002308567720016751 34.79865163461538 0.24198717948717946 45.301282057692305 45.30769230769231 3.9423076923076925 41.36538461538461 1.33356669999921
196000 14.365384615384615 0.006945108058310858 33.75956209615384 0.2676282051282051 45.301282057692305 45.30769230769231 2.8461538461538463 42.46153846153846 1.3567465000014636
198000 18.51923076923077 0.008625031963011547 33.21684988461537 0.28205128205128205 45.301282057692305 45.30769230769231 1.5384615384615385 43.76923076923077 1.3031825999933062
200000 20.75 0.009469103900230237 32.99521459615385 0.344551282051282 45.301282057692305 45.30769230769231 1.8653846153846154 43.44230769230769 1.2721492999990005
202000 23.26923076923077 0.01121842527773641 32.201260365384606 0.3862179487179488 45.301282057692305 45.30769230769231 1.5576923076923077 43.75 1.378954599997087
204000 18.596153846153847 0.009424319193137297 33.548228423076935 0.2676282051282051 45.301282057692305 45.30769230769231 1.1153846153846154 44.19230769230769 1.3726102000000537
206000 17.75 0.009102552591692013 33.29243096153847 0.31089743589743585 45.301282057692305 45.30769230769231 1.0384615384615385 44.26923076923077 1.2741117999976268
208000 17.903846153846153 0.008646696380574694 32.995672557692316 0.34775641025641024 45.301282057692305 45.30769230769231 1.1153846153846154 44.19230769230769 1.4565161999998963
210000 21.615384615384617 0.010673634385540698 32.02203023076923 0.42948717948717946 45.301282057692305 45.30769230769231 1.0384615384615385 44.26923076923077 1.387258800001291
212000 20.846153846153847 0.01060546282216965 31.729070173076934 0.4198717948717948 45.301282057692305 45.30769230769231 1.0384615384615385 44.26923076923077 1.413988000000245
214000 23.153846153846153 0.011394907435013531 30.732340096153845 0.4919871794871795 45.301282057692305 45.30769230769231 1.0384615384615385 44.26923076923077 1.356861399995978
216000 22.73076923076923 0.010943646258682542 31.014287403846154 0.4791666666666667 45.301282057692305 45.30769230769231 1.0384615384615385 44.26923076923077 1.3816187999982503
218000 23.48076923076923 0.011727134846280827 30.437343961538463 0.48237179487179493 45.301282057692305 45.30769230769231 1.0384615384615385 44.26923076923077 1.3098971999934292
220000 24.46153846153846 0.012194200839517484 30.113848673076923 0.5016025641025641 45.301282057692305 45.30769230769231 1.0384615384615385 44.26923076923077 1.4773958000005223
222000 24.76923076923077 0.012213329509322331 30.09422078846154 0.4871794871794872 45.301282057692305 45.30769230769231 1.0384615384615385 44.26923076923077 1.3156386999980896
224000 25.653846153846153 0.012387705240528735 30.08092269230769 0.48557692307692313 45.301282057692305 45.30769230769231 1.0384615384615385 44.26923076923077 1.283442499996454
226000 25.51923076923077 0.01233961862842463 30.093565115384614 0.4663461538461539 45.301282057692305 45.30769230769231 1.0384615384615385 44.26923076923077 1.3169790000029025
228000 25.942307692307693 0.012761159312653751 29.961992173076922 0.4711538461538462 45.301282057692305 45.30769230769231 1.0384615384615385 44.26923076923077 1.425172900002508
230000 26.596153846153847 0.013098321828351654 30.076198557692308 0.4775641025641026 45.301282057692305 45.30769230769231 1.0384615384615385 44.26923076923077 1.3592831999994814
232000 27.076923076923077 0.013031930407367156 29.90394363461538 0.47596153846153855 45.301282057692305 45.30769230769231 1.0384615384615385 44.26923076923077 1.3259566999986419
234000 27.576923076923077 0.013309606268336292 29.85889371153846 0.47596153846153855 45.301282057692305 45.30769230769231 1.0384615384615385 44.26923076923077 1.3808883000019705
236000 27.403846153846153 -0.005978948620849072 30.026535730769233 0.46314102564102566 45.301282057692305 45.30769230769231 1.0384615384615385 44.26923076923077 1.3718997999967542
238000 28.884615384615383 -0.005396440035494133 29.92649442307692 0.4567307692307693 45.301282057692305 45.30769230769231 1.0384615384615385 44.26923076923077 1.3817871999999625
240000 28.884615384615383 -0.02462796198510077 29.953335 0.4567307692307693 45.301282057692305 45.30769230769231 1.0384615384615385 44.26923076923077 1.3998833000005106
242000 29.5 -0.005147610324483817 29.89225944230769 0.4615384615384616 45.301282057692305 45.30769230769231 1.0384615384615385 44.26923076923077 1.2751404000009643
244000 29.403846153846153 -0.00555788718329782 30.017258865384616 0.4567307692307693 45.301282057692305 45.30769230769231 1.0384615384615385 44.26923076923077 1.29538550000143
246000 29.596153846153847 0.014037981542135557 29.897469519230775 0.44551282051282054 45.301282057692305 45.30769230769231 1.0384615384615385 44.26923076923077 1.468147500003397
248000 29.442307692307693 0.014059054119085238 29.799310115384614 0.4358974358974359 45.301282057692305 45.30769230769231 1.0384615384615385 44.26923076923077 1.3787343000003602
250000 29.03846153846154 -0.005695083926667869 29.94389715384615 0.4310897435897436 45.301282057692305 45.30769230769231 1.0384615384615385 44.26923076923077 1.4099643000008655
252000 30.46153846153846 0.014881807696709421 29.394989980769232 0.46474358974358976 45.301282057692305 45.30769230769231 1.0384615384615385 44.26923076923077 1.265331900001911
254000 30.442307692307693 0.014948217340703217 29.43078261538462 0.44551282051282054 45.301282057692305 45.30769230769231 1.0384615384615385 44.26923076923077 1.5237698999990243
256000 30.442307692307693 0.014948217340703217 29.43078261538462 0.44551282051282054 45.301282057692305 45.30769230769231 1.0384615384615385 44.26923076923077 1.4369088000021293
258000 30.634615384615383 0.015017419319988371 29.434165846153846 0.46474358974358976 45.301282057692305 45.30769230769231 1.0384615384615385 44.26923076923077 1.344205300003523
260000 30.75 0.015064743095368299 29.43754907692308 0.46474358974358976 45.301282057692305 45.30769230769231 1.0384615384615385 44.26923076923077 1.3328608000010718
262000 30.75 0.015064121819911262 29.43754907692308 0.46474358974358976 45.301282057692305 45.30769230769231 1.0384615384615385 44.26923076923077 1.5386629999993602
264000 31.057692307692307 0.015209995376392338 29.440931673076925 0.4935897435897436 45.301282057692305 45.30769230769231 1.0384615384615385 44.26923076923077 1.312540099999751
266000 31.057692307692307 0.015210616651849375 29.440931673076925 0.4935897435897436 45.301282057692305 45.30769230769231 1.0384615384615385 44.26923076923077 1.44877589999669
268000 31.057692307692307 0.015248382274790815 29.440931673076925 0.4935897435897436 45.301282057692305 45.30769230769231 1.0384615384615385 44.26923076923077 1.4342553000024054
270000 30.98076923076923 0.01515341169541393 29.44431553846154 0.483974358974359 45.301282057692305 45.30769230769231 1.0384615384615385 44.26923076923077 1.369081599994388
272000 31.057692307692307 0.015247760999333775 29.440931673076925 0.4935897435897436 45.301282057692305 45.30769230769231 1.0384615384615385 44.26923076923077 1.478550699997868
274000 31.076923076923077 0.015248142609582602 29.444314903846156 0.4887820512820513 45.301282057692305 45.30769230769231 1.0384615384615385 44.26923076923077 1.3771526000055019
276000 31.057692307692307 0.015248382274790815 29.440931673076925 0.4935897435897436 45.301282057692305 45.30769230769231 1.0384615384615385 44.26923076923077 1.3938776000068174
278000 31.134615384615383 0.015254990158782138 29.43416394230769 0.5096153846153847 45.301282057692305 45.30769230769231 1.0384615384615385 44.26923076923077 1.5063108999966062
280000 31.134615384615383 0.015254990158782138 29.43416394230769 0.5096153846153847 45.301282057692305 45.30769230769231 1.0384615384615385 44.26923076923077 1.2680266999959713
282000 31.134615384615383 0.015254990158782138 29.43416394230769 0.5096153846153847 45.301282057692305 45.30769230769231 1.0384615384615385 44.26923076923077 1.383174799993867
284000 31.134615384615383 0.015254990158782138 29.43416394230769 0.5096153846153847 45.301282057692305 45.30769230769231 1.0384615384615385 44.26923076923077 1.4349531999978353
286000 31.134615384615383 0.01531808810684132 29.41730453846154 0.5096153846153847 45.301282057692305 45.30769230769231 1.0384615384615385 44.26923076923077 1.302722400003404
288000 31.153846153846153 0.015321069712518464 29.43689215384616 0.5000000000000001 45.301282057692305 45.30769230769231 1.0384615384615385 44.26923076923077 1.4684400999976788
290000 31.23076923076923 0.015377653393496874 29.43350828846154 0.5096153846153847 45.301282057692305 45.30769230769231 1.0384615384615385 44.26923076923077 1.5642769999976736
292000 31.23076923076923 0.015377653393496874 29.43350828846154 0.5096153846153847 45.301282057692305 45.30769230769231 1.0384615384615385 44.26923076923077 1.2910396000006585
294000 31.153846153846153 0.015321069712518464 29.43689215384616 0.5000000000000001 45.301282057692305 45.30769230769231 1.0384615384615385 44.26923076923077 1.5141243999969447
296000 31.153846153846153 0.015321069712518464 29.43689215384616 0.5000000000000001 45.301282057692305 45.30769230769231 1.0384615384615385 44.26923076923077 1.3146455999958562
298000 31.076923076923077 0.015276074930128667 29.44365988461539 0.483974358974359 45.301282057692305 45.30769230769231 1.0384615384615385 44.26923076923077 1.3804386999981944
300000 31.076923076923077 0.015276074930128667 29.44365988461539 0.483974358974359 45.301282057692305 45.30769230769231 1.0384615384615385 44.26923076923077 1.3472200999967754
302000 31.21153846153846 0.015354538534758589 29.436892788461538 0.5000000000000001 45.301282057692305 45.30769230769231 1.0384615384615385 44.26923076923077 1.428605900000548
304000 31.23076923076923 0.015339266495098395 29.43350828846154 0.5096153846153847 45.301282057692305 45.30769230769231 1.0384615384615385 44.26923076923077 1.4052304000069853
306000 31.23076923076923 0.015339266495098395 29.43350828846154 0.5096153846153847 45.301282057692305 45.30769230769231 1.0384615384615385 44.26923076923077 1.3756820999988122
308000 31.25 0.015368310981331155 29.451849211538466 0.5096153846153847 45.301282057692305 45.30769230769231 1.0384615384615385 44.26923076923077 1.3207306999975117
310000 31.25 0.015368310981331155 29.451849211538466 0.5096153846153847 45.301282057692305 45.30769230769231 1.0384615384615385 44.26923076923077 1.415360300001339
312000 31.25 0.015368310981331155 29.451849211538466 0.5096153846153847 45.301282057692305 45.30769230769231 1.0384615384615385 44.26923076923077 1.638935599999968
314000 31.25 0.015368932256788193 29.451849211538466 0.5096153846153847 45.301282057692305 45.30769230769231 1.0384615384615385 44.26923076923077 1.394667100001243
316000 31.25 0.015406076604272595 29.451849211538466 0.5096153846153847 45.301282057692305 45.30769230769231 1.0384615384615385 44.26923076923077 1.2697408000021824
318000 31.326923076923077 0.015511314519941082 29.45861630769231 0.514423076923077 45.301282057692305 45.30769230769231 1.0384615384615385 44.26923076923077 1.30051779999485
320000 31.365384615384617 0.015533862693590327 29.47482005769231 0.514423076923077 45.301282057692305 45.30769230769231 1.0384615384615385 44.26923076923077 1.3071396999948774
322000 31.365384615384617 0.015504321043432487 29.47143682692308 0.514423076923077 45.301282057692305 45.30769230769231 1.0384615384615385 44.26923076923077 1.4001052000021446
324000 31.365384615384617 0.015466555420491048 29.47143682692308 0.514423076923077 45.301282057692305 45.30769230769231 1.0384615384615385 44.26923076923077 1.3452986999982386
326000 31.365384615384617 0.015504321043432487 29.47143682692308 0.514423076923077 45.301282057692305 45.30769230769231 1.0384615384615385 44.26923076923077 1.387648399999307
328000 31.365384615384617 0.015504321043432487 29.47143682692308 0.514423076923077 45.301282057692305 45.30769230769231 1.0384615384615385 44.26923076923077 1.4190459000019473
330000 31.365384615384617 0.015504321043432487 29.47143682692308 0.514423076923077 45.301282057692305 45.30769230769231 1.0384615384615385 44.26923076923077 1.370067999996536
332000 31.01923076923077 0.01535503146549247 29.512367211538468 0.5032051282051282 45.301282057692305 45.30769230769231 1.0384615384615385 44.26923076923077 1.3208047000007355
334000 31.28846153846154 0.015495349750447588 29.47728888461539 0.5032051282051282 45.301282057692305 45.30769230769231 1.0384615384615385 44.26923076923077 1.3670771999968565
336000 31.26923076923077 0.015457202517257324 29.47390565384616 0.5080128205128205 45.301282057692305 45.30769230769231 1.0384615384615385 44.26923076923077 1.3326317999963067
338000 29.923076923076923 0.01506376227174263 29.71144336538462 0.4935897435897436 45.301282057692305 45.30769230769231 1.0384615384615385 44.26923076923077 1.4646169999978156
340000 29.23076923076923 0.014458269943942528 30.226435653846156 0.46794871794871806 45.301282057692305 45.30769230769231 1.0384615384615385 44.26923076923077 1.4010952999960864
342000 30.942307692307693 0.015276170203450096 29.62848488461539 0.483974358974359 45.301282057692305 45.30769230769231 1.0384615384615385 44.26923076923077 1.3230547999992268
344000 31.576923076923077 0.015550671634716585 29.443125596153852 0.5000000000000001 45.301282057692305 45.30769230769231 1.0384615384615385 44.26923076923077 1.426458099995216
346000 29.634615384615383 0.01465260703436294 29.88240780769231 0.4775641025641027 45.301282057692305 45.30769230769231 1.0384615384615385 44.26923076923077 1.4248217999993358
348000 31.25 0.015441406261456497 29.561894769230776 0.5000000000000001 45.301282057692305 45.30769230769231 1.0384615384615385 44.26923076923077 1.4863272000002326
350000 30.865384615384617 0.015296224766023572 29.63543471153847 0.5000000000000001 45.301282057692305 45.30769230769231 1.0384615384615385 44.26923076923077 1.3647792999981903
352000 30.846153846153847 0.015314502059426121 29.668767000000006 0.5000000000000001 45.301282057692305 45.30769230769231 1.0384615384615385 44.26923076923077 1.448147600000084
354000 29.134615384615383 0.014561817160398631 30.11712900000001 0.4871794871794873 45.301282057692305 45.30769230769231 1.0384615384615385 44.26923076923077 1.4110720999960904
356000 29.26923076923077 0.014637575944934225 30.00174432692308 0.4871794871794873 45.301282057692305 45.30769230769231 1.0384615384615385 44.26923076923077 1.5344258999975864
358000 27.576923076923077 0.013957435110613174 30.394875115384625 0.467948717948718 45.301282057692305 45.30769230769231 1.0384615384615385 44.26923076923077 1.4427433000018937
360000 29.903846153846153 0.014994660252723776 29.66199990384616 0.5096153846153847 45.301282057692305 45.30769230769231 1.0384615384615385 44.26923076923077 1.3704662000018288
362000 32.17307692307692 0.015841635487575327 29.282512269230775 0.5160256410256411 45.301282057692305 45.30769230769231 1.0384615384615385 44.26923076923077 1.5380406000040239
364000 32.07692307692308 0.015760755677668267 29.317590596153853 0.5096153846153847 45.301282057692305 45.30769230769231 1.0384615384615385 44.26923076923077 1.3571503999992274
366000 32.07692307692308 0.015760755677668267 29.317590596153853 0.5096153846153847 45.301282057692305 45.30769230769231 1.0384615384615385 44.26923076923077 1.402562900002522
368000 32.46153846153846 0.015786791469064546 29.222326557692313 0.5256410256410257 45.301282057692305 45.30769230769231 1.0384615384615385 44.26923076923077 1.3736277999996673
370000 32.17307692307692 0.01581209383741749 29.279129038461544 0.5160256410256411 45.301282057692305 45.30769230769231 1.0384615384615385 44.26923076923077 1.411047100002179
372000 30.192307692307693 0.01488615564253379 29.593231788461544 0.5096153846153846 45.301282057692305 45.30769230769231 1.0384615384615385 44.26923076923077 1.452048899998772
374000 31.346153846153847 0.015297453806238287 29.305659942307702 0.5192307692307693 45.301282057692305 45.30769230769231 1.0384615384615385 44.26923076923077 1.4329952000043704
376000 30.884615384615383 0.015159227922213027 29.414634365384625 0.5192307692307693 45.301282057692305 45.30769230769231 1.0384615384615385 44.26923076923077 1.4452867999934824
378000 31.365384615384617 0.015258798748739328 29.286072961538466 0.5240384615384616 45.301282057692305 45.30769230769231 1.0384615384615385 44.26923076923077 1.291548299996066
380000 32.46153846153846 0.015753816186582684 29.196685519230776 0.5256410256410257 45.301282057692305 45.30769230769231 1.0384615384615385 44.26923076923077 1.3677507000029436
382000 32.44230769230769 0.015720816220542055 29.168807076923088 0.5208333333333333 45.301282057692305 45.30769230769231 1.0384615384615385 44.26923076923077 1.5485382999977446
384000 32.5 0.01575330836227399 29.18048176923078 0.5256410256410257 45.301282057692305 45.30769230769231 1.0384615384615385 44.26923076923077 1.3354192999977386
386000 32.48076923076923 0.015715161129083725 29.177098538461546 0.530448717948718 45.301282057692305 45.30769230769231 1.0384615384615385 44.26923076923077 1.3654659000021638
388000 32.48076923076923 0.015715161129083725 29.177098538461546 0.530448717948718 45.301282057692305 45.30769230769231 1.0384615384615385 44.26923076923077 1.5614610999982688
390000 30.884615384615383 0.015310100159006145 29.395047365384624 0.5192307692307693 45.301282057692305 45.30769230769231 1.0384615384615385 44.26923076923077 1.3598699000067427
392000 31.576923076923077 0.015491984205597146 29.279662692307703 0.5256410256410257 45.301282057692305 45.30769230769231 1.0384615384615385 44.26923076923077 1.399523699998099
394000 32.57692307692308 0.015775769547057866 29.154840730769237 0.5256410256410257 45.301282057692305 45.30769230769231 1.0384615384615385 44.26923076923077 1.4248187999983202
396000 32.23076923076923 0.015757942192851825 29.21164321153847 0.5256410256410257 45.301282057692305 45.30769230769231 1.0384615384615385 44.26923076923077 1.4394393999973545
398000 32.5 0.01575330836227399 29.18048176923078 0.5256410256410257 45.301282057692305 45.30769230769231 1.0384615384615385 44.26923076923077 1.3298734999989392
400000 32.5 0.01575330836227399 29.18048176923078 0.5256410256410257 45.301282057692305 45.30769230769231 1.0384615384615385 44.26923076923077 1.5524019000004046
402000 32.5 0.01575330836227399 29.18048176923078 0.5256410256410257 45.301282057692305 45.30769230769231 1.0384615384615385 44.26923076923077 1.28997089999757
404000 32.57692307692308 0.015775769547057866 29.154840730769237 0.5256410256410257 45.301282057692305 45.30769230769231 1.0384615384615385 44.26923076923077 1.4024590000044554
406000 32.55769230769231 0.015737622313867602 29.151457500000006 0.530448717948718 45.301282057692305 45.30769230769231 1.0384615384615385 44.26923076923077 1.3304543000049307
408000 32.55769230769231 0.015737622313867602 29.151457500000006 0.530448717948718 45.301282057692305 45.30769230769231 1.0384615384615385 44.26923076923077 1.3546768000014708
410000 32.55769230769231 0.015737622313867602 29.151457500000006 0.530448717948718 45.301282057692305 45.30769230769231 1.0384615384615385 44.26923076923077 1.3481420999960392
412000 32.55769230769231 0.015715120382795038 29.148074269230776 0.5240384615384616 45.301282057692305 45.30769230769231 1.0384615384615385 44.26923076923077 1.3299179000023287
414000 32.44230769230769 0.015668475806793015 29.131870519230777 0.5240384615384616 45.301282057692305 45.30769230769231 1.0384615384615385 44.26923076923077 1.5141016999987187
416000 32.38461538461539 0.01563598366506108 29.120195826923084 0.5192307692307693 45.301282057692305 45.30769230769231 1.0384615384615385 44.26923076923077 1.3310115999993286
418000 32.38461538461539 0.01563598366506108 29.120195826923084 0.5192307692307693 45.301282057692305 45.30769230769231 1.0384615384615385 44.26923076923077 1.3353160999977263
420000 32.80769230769231 0.015411245151256376 29.039888846153854 0.5144230769230769 45.301282057692305 45.30769230769231 1.0384615384615385 44.26923076923077 1.318466000004264
422000 32.80769230769231 0.015411245151256376 29.039888846153854 0.5144230769230769 45.301282057692305 45.30769230769231 1.0384615384615385 44.26923076923077 1.4022114999970654
424000 32.36538461538461 0.015611745628605485 29.094554788461547 0.5192307692307693 45.301282057692305 45.30769230769231 1.0384615384615385 44.26923076923077 1.288445899997896
426000 32.38461538461539 0.01563598366506108 29.120195826923084 0.5192307692307693 45.301282057692305 45.30769230769231 1.0384615384615385 44.26923076923077 1.3155455000014626
428000 32.67307692307692 0.01565993220949165 29.091170923076934 0.5144230769230769 45.301282057692305 45.30769230769231 1.0384615384615385 44.26923076923077 1.4023955000011483
430000 32.80769230769231 0.015411245151256376 29.039888846153854 0.5144230769230769 45.301282057692305 45.30769230769231 1.0384615384615385 44.26923076923077 1.287983100002748
432000 32.75 0.015302080975072258 29.01172921153847 0.5144230769230769 45.301282057692305 45.30769230769231 1.0384615384615385 44.26923076923077 1.3645871999979136
434000 32.75 0.015302080975072258 29.01172921153847 0.5144230769230769 45.301282057692305 45.30769230769231 1.0384615384615385 44.26923076923077 1.3809995999981766
436000 32.80769230769231 0.015411245151256376 29.039888846153854 0.5144230769230769 45.301282057692305 45.30769230769231 1.0384615384615385 44.26923076923077 1.347708999994211
438000 32.80769230769231 0.015411245151256376 29.039888846153854 0.5144230769230769 45.301282057692305 45.30769230769231 1.0384615384615385 44.26923076923077 1.446659000001091
440000 32.80769230769231 0.015411245151256376 29.039888846153854 0.5144230769230769 45.301282057692305 45.30769230769231 1.0384615384615385 44.26923076923077 1.3569525000057183
442000 32.75 0.015302080975072258 29.01172921153847 0.5144230769230769 45.301282057692305 45.30769230769231 1.0384615384615385 44.26923076923077 1.5359185999986948
444000 32.75 0.015302080975072258 29.01172921153847 0.5144230769230769 45.301282057692305 45.30769230769231 1.0384615384615385 44.26923076923077 1.332387700000254
446000 32.75 0.015302080975072258 29.01172921153847 0.5144230769230769 45.301282057692305 45.30769230769231 1.0384615384615385 44.26923076923077 1.252377400000114
448000 32.75 0.015302080975072258 29.01172921153847 0.5144230769230769 45.301282057692305 45.30769230769231 1.0384615384615385 44.26923076923077 1.2334527000057278
450000 32.75 0.015302080975072258 29.01172921153847 0.5144230769230769 45.301282057692305 45.30769230769231 1.0384615384615385 44.26923076923077 1.1949184000040987
452000 32.75 0.015302080975072258 29.01172921153847 0.5144230769230769 45.301282057692305 45.30769230769231 1.0384615384615385 44.26923076923077 1.2438818000009633
454000 32.51923076923077 0.015319923267762492 29.045739903846158 0.5192307692307693 45.301282057692305 45.30769230769231 1.0384615384615385 44.26923076923077 1.4052884000047925
456000 32.80769230769231 0.015389221508155908 29.01671500000001 0.5144230769230769 45.301282057692305 45.30769230769231 1.0384615384615385 44.26923076923077 1.3030724999989616
458000 32.80769230769231 0.015389221508155908 29.01671500000001 0.5144230769230769 45.301282057692305 45.30769230769231 1.0384615384615385 44.26923076923077 1.2101474000010057
460000 32.80769230769231 0.015389221508155908 29.01671500000001 0.5144230769230769 45.301282057692305 45.30769230769231 1.0384615384615385 44.26923076923077 1.2395579000003636
462000 32.80769230769231 0.015389221508155908 29.01671500000001 0.5144230769230769 45.301282057692305 45.30769230769231 1.0384615384615385 44.26923076923077 1.3323549999986426
464000 32.80769230769231 0.015389221508155908 29.01671500000001 0.5144230769230769 45.301282057692305 45.30769230769231 1.0384615384615385 44.26923076923077 1.1742178999993484
466000 32.80769230769231 0.015389221508155908 29.01671500000001 0.5144230769230769 45.301282057692305 45.30769230769231 1.0384615384615385 44.26923076923077 1.0694140999985393
468000 32.80769230769231 0.015389221508155908 29.01671500000001 0.5144230769230769 45.301282057692305 45.30769230769231 1.0384615384615385 44.26923076923077 1.101333300000988
470000 32.80769230769231 0.015389221508155908 29.01671500000001 0.5144230769230769 45.301282057692305 45.30769230769231 1.0384615384615385 44.26923076923077 1.1921895000050426
472000 32.80769230769231 0.015389221508155908 29.01671500000001 0.5144230769230769 45.301282057692305 45.30769230769231 1.0384615384615385 44.26923076923077 1.131712600006722
474000 32.80769230769231 0.0153444930876501 29.01671500000001 0.5144230769230769 45.301282057692305 45.30769230769231 1.0384615384615385 44.26923076923077 1.1628238999983296
476000 32.80769230769231 0.0153444930876501 29.01671500000001 0.5144230769230769 45.301282057692305 45.30769230769231 1.0384615384615385 44.26923076923077 1.17461270000058
478000 32.80769230769231 0.0153444930876501 29.01671500000001 0.5144230769230769 45.301282057692305 45.30769230769231 1.0384615384615385 44.26923076923077 1.0741605999937747
480000 32.80769230769231 0.015389221508155908 29.01671500000001 0.5144230769230769 45.301282057692305 45.30769230769231 1.0384615384615385 44.26923076923077 0.9965509999965434
482000 32.80769230769231 0.015389221508155908 29.01671500000001 0.5144230769230769 45.301282057692305 45.30769230769231 1.0384615384615385 44.26923076923077 0.9960846999965725
484000 32.75 0.015302080975072258 29.01172921153847 0.5144230769230769 45.301282057692305 45.30769230769231 1.0384615384615385 44.26923076923077 0.9590567000050214
486000 32.80769230769231 0.0153444930876501 29.01671500000001 0.5144230769230769 45.301282057692305 45.30769230769231 1.0384615384615385 44.26923076923077 0.9746694999994361
488000 32.80769230769231 0.0153444930876501 29.01671500000001 0.5144230769230769 45.301282057692305 45.30769230769231 1.0384615384615385 44.26923076923077 1.0205212000000756
490000 32.80769230769231 0.0153444930876501 29.01671500000001 0.5144230769230769 45.301282057692305 45.30769230769231 1.0384615384615385 44.26923076923077 0.9111450000054901
492000 32.80769230769231 0.015389221508155908 29.01671500000001 0.5144230769230769 45.301282057692305 45.30769230769231 1.0384615384615385 44.26923076923077 0.9574108000015258
494000 32.80769230769231 0.0153444930876501 29.01671500000001 0.5144230769230769 45.301282057692305 45.30769230769231 1.0384615384615385 44.26923076923077 1.1006976999997278
496000 32.80769230769231 0.0153444930876501 29.01671500000001 0.5144230769230769 45.301282057692305 45.30769230769231 1.0384615384615385 44.26923076923077 0.842664000003424
498000 32.80769230769231 0.0153444930876501 29.01671500000001 0.5144230769230769 45.301282057692305 45.30769230769231 1.0384615384615385 44.26923076923077 0.826891999997315
500000 32.80769230769231 0.0153444930876501 29.01671500000001 0.5144230769230769 45.301282057692305 45.30769230769231 1.0384615384615385 44.26923076923077 0.8091943000035826
