2000 2.019230769230769 0.0007592693809612973 37.12091171153846 0.052884615384615384 45.301282057692305 45.30769230769231 2.6346153846153846 42.67307692307692 1.2044023999999922
4000 3.019230769230769 0.0005338148020288481 35.92301576923076 0.14423076923076922 45.301282057692305 45.30769230769231 3.3076923076923075 42.0 1.5359303999999838
6000 1.5769230769230769 0.00016325703749158532 37.058300403846154 0.09935897435897435 45.301282057692305 45.30769230769231 2.6346153846153846 42.67307692307692 1.452588100000014
8000 3.6538461538461537 0.001578863302716925 34.97815638461538 0.1474358974358974 45.301282057692305 45.30769230769231 3.3076923076923075 42.0 1.5671028000000433
10000 2.3846153846153846 0.0006988099700513619 35.0020858076923 0.1282051282051282 45.301282057692305 45.30769230769231 3.1923076923076925 42.11538461538461 1.5013462000000573
12000 1.3653846153846154 0.000205442768681849 36.65302803846155 0.03685897435897435 45.301282057692305 45.30769230769231 2.673076923076923 42.63461538461539 1.792052799999965
14000 1.8076923076923077 0.00046109171510839086 35.902060423076925 0.09134615384615384 45.301282057692305 45.30769230769231 2.6346153846153846 42.67307692307692 1.8232461999999714
16000 1.8461538461538463 0.00041884061477747613 36.31001242307692 0.0641025641025641 45.301282057692305 45.30769230769231 2.6346153846153846 42.67307692307692 1.6647978999999395
18000 1.7884615384615385 0.0003212958846700408 36.267328115384615 0.07692307692307693 45.301282057692305 45.30769230769231 2.6346153846153846 42.67307692307692 1.623736699999995
20000 2.0 0.0006014476528333947 35.900462519230764 0.10576923076923077 45.301282057692305 45.30769230769231 2.6346153846153846 42.67307692307692 1.9829968999999892
22000 1.8269230769230769 0.0003568485830533364 36.02546348076922 0.11057692307692307 45.301282057692305 45.30769230769231 2.6346153846153846 42.67307692307692 1.9640817000000652
24000 1.7692307692307692 0.0004208627483565218 35.83485296153845 0.1490384615384615 45.301282057692305 45.30769230769231 2.6346153846153846 42.67307692307692 2.0472426999999698
26000 1.6923076923076923 0.0004384994680747727 35.55786955769231 0.15544871794871792 45.301282057692305 45.30769230769231 2.6346153846153846 42.67307692307692 1.7604617999999164
28000 1.5961538461538463 0.000510458634890793 35.760068269230764 0.15384615384615385 45.301282057692305 45.30769230769231 2.6346153846153846 42.67307692307692 1.8458640999999716
30000 1.75 0.0004049369680277966 35.53802142307691 0.14903846153846154 45.301282057692305 45.30769230769231 2.6346153846153846 42.67307692307692 1.89313709999999
32000 3.1346153846153846 0.001035646015148237 35.167005211538466 0.14102564102564102 45.301282057692305 45.30769230769231 2.6346153846153846 42.67307692307692 1.8040129999999408
34000 3.1153846153846154 0.0010253575276611593 35.24900290384616 0.13141025641025642 45.301282057692305 45.30769230769231 2.6346153846153846 42.67307692307692 1.9343322000000853
36000 3.1346153846153846 0.0010487947671461507 35.265295884615384 0.1362179487179487 45.301282057692305 45.30769230769231 2.6346153846153846 42.67307692307692 1.8175347999999758
38000 1.8461538461538463 0.0005356612928643548 35.84571409615384 0.1169871794871795 45.301282057692305 45.30769230769231 2.6346153846153846 42.67307692307692 1.7963311999999405
40000 1.7115384615384615 0.0005569388254981415 35.96750961538461 0.1217948717948718 45.301282057692305 45.30769230769231 2.6346153846153846 42.67307692307692 1.9727803999999196
42000 2.2884615384615383 0.0008700892976977493 36.16487342307692 0.09935897435897437 45.301282057692305 45.30769230769231 2.6346153846153846 42.67307692307692 1.877825699999903
44000 1.9230769230769231 0.0005607773378341343 36.02358084615384 0.07852564102564104 45.301282057692305 45.30769230769231 2.6538461538461537 42.65384615384615 1.8196393999999145
46000 1.5 0.0004803933390879108 36.16809088461538 0.07692307692307693 45.301282057692305 45.30769230769231 2.6538461538461537 42.65384615384615 1.860249099999919
48000 1.7307692307692308 0.0005165244423234469 36.026530557692304 0.1233974358974359 45.301282057692305 45.30769230769231 2.6538461538461537 42.65384615384615 1.7608037999998487
50000 1.7692307692307692 0.00045764813892625007 36.308582692307695 0.11057692307692307 45.301282057692305 45.30769230769231 2.6346153846153846 42.67307692307692 1.8050393999999415
52000 1.4615384615384615 0.0003601823836325025 36.53543594230769 0.11698717948717949 45.301282057692305 45.30769230769231 2.6346153846153846 42.67307692307692 1.9140971999997873
54000 1.6153846153846154 0.0004363200921141003 36.25837007692308 0.11217948717948717 45.301282057692305 45.30769230769231 2.6538461538461537 42.65384615384615 1.819221200000129
56000 2.6346153846153846 0.0005421927738409194 36.54532167307693 0.09935897435897437 45.301282057692305 45.30769230769231 2.7115384615384617 42.59615384615385 1.8292128000000503
58000 2.5576923076923075 0.0007118021680903227 36.78250101923077 0.0673076923076923 45.301282057692305 45.30769230769231 2.7115384615384617 42.59615384615385 2.03308990000005
60000 2.3461538461538463 0.0008576367879069119 36.69675951923077 0.08333333333333334 45.301282057692305 45.30769230769231 2.6538461538461537 42.65384615384615 1.8761509000000842
62000 2.3461538461538463 0.0005933431680656342 36.101411423076925 0.11217948717948717 45.301282057692305 45.30769230769231 2.7115384615384617 42.59615384615385 1.815519199999926
64000 3.980769230769231 0.00113448434987204 35.35432901923077 0.1538461538461538 45.301282057692305 45.30769230769231 2.7115384615384617 42.59615384615385 1.9069252000001597
66000 2.4423076923076925 0.0005226824139548798 35.491083096153844 0.12980769230769226 45.301282057692305 45.30769230769231 2.6346153846153846 42.67307692307692 1.9093568000000687
68000 2.8076923076923075 0.0010216201338976126 35.180468 0.1442307692307692 45.301282057692305 45.30769230769231 2.6346153846153846 42.67307692307692 2.242605400000002
70000 2.4423076923076925 0.0007382835614229622 35.48094201923077 0.1314102564102564 45.301282057692305 45.30769230769231 2.7115384615384617 42.59615384615385 1.8271041000000423
72000 2.3846153846153846 0.0005590816733296664 35.12944988461538 0.10737179487179487 45.301282057692305 45.30769230769231 2.7115384615384617 42.59615384615385 1.883248900000126
74000 2.6538461538461537 0.00047420457713597295 34.945688423076916 0.14423076923076922 45.301282057692305 45.30769230769231 2.7115384615384617 42.59615384615385 2.021688499999982
76000 2.7884615384615383 0.0006714877093792601 35.585643596153844 0.11698717948717949 45.301282057692305 45.30769230769231 2.7884615384615383 42.51923076923077 2.1078712999999425
78000 2.8076923076923075 0.0004137235394048855 36.14534573076923 0.09935897435897437 45.301282057692305 45.30769230769231 3.3653846153846154 41.94230769230769 1.931162200000017
80000 2.9615384615384617 0.0004311359671463193 35.574912076923084 0.12179487179487179 45.301282057692305 45.30769230769231 3.0961538461538463 42.21153846153846 2.004344200000105
82000 2.673076923076923 0.0003043755182461072 35.25124017307693 0.1185897435897436 45.301282057692305 45.30769230769231 2.7884615384615383 42.51923076923077 1.8075598000000355
84000 1.7692307692307692 0.000560382158657141 34.906690076923084 0.1201923076923077 45.301282057692305 45.30769230769231 2.673076923076923 42.63461538461539 1.8589982000000873
86000 1.7307692307692308 0.0005395343120864581 35.5113913076923 0.08173076923076923 45.301282057692305 45.30769230769231 2.6346153846153846 42.67307692307692 1.7925856000001659
88000 1.4038461538461537 0.0003877657567800779 35.43553661538463 0.1362179487179487 45.301282057692305 45.30769230769231 2.6346153846153846 42.67307692307692 1.7920695999996497
90000 1.4230769230769231 0.00027695218123281214 36.40882957692308 0.10096153846153845 45.301282057692305 45.30769230769231 2.6346153846153846 42.67307692307692 1.936803399999917
92000 2.5384615384615383 -0.018381713610625725 34.87281013461539 0.1137820512820513 45.301282057692305 45.30769230769231 3.2115384615384617 42.09615384615385 2.0808075999998437
94000 1.6923076923076923 0.0005905421331423941 35.41969461538462 0.15064102564102563 45.301282057692305 45.30769230769231 2.769230769230769 42.53846153846154 1.855984300000273
96000 1.9230769230769231 0.0003910079639458366 35.32783219230769 0.16346153846153846 45.301282057692305 45.30769230769231 2.75 42.55769230769231 1.8453914000001532
98000 2.1538461538461537 0.0008369503622741337 35.17265026923077 0.1907051282051282 45.301282057692305 45.30769230769231 2.7115384615384617 42.59615384615385 1.8309994000001097
100000 5.769230769230769 0.0018385093360263377 34.11237213461538 0.20192307692307693 45.301282057692305 45.30769230769231 3.75 41.55769230769231 1.910278500000004
102000 2.8461538461538463 0.0010362282114516615 35.63873028846154 0.21314102564102566 45.301282057692305 45.30769230769231 2.6923076923076925 42.61538461538461 1.9163097000000562
104000 3.0961538461538463 0.0011694036364552477 35.387637807692315 0.18429487179487178 45.301282057692305 45.30769230769231 2.6923076923076925 42.61538461538461 1.7833863000000747
106000 3.0384615384615383 0.0009406636440331593 35.10293721153845 0.203525641025641 45.301282057692305 45.30769230769231 2.6923076923076925 42.61538461538461 1.9836599999998725
108000 3.4615384615384617 0.0009244121020301824 35.320354480769225 0.157051282051282 45.301282057692305 45.30769230769231 2.8846153846153846 42.42307692307692 1.7409445999996933
110000 2.730769230769231 0.0008932062692874978 35.11843076923076 0.17948717948717946 45.301282057692305 45.30769230769231 2.6923076923076925 42.61538461538461 1.8081254999997327
112000 2.0384615384615383 0.0005994635616205069 35.1779485 0.14423076923076922 45.301282057692305 45.30769230769231 2.673076923076923 42.63461538461539 1.8523684000001595
114000 3.3653846153846154 0.001307093248626086 34.51960046153847 0.14262820512820512 45.301282057692305 45.30769230769231 2.923076923076923 42.38461538461539 1.8531558999998197
116000 5.269230769230769 0.0017914547392481146 33.89304325 0.203525641025641 45.301282057692305 45.30769230769231 3.4038461538461537 41.90384615384615 1.9363749999997708
118000 7.153846153846154 -0.5757959308605458 34.526858961538466 0.16185897435897434 45.301282057692305 45.30769230769231 4.096153846153846 41.21153846153846 1.7867630999999164
120000 7.480769230769231 -0.517951660235306 34.58343805769231 0.1346153846153846 45.301282057692305 45.30769230769231 4.134615384615385 41.17307692307692 1.759754900000189
122000 14.807692307692308 -0.014601685410850994 32.259069442307684 0.2275641025641026 45.301282057692305 45.30769230769231 3.9423076923076925 41.36538461538461 1.8119102999999086
124000 10.51923076923077 -0.1520811576358282 32.07837159615384 0.23717948717948717 45.301282057692305 45.30769230769231 2.6346153846153846 42.67307692307692 1.8992991999998594
126000 13.48076923076923 0.00464128989501497 31.736830865384626 0.22596153846153844 45.301282057692305 45.30769230769231 2.6538461538461537 42.65384615384615 1.7798784000001433
128000 12.096153846153847 0.00397325933492577 32.026091250000015 0.22275641025641024 45.301282057692305 45.30769230769231 2.6346153846153846 42.67307692307692 1.792460800000299
130000 10.903846153846153 0.00298539680561608 32.02032330769232 0.2099358974358974 45.301282057692305 45.30769230769231 2.6346153846153846 42.67307692307692 1.8403368999997838
132000 10.846153846153847 0.0029222331850606237 31.994682288461547 0.1971153846153846 45.301282057692305 45.30769230769231 2.6346153846153846 42.67307692307692 1.8011622999997599
134000 9.25 0.0024809533643264164 31.839410269230775 0.1971153846153846 45.301282057692305 45.30769230769231 2.6346153846153846 42.67307692307692 1.8159362000001238
136000 16.25 0.005330068560406446 31.332097384615377 0.24358974358974358 45.301282057692305 45.30769230769231 4.038461538461538 41.26923076923077 1.8910642999999254
138000 20.134615384615383 -0.031942559552733125 30.0708945 0.27083333333333326 45.301282057692305 45.30769230769231 3.8461538461538463 41.46153846153846 1.967502400000285
140000 15.73076923076923 0.005048549805556355 31.375313134615382 0.21153846153846154 45.301282057692305 45.30769230769231 4.480769230769231 40.82692307692308 1.9281675000001997
142000 11.346153846153847 0.0033090110705952464 32.863421211538466 0.19070512820512817 45.301282057692305 45.30769230769231 4.576923076923077 40.73076923076923 1.8444236999998793
144000 11.346153846153847 0.003309780752856884 32.85060073076924 0.19070512820512817 45.301282057692305 45.30769230769231 4.653846153846154 40.65384615384615 1.8238054000003103
146000 14.26923076923077 -0.09188973708236509 32.229864711538454 0.21474358974358973 45.301282057692305 45.30769230769231 4.365384615384615 40.94230769230769 1.8771968999999444
148000 11.73076923076923 0.0033753692560917013 32.73566221153847 0.19551282051282046 45.301282057692305 45.30769230769231 4.8076923076923075 40.5 1.9229575000003933
150000 11.461538461538462 0.0031757023025450015 32.70874153846154 0.17948717948717946 45.301282057692305 45.30769230769231 4.3076923076923075 41.0 1.7394969000001765
152000 11.673076923076923 0.0031170090783507404 32.63609415384615 0.18589743589743588 45.301282057692305 45.30769230769231 4.346153846153846 40.96153846153846 2.0077806999997847
154000 11.115384615384615 0.0031184400803905003 32.86165559615384 0.22756410256410253 45.301282057692305 45.30769230769231 3.8846153846153846 41.42307692307692 1.8040087999997922
156000 11.346153846153847 0.0035310059207964662 32.8166075576923 0.20192307692307693 45.301282057692305 45.30769230769231 3.9423076923076925 41.36538461538461 1.8241297999998096
158000 12.615384615384615 0.004301347274245615 32.70012257692308 0.22275641025641024 45.301282057692305 45.30769230769231 5.019230769230769 40.28846153846154 1.801044599999841
160000 12.5 0.004175010039278318 32.64127992307693 0.20192307692307693 45.301282057692305 45.30769230769231 4.538461538461538 40.76923076923077 2.135306799999853
162000 12.326923076923077 0.0038946543980235113 32.536404403846156 0.203525641025641 45.301282057692305 45.30769230769231 4.538461538461538 40.76923076923077 1.8145752999998876
164000 12.846153846153847 0.004047264047769247 32.57003384615385 0.20512820512820512 45.301282057692305 45.30769230769231 4.269230769230769 41.03846153846154 1.8205689999999777
166000 15.403846153846153 0.00488604453326523 31.960553192307692 0.22596153846153846 45.301282057692305 45.30769230769231 5.115384615384615 40.19230769230769 1.8799347999997735
168000 13.211538461538462 0.00406779971690298 32.371666423076924 0.21474358974358976 45.301282057692305 45.30769230769231 5.3076923076923075 40.0 1.9285107000000608
170000 14.288461538461538 0.0048301917666705284 32.07650473076923 0.24358974358974358 45.301282057692305 45.30769230769231 5.153846153846154 40.15384615384615 1.9403958999996576
172000 13.884615384615385 -0.015069560343981304 32.23694094230769 0.22916666666666666 45.301282057692305 45.30769230769231 5.153846153846154 40.15384615384615 1.8130184999999983
174000 14.826923076923077 0.004520192315862903 32.132275365384615 0.22275641025641024 45.301282057692305 45.30769230769231 5.134615384615385 40.17307692307692 1.762408300000061
176000 15.692307692307692 0.004904596200453994 32.84748311538462 0.18269230769230768 45.301282057692305 45.30769230769231 4.980769230769231 40.32692307692308 1.744862000000012
178000 16.403846153846153 0.005347572852743795 32.04762503846153 0.21153846153846154 45.301282057692305 45.30769230769231 5.134615384615385 40.17307692307692 1.7827833000001192
180000 18.096153846153847 -0.05193472287794909 32.25221867307692 0.20192307692307693 45.301282057692305 45.30769230769231 5.019230769230769 40.28846153846154 1.7591741000001093
182000 17.98076923076923 -0.1097670542234552 32.199449788461536 0.203525641025641 45.301282057692305 45.30769230769231 5.1923076923076925 40.11538461538461 1.7872309000003952
184000 14.538461538461538 0.004220158849431694 32.39463501923076 0.20512820512820512 45.301282057692305 45.30769230769231 5.5 39.80769230769231 1.8948772999992798
186000 13.961538461538462 0.004389650793506445 32.58420042307693 0.203525641025641 45.301282057692305 45.30769230769231 5.423076923076923 39.88461538461539 1.8674999999993815
188000 13.865384615384615 0.004197909994644442 32.484660076923085 0.21955128205128205 45.301282057692305 45.30769230769231 5.1923076923076925 40.11538461538461 1.899558899999647
190000 14.038461538461538 0.004296982441592178 32.49926480769231 0.22275641025641024 45.301282057692305 45.30769230769231 5.423076923076923 39.88461538461539 2.0404888000002757
192000 15.173076923076923 0.0052152645194803345 32.36055328846153 0.22756410256410253 45.301282057692305 45.30769230769231 5.211538461538462 40.09615384615385 1.9351856000002954
194000 14.423076923076923 0.004215065019072832 32.264042961538465 0.23076923076923078 45.301282057692305 45.30769230769231 5.230769230769231 40.07692307692308 1.8380124000004798
196000 29.28846153846154 0.012860601007700258 30.811766711538464 0.2868589743589744 45.301282057692305 45.30769230769231 3.769230769230769 41.53846153846154 1.8346848999999565
198000 36.19230769230769 0.016775842500523455 30.225845826923088 0.264423076923077 45.301282057692305 45.30769230769231 2.923076923076923 42.38461538461539 1.8981463999998596
200000 46.59615384615385 0.019711604630228995 29.450414192307708 0.342948717948718 45.301282057692305 45.30769230769231 2.923076923076923 42.38461538461539 1.937631799999508
202000 47.76923076923077 0.01999661581767799 29.133461846153857 0.3621794871794872 45.301282057692305 45.30769230769231 2.8653846153846154 42.44230769230769 1.9244484999999258
204000 43.90384615384615 0.0185605114667428 29.72088973076924 0.342948717948718 45.301282057692305 45.30769230769231 2.6346153846153846 42.67307692307692 1.8675418000002537
206000 45.09615384615385 0.01885314320352979 29.457535423076926 0.35737179487179493 45.301282057692305 45.30769230769231 2.6346153846153846 42.67307692307692 1.8093575000002602
208000 46.67307692307692 0.01969208499965586 29.11992971153846 0.3557692307692308 45.301282057692305 45.30769230769231 2.6346153846153846 42.67307692307692 1.964575999999397
210000 47.5 0.020128760482205615 28.848025403846165 0.3685897435897436 45.301282057692305 45.30769230769231 2.6346153846153846 42.67307692307692 1.8287743999999293
212000 47.17307692307692 0.019983495317307774 28.84428725000001 0.3685897435897436 45.301282057692305 45.30769230769231 2.6346153846153846 42.67307692307692 1.7777452000000267
214000 49.25 0.02209669854521806 28.29763411538462 0.40224358974358976 45.301282057692305 45.30769230769231 2.6346153846153846 42.67307692307692 1.8289231999997355
216000 49.17307692307692 0.02083521571426932 28.507214269230776 0.3862179487179488 45.301282057692305 45.30769230769231 2.6346153846153846 42.67307692307692 2.0306651000000784
218000 50.48076923076923 0.021407865543856694 28.28463651923077 0.38782051282051283 45.301282057692305 45.30769230769231 2.6346153846153846 42.67307692307692 1.9500174000004336
220000 50.94230769230769 0.021713331349912126 28.220711980769234 0.38782051282051283 45.301282057692305 45.30769230769231 2.6346153846153846 42.67307692307692 1.8721647999991546
222000 52.0 0.023262422246789007 28.175840192307696 0.3926282051282052 45.301282057692305 45.30769230769231 2.6346153846153846 42.67307692307692 1.9029430000000502
224000 53.76923076923077 0.023925848649926196 28.08708909615385 0.4006410256410256 45.301282057692305 45.30769230769231 2.6346153846153846 42.67307692307692 2.0842281999994157
226000 53.03846153846154 0.023634797155772217 28.131604711538465 0.40705128205128205 45.301282057692305 45.30769230769231 2.6346153846153846 42.67307692307692 1.9439890000003288
228000 53.11538461538461 0.02366964706075406 28.102936634615393 0.4006410256410256 45.301282057692305 45.30769230769231 2.6346153846153846 42.67307692307692 1.692625699999553
230000 53.07692307692308 0.02371448290846353 28.081390538461545 0.40544871794871795 45.301282057692305 45.30769230769231 2.6346153846153846 42.67307692307692 1.9762305000003835
232000 52.69230769230769 0.024422522644997943 28.088335519230778 0.3910256410256411 45.301282057692305 45.30769230769231 2.6346153846153846 42.67307692307692 2.0373083000004044
234000 52.84615384615385 0.0245884218558069 28.059311250000007 0.3910256410256411 45.301282057692305 45.30769230769231 2.6346153846153846 42.67307692307692 1.982924400000229
236000 52.40384615384615 0.02399811778905368 28.099375326923077 0.3910256410256411 45.301282057692305 45.30769230769231 2.6346153846153846 42.67307692307692 1.8374478000005183
238000 55.09615384615385 0.024330361188628576 27.964225538461545 0.3942307692307692 45.301282057692305 45.30769230769231 2.6346153846153846 42.67307692307692 1.9914747000002535
240000 56.32692307692308 0.0255335476280575 27.901725557692313 0.3894230769230769 45.301282057692305 45.30769230769231 2.6346153846153846 42.67307692307692 2.0336211999992884
242000 56.32692307692308 0.0255335476280575 27.901725557692313 0.3894230769230769 45.301282057692305 45.30769230769231 2.6346153846153846 42.67307692307692 1.9027022000000215
244000 56.32692307692308 0.0255335476280575 27.901725557692313 0.3894230769230769 45.301282057692305 45.30769230769231 2.6346153846153846 42.67307692307692 1.9132784000003085
246000 57.53846153846154 0.025989154044032396 27.828008288461543 0.38461538461538464 45.301282057692305 45.30769230769231 2.6346153846153846 42.67307692307692 1.797403800000211
248000 57.19230769230769 0.02582939656077917 27.78634167307693 0.36538461538461536 45.301282057692305 45.30769230769231 2.6346153846153846 42.67307692307692 1.7797945999991498
250000 57.15384615384615 0.025847130535993103 27.789724903846164 0.36538461538461536 45.301282057692305 45.30769230769231 2.6346153846153846 42.67307692307692 1.7802787999999055
252000 57.61538461538461 0.02666826548350892 27.59136303846154 0.37179487179487186 45.301282057692305 45.30769230769231 2.6346153846153846 42.67307692307692 1.853512700000465
254000 57.65384615384615 0.02673532847229476 27.59474626923077 0.37179487179487186 45.301282057692305 45.30769230769231 2.6346153846153846 42.67307692307692 1.7789554999999382
256000 57.65384615384615 0.02673532847229476 27.59474626923077 0.37179487179487186 45.301282057692305 45.30769230769231 2.6346153846153846 42.67307692307692 1.833806800000275
258000 57.65384615384615 0.02673532847229476 27.59474626923077 0.37179487179487186 45.301282057692305 45.30769230769231 2.6346153846153846 42.67307692307692 2.0220430999997916
260000 57.73076923076923 0.026804281511865095 27.598129500000006 0.37179487179487186 45.301282057692305 45.30769230769231 2.6346153846153846 42.67307692307692 1.9296358999999939
262000 57.78846153846154 0.026827652442693604 27.601512730769237 0.36538461538461536 45.301282057692305 45.30769230769231 2.6346153846153846 42.67307692307692 1.793800999999803
264000 58.0 0.026898367472262603 27.604895961538467 0.38461538461538464 45.301282057692305 45.30769230769231 2.6346153846153846 42.67307692307692 1.8760280999995302
266000 58.0 0.026898367472262603 27.604895961538467 0.38461538461538464 45.301282057692305 45.30769230769231 2.6346153846153846 42.67307692307692 1.8165570000001026
268000 57.90384615384615 0.027039465262139264 27.611484307692308 0.3974358974358975 45.301282057692305 45.30769230769231 2.6346153846153846 42.67307692307692 1.9184697999999116
270000 57.51923076923077 0.026476809503325625 27.637125346153844 0.3974358974358975 45.301282057692305 45.30769230769231 2.6346153846153846 42.67307692307692 1.879903099999865
272000 57.51923076923077 0.026476809503325625 27.637125346153844 0.3974358974358975 45.301282057692305 45.30769230769231 2.6346153846153846 42.67307692307692 1.9558300000007875
274000 57.51923076923077 0.026476809503325625 27.637125346153844 0.3974358974358975 45.301282057692305 45.30769230769231 2.6346153846153846 42.67307692307692 1.74480610000046
276000 57.51923076923077 0.026476809503325625 27.637125346153844 0.3974358974358975 45.301282057692305 45.30769230769231 2.6346153846153846 42.67307692307692 1.7620108000000982
278000 57.51923076923077 0.02639284281364124 27.637125346153844 0.3974358974358975 45.301282057692305 45.30769230769231 2.6346153846153846 42.67307692307692 1.7696340000002238
280000 57.51923076923077 0.02639284281364124 27.637125346153844 0.3974358974358975 45.301282057692305 45.30769230769231 2.6346153846153846 42.67307692307692 1.797363900000164
282000 57.51923076923077 0.02639347815832433 27.637125346153844 0.3974358974358975 45.301282057692305 45.30769230769231 2.6346153846153846 42.67307692307692 1.7946904000000359
284000 57.67307692307692 0.02656705120875145 27.63071511538462 0.3974358974358975 45.301282057692305 45.30769230769231 2.6346153846153846 42.67307692307692 1.7779498999998395
286000 57.67307692307692 0.02656768655343454 27.63071511538462 0.3974358974358975 45.301282057692305 45.30769230769231 2.6346153846153846 42.67307692307692 1.7748773000002984
288000 57.55769230769231 0.026433087124737173 27.654753596153846 0.3974358974358975 45.301282057692305 45.30769230769231 2.6346153846153846 42.67307692307692 1.901306100000511
290000 57.55769230769231 0.026433087124737173 27.654753596153846 0.3974358974358975 45.301282057692305 45.30769230769231 2.6346153846153846 42.67307692307692 1.8525192000006427
292000 57.55769230769231 0.026433087124737173 27.654753596153846 0.3974358974358975 45.301282057692305 45.30769230769231 2.6346153846153846 42.67307692307692 1.966514300000199
294000 57.55769230769231 0.026433087124737173 27.654753596153846 0.3974358974358975 45.301282057692305 45.30769230769231 2.6346153846153846 42.67307692307692 1.829124299999421
296000 57.65384615384615 0.02715238660218429 27.666328365384615 0.3974358974358975 45.301282057692305 45.30769230769231 2.6346153846153846 42.67307692307692 1.832633099999839
298000 57.76923076923077 0.02672373512745368 27.650124038461545 0.3974358974358975 45.301282057692305 45.30769230769231 2.6346153846153846 42.67307692307692 1.9131317999999737
300000 57.94230769230769 0.027457496862105055 27.643892500000007 0.3974358974358975 45.301282057692305 45.30769230769231 2.6346153846153846 42.67307692307692 1.8386551999992662
302000 57.94230769230769 0.027457496862105055 27.643892500000007 0.3974358974358975 45.301282057692305 45.30769230769231 2.6346153846153846 42.67307692307692 1.724319199999627
304000 57.94230769230769 0.027457496862105055 27.643892500000007 0.3974358974358975 45.301282057692305 45.30769230769231 2.6346153846153846 42.67307692307692 1.7824166999998852
306000 57.94230769230769 0.027457496862105055 27.643892500000007 0.3974358974358975 45.301282057692305 45.30769230769231 2.6346153846153846 42.67307692307692 2.00611950000075
308000 57.94230769230769 0.027457496862105055 27.643892500000007 0.3974358974358975 45.301282057692305 45.30769230769231 2.6346153846153846 42.67307692307692 2.047565200000463
310000 57.94230769230769 0.027457496862105055 27.643892500000007 0.3974358974358975 45.301282057692305 45.30769230769231 2.6346153846153846 42.67307692307692 1.932854500000758
312000 57.94230769230769 0.027457496862105055 27.643892500000007 0.3974358974358975 45.301282057692305 45.30769230769231 2.6346153846153846 42.67307692307692 1.8371256999998877
314000 57.94230769230769 0.027457496862105055 27.643892500000007 0.3974358974358975 45.301282057692305 45.30769230769231 2.6346153846153846 42.67307692307692 1.7755352000003768
316000 57.94230769230769 0.027457496862105055 27.643892500000007 0.3974358974358975 45.301282057692305 45.30769230769231 2.6346153846153846 42.67307692307692 1.8112915000001522
318000 57.94230769230769 0.027487051812643694 27.64727573076923 0.3974358974358975 45.301282057692305 45.30769230769231 2.6346153846153846 42.67307692307692 1.8624107000005097
320000 57.94230769230769 0.027487051812643694 27.64727573076923 0.3974358974358975 45.301282057692305 45.30769230769231 2.6346153846153846 42.67307692307692 1.9233908999995037
322000 57.98076923076923 0.027492137486854393 27.66526048076923 0.3974358974358975 45.301282057692305 45.30769230769231 2.6346153846153846 42.67307692307692 1.8437942000000476
324000 58.44230769230769 0.027399574476082125 27.613978403846154 0.4038461538461539 45.301282057692305 45.30769230769231 2.6346153846153846 42.67307692307692 1.8264244000001781
326000 57.86538461538461 0.027174555595430874 27.652439961538462 0.3974358974358975 45.301282057692305 45.30769230769231 2.6346153846153846 42.67307692307692 1.966606299999512
328000 57.98076923076923 0.027492137486854393 27.66526048076923 0.3974358974358975 45.301282057692305 45.30769230769231 2.6346153846153846 42.67307692307692 1.9972378000002209
330000 55.71153846153846 0.026714068949888668 27.69731178846154 0.4038461538461539 45.301282057692305 45.30769230769231 2.6346153846153846 42.67307692307692 1.8843123000006017
332000 54.78846153846154 0.026338898749616146 27.71654386538461 0.3974358974358975 45.301282057692305 45.30769230769231 2.6346153846153846 42.67307692307692 1.972316200000023
334000 60.15384615384615 0.028363662377732503 27.5660815 0.3974358974358975 45.301282057692305 45.30769230769231 2.6346153846153846 42.67307692307692 1.787540600000284
336000 60.15384615384615 0.02836429772241559 27.5660815 0.3974358974358975 45.301282057692305 45.30769230769231 2.6346153846153846 42.67307692307692 1.9995754999999917
338000 59.76923076923077 0.02824085762951602 27.68485067307693 0.3974358974358975 45.301282057692305 45.30769230769231 2.6346153846153846 42.67307692307692 2.1609776000004786
340000 58.92307692307692 0.02793377864818467 27.917044788461535 0.3974358974358975 45.301282057692305 45.30769230769231 2.6346153846153846 42.67307692307692 1.8593897000000652
342000 59.98076923076923 0.02831677797407545 27.585670384615387 0.3974358974358975 45.301282057692305 45.30769230769231 2.6346153846153846 42.67307692307692 1.9480382000001555
344000 58.34615384615385 0.028053962396494672 27.63018280769231 0.4038461538461539 45.301282057692305 45.30769230769231 2.6346153846153846 42.67307692307692 1.898139199999605
346000 56.96153846153846 0.02752708143109411 27.857927730769234 0.3974358974358975 45.301282057692305 45.30769230769231 2.6346153846153846 42.67307692307692 2.1267156000003524
348000 59.71153846153846 0.028211865084803462 27.768184057692306 0.3974358974358975 45.301282057692305 45.30769230769231 2.6346153846153846 42.67307692307692 1.9286565000002156
350000 58.55769230769231 0.028071313751085455 27.636951173076916 0.4038461538461539 45.301282057692305 45.30769230769231 2.6346153846153846 42.67307692307692 1.884282500000154
352000 57.71153846153846 0.02783718800080454 27.743823403846154 0.4038461538461539 45.301282057692305 45.30769230769231 2.6346153846153846 42.67307692307692 2.095695799999703
354000 56.42307692307692 0.02740410545110654 27.946992326923073 0.3990384615384616 45.301282057692305 45.30769230769231 2.6346153846153846 42.67307692307692 1.888492299999598
356000 55.88461538461539 0.027170141047001474 27.850839730769227 0.3974358974358975 45.301282057692305 45.30769230769231 2.6346153846153846 42.67307692307692 1.8427740000006452
358000 58.76923076923077 0.027794625460458 27.879684615384615 0.4038461538461539 45.301282057692305 45.30769230769231 2.6346153846153846 42.67307692307692 1.911277400000472
360000 59.69230769230769 0.028122198013026845 27.695567711538462 0.4038461538461539 45.301282057692305 45.30769230769231 2.6346153846153846 42.67307692307692 1.9006746999993993
362000 60.98076923076923 0.028560805959883143 27.525481442307694 0.4038461538461539 45.301282057692305 45.30769230769231 2.6346153846153846 42.67307692307692 1.8080972000007023
364000 61.01923076923077 0.028494736307717747 27.50500463461539 0.4038461538461539 45.301282057692305 45.30769230769231 2.6346153846153846 42.67307692307692 1.9171113999991576
366000 61.46153846153846 0.028505039724961528 27.453009826923086 0.4038461538461539 45.301282057692305 45.30769230769231 2.6346153846153846 42.67307692307692 1.8733005000003686
368000 61.53846153846154 0.028551409198175618 27.432354576923082 0.4102564102564103 45.301282057692305 45.30769230769231 2.6346153846153846 42.67307692307692 2.000589399999626
370000 61.53846153846154 0.028551409198175618 27.432354576923082 0.4102564102564103 45.301282057692305 45.30769230769231 2.6346153846153846 42.67307692307692 2.1448614000000816
372000 58.55769230769231 0.027330487275461425 27.637482903846163 0.40384615384615385 45.301282057692305 45.30769230769231 2.6346153846153846 42.67307692307692 1.927145599999676
374000 61.01923076923077 0.028392480440617665 27.541329000000005 0.4102564102564103 45.301282057692305 45.30769230769231 2.6346153846153846 42.67307692307692 1.926232799999525
376000 61.0 0.028378343585967254 27.528508480769236 0.4102564102564103 45.301282057692305 45.30769230769231 2.6346153846153846 42.67307692307692 1.8919073999995817
378000 61.51923076923077 0.02853727234352521 27.419534057692314 0.4102564102564103 45.301282057692305 45.30769230769231 2.6346153846153846 42.67307692307692 1.8850978999998915
380000 61.51923076923077 0.02853727234352521 27.419534057692314 0.4102564102564103 45.301282057692305 45.30769230769231 2.6346153846153846 42.67307692307692 1.8122014999989915
382000 61.51923076923077 0.028708729699019556 27.419534057692314 0.4102564102564103 45.301282057692305 45.30769230769231 2.6346153846153846 42.67307692307692 1.8287506000015128
384000 61.51923076923077 0.02853727234352521 27.419534057692314 0.4102564102564103 45.301282057692305 45.30769230769231 2.6346153846153846 42.67307692307692 1.8555919999998878
386000 61.61538461538461 0.028565236110696793 27.41454826923078 0.4102564102564103 45.301282057692305 45.30769230769231 2.6346153846153846 42.67307692307692 1.9740692999985185
388000 61.61538461538461 0.028565236110696793 27.41454826923078 0.4102564102564103 45.301282057692305 45.30769230769231 2.6346153846153846 42.67307692307692 1.8819469999998546
390000 60.78846153846154 0.028280173671735246 27.56839451923078 0.4102564102564103 45.301282057692305 45.30769230769231 2.6346153846153846 42.67307692307692 2.0711945000002743
392000 61.61538461538461 0.028565236110696793 27.41454826923078 0.4102564102564103 45.301282057692305 45.30769230769231 2.6346153846153846 42.67307692307692 2.0233107000003656
394000 61.61538461538461 0.028565236110696793 27.41454826923078 0.4102564102564103 45.301282057692305 45.30769230769231 2.6346153846153846 42.67307692307692 1.9850927000006777
396000 61.61538461538461 0.028565236110696793 27.41454826923078 0.4102564102564103 45.301282057692305 45.30769230769231 2.6346153846153846 42.67307692307692 1.8400965999990149
398000 61.61538461538461 0.028565236110696793 27.41454826923078 0.4102564102564103 45.301282057692305 45.30769230769231 2.6346153846153846 42.67307692307692 1.9570742000014434
400000 61.61538461538461 0.028565236110696793 27.41454826923078 0.4102564102564103 45.301282057692305 45.30769230769231 2.6346153846153846 42.67307692307692 2.1980184000003646
402000 61.61538461538461 0.028565236110696793 27.41454826923078 0.4102564102564103 45.301282057692305 45.30769230769231 2.6346153846153846 42.67307692307692 1.9259746999996423
404000 61.61538461538461 0.028565236110696793 27.41454826923078 0.4102564102564103 45.301282057692305 45.30769230769231 2.6346153846153846 42.67307692307692 1.9725672000004124
406000 61.61538461538461 0.028565236110696793 27.41454826923078 0.4102564102564103 45.301282057692305 45.30769230769231 2.6346153846153846 42.67307692307692 1.9346660999999585
408000 61.61538461538461 0.028565236110696793 27.41454826923078 0.4102564102564103 45.301282057692305 45.30769230769231 2.6346153846153846 42.67307692307692 2.104201699999976
410000 61.61538461538461 0.028565236110696793 27.41454826923078 0.4102564102564103 45.301282057692305 45.30769230769231 2.6346153846153846 42.67307692307692 2.081307399999787
412000 61.61538461538461 0.028542734179624222 27.411165038461547 0.40384615384615385 45.301282057692305 45.30769230769231 2.6346153846153846 42.67307692307692 2.2946461999999883
414000 61.61538461538461 0.028542734179624222 27.411165038461547 0.40384615384615385 45.301282057692305 45.30769230769231 2.6346153846153846 42.67307692307692 2.203070999999909
416000 61.61538461538461 0.028542734179624222 27.411165038461547 0.40384615384615385 45.301282057692305 45.30769230769231 2.6346153846153846 42.67307692307692 1.9159976999999344
418000 61.59615384615385 0.028527899215367435 27.385524 0.40384615384615385 45.301282057692305 45.30769230769231 2.6346153846153846 42.67307692307692 2.0157999000002746
420000 59.80769230769231 0.027251367717389743 27.340474096153848 0.3974358974358974 45.301282057692305 45.30769230769231 2.6346153846153846 42.67307692307692 2.0579663999997138
422000 61.75 0.02827522816450089 27.334241923076927 0.40384615384615385 45.301282057692305 45.30769230769231 2.6346153846153846 42.67307692307692 2.1321088999993663
424000 59.65384615384615 0.027475816739169417 27.36611513461539 0.3974358974358974 45.301282057692305 45.30769230769231 2.6346153846153846 42.67307692307692 2.2367546999994374
426000 61.59615384615385 0.028499677186280572 27.359882961538464 0.40384615384615385 45.301282057692305 45.30769230769231 2.6346153846153846 42.67307692307692 1.9546396999994613
428000 61.61538461538461 0.028542036070017842 27.39834451923077 0.40384615384615385 45.301282057692305 45.30769230769231 2.6346153846153846 42.67307692307692 2.070310699999027
430000 59.80769230769231 0.027251367717389743 27.340474096153848 0.3974358974358974 45.301282057692305 45.30769230769231 2.6346153846153846 42.67307692307692 2.207909599999766
432000 61.75 0.02827522816450089 27.334241923076927 0.40384615384615385 45.301282057692305 45.30769230769231 2.6346153846153846 42.67307692307692 2.0053112999994482
434000 59.80769230769231 0.027251367717389743 27.340474096153848 0.3974358974358974 45.301282057692305 45.30769230769231 2.6346153846153846 42.67307692307692 2.0283550999993167
436000 59.80769230769231 0.027251367717389743 27.340474096153848 0.3974358974358974 45.301282057692305 45.30769230769231 2.6346153846153846 42.67307692307692 1.9749357999990025
438000 59.80769230769231 0.027251367717389743 27.340474096153848 0.3974358974358974 45.301282057692305 45.30769230769231 2.6346153846153846 42.67307692307692 2.192635400000654
440000 59.80769230769231 0.027251367717389743 27.340474096153848 0.3974358974358974 45.301282057692305 45.30769230769231 2.6346153846153846 42.67307692307692 2.092324200000803
442000 59.80769230769231 0.027251367717389743 27.340474096153848 0.3974358974358974 45.301282057692305 45.30769230769231 2.6346153846153846 42.67307692307692 2.0304601000007096
444000 59.80769230769231 0.027251367717389743 27.340474096153848 0.3974358974358974 45.301282057692305 45.30769230769231 2.6346153846153846 42.67307692307692 2.1175782999998773
446000 59.80769230769231 0.027251367717389743 27.340474096153848 0.3974358974358974 45.301282057692305 45.30769230769231 2.6346153846153846 42.67307692307692 2.051488299999619
448000 59.80769230769231 0.027251367717389743 27.340474096153848 0.3974358974358974 45.301282057692305 45.30769230769231 2.6346153846153846 42.67307692307692 2.0171191999997973
450000 59.80769230769231 0.027251367717389743 27.340474096153848 0.3974358974358974 45.301282057692305 45.30769230769231 2.6346153846153846 42.67307692307692 1.9538403999995353
452000 59.80769230769231 0.027422189728200985 27.340474096153848 0.3974358974358974 45.301282057692305 45.30769230769231 2.6346153846153846 42.67307692307692 2.0721687999994174
454000 59.80769230769231 0.02738980041615209 27.340474096153848 0.3974358974358974 45.301282057692305 45.30769230769231 2.6346153846153846 42.67307692307692 2.158422000000428
456000 59.80769230769231 0.027250732372706647 27.340474096153848 0.3974358974358974 45.301282057692305 45.30769230769231 2.6346153846153846 42.67307692307692 1.9986194000011892
458000 59.80769230769231 0.027251367717389743 27.340474096153848 0.3974358974358974 45.301282057692305 45.30769230769231 2.6346153846153846 42.67307692307692 2.0198221999999078
460000 59.80769230769231 0.027251367717389743 27.340474096153848 0.3974358974358974 45.301282057692305 45.30769230769231 2.6346153846153846 42.67307692307692 2.256711300000461
462000 59.80769230769231 0.027251367717389743 27.340474096153848 0.3974358974358974 45.301282057692305 45.30769230769231 2.6346153846153846 42.67307692307692 1.9174270000003162
464000 59.80769230769231 0.027251367717389743 27.340474096153848 0.3974358974358974 45.301282057692305 45.30769230769231 2.6346153846153846 42.67307692307692 2.2455239000009897
466000 59.73076923076923 0.02723754080486857 27.358280403846155 0.3974358974358974 45.301282057692305 45.30769230769231 2.6346153846153846 42.67307692307692 1.9483880999996472
468000 61.75 0.02827522816450089 27.334241923076927 0.40384615384615385 45.301282057692305 45.30769230769231 2.6346153846153846 42.67307692307692 1.9160733000007895
470000 61.75 0.02827522816450089 27.334241923076927 0.40384615384615385 45.301282057692305 45.30769230769231 2.6346153846153846 42.67307692307692 1.999976400000378
472000 59.80769230769231 0.027251367717389743 27.340474096153848 0.3974358974358974 45.301282057692305 45.30769230769231 2.6346153846153846 42.67307692307692 2.00414389999969
474000 61.75 0.028446685519995227 27.334241923076927 0.40384615384615385 45.301282057692305 45.30769230769231 2.6346153846153846 42.67307692307692 1.8534718000009889
476000 61.75 0.028413660863263246 27.334241923076927 0.40384615384615385 45.301282057692305 45.30769230769231 2.6346153846153846 42.67307692307692 1.8274290999997902
478000 61.75 0.02844605017531214 27.334241923076927 0.40384615384615385 45.301282057692305 45.30769230769231 2.6346153846153846 42.67307692307692 1.7851931000004697
480000 61.75 0.02827522816450089 27.334241923076927 0.40384615384615385 45.301282057692305 45.30769230769231 2.6346153846153846 42.67307692307692 1.7605485000003682
482000 59.80769230769231 0.027251367717389743 27.340474096153848 0.3974358974358974 45.301282057692305 45.30769230769231 2.6346153846153846 42.67307692307692 1.9025653000007878
484000 59.80769230769231 0.027251367717389743 27.340474096153848 0.3974358974358974 45.301282057692305 45.30769230769231 2.6346153846153846 42.67307692307692 1.9281555000015942
486000 59.80769230769231 0.027390435760835184 27.340474096153848 0.3974358974358974 45.301282057692305 45.30769230769231 2.6346153846153846 42.67307692307692 1.9027469000011479
488000 59.80769230769231 0.02721897840534084 27.340474096153848 0.3974358974358974 45.301282057692305 45.30769230769231 2.6346153846153846 42.67307692307692 1.9005316000002495
490000 59.80769230769231 0.027251367717389743 27.340474096153848 0.3974358974358974 45.301282057692305 45.30769230769231 2.6346153846153846 42.67307692307692 1.8398665999993682
492000 59.80769230769231 0.027251367717389743 27.340474096153848 0.3974358974358974 45.301282057692305 45.30769230769231 2.6346153846153846 42.67307692307692 1.7891393000008975
494000 59.80769230769231 0.027251367717389743 27.340474096153848 0.3974358974358974 45.301282057692305 45.30769230769231 2.6346153846153846 42.67307692307692 1.767263699999603
496000 59.80769230769231 0.027251367717389743 27.340474096153848 0.3974358974358974 45.301282057692305 45.30769230769231 2.6346153846153846 42.67307692307692 1.7053066000007675
498000 59.80769230769231 0.027251367717389743 27.340474096153848 0.3974358974358974 45.301282057692305 45.30769230769231 2.6346153846153846 42.67307692307692 1.6041772999997193
500000 59.80769230769231 0.027251367717389743 27.340474096153848 0.3974358974358974 45.301282057692305 45.30769230769231 2.6346153846153846 42.67307692307692 1.6582500000004075
