2000 2.5384615384615383 0.0008735968471106347 36.94386946153846 0.057692307692307696 45.301282057692305 45.30769230769231 3.230769230769231 42.07692307692308 2.5955228998791426
4000 3.25 0.0005795469685101802 35.7641151923077 0.14423076923076922 45.301282057692305 45.30769230769231 3.8653846153846154 41.44230769230769 2.7393838001880795
6000 1.8653846153846154 0.0002483017409133237 36.85187767307691 0.09935897435897435 45.301282057692305 45.30769230769231 3.2115384615384617 42.09615384615385 2.8749423001427203
8000 4.25 0.0017045628685822313 34.732711230769226 0.15705128205128205 45.301282057692305 45.30769230769231 3.8653846153846154 41.44230769230769 2.81159480009228
10000 2.923076923076923 0.0007251112996160433 34.77138390384616 0.1282051282051282 45.301282057692305 45.30769230769231 3.75 41.55769230769231 3.67120649991557
12000 1.7307692307692308 0.0003021835310738896 36.45996592307693 0.03685897435897435 45.301282057692305 45.30769230769231 3.25 42.05769230769231 2.9091083998791873
14000 2.1538461538461537 0.0004351830216855155 35.736242230769236 0.09134615384615384 45.301282057692305 45.30769230769231 3.2115384615384617 42.09615384615385 2.7821233000140637
16000 2.1923076923076925 0.0005342262964210614 36.13884659615384 0.0641025641025641 45.301282057692305 45.30769230769231 3.2115384615384617 42.09615384615385 2.804228499997407
18000 2.1538461538461537 0.00044756507548812365 36.09539938461539 0.07692307692307693 45.301282057692305 45.30769230769231 3.2115384615384617 42.09615384615385 2.6731346000451595
20000 2.25 0.0006010620040441483 35.73143919230769 0.10576923076923077 45.301282057692305 45.30769230769231 3.2115384615384617 42.09615384615385 2.7375594000332057
22000 2.076923076923077 0.0003976765561761077 35.824388826923084 0.11057692307692307 45.301282057692305 45.30769230769231 3.2115384615384617 42.09615384615385 2.783769400091842
24000 2.076923076923077 0.0003762914048307485 35.683363096153855 0.1298076923076923 45.301282057692305 45.30769230769231 3.2115384615384617 42.09615384615385 2.7414859998971224
26000 1.9423076923076923 0.00043728076777908257 35.38528526923078 0.1362179487179487 45.301282057692305 45.30769230769231 3.2115384615384617 42.09615384615385 2.6727626998908818
28000 1.8846153846153846 0.0005176431249588648 35.565842480769234 0.1346153846153846 45.301282057692305 45.30769230769231 3.2115384615384617 42.09615384615385 2.811818800168112
30000 2.0576923076923075 0.0003828356764596132 35.312848846153855 0.14903846153846154 45.301282057692305 45.30769230769231 3.2115384615384617 42.09615384615385 2.5876392000354826
32000 3.730769230769231 0.0012191470276844087 34.91795459615384 0.14102564102564102 45.301282057692305 45.30769230769231 3.2115384615384617 42.09615384615385 2.6874983001034707
34000 3.7115384615384617 0.0012088372121831388 34.99995228846153 0.13141025641025642 45.301282057692305 45.30769230769231 3.2115384615384617 42.09615384615385 2.7127509999554604
36000 3.730769230769231 0.0012585659937460621 35.054706826923066 0.1362179487179487 45.301282057692305 45.30769230769231 3.2115384615384617 42.09615384615385 2.7177575998939574
38000 2.1538461538461537 0.0005677274225768945 35.65259282692308 0.1169871794871795 45.301282057692305 45.30769230769231 3.2115384615384617 42.09615384615385 2.677450600080192
40000 2.019230769230769 0.0006830061225113541 35.77438834615385 0.1217948717948718 45.301282057692305 45.30769230769231 3.2115384615384617 42.09615384615385 2.900494100060314
42000 2.7884615384615383 0.0010905195007202017 35.941463846153844 0.09935897435897437 45.301282057692305 45.30769230769231 3.2115384615384617 42.09615384615385 2.6270258999429643
44000 2.480769230769231 0.0007450368321112941 35.88799205769231 0.07852564102564104 45.301282057692305 45.30769230769231 3.2115384615384617 42.09615384615385 2.652773299952969
46000 1.7115384615384615 0.0005315594118395123 35.99928063461537 0.07692307692307693 45.301282057692305 45.30769230769231 3.230769230769231 42.07692307692308 2.6074369000270963
48000 2.0384615384615383 0.0005122797687045052 35.91840471153846 0.1233974358974359 45.301282057692305 45.30769230769231 3.2115384615384617 42.09615384615385 2.7832318001892418
50000 2.173076923076923 0.0006092620845320801 36.12032857692307 0.11057692307692307 45.301282057692305 45.30769230769231 3.2115384615384617 42.09615384615385 2.8603133000433445
52000 1.75 0.00035737343918040534 36.402737576923066 0.11698717948717949 45.301282057692305 45.30769230769231 3.2115384615384617 42.09615384615385 2.8159272000193596
54000 1.8653846153846154 0.0004148148826153506 36.1213980576923 0.11217948717948717 45.301282057692305 45.30769230769231 3.2115384615384617 42.09615384615385 3.1778563000261784
56000 2.923076923076923 0.0005733082972206218 36.373211942307684 0.09935897435897437 45.301282057692305 45.30769230769231 3.2884615384615383 42.01923076923077 2.735649400157854
58000 2.8461538461538463 0.0007770500965233825 36.5879553653846 0.0673076923076923 45.301282057692305 45.30769230769231 3.2884615384615383 42.01923076923077 2.784874300006777
60000 2.5961538461538463 0.0008687539001459391 36.54361913461538 0.08333333333333334 45.301282057692305 45.30769230769231 3.230769230769231 42.07692307692308 2.884521699976176
62000 2.7884615384615383 0.0006655526042136969 35.912261173076914 0.11217948717948717 45.301282057692305 45.30769230769231 3.2884615384615383 42.01923076923077 3.244842299958691
64000 4.519230769230769 0.00128131311207815 35.076076538461535 0.1538461538461538 45.301282057692305 45.30769230769231 3.2884615384615383 42.01923076923077 2.6655606001149863
66000 2.7884615384615383 0.0006102811060625932 35.29829986538462 0.12980769230769226 45.301282057692305 45.30769230769231 3.2115384615384617 42.09615384615385 2.6688216999173164
68000 3.173076923076923 0.001127073187384736 34.974222903846155 0.1442307692307692 45.301282057692305 45.30769230769231 3.2115384615384617 42.09615384615385 2.6464500001166016
70000 2.7115384615384617 0.0008235122757315037 35.26491038461539 0.1314102564102564 45.301282057692305 45.30769230769231 3.2884615384615383 42.01923076923077 2.6398241999559104
72000 2.480769230769231 0.0005398729612843797 34.96170767307694 0.10737179487179487 45.301282057692305 45.30769230769231 3.2884615384615383 42.01923076923077 2.761036700103432
74000 3.076923076923077 0.0005483415617407319 34.76192051923078 0.14423076923076922 45.301282057692305 45.30769230769231 3.2884615384615383 42.01923076923077 2.600059000076726
76000 3.0576923076923075 0.0007494334474503254 35.40287713461539 0.11698717948717949 45.301282057692305 45.30769230769231 3.3653846153846154 41.94230769230769 2.6954492998775095
78000 3.1538461538461537 0.0006692688370161886 35.97415815384616 0.09935897435897437 45.301282057692305 45.30769230769231 3.923076923076923 41.38461538461539 2.745359699940309
80000 3.269230769230769 0.00045209033221583046 35.39122001923077 0.12179487179487179 45.301282057692305 45.30769230769231 3.673076923076923 41.63461538461539 2.709792400011793
82000 2.980769230769231 0.0003316173510110284 35.06747226923078 0.1185897435897436 45.301282057692305 45.30769230769231 3.3653846153846154 41.94230769230769 2.667509299935773
84000 2.076923076923077 0.000651342276250773 34.721319923076926 0.1201923076923077 45.301282057692305 45.30769230769231 3.25 42.05769230769231 2.682592299999669
86000 1.9423076923076923 0.0006425030655667159 35.36448269230769 0.08173076923076923 45.301282057692305 45.30769230769231 3.2115384615384617 42.09615384615385 2.7897202998865396
88000 1.6538461538461537 0.0004944110057281073 35.27687671153847 0.12339743589743589 45.301282057692305 45.30769230769231 3.2115384615384617 42.09615384615385 2.6586110000498593
90000 1.5961538461538463 0.0003098732132629785 36.22132348076923 0.10096153846153845 45.301282057692305 45.30769230769231 3.2115384615384617 42.09615384615385 2.768974700011313
92000 2.769230769230769 -0.018313332601673008 34.74780488461539 0.1137820512820513 45.301282057692305 45.30769230769231 3.7884615384615383 41.51923076923077 2.5284147998318076
94000 1.8076923076923077 0.0006104960256874492 35.27331800000001 0.15064102564102563 45.301282057692305 45.30769230769231 3.3076923076923075 42.0 2.626296500209719
96000 2.25 0.0005394844251418527 35.10086169230768 0.16346153846153846 45.301282057692305 45.30769230769231 3.326923076923077 41.98076923076923 2.680772199993953
98000 2.3846153846153846 0.0008264827870507005 35.04845673076923 0.18589743589743588 45.301282057692305 45.30769230769231 3.25 42.05769230769231 2.6331189000047743
100000 6.596153846153846 0.0019451790674730079 33.95877874999999 0.1875 45.301282057692305 45.30769230769231 4.269230769230769 41.03846153846154 2.9744927999563515
102000 3.3461538461538463 0.0011663229661420002 35.4325935 0.21314102564102566 45.301282057692305 45.30769230769231 3.269230769230769 42.03846153846154 2.7320834998972714
104000 3.576923076923077 0.0012232827201669237 35.17555798076922 0.18429487179487178 45.301282057692305 45.30769230769231 3.269230769230769 42.03846153846154 2.6645788999740034
106000 3.4423076923076925 0.0009476623605517474 34.895197499999995 0.1939102564102564 45.301282057692305 45.30769230769231 3.269230769230769 42.03846153846154 2.7482032999396324
108000 3.8076923076923075 0.0010817463723935006 35.18793551923078 0.1522435897435897 45.301282057692305 45.30769230769231 3.3846153846153846 41.92307692307692 2.667922700056806
110000 3.1538461538461537 0.0010161455363080776 34.893062826923085 0.17467948717948717 45.301282057692305 45.30769230769231 3.230769230769231 42.07692307692308 2.820724999997765
112000 2.269230769230769 0.000593602140580958 35.038057057692306 0.1506410256410256 45.301282057692305 45.30769230769231 3.25 42.05769230769231 2.931519200094044
114000 3.6923076923076925 0.0014027627960088787 34.35839140384615 0.14262820512820512 45.301282057692305 45.30769230769231 3.480769230769231 41.82692307692308 2.694421600084752
116000 5.826923076923077 0.001958218830407223 33.735834 0.203525641025641 45.301282057692305 45.30769230769231 3.9423076923076925 41.36538461538461 2.602937800111249
118000 8.115384615384615 -0.5559792864711238 34.30835755769231 0.16185897435897434 45.301282057692305 45.30769230769231 4.596153846153846 40.71153846153846 2.6225177999585867
120000 8.153846153846153 -0.5177788225383387 34.44586692307693 0.1298076923076923 45.301282057692305 45.30769230769231 4.634615384615385 40.67307692307692 2.731354300165549
122000 16.26923076923077 -0.014303881010958027 32.18188294230768 0.2275641025641026 45.301282057692305 45.30769230769231 4.4423076923076925 40.86538461538461 2.7824514000676572
124000 11.673076923076923 -0.17115462225869973 31.966592076923078 0.21794871794871792 45.301282057692305 45.30769230769231 3.2115384615384617 42.09615384615385 2.7329648002050817
126000 14.711538461538462 0.004948025452116538 31.616339615384597 0.219551282051282 45.301282057692305 45.30769230769231 3.230769230769231 42.07692307692308 2.8146730998996645
128000 12.73076923076923 0.0039055923345324055 31.895896038461522 0.2099358974358974 45.301282057692305 45.30769230769231 3.2115384615384617 42.09615384615385 2.7771330000832677
130000 12.096153846153847 0.003230175995892431 31.883075519230754 0.2099358974358974 45.301282057692305 45.30769230769231 3.2115384615384617 42.09615384615385 2.9551723999902606
132000 12.25 0.003231824270259468 31.838204692307677 0.1971153846153846 45.301282057692305 45.30769230769231 3.2115384615384617 42.09615384615385 2.706864800071344
134000 10.461538461538462 0.0027128335838152028 31.682932673076923 0.1971153846153846 45.301282057692305 45.30769230769231 3.2115384615384617 42.09615384615385 2.882113000145182
136000 17.53846153846154 0.005486421828768297 31.19989625 0.22916666666666666 45.301282057692305 45.30769230769231 4.538461538461538 40.76923076923077 2.618532699998468
138000 21.73076923076923 -0.050755514957445 29.968730346153844 0.2612179487179487 45.301282057692305 45.30769230769231 4.423076923076923 40.88461538461539 2.6804094000253826
140000 18.03846153846154 0.005750629643415725 31.117125865384615 0.22115384615384615 45.301282057692305 45.30769230769231 5.019230769230769 40.28846153846154 2.7062794999219477
142000 12.057692307692308 0.003267633286206428 32.73099748076923 0.18108974358974356 45.301282057692305 45.30769230769231 5.096153846153846 40.21153846153846 2.90597949991934
144000 12.057692307692308 0.003267633286206428 32.73099748076923 0.18108974358974356 45.301282057692305 45.30769230769231 5.096153846153846 40.21153846153846 2.834935999941081
146000 15.076923076923077 -0.09178908711289252 32.19497011538462 0.20512820512820512 45.301282057692305 45.30769230769231 4.903846153846154 40.40384615384615 2.9272262000013143
148000 12.461538461538462 0.003340600662950412 32.60019232692308 0.18589743589743585 45.301282057692305 45.30769230769231 5.326923076923077 39.98076923076923 2.674608799861744
150000 12.307692307692308 0.003153917064215585 32.57065188461539 0.17948717948717946 45.301282057692305 45.30769230769231 4.846153846153846 40.46153846153846 2.623318800004199
152000 12.557692307692308 0.003156314886573697 32.498057961538464 0.18589743589743588 45.301282057692305 45.30769230769231 4.884615384615385 40.42307692307692 2.6670876999851316
154000 11.961538461538462 0.0031110129766519614 32.72594786538461 0.22756410256410253 45.301282057692305 45.30769230769231 4.423076923076923 40.88461538461539 2.7194869001396
156000 12.096153846153847 0.003602843605550578 32.644574115384614 0.20192307692307693 45.301282057692305 45.30769230769231 4.423076923076923 40.88461538461539 2.668626500060782
158000 13.384615384615385 0.004306876661804072 32.566845307692304 0.2131410256410256 45.301282057692305 45.30769230769231 5.538461538461538 39.76923076923077 2.6867186999879777
160000 13.211538461538462 0.004213381897315418 32.52461607692308 0.20192307692307693 45.301282057692305 45.30769230769231 5.019230769230769 40.28846153846154 2.585848599905148
162000 13.173076923076923 0.0038858566521380133 32.40692007692308 0.203525641025641 45.301282057692305 45.30769230769231 5.076923076923077 40.23076923076923 2.684974299976602
164000 13.846153846153847 0.004123375065626817 32.36962190384616 0.20512820512820512 45.301282057692305 45.30769230769231 4.8076923076923075 40.5 2.6308773001655936
166000 14.576923076923077 0.004579497579067966 31.980550711538463 0.21634615384615385 45.301282057692305 45.30769230769231 5.788461538461538 39.51923076923077 2.6941998000256717
168000 13.98076923076923 0.004152611981499458 32.246401653846156 0.20512820512820515 45.301282057692305 45.30769230769231 5.826923076923077 39.48076923076923 2.6395616999361664
170000 14.884615384615385 0.00484727120823976 32.02542248076923 0.22435897435897434 45.301282057692305 45.30769230769231 5.673076923076923 39.63461538461539 2.6866544000804424
172000 14.5 -0.015034614455397962 32.11231751923077 0.21955128205128205 45.301282057692305 45.30769230769231 5.673076923076923 39.63461538461539 2.6921343998983502
174000 15.596153846153847 0.0046154917513573845 32.005300980769235 0.2131410256410256 45.301282057692305 45.30769230769231 5.653846153846154 39.65384615384615 2.6387045001611114
176000 14.98076923076923 0.00451996480278937 32.8648104423077 0.17307692307692307 45.301282057692305 45.30769230769231 5.653846153846154 39.65384615384615 2.7940398999489844
178000 17.807692307692307 0.005618628423729343 31.914828980769236 0.20192307692307693 45.301282057692305 45.30769230769231 5.673076923076923 39.63461538461539 2.8230409999378026
180000 19.78846153846154 -0.05154944586103497 32.01044819230769 0.19230769230769232 45.301282057692305 45.30769230769231 5.5576923076923075 39.75 2.746322799939662
182000 19.653846153846153 -0.1285952931728508 32.11774996153846 0.18429487179487178 45.301282057692305 45.30769230769231 5.730769230769231 39.57692307692308 2.5990867998916656
184000 15.76923076923077 0.004455915395156874 32.26524482692308 0.1955128205128205 45.301282057692305 45.30769230769231 6.038461538461538 39.26923076923077 2.71206790022552
186000 14.673076923076923 0.004429652525913475 32.457826153846156 0.18910256410256407 45.301282057692305 45.30769230769231 5.865384615384615 39.44230769230769 2.7557725999504328
188000 14.26923076923077 0.004269737684007008 32.3918735 0.21474358974358973 45.301282057692305 45.30769230769231 5.653846153846154 39.65384615384615 2.6889677001163363
190000 14.711538461538462 0.004355974488755921 32.37816573076923 0.2131410256410256 45.301282057692305 45.30769230769231 5.9423076923076925 39.36538461538461 2.751870899926871
192000 15.942307692307692 0.005339152053914902 32.13683659615385 0.21794871794871792 45.301282057692305 45.30769230769231 5.730769230769231 39.57692307692308 2.63439380005002
194000 15.057692307692308 0.004259090569202562 32.13873732692308 0.22115384615384615 45.301282057692305 45.30769230769231 5.673076923076923 39.63461538461539 2.5966038000769913
196000 32.84615384615385 0.01435184984119857 30.570780788461544 0.2868589743589744 45.301282057692305 45.30769230769231 4.269230769230769 41.03846153846154 2.6971483000088483
198000 38.78846153846154 0.017950923467135463 30.18156617307693 0.25801282051282054 45.301282057692305 45.30769230769231 3.576923076923077 41.73076923076923 2.585232499986887
200000 50.40384615384615 0.021427514417290724 29.36348790384616 0.342948717948718 45.301282057692305 45.30769230769231 3.5 41.80769230769231 2.5976704999338835
202000 52.11538461538461 0.021736120567215744 28.971393076923075 0.3525641025641026 45.301282057692305 45.30769230769231 3.4423076923076925 41.86538461538461 2.7542195999994874
204000 47.96153846153846 0.020205117417984406 29.557753019230777 0.33333333333333337 45.301282057692305 45.30769230769231 3.2115384615384617 42.09615384615385 2.760251199826598
206000 49.61538461538461 0.020698412969007766 29.30650653846154 0.35737179487179493 45.301282057692305 45.30769230769231 3.2115384615384617 42.09615384615385 2.6486510999966413
208000 51.13461538461539 0.021552038665669928 28.968900826923086 0.3557692307692308 45.301282057692305 45.30769230769231 3.2115384615384617 42.09615384615385 2.5700610000640154
210000 51.0 0.021605813013868498 28.753620923076934 0.3685897435897436 45.301282057692305 45.30769230769231 3.2115384615384617 42.09615384615385 2.8042164999060333
212000 50.88461538461539 0.021482934806009067 28.64500332692309 0.3685897435897436 45.301282057692305 45.30769230769231 3.2115384615384617 42.09615384615385 2.833724500145763
214000 54.26923076923077 0.024230519715288182 28.15835780769231 0.40224358974358976 45.301282057692305 45.30769230769231 3.2115384615384617 42.09615384615385 2.8955107999499887
216000 54.55769230769231 0.022999694292503686 28.240800711538466 0.3862179487179488 45.301282057692305 45.30769230769231 3.2115384615384617 42.09615384615385 2.754026799928397
218000 54.36538461538461 0.023016089816351167 28.16708340384616 0.38782051282051283 45.301282057692305 45.30769230769231 3.2115384615384617 42.09615384615385 2.7573403001297265
220000 54.82692307692308 0.023321572533204993 28.10315886538462 0.38782051282051283 45.301282057692305 45.30769230769231 3.2115384615384617 42.09615384615385 3.1470870000775903
222000 56.57692307692308 0.025252133766824517 28.02481130769231 0.3926282051282052 45.301282057692305 45.30769230769231 3.2115384615384617 42.09615384615385 2.7256905001122504
224000 57.11538461538461 0.02542587469225385 27.954476538461538 0.391025641025641 45.301282057692305 45.30769230769231 3.2115384615384617 42.09615384615385 2.7607857000548393
226000 57.25 0.02575472704281991 27.832681576923076 0.39743589743589747 45.301282057692305 45.30769230769231 3.2115384615384617 42.09615384615385 2.65850879997015
228000 57.36538461538461 0.025544269963628716 27.9542984423077 0.391025641025641 45.301282057692305 45.30769230769231 3.2115384615384617 42.09615384615385 2.642901999875903
230000 57.53846153846154 0.025939770523093382 27.774811115384622 0.3958333333333333 45.301282057692305 45.30769230769231 3.2115384615384617 42.09615384615385 3.1060175001621246
232000 55.36538461538461 0.024985568856160115 28.00219730769231 0.3862179487179488 45.301282057692305 45.30769230769231 3.2115384615384617 42.09615384615385 2.7120533001143485
234000 56.36538461538461 0.025800463747791293 27.973351153846156 0.38141025641025644 45.301282057692305 45.30769230769231 3.2115384615384617 42.09615384615385 2.7839136000256985
236000 55.53846153846154 0.025168240759217673 27.97958328846154 0.3862179487179488 45.301282057692305 45.30769230769231 3.2115384615384617 42.09615384615385 2.7952576999086887
238000 59.36538461538461 0.026221764349363606 27.81558734615385 0.38461538461538464 45.301282057692305 45.30769230769231 3.2115384615384617 42.09615384615385 2.7116331001743674
240000 60.36538461538461 0.02700426992894589 27.786741192307698 0.3798076923076923 45.301282057692305 45.30769230769231 3.2115384615384617 42.09615384615385 2.7154543998185545
242000 60.78846153846154 0.02756972493032335 27.75308736538462 0.3798076923076923 45.301282057692305 45.30769230769231 3.2115384615384617 42.09615384615385 2.614754500100389
244000 60.78846153846154 0.02756972493032335 27.75308736538462 0.3798076923076923 45.301282057692305 45.30769230769231 3.2115384615384617 42.09615384615385 2.663515699794516
246000 62.28846153846154 0.028164163819374925 27.679370096153846 0.375 45.301282057692305 45.30769230769231 3.2115384615384617 42.09615384615385 2.8122568000108004
248000 61.94230769230769 0.028004406336121702 27.637703480769233 0.3557692307692308 45.301282057692305 45.30769230769231 3.2115384615384617 42.09615384615385 2.6992166999261826
250000 61.90384615384615 0.02802214031133564 27.641086711538467 0.3557692307692308 45.301282057692305 45.30769230769231 3.2115384615384617 42.09615384615385 2.6812610998749733
252000 62.5 0.029093263512633544 27.442724846153848 0.3621794871794872 45.301282057692305 45.30769230769231 3.2115384615384617 42.09615384615385 2.6425246000289917
254000 62.53846153846154 0.029160326501419385 27.44610807692308 0.3621794871794872 45.301282057692305 45.30769230769231 3.2115384615384617 42.09615384615385 2.6202109998557717
256000 62.53846153846154 0.029160326501419385 27.44610807692308 0.3621794871794872 45.301282057692305 45.30769230769231 3.2115384615384617 42.09615384615385 3.0249050001148134
258000 62.53846153846154 0.029160326501419385 27.44610807692308 0.3621794871794872 45.301282057692305 45.30769230769231 3.2115384615384617 42.09615384615385 2.760222899960354
260000 62.59615384615385 0.02921250430356099 27.449491307692313 0.3621794871794872 45.301282057692305 45.30769230769231 3.2115384615384617 42.09615384615385 2.7053602000232786
262000 62.90384615384615 0.029340802660184906 27.45287453846154 0.3557692307692308 45.301282057692305 45.30769230769231 3.2115384615384617 42.09615384615385 2.7237964998930693
264000 63.11538461538461 0.029411517689753905 27.45625776923077 0.375 45.301282057692305 45.30769230769231 3.2115384615384617 42.09615384615385 2.6372845999430865
266000 63.11538461538461 0.029411517689753905 27.45625776923077 0.375 45.301282057692305 45.30769230769231 3.2115384615384617 42.09615384615385 2.8387104999274015
268000 63.01923076923077 0.029552615479630562 27.462846115384615 0.3878205128205129 45.301282057692305 45.30769230769231 3.2115384615384617 42.09615384615385 2.6969864000566304
270000 62.61538461538461 0.02896321119459627 27.488487153846158 0.3878205128205129 45.301282057692305 45.30769230769231 3.2115384615384617 42.09615384615385 2.614819800015539
272000 62.61538461538461 0.02896321119459627 27.488487153846158 0.3878205128205129 45.301282057692305 45.30769230769231 3.2115384615384617 42.09615384615385 2.7810765998438
274000 62.61538461538461 0.02896321119459627 27.488487153846158 0.3878205128205129 45.301282057692305 45.30769230769231 3.2115384615384617 42.09615384615385 2.828945699846372
276000 62.61538461538461 0.02887885299930408 27.488487153846158 0.3878205128205129 45.301282057692305 45.30769230769231 3.2115384615384617 42.09615384615385 2.6392307998612523
278000 62.61538461538461 0.02887885299930408 27.488487153846158 0.3878205128205129 45.301282057692305 45.30769230769231 3.2115384615384617 42.09615384615385 2.892730299849063
280000 62.61538461538461 0.02887885299930408 27.488487153846158 0.3878205128205129 45.301282057692305 45.30769230769231 3.2115384615384617 42.09615384615385 2.733576799975708
282000 62.61538461538461 0.028879488343987174 27.488487153846158 0.3878205128205129 45.301282057692305 45.30769230769231 3.2115384615384617 42.09615384615385 2.820064099971205
284000 62.61538461538461 0.02887885299930408 27.488487153846158 0.3878205128205129 45.301282057692305 45.30769230769231 3.2115384615384617 42.09615384615385 2.5959993000142276
286000 62.61538461538461 0.028879488343987174 27.488487153846158 0.3878205128205129 45.301282057692305 45.30769230769231 3.2115384615384617 42.09615384615385 2.7411478001158684
288000 62.76923076923077 0.0289262249986346 27.506115403846156 0.3878205128205129 45.301282057692305 45.30769230769231 3.2115384615384617 42.09615384615385 2.685612700181082
290000 62.76923076923077 0.0289262249986346 27.506115403846156 0.3878205128205129 45.301282057692305 45.30769230769231 3.2115384615384617 42.09615384615385 2.822223899886012
292000 62.76923076923077 0.0289262249986346 27.506115403846156 0.3878205128205129 45.301282057692305 45.30769230769231 3.2115384615384617 42.09615384615385 3.0096905000973493
294000 62.76923076923077 0.0289262249986346 27.506115403846156 0.3878205128205129 45.301282057692305 45.30769230769231 3.2115384615384617 42.09615384615385 2.858790700091049
296000 62.76923076923077 0.02892558965395151 27.506115403846156 0.3878205128205129 45.301282057692305 45.30769230769231 3.2115384615384617 42.09615384615385 2.8569636000320315
298000 62.98076923076923 0.02914388019687395 27.483679538461537 0.3878205128205129 45.301282057692305 45.30769230769231 3.2115384615384617 42.09615384615385 2.823741599917412
300000 62.98076923076923 0.02914388019687395 27.483679538461537 0.3878205128205129 45.301282057692305 45.30769230769231 3.2115384615384617 42.09615384615385 2.877083099912852
302000 62.98076923076923 0.02914388019687395 27.483679538461537 0.3878205128205129 45.301282057692305 45.30769230769231 3.2115384615384617 42.09615384615385 3.012446600012481
304000 63.09615384615385 0.029716260068898635 27.477448 0.3878205128205129 45.301282057692305 45.30769230769231 3.2115384615384617 42.09615384615385 2.851310799829662
306000 63.09615384615385 0.029716260068898635 27.477448 0.3878205128205129 45.301282057692305 45.30769230769231 3.2115384615384617 42.09615384615385 2.8868217999115586
308000 63.09615384615385 0.029716260068898635 27.477448 0.3878205128205129 45.301282057692305 45.30769230769231 3.2115384615384617 42.09615384615385 3.149374600034207
310000 63.01923076923077 0.029668236968381962 27.49525430769231 0.3878205128205129 45.301282057692305 45.30769230769231 3.2115384615384617 42.09615384615385 2.8624466999899596
312000 63.01923076923077 0.029668236968381962 27.49525430769231 0.3878205128205129 45.301282057692305 45.30769230769231 3.2115384615384617 42.09615384615385 2.896536099957302
314000 63.01923076923077 0.029668236968381962 27.49525430769231 0.3878205128205129 45.301282057692305 45.30769230769231 3.2115384615384617 42.09615384615385 3.024235399905592
316000 63.01923076923077 0.029668236968381962 27.49525430769231 0.3878205128205129 45.301282057692305 45.30769230769231 3.2115384615384617 42.09615384615385 2.798093699850142
318000 63.01923076923077 0.029697791918920604 27.498637538461537 0.3878205128205129 45.301282057692305 45.30769230769231 3.2115384615384617 42.09615384615385 2.916909399908036
320000 63.01923076923077 0.029697791918920604 27.498637538461537 0.3878205128205129 45.301282057692305 45.30769230769231 3.2115384615384617 42.09615384615385 2.7449425000231713
322000 63.05769230769231 0.029702877593131307 27.516622288461537 0.3878205128205129 45.301282057692305 45.30769230769231 3.2115384615384617 42.09615384615385 2.891619100002572
324000 63.03846153846154 0.02964946129929926 27.50380176923077 0.3878205128205129 45.301282057692305 45.30769230769231 3.2115384615384617 42.09615384615385 2.932887300150469
326000 63.03846153846154 0.02964946129929926 27.50380176923077 0.3878205128205129 45.301282057692305 45.30769230769231 3.2115384615384617 42.09615384615385 2.8990913999732584
328000 63.05769230769231 0.029702877593131307 27.516622288461537 0.3878205128205129 45.301282057692305 45.30769230769231 3.2115384615384617 42.09615384615385 3.105326500022784
330000 63.03846153846154 0.02964946129929926 27.50380176923077 0.3878205128205129 45.301282057692305 45.30769230769231 3.2115384615384617 42.09615384615385 2.727845000103116
332000 58.80769230769231 0.02841664122252048 27.606367230769234 0.38141025641025644 45.301282057692305 45.30769230769231 3.2115384615384617 42.09615384615385 3.0399570998270065
334000 65.78846153846153 0.03102613369666235 27.417443307692306 0.3878205128205129 45.301282057692305 45.30769230769231 3.2115384615384617 42.09615384615385 2.882279200013727
336000 65.78846153846153 0.031026769041345444 27.417443307692306 0.3878205128205129 45.301282057692305 45.30769230769231 3.2115384615384617 42.09615384615385 2.835773800034076
338000 65.40384615384616 0.030903328948445868 27.536212480769226 0.3878205128205129 45.301282057692305 45.30769230769231 3.2115384615384617 42.09615384615385 2.823052200023085
340000 64.5576923076923 0.030630443689045297 27.76760538461538 0.3878205128205129 45.301282057692305 45.30769230769231 3.2115384615384617 42.09615384615385 2.9384278999641538
342000 65.61538461538461 0.030979249293005304 27.43703219230769 0.3878205128205129 45.301282057692305 45.30769230769231 3.2115384615384617 42.09615384615385 2.8778945000376552
344000 66.78846153846153 0.03144356885356913 27.398211230769228 0.3942307692307693 45.301282057692305 45.30769230769231 3.2115384615384617 42.09615384615385 2.724341900087893
346000 65.32692307692308 0.03087505827621741 27.62595615384615 0.3878205128205129 45.301282057692305 45.30769230769231 3.2115384615384617 42.09615384615385 3.0186076001264155
348000 66.34615384615384 0.031291136215957006 27.600313788461538 0.3942307692307693 45.301282057692305 45.30769230769231 3.2115384615384617 42.09615384615385 2.771604800131172
350000 67.0 0.03147252139252481 27.404979596153844 0.3942307692307693 45.301282057692305 45.30769230769231 3.2115384615384617 42.09615384615385 2.806095599895343
352000 66.15384615384616 0.0312383956422439 27.511851826923074 0.3942307692307693 45.301282057692305 45.30769230769231 3.2115384615384617 42.09615384615385 2.7740505998954177
354000 61.63461538461539 0.030011860233649598 27.798354134615387 0.389423076923077 45.301282057692305 45.30769230769231 3.2115384615384617 42.09615384615385 2.860848000040278
356000 64.25 0.030563881387639175 27.61886815384615 0.3878205128205129 45.301282057692305 45.30769230769231 3.2115384615384617 42.09615384615385 2.8437569001689553
358000 64.75 0.030648644796587635 27.742264538461534 0.3942307692307693 45.301282057692305 45.30769230769231 3.2115384615384617 42.09615384615385 2.903906499966979
360000 64.78846153846153 0.03064833863551864 27.58200801923077 0.3942307692307693 45.301282057692305 45.30769230769231 3.2115384615384617 42.09615384615385 2.9843373000621796
362000 66.61538461538461 0.031247109381882857 27.37684325 0.3942307692307693 45.301282057692305 45.30769230769231 3.2115384615384617 42.09615384615385 2.7897620000876486
364000 66.73076923076923 0.03122906283023413 27.338560134615385 0.3942307692307693 45.301282057692305 45.30769230769231 3.2115384615384617 42.09615384615385 2.842200599843636
366000 67.09615384615384 0.03122553933495674 27.304371634615386 0.3942307692307693 45.301282057692305 45.30769230769231 3.2115384615384617 42.09615384615385 2.971791199874133
368000 67.26923076923077 0.03130278042869177 27.265910076923074 0.40064102564102566 45.301282057692305 45.30769230769231 3.2115384615384617 42.09615384615385 2.8679496999830008
370000 67.1923076923077 0.031254757328175106 27.283716384615385 0.40064102564102566 45.301282057692305 45.30769230769231 3.2115384615384617 42.09615384615385 2.8799630999565125
372000 64.13461538461539 0.03002846663740408 27.48884471153846 0.3942307692307692 45.301282057692305 45.30769230769231 3.2115384615384617 42.09615384615385 3.0850616998504847
374000 66.67307692307692 0.031095828570617143 27.392690807692304 0.40064102564102566 45.301282057692305 45.30769230769231 3.2115384615384617 42.09615384615385 2.9606513001490384
376000 66.65384615384616 0.031081691715966732 27.379870288461536 0.40064102564102566 45.301282057692305 45.30769230769231 3.2115384615384617 42.09615384615385 2.774691400118172
378000 67.17307692307692 0.031240620473524695 27.270895865384617 0.40064102564102566 45.301282057692305 45.30769230769231 3.2115384615384617 42.09615384615385 2.8119977000169456
380000 67.17307692307692 0.031240620473524695 27.270895865384617 0.40064102564102566 45.301282057692305 45.30769230769231 3.2115384615384617 42.09615384615385 2.885359500069171
382000 67.17307692307692 0.03141207782901903 27.270895865384617 0.40064102564102566 45.301282057692305 45.30769230769231 3.2115384615384617 42.09615384615385 2.774586800020188
384000 67.17307692307692 0.031240620473524695 27.270895865384617 0.40064102564102566 45.301282057692305 45.30769230769231 3.2115384615384617 42.09615384615385 2.918323500081897
386000 67.26923076923077 0.03130278042869177 27.265910076923074 0.40064102564102566 45.301282057692305 45.30769230769231 3.2115384615384617 42.09615384615385 2.774983299896121
388000 67.26923076923077 0.03130278042869177 27.265910076923074 0.40064102564102566 45.301282057692305 45.30769230769231 3.2115384615384617 42.09615384615385 2.9583201999776065
390000 67.26923076923077 0.03130278042869177 27.265910076923074 0.40064102564102566 45.301282057692305 45.30769230769231 3.2115384615384617 42.09615384615385 2.874107100069523
392000 67.26923076923077 0.03130278042869177 27.265910076923074 0.40064102564102566 45.301282057692305 45.30769230769231 3.2115384615384617 42.09615384615385 2.7438250998966396
394000 67.26923076923077 0.03130278042869177 27.265910076923074 0.40064102564102566 45.301282057692305 45.30769230769231 3.2115384615384617 42.09615384615385 3.2041853999253362
396000 67.26923076923077 0.03130278042869177 27.265910076923074 0.40064102564102566 45.301282057692305 45.30769230769231 3.2115384615384617 42.09615384615385 2.8569211000576615
398000 67.26923076923077 0.03130278042869177 27.265910076923074 0.40064102564102566 45.301282057692305 45.30769230769231 3.2115384615384617 42.09615384615385 2.781455700052902
400000 67.26923076923077 0.03130278042869177 27.265910076923074 0.40064102564102566 45.301282057692305 45.30769230769231 3.2115384615384617 42.09615384615385 2.7040189998224378
402000 67.26923076923077 0.03130278042869177 27.265910076923074 0.40064102564102566 45.301282057692305 45.30769230769231 3.2115384615384617 42.09615384615385 2.703810000093654
404000 67.26923076923077 0.03130278042869177 27.265910076923074 0.40064102564102566 45.301282057692305 45.30769230769231 3.2115384615384617 42.09615384615385 2.61495289998129
406000 67.26923076923077 0.03130278042869177 27.265910076923074 0.40064102564102566 45.301282057692305 45.30769230769231 3.2115384615384617 42.09615384615385 2.709724099840969
408000 67.26923076923077 0.03130278042869177 27.265910076923074 0.40064102564102566 45.301282057692305 45.30769230769231 3.2115384615384617 42.09615384615385 2.6811027000658214
410000 67.26923076923077 0.03130278042869177 27.265910076923074 0.40064102564102566 45.301282057692305 45.30769230769231 3.2115384615384617 42.09615384615385 2.697323099942878
412000 67.26923076923077 0.031280278497619204 27.262526846153847 0.3942307692307692 45.301282057692305 45.30769230769231 3.2115384615384617 42.09615384615385 2.6779918000102043
414000 67.26923076923077 0.031280278497619204 27.262526846153847 0.3942307692307692 45.301282057692305 45.30769230769231 3.2115384615384617 42.09615384615385 2.6628942999523133
416000 67.26923076923077 0.031280278497619204 27.262526846153847 0.3942307692307692 45.301282057692305 45.30769230769231 3.2115384615384617 42.09615384615385 2.6301106999162585
418000 67.28846153846153 0.03129176943458087 27.23688580769231 0.3942307692307692 45.301282057692305 45.30769230769231 3.2115384615384617 42.09615384615385 2.901271800044924
420000 65.5 0.03001504724293856 27.191835903846155 0.3878205128205128 45.301282057692305 45.30769230769231 3.2115384615384617 42.09615384615385 2.7712761000730097
422000 67.4423076923077 0.03103890769004971 27.18560373076923 0.3942307692307692 45.301282057692305 45.30769230769231 3.2115384615384617 42.09615384615385 2.6796663999557495
424000 65.34615384615384 0.030239496264718238 27.21747694230769 0.3878205128205128 45.301282057692305 45.30769230769231 3.2115384615384617 42.09615384615385 2.6120464999694377
426000 67.28846153846153 0.03126335671182939 27.211244769230767 0.3942307692307692 45.301282057692305 45.30769230769231 3.2115384615384617 42.09615384615385 2.668254400137812
428000 67.3076923076923 0.03130590628923127 27.24970632692308 0.3942307692307692 45.301282057692305 45.30769230769231 3.2115384615384617 42.09615384615385 2.771922599989921
430000 65.5 0.03001504724293856 27.191835903846155 0.3878205128205128 45.301282057692305 45.30769230769231 3.2115384615384617 42.09615384615385 2.6760682999156415
432000 67.4423076923077 0.03103890769004971 27.18560373076923 0.3942307692307692 45.301282057692305 45.30769230769231 3.2115384615384617 42.09615384615385 2.6447612999472767
434000 65.5 0.03001504724293856 27.191835903846155 0.3878205128205128 45.301282057692305 45.30769230769231 3.2115384615384617 42.09615384615385 2.662847900064662
436000 65.5 0.03001504724293856 27.191835903846155 0.3878205128205128 45.301282057692305 45.30769230769231 3.2115384615384617 42.09615384615385 2.7400189000181854
438000 65.5 0.03001504724293856 27.191835903846155 0.3878205128205128 45.301282057692305 45.30769230769231 3.2115384615384617 42.09615384615385 2.7356412999797612
440000 65.5 0.03001504724293856 27.191835903846155 0.3878205128205128 45.301282057692305 45.30769230769231 3.2115384615384617 42.09615384615385 2.6211464998777956
442000 65.5 0.03001504724293856 27.191835903846155 0.3878205128205128 45.301282057692305 45.30769230769231 3.2115384615384617 42.09615384615385 2.855891600018367
444000 65.5 0.03001504724293856 27.191835903846155 0.3878205128205128 45.301282057692305 45.30769230769231 3.2115384615384617 42.09615384615385 2.614282700000331
446000 65.5 0.03001504724293856 27.191835903846155 0.3878205128205128 45.301282057692305 45.30769230769231 3.2115384615384617 42.09615384615385 2.6367211998440325
448000 65.5 0.03001504724293856 27.191835903846155 0.3878205128205128 45.301282057692305 45.30769230769231 3.2115384615384617 42.09615384615385 2.7118963000830263
450000 65.5 0.03001504724293856 27.191835903846155 0.3878205128205128 45.301282057692305 45.30769230769231 3.2115384615384617 42.09615384615385 2.818859999999404
452000 65.5 0.030185869253749806 27.191835903846155 0.3878205128205128 45.301282057692305 45.30769230769231 3.2115384615384617 42.09615384615385 2.836410199990496
454000 65.5 0.03015347994170091 27.191835903846155 0.3878205128205128 45.301282057692305 45.30769230769231 3.2115384615384617 42.09615384615385 2.7033542999997735
456000 65.5 0.030014411898255468 27.191835903846155 0.3878205128205128 45.301282057692305 45.30769230769231 3.2115384615384617 42.09615384615385 2.8056461000815034
458000 65.5 0.03001504724293856 27.191835903846155 0.3878205128205128 45.301282057692305 45.30769230769231 3.2115384615384617 42.09615384615385 2.8018557999748737
460000 65.5 0.03001504724293856 27.191835903846155 0.3878205128205128 45.301282057692305 45.30769230769231 3.2115384615384617 42.09615384615385 2.797770199831575
462000 65.5 0.03001504724293856 27.191835903846155 0.3878205128205128 45.301282057692305 45.30769230769231 3.2115384615384617 42.09615384615385 2.565502400044352
464000 65.5 0.03001504724293856 27.191835903846155 0.3878205128205128 45.301282057692305 45.30769230769231 3.2115384615384617 42.09615384615385 2.736680099973455
466000 65.42307692307692 0.029967024142421885 27.20964221153846 0.3878205128205128 45.301282057692305 45.30769230769231 3.2115384615384617 42.09615384615385 2.5892795000690967
468000 67.36538461538461 0.030990884589533044 27.203410038461534 0.3942307692307692 45.301282057692305 45.30769230769231 3.2115384615384617 42.09615384615385 2.668713599909097
470000 67.4423076923077 0.03103890769004971 27.18560373076923 0.3942307692307692 45.301282057692305 45.30769230769231 3.2115384615384617 42.09615384615385 2.662892200052738
472000 65.5 0.03001504724293856 27.191835903846155 0.3878205128205128 45.301282057692305 45.30769230769231 3.2115384615384617 42.09615384615385 2.5344377998262644
474000 67.4423076923077 0.031210365045544055 27.18560373076923 0.3942307692307692 45.301282057692305 45.30769230769231 3.2115384615384617 42.09615384615385 2.7315898998640478
476000 67.4423076923077 0.031177340388812057 27.18560373076923 0.3942307692307692 45.301282057692305 45.30769230769231 3.2115384615384617 42.09615384615385 2.688882599817589
478000 67.4423076923077 0.03120972970086096 27.18560373076923 0.3942307692307692 45.301282057692305 45.30769230769231 3.2115384615384617 42.09615384615385 2.2389986000489444
480000 67.4423076923077 0.03103890769004971 27.18560373076923 0.3942307692307692 45.301282057692305 45.30769230769231 3.2115384615384617 42.09615384615385 2.3362340999301523
482000 65.5 0.03001504724293856 27.191835903846155 0.3878205128205128 45.301282057692305 45.30769230769231 3.2115384615384617 42.09615384615385 2.6585925000254065
484000 65.5 0.03001504724293856 27.191835903846155 0.3878205128205128 45.301282057692305 45.30769230769231 3.2115384615384617 42.09615384615385 2.434724200051278
486000 65.5 0.030154115286384005 27.191835903846155 0.3878205128205128 45.301282057692305 45.30769230769231 3.2115384615384617 42.09615384615385 2.418541799997911
488000 65.5 0.02998265793088966 27.191835903846155 0.3878205128205128 45.301282057692305 45.30769230769231 3.2115384615384617 42.09615384615385 2.088359599933028
490000 65.5 0.03001504724293856 27.191835903846155 0.3878205128205128 45.301282057692305 45.30769230769231 3.2115384615384617 42.09615384615385 2.110213299980387
492000 65.5 0.03001504724293856 27.191835903846155 0.3878205128205128 45.301282057692305 45.30769230769231 3.2115384615384617 42.09615384615385 2.1464259999338537
494000 65.5 0.03001504724293856 27.191835903846155 0.3878205128205128 45.301282057692305 45.30769230769231 3.2115384615384617 42.09615384615385 2.2960558000486344
496000 65.5 0.03001504724293856 27.191835903846155 0.3878205128205128 45.301282057692305 45.30769230769231 3.2115384615384617 42.09615384615385 2.000198299996555
498000 65.5 0.03001504724293856 27.191835903846155 0.3878205128205128 45.301282057692305 45.30769230769231 3.2115384615384617 42.09615384615385 1.9856157000176609
500000 65.5 0.03001504724293856 27.191835903846155 0.3878205128205128 45.301282057692305 45.30769230769231 3.2115384615384617 42.09615384615385 2.0484341999981552
