2000 0.09615384615384616 6.0693948789981236e-05 37.173452730769235 0.049679487179487176 45.301282057692305 45.30769230769231 1.0576923076923077 44.25 0.5706719000008889
4000 0.09615384615384616 7.138107215192513e-05 37.085761442307685 0.03846153846153846 45.301282057692305 45.30769230769231 1.6538461538461537 43.65384615384615 0.609287699975539
6000 0.07692307692307693 5.0179303306078775e-05 36.90897174999999 0.0592948717948718 45.301282057692305 45.30769230769231 1.0384615384615385 44.26923076923077 0.6033994000172243
8000 0.11538461538461539 6.962279903254578e-05 36.46662069230767 0.06570512820512821 45.301282057692305 45.30769230769231 1.0384615384615385 44.26923076923077 0.7172801999840885
10000 0.09615384615384616 6.113544076143317e-05 36.776449634615375 0.06891025641025642 45.301282057692305 45.30769230769231 1.0384615384615385 44.26923076923077 0.7670873999595642
12000 0.09615384615384616 4.783905338523319e-05 36.57986761538463 0.06410256410256411 45.301282057692305 45.30769230769231 1.0384615384615385 44.26923076923077 0.8203706999775022
14000 0.11538461538461539 5.3355102168627474e-05 36.57335976923077 0.06410256410256411 45.301282057692305 45.30769230769231 1.0384615384615385 44.26923076923077 0.7239008000469767
16000 0.057692307692307696 5.983990978015679e-05 35.77286023076922 0.10737179487179488 45.301282057692305 45.30769230769231 1.0384615384615385 44.26923076923077 0.727697399968747
18000 0.09615384615384616 9.264015128719097e-05 36.265444326923074 0.08333333333333334 45.301282057692305 45.30769230769231 1.0384615384615385 44.26923076923077 0.8626348000252619
20000 0.057692307692307696 9.43546047038926e-05 35.621951461538465 0.11057692307692306 45.301282057692305 45.30769230769231 1.0384615384615385 44.26923076923077 1.017566499998793
22000 0.057692307692307696 7.776985413508267e-05 36.26019948076924 0.08653846153846154 45.301282057692305 45.30769230769231 1.0384615384615385 44.26923076923077 1.2400841999915428
24000 0.057692307692307696 0.00017062708098590526 34.70790107692308 0.15705128205128208 45.301282057692305 45.30769230769231 1.0384615384615385 44.26923076923077 1.403831200033892
26000 0.07692307692307693 4.1759486344071106e-05 36.77638526923077 0.06410256410256411 45.301282057692305 45.30769230769231 1.1153846153846154 44.19230769230769 1.6887920000008307
28000 0.07692307692307693 5.5101935997902896e-05 36.441342365384614 0.07051282051282051 45.301282057692305 45.30769230769231 1.0384615384615385 44.26923076923077 1.5305756000452675
30000 0.09615384615384616 4.823693745881428e-05 37.090404365384614 0.041666666666666664 45.301282057692305 45.30769230769231 1.1153846153846154 44.19230769230769 1.7526384000084363
32000 0.11538461538461539 0.00010881871831198047 36.7869140576923 0.07692307692307693 45.301282057692305 45.30769230769231 1.0384615384615385 44.26923076923077 2.087689900014084
34000 0.09615384615384616 0.00011507833073778403 36.24267769230768 0.05448717948717948 45.301282057692305 45.30769230769231 1.0384615384615385 44.26923076923077 2.1847404000000097
36000 0.11538461538461539 0.00013399046455491928 36.26608053846154 0.10416666666666666 45.301282057692305 45.30769230769231 1.0384615384615385 44.26923076923077 2.1894357000128366
38000 0.09615384615384616 0.0001333437710575661 35.618377557692305 0.11538461538461536 45.301282057692305 45.30769230769231 1.0384615384615385 44.26923076923077 2.054488499998115
40000 0.1346153846153846 0.0001398281968659507 35.99808359615385 0.1266025641025641 45.301282057692305 45.30769230769231 1.0384615384615385 44.26923076923077 2.24205639999127
42000 0.09615384615384616 0.00012496446796448078 36.037827423076926 0.11057692307692306 45.301282057692305 45.30769230769231 1.0384615384615385 44.26923076923077 2.2367772000143304
44000 0.1346153846153846 0.0001664234412126999 35.73318042307693 0.1282051282051282 45.301282057692305 45.30769230769231 1.0384615384615385 44.26923076923077 2.189277099969331
46000 0.15384615384615385 0.0002965424888888018 35.51864982692308 0.12339743589743589 45.301282057692305 45.30769230769231 1.0384615384615385 44.26923076923077 1.9474924999522045
48000 0.1346153846153846 8.403065764020882e-05 35.792153288461535 0.09294871794871797 45.301282057692305 45.30769230769231 1.0384615384615385 44.26923076923077 1.9553683999693021
50000 0.1346153846153846 9.112898390278985e-05 35.85091401923077 0.07852564102564104 45.301282057692305 45.30769230769231 1.0384615384615385 44.26923076923077 1.9606375000439584
52000 0.11538461538461539 0.0002603212962976602 35.21880453846155 0.09455128205128206 45.301282057692305 45.30769230769231 1.0384615384615385 44.26923076923077 1.9098741000052541
54000 0.1346153846153846 0.0001345482948923147 35.772762250000014 0.07532051282051283 45.301282057692305 45.30769230769231 1.0384615384615385 44.26923076923077 1.7349040000117384
56000 0.07692307692307693 5.989271907410031e-05 36.53702546153846 0.0608974358974359 45.301282057692305 45.30769230769231 1.0384615384615385 44.26923076923077 2.0822028999682516
58000 0.07692307692307693 8.213558644227657e-05 35.86224623076924 0.0592948717948718 45.301282057692305 45.30769230769231 1.3653846153846154 43.94230769230769 1.8873506999807432
60000 0.09615384615384616 5.663404805912298e-05 36.76064646153846 0.044871794871794865 45.301282057692305 45.30769230769231 1.0384615384615385 44.26923076923077 2.193771200021729
62000 0.07692307692307693 5.741774038956308e-05 35.74471678846155 0.08333333333333333 45.301282057692305 45.30769230769231 1.0384615384615385 44.26923076923077 1.8373424000455998
64000 0.1346153846153846 0.00016935035119673516 35.3004424423077 0.1378205128205128 45.301282057692305 45.30769230769231 1.0384615384615385 44.26923076923077 1.9952010000124574
66000 0.11538461538461539 0.00017210103872552094 35.44146834615386 0.10096153846153845 45.301282057692305 45.30769230769231 1.0384615384615385 44.26923076923077 1.8292720000026748
68000 0.11538461538461539 0.00016598104965810922 35.394459480769235 0.12339743589743589 45.301282057692305 45.30769230769231 1.0384615384615385 44.26923076923077 1.8278523000190035
70000 0.09615384615384616 0.0001130407687325137 35.977793134615396 0.10096153846153846 45.301282057692305 45.30769230769231 1.0384615384615385 44.26923076923077 2.0864275999483652
72000 0.09615384615384616 0.00010558885254085591 36.24916076923077 0.10096153846153846 45.301282057692305 45.30769230769231 1.0384615384615385 44.26923076923077 2.1733573999954388
74000 0.09615384615384616 -0.09605766525603293 36.361246307692326 0.07532051282051283 45.301282057692305 45.30769230769231 1.0384615384615385 44.26923076923077 2.1498970999964513
76000 0.1346153846153846 8.36754020808634e-05 37.01946042307692 0.052884615384615384 45.301282057692305 45.30769230769231 1.1153846153846154 44.19230769230769 1.8890213000122458
78000 0.1346153846153846 6.358813396543698e-05 36.117852423076926 0.07371794871794872 45.301282057692305 45.30769230769231 1.0384615384615385 44.26923076923077 1.9261988999787718
80000 0.15384615384615385 7.799863442848267e-05 36.91069492307693 0.04006410256410256 45.301282057692305 45.30769230769231 1.0576923076923077 44.25 1.9132519999984652
82000 0.1346153846153846 6.1005738022133786e-05 36.333032326923075 0.09294871794871797 45.301282057692305 45.30769230769231 1.0384615384615385 44.26923076923077 1.9312374000437558
84000 0.15384615384615385 9.219832877347278e-05 36.19327078846155 0.07532051282051283 45.301282057692305 45.30769230769231 1.0384615384615385 44.26923076923077 2.6416922000353225
86000 0.15384615384615385 8.79102620360938e-05 36.47566076923077 0.08173076923076923 45.301282057692305 45.30769230769231 1.0384615384615385 44.26923076923077 1.96767570002703
88000 0.09615384615384616 5.792342443708001e-05 36.89583028846153 0.06570512820512821 45.301282057692305 45.30769230769231 1.0384615384615385 44.26923076923077 2.058000099961646
90000 0.1346153846153846 7.56216580939574e-05 36.80775234615385 0.05929487179487179 45.301282057692305 45.30769230769231 1.0384615384615385 44.26923076923077 1.8963508000015281
92000 0.09615384615384616 6.0693405114836205e-05 37.101537923076926 0.060897435897435896 45.301282057692305 45.30769230769231 1.0384615384615385 44.26923076923077 1.8810252000112087
94000 0.11538461538461539 -0.01917072669421251 37.27601671153846 0.03205128205128205 45.301282057692305 45.30769230769231 1.0384615384615385 44.26923076923077 1.8125979999895208
96000 0.17307692307692307 0.00011154663236805766 36.77569594230769 0.07211538461538461 45.301282057692305 45.30769230769231 1.0384615384615385 44.26923076923077 1.8881764999823645
98000 0.11538461538461539 7.503304557007627e-05 36.85991951923077 0.04807692307692308 45.301282057692305 45.30769230769231 1.0384615384615385 44.26923076923077 2.0363777999882586
100000 0.11538461538461539 -0.019153421646869846 36.169213980769236 0.07852564102564102 45.301282057692305 45.30769230769231 1.0384615384615385 44.26923076923077 1.8463601999683306
102000 0.11538461538461539 -0.018994365616666786 36.25236109615384 0.08012820512820513 45.301282057692305 45.30769230769231 1.0384615384615385 44.26923076923077 2.022104599978775
104000 0.38461538461538464 -0.05748490841238528 31.91947042307692 0.21634615384615385 45.301282057692305 45.30769230769231 1.0384615384615385 44.26923076923077 1.8964391999761574
106000 0.36538461538461536 0.0002784727096327215 32.54381674999999 0.27403846153846156 45.301282057692305 45.30769230769231 1.0384615384615385 44.26923076923077 1.8206339000025764
108000 0.1346153846153846 -0.03833436119276224 34.52838350000001 0.1987179487179487 45.301282057692305 45.30769230769231 1.0384615384615385 44.26923076923077 1.9103498000185937
110000 0.21153846153846154 0.00014470414505282406 33.818617384615386 0.22916666666666666 45.301282057692305 45.30769230769231 1.0384615384615385 44.26923076923077 1.9768636000226252
112000 0.15384615384615385 -0.03833684714217586 34.67246330769231 0.15705128205128205 45.301282057692305 45.30769230769231 1.0384615384615385 44.26923076923077 2.0549753999803215
114000 0.28846153846153844 -0.05760148214295764 33.48758028846154 0.21955128205128205 45.301282057692305 45.30769230769231 1.0384615384615385 44.26923076923077 1.8912932999664918
116000 0.25 -0.05753130916074279 33.846701557692306 0.20673076923076922 45.301282057692305 45.30769230769231 1.0384615384615385 44.26923076923077 1.953912999946624
118000 0.15384615384615385 9.346335289930788e-05 34.99977480769232 0.11698717948717949 45.301282057692305 45.30769230769231 1.2884615384615385 44.01923076923077 1.7999641000060365
120000 0.25 0.0002079188871083344 33.36191809615384 0.2548076923076923 45.301282057692305 45.30769230769231 1.0961538461538463 44.21153846153846 1.9205105999717489
122000 0.19230769230769232 0.0001456854243924351 33.841400442307695 0.22275641025641024 45.301282057692305 45.30769230769231 1.0576923076923077 44.25 1.8936765000107698
124000 0.17307692307692307 9.783550177367914e-05 35.06102315384615 0.09294871794871794 45.301282057692305 45.30769230769231 1.0576923076923077 44.25 1.9483217999804765
126000 0.19230769230769232 0.0001236450338754613 34.72404409615384 0.18269230769230768 45.301282057692305 45.30769230769231 1.1346153846153846 44.17307692307692 1.872486200009007
128000 0.3076923076923077 0.00016473850562472513 34.31090305769231 0.2131410256410256 45.301282057692305 45.30769230769231 1.0769230769230769 44.23076923076923 1.8929413000005297
130000 0.34615384615384615 0.00017283516915880687 33.830133 0.22596153846153846 45.301282057692305 45.30769230769231 1.2115384615384615 44.09615384615385 1.8272990999976173
132000 0.1346153846153846 0.00010107845387948854 35.09115638461539 0.09935897435897435 45.301282057692305 45.30769230769231 1.0384615384615385 44.26923076923077 2.0133625000016764
134000 0.11538461538461539 8.243384159458672e-05 35.36519455769231 0.09134615384615384 45.301282057692305 45.30769230769231 1.0576923076923077 44.25 1.9879166000173427
136000 0.15384615384615385 8.411436783273674e-05 35.98181796153847 0.09935897435897435 45.301282057692305 45.30769230769231 1.0384615384615385 44.26923076923077 1.9171658999985084
138000 0.09615384615384616 9.635300959732431e-05 35.371284384615386 0.11698717948717949 45.301282057692305 45.30769230769231 1.0576923076923077 44.25 2.0456872000359
140000 0.1346153846153846 9.654395496507917e-05 34.91097913461538 0.1346153846153846 45.301282057692305 45.30769230769231 1.0769230769230769 44.23076923076923 1.9951171000138856
142000 0.1346153846153846 -0.09605129362499377 36.52641378846154 0.08974358974358973 45.301282057692305 45.30769230769231 1.5961538461538463 43.71153846153846 1.884929399995599
144000 0.07692307692307693 -0.019166048348649403 36.114554326923084 0.07532051282051282 45.301282057692305 45.30769230769231 1.1153846153846154 44.19230769230769 2.2294944999739528
146000 0.11538461538461539 -0.1537850792683134 36.55774786538461 0.08333333333333334 45.301282057692305 45.30769230769231 1.6153846153846154 43.69230769230769 1.907211699988693
148000 0.1346153846153846 -0.019098448981675446 36.32991634615385 0.08173076923076923 45.301282057692305 45.30769230769231 1.5 43.80769230769231 1.8885950000258163
150000 0.09615384615384616 0.00010277414049658086 36.38867686538461 0.0673076923076923 45.301282057692305 45.30769230769231 1.1538461538461537 44.15384615384615 1.9559087000088766
152000 0.09615384615384616 7.778898759941797e-05 36.432671134615376 0.07692307692307693 45.301282057692305 45.30769230769231 1.0961538461538463 44.21153846153846 1.8106752000167035
154000 0.11538461538461539 6.46386008664257e-05 36.34025649999999 0.08653846153846154 45.301282057692305 45.30769230769231 1.0961538461538463 44.21153846153846 1.8790391000220552
156000 0.11538461538461539 5.974950967346746e-05 36.346666750000004 0.07692307692307693 45.301282057692305 45.30769230769231 1.0384615384615385 44.26923076923077 2.0891276999609545
158000 0.11538461538461539 6.907612276029931e-05 36.418591423076926 0.07692307692307693 45.301282057692305 45.30769230769231 1.0384615384615385 44.26923076923077 2.0113329000305384
160000 0.11538461538461539 6.851564628184106e-05 36.29359140384616 0.08653846153846154 45.301282057692305 45.30769230769231 1.0384615384615385 44.26923076923077 1.9793053000466898
162000 0.11538461538461539 6.936468874090262e-05 36.350700846153856 0.09455128205128206 45.301282057692305 45.30769230769231 1.0384615384615385 44.26923076923077 1.9315537000074983
164000 0.09615384615384616 8.386375706770453e-05 35.31571111538463 0.15705128205128205 45.301282057692305 45.30769230769231 1.0384615384615385 44.26923076923077 1.894976300012786
166000 0.11538461538461539 9.94624067928146e-05 35.68029425 0.11378205128205127 45.301282057692305 45.30769230769231 1.0384615384615385 44.26923076923077 1.807299599982798
168000 0.09615384615384616 0.00011955217652113466 35.238787692307696 0.13141025641025642 45.301282057692305 45.30769230769231 1.0384615384615385 44.26923076923077 1.8569798999815248
170000 0.09615384615384616 8.371640812914843e-05 35.133819749999994 0.15224358974358973 45.301282057692305 45.30769230769231 1.0384615384615385 44.26923076923077 1.8434676000033505
172000 0.09615384615384616 0.00012369485857333784 34.79327463461538 0.1907051282051282 45.301282057692305 45.30769230769231 1.0384615384615385 44.26923076923077 2.231131899985485
174000 0.1346153846153846 0.0003171149970762664 34.54626592307692 0.17628205128205127 45.301282057692305 45.30769230769231 1.0576923076923077 44.25 1.8120705999899656
176000 0.23076923076923078 0.0003524471584971675 34.913743730769234 0.1298076923076923 45.301282057692305 45.30769230769231 1.1346153846153846 44.17307692307692 1.903420399990864
178000 0.15384615384615385 0.0003288623123627397 34.87227136538461 0.13301282051282048 45.301282057692305 45.30769230769231 1.0961538461538463 44.21153846153846 2.0459547000355087
180000 0.15384615384615385 0.00010149127616763579 35.106970826923074 0.141025641025641 45.301282057692305 45.30769230769231 1.0769230769230769 44.23076923076923 1.9879322000197135
182000 0.38461538461538464 0.00021801565345716702 33.509192692307685 0.19551282051282046 45.301282057692305 45.30769230769231 1.1346153846153846 44.17307692307692 1.8566091999527998
184000 0.34615384615384615 0.00020534490317006417 33.14801842307692 0.19070512820512817 45.301282057692305 45.30769230769231 1.1346153846153846 44.17307692307692 1.9758004000177607
186000 0.34615384615384615 0.00018338940934878182 33.2204644423077 0.18910256410256412 45.301282057692305 45.30769230769231 1.0576923076923077 44.25 2.0798176000243984
188000 0.38461538461538464 0.00027668840499806604 32.85016511538461 0.2676282051282051 45.301282057692305 45.30769230769231 1.0576923076923077 44.25 1.7980185000342317
190000 0.1346153846153846 0.00016762890194883502 34.01297780769231 0.2403846153846154 45.301282057692305 45.30769230769231 1.0576923076923077 44.25 2.068204400013201
192000 0.19230769230769232 0.0003211942774330228 34.03915298076923 0.18108974358974356 45.301282057692305 45.30769230769231 1.0576923076923077 44.25 1.9911424000165425
194000 0.3269230769230769 0.0004106462102343178 33.83771015384615 0.1907051282051282 45.301282057692305 45.30769230769231 1.0576923076923077 44.25 1.9990153000107966
196000 0.2692307692307692 0.0002142790929685636 33.7552846923077 0.20192307692307693 45.301282057692305 45.30769230769231 1.0576923076923077 44.25 1.9663168000406586
198000 0.23076923076923078 0.00021386119730068743 34.06981525000001 0.2131410256410256 45.301282057692305 45.30769230769231 1.0576923076923077 44.25 1.8977230999735184
200000 0.11538461538461539 0.0002757318581803016 34.77606611538464 0.13461538461538458 45.301282057692305 45.30769230769231 1.0576923076923077 44.25 1.8669697000295855
202000 0.09615384615384616 6.408202311518932e-05 35.37542555769232 0.10897435897435896 45.301282057692305 45.30769230769231 1.0384615384615385 44.26923076923077 1.8648427000152878
204000 0.1346153846153846 0.0001331203931532879 35.54463242307693 0.10897435897435898 45.301282057692305 45.30769230769231 1.0384615384615385 44.26923076923077 2.150727900036145
206000 0.1346153846153846 9.02532806951829e-05 35.142998346153846 0.1201923076923077 45.301282057692305 45.30769230769231 1.0384615384615385 44.26923076923077 1.9140984000405297
208000 0.17307692307692307 0.0003026858327193733 35.065848769230776 0.13141025641025642 45.301282057692305 45.30769230769231 1.0576923076923077 44.25 2.055741299991496
210000 0.3076923076923077 0.0002449727179544969 34.574181249999995 0.21634615384615385 45.301282057692305 45.30769230769231 1.0576923076923077 44.25 1.9636298000114039
212000 0.3269230769230769 0.0003045401078451673 34.36412871153846 0.203525641025641 45.301282057692305 45.30769230769231 1.0769230769230769 44.23076923076923 1.9456517999642529
214000 0.1346153846153846 9.637207140639603e-05 36.11514915384616 0.10416666666666666 45.301282057692305 45.30769230769231 1.3269230769230769 43.98076923076923 1.9323188999551348
216000 0.17307692307692307 0.0001301635914539915 35.538690519230784 0.10897435897435898 45.301282057692305 45.30769230769231 1.4423076923076923 43.86538461538461 1.9097198999952525
218000 0.23076923076923078 0.00015325299061853733 34.67460038461538 0.14583333333333331 45.301282057692305 45.30769230769231 1.4807692307692308 43.82692307692308 1.9934482000535354
220000 0.15384615384615385 9.177701741964987e-05 35.21170603846154 0.13942307692307693 45.301282057692305 45.30769230769231 1.7115384615384615 43.59615384615385 1.8482051999890245
222000 0.3076923076923077 0.0001803443877634574 34.254759615384614 0.16346153846153846 45.301282057692305 45.30769230769231 1.25 44.05769230769231 1.9035329999751411
224000 0.3269230769230769 0.00023618747750898294 34.18483475 0.20833333333333331 45.301282057692305 45.30769230769231 1.1346153846153846 44.17307692307692 2.2761812999960966
226000 0.25 0.00023719746269981658 35.12868240384615 0.20512820512820512 45.301282057692305 45.30769230769231 1.0576923076923077 44.25 2.238982099981513
228000 0.15384615384615385 9.999425503303655e-05 36.123203192307685 0.09775641025641026 45.301282057692305 45.30769230769231 1.0384615384615385 44.26923076923077 1.9452526000095531
230000 0.09615384615384616 7.332652856724724e-05 36.668863134615385 0.06891025641025642 45.301282057692305 45.30769230769231 1.0384615384615385 44.26923076923077 1.9244515000027604
232000 0.09615384615384616 7.855369390502916e-05 36.625825500000005 0.07211538461538461 45.301282057692305 45.30769230769231 1.0769230769230769 44.23076923076923 1.9923702999949455
234000 0.1346153846153846 8.064444794866034e-05 36.168667096153854 0.060897435897435896 45.301282057692305 45.30769230769231 1.2307692307692308 44.07692307692308 2.0186049000476487
236000 0.15384615384615385 0.0001591458110959861 35.92486371153847 0.08814102564102563 45.301282057692305 45.30769230769231 1.1730769230769231 44.13461538461539 2.064010199974291
238000 0.09615384615384616 6.432122643825313e-05 36.436193615384624 0.08012820512820512 45.301282057692305 45.30769230769231 1.3076923076923077 44.0 1.8975484000402503
240000 0.09615384615384616 9.39195646859079e-05 36.476951980769236 0.08974358974358973 45.301282057692305 45.30769230769231 1.1730769230769231 44.13461538461539 1.9834725999971852
242000 0.09615384615384616 9.111496650467035e-05 36.34725109615385 0.08012820512820512 45.301282057692305 45.30769230769231 1.1153846153846154 44.19230769230769 2.0552190999733284
244000 0.1346153846153846 0.00010502578216363912 36.16691886538461 0.08653846153846154 45.301282057692305 45.30769230769231 1.0769230769230769 44.23076923076923 1.9937699000001885
246000 0.11538461538461539 7.272520436909555e-05 36.11591990384615 0.10737179487179487 45.301282057692305 45.30769230769231 1.0769230769230769 44.23076923076923 2.2216063999803737
248000 0.09615384615384616 6.516471759624457e-05 36.849001173076914 0.07211538461538461 45.301282057692305 45.30769230769231 1.0384615384615385 44.26923076923077 1.9994124000077136
250000 0.09615384615384616 5.572580182074045e-05 36.90511201923078 0.08333333333333333 45.301282057692305 45.30769230769231 1.0384615384615385 44.26923076923077 1.9253870999673381
252000 0.17307692307692307 7.83976718611084e-05 36.657431673076914 0.09935897435897437 45.301282057692305 45.30769230769231 1.1153846153846154 44.19230769230769 1.9379171999753453
254000 0.09615384615384616 8.62976197201568e-05 36.56190923076922 0.1169871794871795 45.301282057692305 45.30769230769231 1.0384615384615385 44.26923076923077 1.9308235999778844
256000 0.1346153846153846 0.0002453190754726852 36.297205730769235 0.10416666666666667 45.301282057692305 45.30769230769231 1.0576923076923077 44.25 1.9790746999788098
258000 0.17307692307692307 8.50914297760361e-05 36.4033720576923 0.12820512820512822 45.301282057692305 45.30769230769231 1.0961538461538463 44.21153846153846 1.8953871999983676
260000 0.21153846153846154 0.00010287352622450293 35.475584038461534 0.14903846153846154 45.301282057692305 45.30769230769231 1.0576923076923077 44.25 2.0087039000354707
262000 0.17307692307692307 8.646244644452368e-05 35.71169511538461 0.1282051282051282 45.301282057692305 45.30769230769231 1.0576923076923077 44.25 2.000699399970472
264000 0.15384615384615385 6.936132782399602e-05 35.98568534615386 0.10897435897435896 45.301282057692305 45.30769230769231 1.1730769230769231 44.13461538461539 1.9439758000080474
266000 0.07692307692307693 5.5678524347976894e-05 36.27468596153846 0.11217948717948717 45.301282057692305 45.30769230769231 1.2307692307692308 44.07692307692308 2.05505580001045
268000 0.17307692307692307 0.00012919182383072596 35.78963823076923 0.1201923076923077 45.301282057692305 45.30769230769231 1.0384615384615385 44.26923076923077 1.9011411999817938
270000 0.09615384615384616 9.133945552873013e-05 35.76324457692307 0.11378205128205127 45.301282057692305 45.30769230769231 1.0384615384615385 44.26923076923077 2.1499677999527194
272000 0.11538461538461539 8.192316031530004e-05 36.18549911538462 0.08333333333333334 45.301282057692305 45.30769230769231 1.0384615384615385 44.26923076923077 1.8700304999947548
274000 0.1346153846153846 0.0001078490123254246 36.212795903846164 0.08333333333333334 45.301282057692305 45.30769230769231 1.0384615384615385 44.26923076923077 2.2532883000094444
276000 0.11538461538461539 8.770239188186341e-05 36.30782815384616 0.08012820512820512 45.301282057692305 45.30769230769231 1.0769230769230769 44.23076923076923 1.8906169999972917
278000 0.11538461538461539 8.851516414938347e-05 36.238116442307685 0.07532051282051282 45.301282057692305 45.30769230769231 1.0576923076923077 44.25 1.9294313000282273
280000 0.1346153846153846 0.00011496082544353958 36.022330000000004 0.07371794871794872 45.301282057692305 45.30769230769231 1.0384615384615385 44.26923076923077 1.8579392000101507
282000 0.1346153846153846 0.00014540335952759127 35.63947734615384 0.07852564102564104 45.301282057692305 45.30769230769231 1.0576923076923077 44.25 1.9274470999953337
284000 0.1346153846153846 0.0002828298597281634 36.000807269230776 0.0625 45.301282057692305 45.30769230769231 1.0576923076923077 44.25 1.9365500999847427
286000 0.17307692307692307 0.00029121638547324985 36.05449330769232 0.08493589743589744 45.301282057692305 45.30769230769231 1.1730769230769231 44.13461538461539 2.3222019000095315
288000 0.15384615384615385 0.0002577422045008498 36.02383096153847 0.07211538461538461 45.301282057692305 45.30769230769231 1.2692307692307692 44.03846153846154 1.9044428000343032
290000 0.1346153846153846 0.0002747869286703004 36.165680749999986 0.07371794871794872 45.301282057692305 45.30769230769231 1.5 43.80769230769231 1.930958200013265
292000 0.11538461538461539 9.038388983335258e-05 36.24132184615384 0.08333333333333333 45.301282057692305 45.30769230769231 1.3846153846153846 43.92307692307692 2.253691899997648
294000 0.09615384615384616 8.191062740337453e-05 36.23992819230769 0.08333333333333334 45.301282057692305 45.30769230769231 1.5 43.80769230769231 1.908971199998632
296000 0.07692307692307693 8.757896015114057e-05 35.85021071153845 0.09294871794871794 45.301282057692305 45.30769230769231 1.7307692307692308 43.57692307692308 2.0366330000106245
298000 0.07692307692307693 8.650108925125971e-05 36.09892882692308 0.09775641025641026 45.301282057692305 45.30769230769231 1.75 43.55769230769231 2.007118499954231
300000 0.09615384615384616 0.00024767313175998325 35.99737913461537 0.08974358974358974 45.301282057692305 45.30769230769231 1.8076923076923077 43.5 1.8631330999778584
302000 0.07692307692307693 0.00023972789834037398 35.96913061538459 0.08493589743589744 45.301282057692305 45.30769230769231 1.7692307692307692 43.53846153846154 2.1907604000298306
304000 0.07692307692307693 7.505952738203549e-05 36.13435467307691 0.10416666666666667 45.301282057692305 45.30769230769231 1.6730769230769231 43.63461538461539 1.9157309000147507
306000 0.11538461538461539 8.699334127022994e-05 36.086714711538455 0.08173076923076923 45.301282057692305 45.30769230769231 1.4423076923076923 43.86538461538461 1.96048750000773
308000 0.09615384615384616 7.787994541102027e-05 36.32890599999999 0.08333333333333334 45.301282057692305 45.30769230769231 1.4423076923076923 43.86538461538461 2.147023600002285
310000 0.17307692307692307 -0.019137706041063275 36.53350007692307 0.08493589743589744 45.301282057692305 45.30769230769231 1.2884615384615385 44.01923076923077 1.9249990999815054
312000 0.1346153846153846 8.107232548733047e-05 36.52511346153845 0.07051282051282051 45.301282057692305 45.30769230769231 1.1730769230769231 44.13461538461539 2.020339499984402
314000 0.11538461538461539 -0.019116758528433215 36.22482061538461 0.06410256410256411 45.301282057692305 45.30769230769231 1.3076923076923077 44.0 1.8414070999715477
316000 0.09615384615384616 -0.03838400450441455 36.10526948076923 0.0625 45.301282057692305 45.30769230769231 1.2692307692307692 44.03846153846154 1.9647861000266857
318000 0.15384615384615385 0.00012444075024831984 35.901604538461534 0.06891025641025642 45.301282057692305 45.30769230769231 1.2115384615384615 44.09615384615385 1.863213500007987
320000 0.09615384615384616 6.272795039277268e-05 35.86368751923076 0.08974358974358974 45.301282057692305 45.30769230769231 1.0961538461538463 44.21153846153846 1.9348281999700703
322000 0.07692307692307693 7.27264645578934e-05 35.84892894230769 0.0673076923076923 45.301282057692305 45.30769230769231 1.3461538461538463 43.96153846153846 1.9855211000540294
324000 0.07692307692307693 7.001984037031959e-05 36.261642865384616 0.06410256410256411 45.301282057692305 45.30769230769231 1.4807692307692308 43.82692307692308 1.8743694000295363
326000 0.11538461538461539 8.003713736069592e-05 35.56868040384616 0.10256410256410256 45.301282057692305 45.30769230769231 1.4807692307692308 43.82692307692308 2.344219999969937
328000 0.11538461538461539 8.354153544292805e-05 35.45740819230768 0.10096153846153846 45.301282057692305 45.30769230769231 1.6153846153846154 43.69230769230769 1.9779586999793537
330000 0.09615384615384616 8.78732413279546e-05 35.43443840384616 0.11057692307692307 45.301282057692305 45.30769230769231 1.6346153846153846 43.67307692307692 1.9320716999936849
332000 0.09615384615384616 8.077225504494864e-05 35.89314601923078 0.09935897435897437 45.301282057692305 45.30769230769231 1.5576923076923077 43.75 1.930397299991455
334000 0.09615384615384616 9.599981150887751e-05 35.267120750000004 0.1233974358974359 45.301282057692305 45.30769230769231 1.4423076923076923 43.86538461538461 1.914139400003478
336000 0.09615384615384616 9.437725563759537e-05 35.42128778846153 0.10256410256410256 45.301282057692305 45.30769230769231 1.6346153846153846 43.67307692307692 2.015402899996843
338000 0.1346153846153846 0.00010133868763035588 35.48189215384614 0.08012820512820513 45.301282057692305 45.30769230769231 1.5769230769230769 43.73076923076923 2.207107000052929
340000 0.07692307692307693 9.112886656747072e-05 35.70649565384615 0.08012820512820513 45.301282057692305 45.30769230769231 1.4807692307692308 43.82692307692308 1.8796430999645963
342000 0.07692307692307693 9.151335145047047e-05 35.48085451923076 0.10576923076923077 45.301282057692305 45.30769230769231 1.5576923076923077 43.75 1.8517875999677926
344000 0.09615384615384616 0.00011998989510083021 35.17658096153846 0.11217948717948717 45.301282057692305 45.30769230769231 1.4038461538461537 43.90384615384615 1.949485299992375
346000 0.17307692307692307 0.00014062227874569067 33.805474923076936 0.15705128205128208 45.301282057692305 45.30769230769231 1.3076923076923077 44.0 1.9399126999778673
348000 0.19230769230769232 0.0001508261649832299 34.31087034615385 0.14583333333333334 45.301282057692305 45.30769230769231 1.1538461538461537 44.15384615384615 1.9775633999961428
350000 0.17307692307692307 0.00013642067855057716 34.459830000000004 0.14743589743589744 45.301282057692305 45.30769230769231 1.2692307692307692 44.03846153846154 2.058307599974796
352000 0.21153846153846154 -0.018999276993787353 34.08343088461538 0.16826923076923078 45.301282057692305 45.30769230769231 1.3461538461538463 43.96153846153846 2.1774211999727413
354000 0.21153846153846154 0.0001230900417051562 33.4142938076923 0.20192307692307693 45.301282057692305 45.30769230769231 1.2115384615384615 44.09615384615385 2.0286482000374235
356000 0.21153846153846154 0.0001172987883771844 33.66712540384616 0.16506410256410253 45.301282057692305 45.30769230769231 1.25 44.05769230769231 1.924679899995681
358000 0.11538461538461539 8.649333951049047e-05 34.28393540384615 0.17467948717948717 45.301282057692305 45.30769230769231 1.1346153846153846 44.17307692307692 1.8879608000279404
360000 0.17307692307692307 0.00018445239805562193 34.18966898076923 0.18269230769230768 45.301282057692305 45.30769230769231 1.2115384615384615 44.09615384615385 1.928826300019864
362000 0.15384615384615385 0.00010524813259845051 33.636832423076925 0.23557692307692307 45.301282057692305 45.30769230769231 1.2884615384615385 44.01923076923077 1.8501538999844342
364000 0.21153846153846154 0.00010717638914233797 33.25567590384616 0.2371794871794872 45.301282057692305 45.30769230769231 1.2307692307692308 44.07692307692308 2.0326051999581978
366000 0.21153846153846154 -0.07672853250023379 33.71571848076923 0.23557692307692307 45.301282057692305 45.30769230769231 1.1153846153846154 44.19230769230769 1.932779099966865
368000 0.21153846153846154 0.00021210756070516912 33.41516667307692 0.25 45.301282057692305 45.30769230769231 1.2115384615384615 44.09615384615385 2.064146400021855
370000 0.23076923076923078 0.00023807600259691863 33.4702105 0.26121794871794873 45.301282057692305 45.30769230769231 1.0769230769230769 44.23076923076923 1.9169370000017807
372000 0.25 0.00023069796165987175 33.78090732692307 0.21955128205128205 45.301282057692305 45.30769230769231 1.0961538461538463 44.21153846153846 1.927181400009431
374000 0.17307692307692307 0.00020359034949850074 34.537020288461534 0.1971153846153846 45.301282057692305 45.30769230769231 1.0769230769230769 44.23076923076923 1.9841184999677353
376000 0.17307692307692307 0.00018596151471821448 34.48107319230768 0.21474358974358973 45.301282057692305 45.30769230769231 1.1153846153846154 44.19230769230769 2.03279259998817
378000 0.19230769230769232 0.00018049959720944865 34.15184803846154 0.2099358974358974 45.301282057692305 45.30769230769231 1.2115384615384615 44.09615384615385 1.8366085000452586
380000 0.11538461538461539 0.00013596060501175003 34.78161240384616 0.16987179487179485 45.301282057692305 45.30769230769231 1.25 44.05769230769231 2.279091199976392
382000 0.11538461538461539 0.00014100076324250217 34.27187219230769 0.16987179487179485 45.301282057692305 45.30769230769231 1.25 44.05769230769231 1.985607800015714
384000 0.1346153846153846 9.739669440561275e-05 34.38079821153846 0.16506410256410253 45.301282057692305 45.30769230769231 1.3653846153846154 43.94230769230769 1.9777296999818645
386000 0.09615384615384616 0.00015731968189033738 34.601875442307694 0.11217948717948717 45.301282057692305 45.30769230769231 1.3269230769230769 43.98076923076923 1.9875485000084154
388000 0.09615384615384616 0.00010684501980739566 34.94404103846155 0.11538461538461539 45.301282057692305 45.30769230769231 1.3653846153846154 43.94230769230769 2.1959255000110716
390000 0.15384615384615385 -0.01913463428222021 34.47992211538462 0.14903846153846154 45.301282057692305 45.30769230769231 1.6730769230769231 43.63461538461539 1.903106999990996
392000 0.15384615384615385 -0.07681843565686665 34.57202092307693 0.16666666666666669 45.301282057692305 45.30769230769231 1.7692307692307692 43.53846153846154 1.9020911999978125
394000 0.15384615384615385 -0.038376585030220206 34.64760855769231 0.15705128205128208 45.301282057692305 45.30769230769231 1.8846153846153846 43.42307692307692 2.256507200014312
396000 0.15384615384615385 -0.038377193206151315 34.85923617307692 0.14583333333333331 45.301282057692305 45.30769230769231 1.8461538461538463 43.46153846153846 1.9121682000113651
398000 0.19230769230769232 -0.057584611771351095 34.16532550000001 0.17307692307692307 45.301282057692305 45.30769230769231 1.7884615384615385 43.51923076923077 1.9367974000051618
400000 0.21153846153846154 -0.038324578871237594 33.88763490384616 0.1778846153846154 45.301282057692305 45.30769230769231 1.6923076923076923 43.61538461538461 2.069523499987554
402000 0.21153846153846154 -0.01901673139290785 33.83358040384616 0.16185897435897434 45.301282057692305 45.30769230769231 1.7307692307692308 43.57692307692308 1.9059320999658667
404000 0.23076923076923078 -0.019036523598294764 34.104668326923075 0.16987179487179485 45.301282057692305 45.30769230769231 1.7692307692307692 43.53846153846154 1.8690755999996327
406000 0.23076923076923078 -0.05756995505502682 34.159689865384614 0.18429487179487178 45.301282057692305 45.30769230769231 1.5576923076923077 43.75 2.158696200000122
408000 0.15384615384615385 -0.05749753601814689 34.129864000000005 0.16987179487179485 45.301282057692305 45.30769230769231 1.6730769230769231 43.63461538461539 1.9373380999895744
410000 0.1346153846153846 -0.057592999914106935 34.228688788461554 0.1474358974358974 45.301282057692305 45.30769230769231 1.6538461538461537 43.65384615384615 2.07629390002694
412000 0.1346153846153846 -0.05756859861975365 33.95625286538462 0.17467948717948717 45.301282057692305 45.30769230769231 1.5769230769230769 43.73076923076923 2.0184572000289336
414000 0.15384615384615385 -0.05760460343569282 34.43070121153847 0.18589743589743588 45.301282057692305 45.30769230769231 1.5576923076923077 43.75 1.8541986999916844
416000 0.17307692307692307 -0.057586056550203435 34.321833673076924 0.1810897435897436 45.301282057692305 45.30769230769231 1.6153846153846154 43.69230769230769 1.8607273999950849
418000 0.11538461538461539 -0.038362060222446336 34.52454836538463 0.16987179487179485 45.301282057692305 45.30769230769231 1.6538461538461537 43.65384615384615 1.8784036000142805
420000 0.15384615384615385 -0.03835896566755674 34.34906765384617 0.18269230769230768 45.301282057692305 45.30769230769231 1.5961538461538463 43.71153846153846 1.924433299980592
422000 0.11538461538461539 -0.0383549654558581 34.253893230769236 0.18589743589743593 45.301282057692305 45.30769230769231 1.5384615384615385 43.76923076923077 1.889853900007438
424000 0.09615384615384616 -0.05759861554980387 34.62889307692309 0.16987179487179485 45.301282057692305 45.30769230769231 1.5192307692307692 43.78846153846154 1.8396158999530599
426000 0.09615384615384616 -0.019131464994153188 34.320162942307704 0.18589743589743593 45.301282057692305 45.30769230769231 1.4038461538461537 43.90384615384615 2.1716670999885537
428000 0.11538461538461539 -0.019058871909475632 34.35648750000001 0.19551282051282054 45.301282057692305 45.30769230769231 1.25 44.05769230769231 1.98298510001041
430000 0.17307692307692307 -0.01908711379465036 34.19282192307692 0.19230769230769232 45.301282057692305 45.30769230769231 1.2884615384615385 44.01923076923077 1.90436329995282
432000 0.11538461538461539 -0.0190720297067927 34.454137153846155 0.19551282051282054 45.301282057692305 45.30769230769231 1.3846153846153846 43.92307692307692 1.985993199981749
434000 0.1346153846153846 -0.01911353182793172 34.344073288461544 0.16506410256410253 45.301282057692305 45.30769230769231 1.4807692307692308 43.82692307692308 1.9077527000335976
436000 0.19230769230769232 0.0001481020283229259 34.10111917307693 0.16987179487179485 45.301282057692305 45.30769230769231 1.2884615384615385 44.01923076923077 1.9945423999452032
438000 0.15384615384615385 0.00011621995491277606 34.16397530769232 0.1378205128205128 45.301282057692305 45.30769230769231 1.3461538461538463 43.96153846153846 1.9299520999775268
440000 0.15384615384615385 0.00014108205805442973 33.63281398076924 0.15865384615384615 45.301282057692305 45.30769230769231 1.4038461538461537 43.90384615384615 1.9756288999924436
442000 0.17307692307692307 0.0001357728177766392 33.73840525000001 0.15865384615384615 45.301282057692305 45.30769230769231 1.4807692307692308 43.82692307692308 1.8816773000289686
444000 0.17307692307692307 0.0001404686233298733 33.84524282692309 0.15865384615384615 45.301282057692305 45.30769230769231 1.3846153846153846 43.92307692307692 2.251120000029914
446000 0.23076923076923078 0.00017371957243315353 33.4223436923077 0.17307692307692307 45.301282057692305 45.30769230769231 1.2692307692307692 44.03846153846154 1.9184061999549158
448000 0.21153846153846154 0.0001461630313994055 33.47914590384616 0.18429487179487178 45.301282057692305 45.30769230769231 1.2692307692307692 44.03846153846154 1.9781067000003532
450000 0.19230769230769232 0.00014809197287434024 33.60628288461539 0.2003205128205128 45.301282057692305 45.30769230769231 1.3653846153846154 43.94230769230769 1.9626167999813333
452000 0.25 0.00019706401893035812 33.60845511538462 0.15064102564102563 45.301282057692305 45.30769230769231 1.2884615384615385 44.01923076923077 1.8285714999656193
454000 0.23076923076923078 0.00018130689239245374 33.83313455769232 0.16987179487179485 45.301282057692305 45.30769230769231 1.3076923076923077 44.0 1.9381028999923728
456000 0.23076923076923078 0.0001528313293648348 33.80589092307692 0.16666666666666663 45.301282057692305 45.30769230769231 1.3846153846153846 43.92307692307692 1.9872086999821477
458000 0.25 0.00014313112268978719 33.511410807692315 0.1618589743589743 45.301282057692305 45.30769230769231 1.3461538461538463 43.96153846153846 2.0501918999943882
460000 0.2692307692307692 0.00017803424163749407 33.38943773076923 0.1618589743589743 45.301282057692305 45.30769230769231 1.3653846153846154 43.94230769230769 2.2905416999710724
462000 0.21153846153846154 0.0001376207390406367 33.29428105769232 0.15544871794871792 45.301282057692305 45.30769230769231 1.3653846153846154 43.94230769230769 2.0310418999870308
464000 0.25 0.00020490110888650857 32.94837626923077 0.20833333333333337 45.301282057692305 45.30769230769231 1.3269230769230769 43.98076923076923 2.0324615000281483
466000 0.2692307692307692 0.00020861202051712755 32.93521746153846 0.21474358974358976 45.301282057692305 45.30769230769231 1.25 44.05769230769231 1.946854199981317
468000 0.2692307692307692 0.00022325843168762027 32.71874648076923 0.2291666666666667 45.301282057692305 45.30769230769231 1.2307692307692308 44.07692307692308 2.096167100011371
470000 0.2692307692307692 0.00020999265149998606 32.860164019230766 0.21314102564102566 45.301282057692305 45.30769230769231 1.3076923076923077 44.0 2.191503099980764
472000 0.2692307692307692 0.0002250396639567743 32.77793463461538 0.21634615384615385 45.301282057692305 45.30769230769231 1.25 44.05769230769231 2.0681317999842577
474000 0.25 0.00020511995091321834 32.990986692307686 0.21153846153846154 45.301282057692305 45.30769230769231 1.1923076923076923 44.11538461538461 2.3183513000258245
476000 0.25 0.0001999331199908367 32.95679857692308 0.21153846153846154 45.301282057692305 45.30769230769231 1.1538461538461537 44.15384615384615 2.2626770000206307
478000 0.21153846153846154 0.00018511353775674944 33.15970117307692 0.19551282051282046 45.301282057692305 45.30769230769231 1.1730769230769231 44.13461538461539 2.0288942999904975
480000 0.25 0.00021460552100762193 32.999355711538456 0.1971153846153846 45.301282057692305 45.30769230769231 1.1923076923076923 44.11538461538461 2.2636498999781907
482000 0.25 0.00022092472975688155 33.20234723076923 0.1955128205128205 45.301282057692305 45.30769230769231 1.2115384615384615 44.09615384615385 1.9687362000113353
484000 0.25 0.0002379486477582195 32.88530640384616 0.19871794871794873 45.301282057692305 45.30769230769231 1.1730769230769231 44.13461538461539 2.176752300001681
486000 0.3076923076923077 0.00021479368662730925 32.6079735 0.23237179487179488 45.301282057692305 45.30769230769231 1.1923076923076923 44.11538461538461 2.1230221999576315
488000 0.3076923076923077 0.00021452381623238793 32.46007440384615 0.2419871794871795 45.301282057692305 45.30769230769231 1.1923076923076923 44.11538461538461 1.9994366999599151
490000 0.28846153846153844 0.00017684135585564504 32.64597190384615 0.2371794871794872 45.301282057692305 45.30769230769231 1.1923076923076923 44.11538461538461 2.1141362999915145
492000 0.3076923076923077 0.0002699642971063501 32.63421980769231 0.2243589743589744 45.301282057692305 45.30769230769231 1.1730769230769231 44.13461538461539 2.5767747999634594
494000 0.2692307692307692 0.00014645121949317713 32.577773942307694 0.2467948717948718 45.301282057692305 45.30769230769231 1.2115384615384615 44.09615384615385 1.9624911000137217
496000 0.3076923076923077 0.00017551000555437107 32.34504584615385 0.2532051282051282 45.301282057692305 45.30769230769231 1.1730769230769231 44.13461538461539 2.248586700006854
498000 0.34615384615384615 0.0002180526332894057 32.18338265384615 0.2692307692307692 45.301282057692305 45.30769230769231 1.1346153846153846 44.17307692307692 2.0134648000239395
500000 0.28846153846153844 0.00016041827273863342 32.56489992307692 0.2435897435897436 45.301282057692305 45.30769230769231 1.1730769230769231 44.13461538461539 2.346956900029909
