2000 1.6153846153846154 -0.5380934104154549 128.78846153846155 0.016025641025641024 135.46153846153845 45.30769230769231 0.0 45.30769230769231 0.5631610997952521
4000 1.0 -0.4997299594108021 128.03846153846155 0.08173076923076923 135.46153846153845 45.30769230769231 0.0 45.30769230769231 0.5311921997927129
6000 0.4423076923076923 -0.7691952338383147 129.65384615384616 0.03365384615384615 135.46153846153845 45.30769230769231 0.0 45.30769230769231 0.6188280000351369
8000 0.6346153846153846 -0.09603122681286301 128.71153846153845 0.08653846153846154 135.46153846153845 45.30769230769231 0.0 45.30769230769231 0.6480466998182237
10000 0.40384615384615385 -0.9423054705368007 129.6346153846154 0.056089743589743585 135.46153846153845 45.30769230769231 0.0 45.30769230769231 0.742937299888581
12000 1.0961538461538463 -0.07664353568315475 127.63461538461539 0.10737179487179488 135.46153846153845 45.30769230769231 0.0 45.30769230769231 0.7800428001210093
14000 1.5 -0.44217769487879033 128.53846153846155 0.08814102564102563 135.46153846153845 45.30769230769231 0.0 45.30769230769231 0.7042276002466679
16000 0.8076923076923077 -0.32682058092245403 129.42307692307693 0.05448717948717948 135.46153846153845 45.30769230769231 0.0 45.30769230769231 0.7964463997632265
18000 0.6923076923076923 -0.538371596158047 129.01923076923077 0.06410256410256411 135.46153846153845 45.30769230769231 0.0 45.30769230769231 0.6951715000905097
20000 0.8461538461538461 -0.6729403150234999 128.8846153846154 0.09294871794871797 135.46153846153845 45.30769230769231 0.0 45.30769230769231 0.6387085998430848
22000 0.8846153846153846 0.00017864775198546387 128.6346153846154 0.07211538461538461 135.46153846153845 45.30769230769231 0.0 45.30769230769231 0.9202573001384735
24000 1.5769230769230769 -0.5188981233029386 128.30769230769232 0.14743589743589744 135.46153846153845 45.30769230769231 0.0 45.30769230769231 0.8727453001774848
26000 1.5 -0.4421861895942702 127.67307692307692 0.18910256410256407 135.46153846153845 45.30769230769231 0.0 45.30769230769231 0.9815231999382377
28000 2.75 -0.05679358949549132 126.34615384615384 0.2419871794871795 135.46153846153845 45.30769230769231 0.0 45.30769230769231 0.9432417000643909
30000 1.2307692307692308 -0.6151118220074517 128.76923076923077 0.041666666666666664 135.46153846153845 45.30769230769231 0.0 45.30769230769231 0.8713555000722408
32000 1.4807692307692308 -0.5766040831308954 128.80769230769232 0.035256410256410256 135.46153846153845 45.30769230769231 0.0 45.30769230769231 0.8669734001159668
34000 1.5 -0.018708114185980586 128.03846153846155 0.09775641025641027 135.46153846153845 45.30769230769231 0.0 45.30769230769231 0.859965399838984
36000 1.6153846153846154 0.0006319578528497341 128.17307692307693 0.11057692307692307 135.46153846153845 45.30769230769231 0.0 45.30769230769231 0.8257992998696864
38000 0.6346153846153846 -0.07679379870585008 128.51923076923077 0.07692307692307693 135.46153846153845 45.30769230769231 0.0 45.30769230769231 0.8551313998177648
40000 1.0384615384615385 -0.0573499914655358 128.82692307692307 0.07051282051282051 135.46153846153845 45.30769230769231 0.0 45.30769230769231 0.905460000038147
42000 2.1923076923076925 0.0010549526212649935 127.38461538461539 0.12500000000000003 135.46153846153845 45.30769230769231 0.0 45.30769230769231 0.8565752999857068
44000 1.5192307692307692 0.0007020553800210938 128.15384615384616 0.10576923076923075 135.46153846153845 45.30769230769231 0.0 45.30769230769231 0.8967824000865221
46000 1.5576923076923077 0.0006726509580173025 128.42307692307693 0.07211538461538461 135.46153846153845 45.30769230769231 0.0 45.30769230769231 0.9040879001840949
48000 0.7307692307692307 -0.057499183179973115 128.8653846153846 0.057692307692307696 135.46153846153845 45.30769230769231 0.0 45.30769230769231 0.969253099989146
50000 0.6346153846153846 -0.4614462670067892 129.07692307692307 0.044871794871794865 135.46153846153845 45.30769230769231 0.0 45.30769230769231 0.9232969000004232
52000 5.615384615384615 -0.018737978042634447 126.0 0.15064102564102563 135.46153846153845 45.30769230769231 0.0 45.30769230769231 0.9638414001092315
54000 1.1730769230769231 0.00023421879680693474 127.92307692307692 0.07211538461538461 135.46153846153845 45.30769230769231 0.0 45.30769230769231 0.8750717998482287
56000 1.6346153846153846 0.0006776718829455931 127.07692307692308 0.08012820512820513 135.46153846153845 45.30769230769231 0.0 45.30769230769231 0.9854421000927687
58000 9.365384615384615 -0.01675962518172229 124.11538461538461 0.27403846153846156 135.46153846153845 45.30769230769231 0.0 45.30769230769231 0.8364022001624107
60000 2.7884615384615383 -0.36469523582160523 128.1346153846154 0.10096153846153846 135.46153846153845 45.30769230769231 0.0 45.30769230769231 0.8401341000571847
62000 10.423076923076923 -0.09177164609459174 124.92307692307692 0.2692307692307693 135.46153846153845 45.30769230769231 0.0 45.30769230769231 0.8978915000334382
64000 11.461538461538462 0.003673086313652643 123.73076923076923 0.29166666666666663 135.46153846153845 45.30769230769231 0.0 45.30769230769231 0.936767699662596
66000 10.51923076923077 -0.16957827187456556 124.88461538461539 0.23557692307692307 135.46153846153845 45.30769230769231 0.0 45.30769230769231 0.9321053000167012
68000 11.307692307692308 0.003873857348774178 124.13461538461539 0.2708333333333333 135.46153846153845 45.30769230769231 0.0 45.30769230769231 0.9244356001727283
70000 14.096153846153847 0.004668643365327192 123.53846153846153 0.30929487179487186 135.46153846153845 45.30769230769231 0.0 45.30769230769231 0.9615461002103984
72000 8.0 0.0015829779745619812 124.57692307692308 0.23076923076923073 135.46153846153845 45.30769230769231 0.0 45.30769230769231 0.8822997999377549
74000 12.711538461538462 0.004322003707979921 123.9423076923077 0.2932692307692308 135.46153846153845 45.30769230769231 0.0 45.30769230769231 0.9344954998232424
76000 11.826923076923077 0.0039166435319653164 123.9423076923077 0.2900641025641026 135.46153846153845 45.30769230769231 0.0 45.30769230769231 1.0037883999757469
78000 13.26923076923077 0.004384368659492368 123.73076923076923 0.2932692307692308 135.46153846153845 45.30769230769231 0.0 45.30769230769231 1.0221531996503472
80000 10.423076923076923 -0.015815954422312258 124.96153846153847 0.2516025641025641 135.46153846153845 45.30769230769231 0.0 45.30769230769231 1.861791200004518
82000 12.76923076923077 0.004502286579852724 123.75 0.2756410256410256 135.46153846153845 45.30769230769231 0.0 45.30769230769231 1.2090198998339474
84000 7.961538461538462 0.0020438049285373817 124.73076923076923 0.2676282051282051 135.46153846153845 45.30769230769231 0.0 45.30769230769231 0.9137487998232245
86000 8.25 0.002069716705959172 124.3076923076923 0.28205128205128205 135.46153846153845 45.30769230769231 0.0 45.30769230769231 0.925677299965173
88000 12.557692307692308 0.004372495168307967 123.8076923076923 0.28205128205128205 135.46153846153845 45.30769230769231 0.0 45.30769230769231 0.9277123999781907
90000 10.923076923076923 0.0037547898552821703 124.73076923076923 0.23076923076923073 135.46153846153845 45.30769230769231 0.0 45.30769230769231 0.9093657000921667
92000 10.442307692307692 0.0034175268414290303 124.90384615384616 0.24358974358974358 135.46153846153845 45.30769230769231 0.0 45.30769230769231 0.8926578001119196
94000 6.884615384615385 0.001318256128388098 125.38461538461539 0.1794871794871795 135.46153846153845 45.30769230769231 0.0 45.30769230769231 0.8854693998582661
96000 10.865384615384615 0.00370171195542666 124.53846153846153 0.2532051282051282 135.46153846153845 45.30769230769231 0.0 45.30769230769231 0.9871586002409458
98000 10.365384615384615 0.003349828511388863 124.21153846153847 0.23878205128205127 135.46153846153845 45.30769230769231 0.0 45.30769230769231 0.8510985001921654
100000 14.23076923076923 0.004586635715886066 123.4423076923077 0.30288461538461536 135.46153846153845 45.30769230769231 0.0 45.30769230769231 1.0293186996132135
102000 10.673076923076923 0.002481197299129444 124.0 0.2756410256410256 135.46153846153845 45.30769230769231 0.0 45.30769230769231 0.8976877997629344
104000 10.346153846153847 0.0025468867448285425 124.03846153846153 0.2516025641025641 135.46153846153845 45.30769230769231 0.0 45.30769230769231 0.9256505998782814
106000 12.01923076923077 0.0043571879071502805 123.71153846153847 0.2980769230769231 135.46153846153845 45.30769230769231 0.0 45.30769230769231 0.8388429996557534
108000 10.326923076923077 -0.22803190107302448 123.84615384615384 0.266025641025641 135.46153846153845 45.30769230769231 0.0 45.30769230769231 0.833858999889344
110000 10.326923076923077 -0.22803891043040408 123.84615384615384 0.266025641025641 135.46153846153845 45.30769230769231 0.0 45.30769230769231 0.9049160000868142
112000 11.865384615384615 0.0031655729346530847 123.5 0.2692307692307692 135.46153846153845 45.30769230769231 0.0 45.30769230769231 0.9796639000996947
114000 11.807692307692308 0.003170920590215125 123.6923076923077 0.28365384615384615 135.46153846153845 45.30769230769231 0.0 45.30769230769231 0.8602972002699971
116000 12.01923076923077 0.0031542163703711153 123.71153846153847 0.2980769230769231 135.46153846153845 45.30769230769231 0.0 45.30769230769231 0.9995940001681447
118000 12.26923076923077 0.0032059819791818707 123.1923076923077 0.28525641025641024 135.46153846153845 45.30769230769231 0.0 45.30769230769231 0.882959000300616
120000 10.673076923076923 -0.2275035354120024 123.86538461538461 0.29166666666666663 135.46153846153845 45.30769230769231 0.0 45.30769230769231 0.945237800013274
122000 10.461538461538462 -0.22763807836997624 123.92307692307692 0.27564102564102566 135.46153846153845 45.30769230769231 0.0 45.30769230769231 0.8770710001699626
124000 10.653846153846153 -0.16972347812584027 123.86538461538461 0.28525641025641024 135.46153846153845 45.30769230769231 0.0 45.30769230769231 0.9115911996923387
126000 11.326923076923077 0.004168974638399226 123.96153846153847 0.2980769230769231 135.46153846153845 45.30769230769231 0.0 45.30769230769231 0.9110431000590324
128000 11.942307692307692 0.004362291000783805 123.84615384615384 0.2980769230769231 135.46153846153845 45.30769230769231 0.0 45.30769230769231 1.1205310001969337
130000 10.711538461538462 -0.11181771766897039 124.01923076923077 0.28525641025641024 135.46153846153845 45.30769230769231 0.0 45.30769230769231 0.8733446998521686
132000 8.76923076923077 -0.1707891636262519 124.78846153846153 0.23717948717948717 135.46153846153845 45.30769230769231 0.0 45.30769230769231 0.910302400123328
134000 10.98076923076923 -0.13193674945026165 123.63461538461539 0.266025641025641 135.46153846153845 45.30769230769231 0.0 45.30769230769231 0.8780547003261745
136000 10.288461538461538 -0.22806508966079844 123.82692307692308 0.266025641025641 135.46153846153845 45.30769230769231 0.0 45.30769230769231 0.8686374998651445
138000 12.26923076923077 0.0032059819791818707 123.1923076923077 0.28525641025641024 135.46153846153845 45.30769230769231 0.0 45.30769230769231 0.990381000097841
140000 12.01923076923077 0.0031542274556747136 123.71153846153847 0.2980769230769231 135.46153846153845 45.30769230769231 0.0 45.30769230769231 0.8723244001157582
142000 11.826923076923077 0.0030983774328305464 123.75 0.29166666666666663 135.46153846153845 45.30769230769231 0.0 45.30769230769231 0.8710292996838689
144000 10.23076923076923 0.0024900218258557083 123.9423076923077 0.30608974358974356 135.46153846153845 45.30769230769231 0.0 45.30769230769231 1.0468228003010154
146000 7.115384615384615 -0.13352007086678647 125.17307692307692 0.219551282051282 135.46153846153845 45.30769230769231 0.0 45.30769230769231 0.9640895999036729
148000 7.326923076923077 0.001358725788333567 124.86538461538461 0.26762820512820507 135.46153846153845 45.30769230769231 0.0 45.30769230769231 0.9714350998401642
150000 11.173076923076923 0.003100160878483724 123.09615384615384 0.26442307692307687 135.46153846153845 45.30769230769231 0.0 45.30769230769231 0.9701852998696268
152000 11.0 0.0032274791442728967 122.26923076923077 0.3173076923076923 135.46153846153845 45.30769230769231 0.019230769230769232 45.28846153846154 0.9483977998606861
154000 10.653846153846153 0.0029447470947768437 122.3076923076923 0.3173076923076923 135.46153846153845 45.30769230769231 0.019230769230769232 45.28846153846154 1.0931454999372363
156000 12.096153846153847 0.003182843008691803 123.67307692307692 0.31089743589743585 135.46153846153845 45.30769230769231 0.0 45.30769230769231 1.256836500018835
158000 12.153846153846153 0.0032077946983179095 123.63461538461539 0.3044871794871795 135.46153846153845 45.30769230769231 0.0 45.30769230769231 1.0391740999184549
160000 11.865384615384615 0.0031114932554118877 123.73076923076923 0.2980769230769231 135.46153846153845 45.30769230769231 0.0 45.30769230769231 0.831502300221473
162000 12.153846153846153 0.003207505183798486 123.65384615384616 0.3044871794871795 135.46153846153845 45.30769230769231 0.0 45.30769230769231 0.8483524001203477
164000 12.096153846153847 0.0031846790746385624 123.6923076923077 0.2980769230769231 135.46153846153845 45.30769230769231 0.0 45.30769230769231 1.0268270000815392
166000 12.096153846153847 0.0031846790746385624 123.6923076923077 0.2980769230769231 135.46153846153845 45.30769230769231 0.0 45.30769230769231 0.9562307000160217
168000 12.48076923076923 0.0033909124625594884 123.61538461538461 0.29166666666666663 135.46153846153845 45.30769230769231 0.0 45.30769230769231 1.0116332001052797
170000 12.096153846153847 0.0031846790746385624 123.6923076923077 0.2980769230769231 135.46153846153845 45.30769230769231 0.0 45.30769230769231 0.9169688997790217
172000 12.076923076923077 0.003039597864611891 123.71153846153847 0.2980769230769231 135.46153846153845 45.30769230769231 0.0 45.30769230769231 0.8745332001708448
174000 11.326923076923077 0.0031813017465391726 123.75 0.30448717948717946 135.46153846153845 45.30769230769231 0.0 45.30769230769231 0.9502738998271525
176000 10.038461538461538 0.0033220190573976264 125.28846153846153 0.21955128205128205 135.46153846153845 45.30769230769231 0.0 45.30769230769231 1.07677480019629
178000 10.01923076923077 0.003092018448147692 125.23076923076923 0.21955128205128205 135.46153846153845 45.30769230769231 0.0 45.30769230769231 0.9342187000438571
180000 10.192307692307692 0.003361582985638297 125.32692307692308 0.21474358974358973 135.46153846153845 45.30769230769231 0.0 45.30769230769231 0.9203629000112414
182000 9.461538461538462 -0.13192793145807427 125.03846153846153 0.18429487179487178 135.46153846153845 45.30769230769231 0.0 45.30769230769231 0.9207207998260856
184000 19.346153846153847 -0.16538825616341252 123.11538461538461 0.27724358974358976 135.46153846153845 45.30769230769231 0.0 45.30769230769231 0.872913199942559
186000 10.346153846153847 -0.2279035800647321 123.82692307692308 0.266025641025641 135.46153846153845 45.30769230769231 0.0 45.30769230769231 1.162092000246048
188000 10.903846153846153 -0.05416467152561048 123.6923076923077 0.2900641025641026 135.46153846153845 45.30769230769231 0.0 45.30769230769231 1.2828162997029722
190000 9.76923076923077 -0.035192559536118044 124.9423076923077 0.1987179487179487 135.46153846153845 45.30769230769231 0.0 45.30769230769231 1.0003030002117157
192000 11.26923076923077 -0.01627222654775485 123.6923076923077 0.30128205128205127 135.46153846153845 45.30769230769231 0.0 45.30769230769231 0.9380753003060818
194000 12.01923076923077 0.0031574404842182333 123.75 0.2980769230769231 135.46153846153845 45.30769230769231 0.0 45.30769230769231 1.062170899938792
196000 11.961538461538462 0.0036246966940781454 123.71153846153847 0.30288461538461536 135.46153846153845 45.30769230769231 0.0 45.30769230769231 1.1416620002128184
198000 12.096153846153847 -0.01626735416699139 123.59615384615384 0.32211538461538464 135.46153846153845 45.30769230769231 0.0 45.30769230769231 0.8587633999995887
200000 12.134615384615385 0.0031869432991129885 123.59615384615384 0.3125 135.46153846153845 45.30769230769231 0.0 45.30769230769231 0.9251407003030181
202000 11.865384615384615 0.002936982433738377 123.65384615384616 0.3125 135.46153846153845 45.30769230769231 0.0 45.30769230769231 0.9775283001363277
204000 12.23076923076923 0.0031680141896405106 123.53846153846153 0.30288461538461536 135.46153846153845 45.30769230769231 0.0 45.30769230769231 1.023446200415492
206000 12.038461538461538 0.004017467517346602 123.67307692307692 0.2980769230769231 135.46153846153845 45.30769230769231 0.0 45.30769230769231 1.1352125001139939
208000 12.096153846153847 0.0032681403291839497 123.6923076923077 0.2980769230769231 135.46153846153845 45.30769230769231 0.0 45.30769230769231 1.0760622001253068
210000 12.076923076923077 0.003985923977063329 123.71153846153847 0.2980769230769231 135.46153846153845 45.30769230769231 0.0 45.30769230769231 1.1227584001608193
212000 12.038461538461538 0.0038652540671167577 123.73076923076923 0.2980769230769231 135.46153846153845 45.30769230769231 0.0 45.30769230769231 1.0115120997652411
214000 12.038461538461538 0.0032244159771683822 123.73076923076923 0.2980769230769231 135.46153846153845 45.30769230769231 0.0 45.30769230769231 1.0075158001855016
216000 12.038461538461538 0.0030451828595337753 123.73076923076923 0.2980769230769231 135.46153846153845 45.30769230769231 0.0 45.30769230769231 1.2066055997274816
218000 12.115384615384615 0.0031923401845572693 123.6923076923077 0.2980769230769231 135.46153846153845 45.30769230769231 0.0 45.30769230769231 1.0750759998336434
220000 12.115384615384615 0.0031923401845572693 123.6923076923077 0.2980769230769231 135.46153846153845 45.30769230769231 0.0 45.30769230769231 1.1465439000166953
222000 12.038461538461538 0.0030837655716078162 123.75 0.2980769230769231 135.46153846153845 45.30769230769231 0.0 45.30769230769231 1.0319857997819781
224000 12.673076923076923 0.003381150580510051 123.65384615384616 0.31410256410256415 135.46153846153845 45.30769230769231 0.0 45.30769230769231 1.4350899001583457
226000 13.173076923076923 0.0036734814606461264 123.57692307692308 0.31410256410256415 135.46153846153845 45.30769230769231 0.0 45.30769230769231 1.1584244999103248
228000 13.365384615384615 0.00377053717772802 123.48076923076923 0.30608974358974356 135.46153846153845 45.30769230769231 0.0 45.30769230769231 1.089580699801445
230000 12.846153846153847 0.003711193780401324 123.5 0.3173076923076923 135.46153846153845 45.30769230769231 0.0 45.30769230769231 1.0255661997944117
232000 13.865384615384615 0.004205943701844541 123.42307692307692 0.31570512820512825 135.46153846153845 45.30769230769231 0.0 45.30769230769231 1.0359199000522494
234000 13.596153846153847 0.004053490923462748 123.46153846153847 0.32211538461538464 135.46153846153845 45.30769230769231 0.0 45.30769230769231 1.0520677999593318
236000 13.75 0.003982132773998411 123.48076923076923 0.31570512820512825 135.46153846153845 45.30769230769231 0.0 45.30769230769231 1.0589455999433994
238000 13.75 0.003982132773998411 123.48076923076923 0.31570512820512825 135.46153846153845 45.30769230769231 0.0 45.30769230769231 1.194103500340134
240000 14.403846153846153 0.004160589580236061 123.48076923076923 0.3253205128205128 135.46153846153845 45.30769230769231 0.0 45.30769230769231 1.216376700438559
242000 16.01923076923077 0.004970879580464202 123.42307692307692 0.3253205128205128 135.46153846153845 45.30769230769231 0.0 45.30769230769231 1.1398749998770654
244000 18.596153846153847 0.006625112503244996 122.92307692307692 0.3237179487179487 135.46153846153845 45.30769230769231 0.0 45.30769230769231 1.07008899981156
246000 22.46153846153846 0.008344957278857871 122.40384615384616 0.33653846153846156 135.46153846153845 45.30769230769231 0.0 45.30769230769231 1.1234669000841677
248000 19.73076923076923 0.006857134710876894 122.84615384615384 0.33814102564102566 135.46153846153845 45.30769230769231 0.0 45.30769230769231 1.0405202000401914
250000 18.673076923076923 0.006483166999355089 122.92307692307692 0.3285256410256411 135.46153846153845 45.30769230769231 0.0 45.30769230769231 1.1688012001104653
252000 21.25 0.007728663211491239 122.63461538461539 0.3557692307692308 135.46153846153845 45.30769230769231 0.0 45.30769230769231 1.1203088001348078
254000 23.134615384615383 0.008779604442172415 122.36538461538461 0.3317307692307692 135.46153846153845 45.30769230769231 0.0 45.30769230769231 1.1978623000904918
256000 21.28846153846154 0.0077309604279680024 122.65384615384616 0.3557692307692308 135.46153846153845 45.30769230769231 0.0 45.30769230769231 1.1679437002167106
258000 20.21153846153846 0.007384472882061655 122.76923076923077 0.35096153846153844 135.46153846153845 45.30769230769231 0.0 45.30769230769231 1.2856598999351263
260000 18.75 0.006354132090637151 122.86538461538461 0.33814102564102566 135.46153846153845 45.30769230769231 0.0 45.30769230769231 1.2019100999459624
262000 18.48076923076923 0.006016710752969994 122.98076923076923 0.32532051282051283 135.46153846153845 45.30769230769231 0.0 45.30769230769231 1.5541696003638208
264000 19.51923076923077 0.0064993656986995895 122.63461538461539 0.31891025641025644 135.46153846153845 45.30769230769231 0.0 45.30769230769231 1.5114816999994218
266000 19.96153846153846 0.006821555426300443 122.34615384615384 0.3012820512820513 135.46153846153845 45.30769230769231 0.0 45.30769230769231 2.3127806996926665
268000 20.0 0.00717631490379258 122.23076923076923 0.3173076923076923 135.46153846153845 45.30769230769231 0.0 45.30769230769231 1.2684710999019444
270000 21.48076923076923 0.008001647676330428 122.07692307692308 0.3141025641025641 135.46153846153845 45.30769230769231 0.0 45.30769230769231 1.1715779001824558
272000 20.48076923076923 0.0075518145040423075 122.13461538461539 0.3173076923076923 135.46153846153845 45.30769230769231 0.0 45.30769230769231 1.2287314999848604
274000 21.403846153846153 0.007875037547252373 122.09615384615384 0.3237179487179487 135.46153846153845 45.30769230769231 0.0 45.30769230769231 1.2552461000159383
276000 21.403846153846153 0.007875037547252373 122.09615384615384 0.3237179487179487 135.46153846153845 45.30769230769231 0.0 45.30769230769231 1.070964700076729
278000 21.326923076923077 0.007947946912516844 122.15384615384616 0.3125 135.46153846153845 45.30769230769231 0.0 45.30769230769231 1.1892862999811769
280000 20.03846153846154 0.007439770651815789 122.11538461538461 0.3173076923076923 135.46153846153845 45.30769230769231 0.0 45.30769230769231 1.2626070003025234
282000 19.634615384615383 0.007281846996467499 122.11538461538461 0.3173076923076923 135.46153846153845 45.30769230769231 0.0 45.30769230769231 1.29598129959777
284000 19.96153846153846 -0.031383786605886026 122.17307692307692 0.3333333333333333 135.46153846153845 45.30769230769231 0.0 45.30769230769231 1.1410071002319455
286000 19.5 -0.10899188558119402 122.40384615384616 0.31570512820512814 135.46153846153845 45.30769230769231 0.0 45.30769230769231 1.0835218001157045
288000 20.653846153846153 -0.10831283892985724 122.36538461538461 0.30608974358974356 135.46153846153845 45.30769230769231 0.0 45.30769230769231 1.2126342002302408
290000 20.653846153846153 -0.10831283892985724 122.36538461538461 0.30608974358974356 135.46153846153845 45.30769230769231 0.0 45.30769230769231 1.2879985999315977
292000 20.653846153846153 -0.10831283892985724 122.36538461538461 0.30608974358974356 135.46153846153845 45.30769230769231 0.0 45.30769230769231 1.054103699978441
294000 19.903846153846153 -0.10870236224060768 122.36538461538461 0.31570512820512814 135.46153846153845 45.30769230769231 0.0 45.30769230769231 1.2792719998396933
296000 19.903846153846153 -0.10870236224060768 122.36538461538461 0.31570512820512814 135.46153846153845 45.30769230769231 0.0 45.30769230769231 1.1562854000367224
298000 21.826923076923077 -0.10841419672900791 122.25 0.31089743589743585 135.46153846153845 45.30769230769231 0.0 45.30769230769231 1.2930152001790702
300000 22.173076923076923 -0.10857179399236347 122.1923076923077 0.31089743589743585 135.46153846153845 45.30769230769231 0.0 45.30769230769231 1.2252937001176178
302000 22.057692307692307 -0.10885543330022548 122.28846153846153 0.31089743589743585 135.46153846153845 45.30769230769231 0.0 45.30769230769231 1.2701158002018929
304000 22.173076923076923 -0.10852152276660396 122.25 0.31089743589743585 135.46153846153845 45.30769230769231 0.0 45.30769230769231 1.047987099736929
306000 26.865384615384617 -0.10586758257081366 121.86538461538461 0.3125 135.46153846153845 45.30769230769231 0.0 45.30769230769231 1.2035416001453996
308000 29.25 -0.08492672304831261 121.63461538461539 0.328525641025641 135.46153846153845 45.30769230769231 0.0 45.30769230769231 0.9249948998913169
310000 35.67307692307692 0.01344371513050822 121.01923076923077 0.344551282051282 135.46153846153845 45.30769230769231 0.0 45.30769230769231 1.033239800017327
312000 41.67307692307692 0.016318563487343594 120.75 0.3830128205128205 135.46153846153845 45.30769230769231 0.0 45.30769230769231 0.9020162997767329
314000 46.59615384615385 0.01817830802340715 120.23076923076923 0.407051282051282 135.46153846153845 45.30769230769231 0.0 45.30769230769231 0.9281206000596285
316000 48.23076923076923 0.019097794944452476 120.21153846153847 0.39262820512820507 135.46153846153845 45.30769230769231 0.0 45.30769230769231 1.0547803998924792
318000 66.34615384615384 0.027698830652122416 119.75 0.41346153846153844 135.46153846153845 45.30769230769231 0.0 45.30769230769231 0.9902862003073096
320000 80.13461538461539 0.03852990367716831 119.40384615384616 0.4647435897435897 135.46153846153845 45.30769230769231 0.0 45.30769230769231 1.5600368999876082
322000 82.26923076923077 0.04002521853322149 119.26923076923077 0.4887820512820512 135.46153846153845 45.30769230769231 0.0 45.30769230769231 1.1552873998880386
324000 81.76923076923077 0.020694681222607463 119.4423076923077 0.4887820512820512 135.46153846153845 45.30769230769231 0.0 45.30769230769231 1.0241209999658167
326000 82.84615384615384 0.040343018478253376 119.23076923076923 0.4887820512820512 135.46153846153845 45.30769230769231 0.0 45.30769230769231 0.9358723000623286
328000 84.01923076923077 0.040991489114323744 119.23076923076923 0.4887820512820512 135.46153846153845 45.30769230769231 0.0 45.30769230769231 1.081433399580419
330000 86.42307692307692 0.041934341027856904 119.26923076923077 0.49839743589743585 135.46153846153845 45.30769230769231 0.0 45.30769230769231 1.0112986997701228
332000 86.71153846153847 0.04208591632356455 119.26923076923077 0.49839743589743585 135.46153846153845 45.30769230769231 0.0 45.30769230769231 0.9559196997433901
334000 86.36538461538461 0.041889218159242375 119.42307692307692 0.49358974358974356 135.46153846153845 45.30769230769231 0.0 45.30769230769231 1.1234055999666452
336000 86.71153846153847 0.04208591632356455 119.26923076923077 0.49839743589743585 135.46153846153845 45.30769230769231 0.0 45.30769230769231 1.0702559002675116
338000 86.71153846153847 0.04208591632356455 119.26923076923077 0.49839743589743585 135.46153846153845 45.30769230769231 0.0 45.30769230769231 0.9929694999009371
340000 86.71153846153847 0.04208591632356455 119.26923076923077 0.49839743589743585 135.46153846153845 45.30769230769231 0.0 45.30769230769231 1.0219960999675095
342000 85.32692307692308 0.04133633677599037 119.61538461538461 0.4839743589743589 135.46153846153845 45.30769230769231 0.0 45.30769230769231 1.1236614002846181
344000 86.71153846153847 0.04208591632356455 119.26923076923077 0.49839743589743585 135.46153846153845 45.30769230769231 0.0 45.30769230769231 1.0741365002468228
346000 86.71153846153847 0.04208591632356455 119.26923076923077 0.49839743589743585 135.46153846153845 45.30769230769231 0.0 45.30769230769231 1.1589938001707196
348000 86.71153846153847 0.04208591632356455 119.26923076923077 0.49839743589743585 135.46153846153845 45.30769230769231 0.0 45.30769230769231 1.2025224003009498
350000 86.5576923076923 0.042576468279944 119.21153846153847 0.49839743589743585 135.46153846153845 45.30769230769231 0.0 45.30769230769231 1.0019304999150336
352000 87.07692307692308 0.04277241787183667 119.17307692307692 0.49839743589743585 135.46153846153845 45.30769230769231 0.0 45.30769230769231 1.1248567001894116
354000 86.73076923076923 0.04266885445121375 119.1923076923077 0.49839743589743585 135.46153846153845 45.30769230769231 0.0 45.30769230769231 1.2154394001699984
356000 86.73076923076923 0.042575719707514496 119.32692307692308 0.49358974358974356 135.46153846153845 45.30769230769231 0.0 45.30769230769231 1.1290397001430392
358000 86.73076923076923 0.042575719707514496 119.32692307692308 0.49358974358974356 135.46153846153845 45.30769230769231 0.0 45.30769230769231 1.0527101000770926
360000 86.3076923076923 0.04225921490009337 119.48076923076923 0.4839743589743589 135.46153846153845 45.30769230769231 0.0 45.30769230769231 1.0953061999753118
362000 86.3076923076923 0.04225921490009337 119.48076923076923 0.4839743589743589 135.46153846153845 45.30769230769231 0.0 45.30769230769231 1.2692249999381602
364000 86.73076923076923 0.042575719707514496 119.32692307692308 0.49358974358974356 135.46153846153845 45.30769230769231 0.0 45.30769230769231 1.0633457000367343
366000 87.07692307692308 0.04277241787183667 119.17307692307692 0.49839743589743585 135.46153846153845 45.30769230769231 0.0 45.30769230769231 1.1076030996628106
368000 87.07692307692308 0.04277241787183667 119.17307692307692 0.49839743589743585 135.46153846153845 45.30769230769231 0.0 45.30769230769231 1.0090173999778926
370000 87.07692307692308 0.04277241787183667 119.17307692307692 0.49839743589743585 135.46153846153845 45.30769230769231 0.0 45.30769230769231 1.227762300055474
372000 87.07692307692308 0.04277241787183667 119.17307692307692 0.49839743589743585 135.46153846153845 45.30769230769231 0.0 45.30769230769231 1.1362418998032808
374000 87.07692307692308 0.04277241787183667 119.17307692307692 0.49839743589743585 135.46153846153845 45.30769230769231 0.0 45.30769230769231 1.478680099826306
376000 87.07692307692308 0.04277241787183667 119.17307692307692 0.49839743589743585 135.46153846153845 45.30769230769231 0.0 45.30769230769231 4.648241700138897
378000 87.07692307692308 0.04277241787183667 119.17307692307692 0.49839743589743585 135.46153846153845 45.30769230769231 0.0 45.30769230769231 0.9880083999596536
380000 87.07692307692308 0.04277241787183667 119.17307692307692 0.49839743589743585 135.46153846153845 45.30769230769231 0.0 45.30769230769231 1.0013715997338295
382000 87.07692307692308 0.04277241787183667 119.17307692307692 0.49839743589743585 135.46153846153845 45.30769230769231 0.0 45.30769230769231 0.9960926999337971
384000 87.07692307692308 0.04277241787183667 119.17307692307692 0.49839743589743585 135.46153846153845 45.30769230769231 0.0 45.30769230769231 0.9663979997858405
386000 87.07692307692308 0.04277241787183667 119.17307692307692 0.49839743589743585 135.46153846153845 45.30769230769231 0.0 45.30769230769231 0.957708299625665
388000 87.07692307692308 0.04277241787183667 119.17307692307692 0.49839743589743585 135.46153846153845 45.30769230769231 0.0 45.30769230769231 1.3798706997185946
390000 87.07692307692308 0.04277241787183667 119.17307692307692 0.49839743589743585 135.46153846153845 45.30769230769231 0.0 45.30769230769231 1.012351700104773
392000 87.07692307692308 0.04277241787183667 119.17307692307692 0.49839743589743585 135.46153846153845 45.30769230769231 0.0 45.30769230769231 1.1271294998005033
394000 87.07692307692308 0.04277241787183667 119.17307692307692 0.49839743589743585 135.46153846153845 45.30769230769231 0.0 45.30769230769231 2.928033699747175
396000 87.07692307692308 0.04277241787183667 119.17307692307692 0.49839743589743585 135.46153846153845 45.30769230769231 0.0 45.30769230769231 1.5057141003198922
398000 87.07692307692308 0.04277241787183667 119.17307692307692 0.49839743589743585 135.46153846153845 45.30769230769231 0.0 45.30769230769231 1.0816780999302864
400000 87.07692307692308 0.04277241787183667 119.17307692307692 0.49839743589743585 135.46153846153845 45.30769230769231 0.0 45.30769230769231 1.180727600120008
402000 87.07692307692308 0.04277241787183667 119.17307692307692 0.49839743589743585 135.46153846153845 45.30769230769231 0.0 45.30769230769231 1.0956443999893963
404000 87.07692307692308 0.04277241787183667 119.17307692307692 0.49839743589743585 135.46153846153845 45.30769230769231 0.0 45.30769230769231 1.199573999736458
406000 87.07692307692308 0.04277241787183667 119.17307692307692 0.49839743589743585 135.46153846153845 45.30769230769231 0.0 45.30769230769231 1.0690371999517083
408000 87.07692307692308 0.04277241787183667 119.17307692307692 0.49839743589743585 135.46153846153845 45.30769230769231 0.0 45.30769230769231 1.1590547999367118
410000 87.07692307692308 0.04277241787183667 119.17307692307692 0.49839743589743585 135.46153846153845 45.30769230769231 0.0 45.30769230769231 1.54467529989779
412000 87.07692307692308 0.04277241787183667 119.17307692307692 0.49839743589743585 135.46153846153845 45.30769230769231 0.0 45.30769230769231 1.6540689999237657
414000 87.07692307692308 0.04277241787183667 119.17307692307692 0.49839743589743585 135.46153846153845 45.30769230769231 0.0 45.30769230769231 1.7998107997700572
416000 87.07692307692308 0.04277241787183667 119.17307692307692 0.49839743589743585 135.46153846153845 45.30769230769231 0.0 45.30769230769231 1.031890300102532
418000 87.07692307692308 0.04277241787183667 119.17307692307692 0.49839743589743585 135.46153846153845 45.30769230769231 0.0 45.30769230769231 1.128859099932015
420000 87.07692307692308 0.04277241787183667 119.17307692307692 0.49839743589743585 135.46153846153845 45.30769230769231 0.0 45.30769230769231 1.1290545999072492
422000 87.07692307692308 0.04277241787183667 119.17307692307692 0.49839743589743585 135.46153846153845 45.30769230769231 0.0 45.30769230769231 1.1625576997175813
424000 87.07692307692308 0.04277241787183667 119.17307692307692 0.49839743589743585 135.46153846153845 45.30769230769231 0.0 45.30769230769231 1.1436010003089905
426000 87.07692307692308 0.04277241787183667 119.17307692307692 0.49839743589743585 135.46153846153845 45.30769230769231 0.0 45.30769230769231 1.1460330998525023
428000 87.07692307692308 0.04277241787183667 119.17307692307692 0.49839743589743585 135.46153846153845 45.30769230769231 0.0 45.30769230769231 1.1282365997321904
430000 87.07692307692308 0.04277241787183667 119.17307692307692 0.49839743589743585 135.46153846153845 45.30769230769231 0.0 45.30769230769231 1.1120825000107288
432000 87.07692307692308 0.04277241787183667 119.17307692307692 0.49839743589743585 135.46153846153845 45.30769230769231 0.0 45.30769230769231 1.095734199974686
434000 87.07692307692308 0.04277241787183667 119.17307692307692 0.49839743589743585 135.46153846153845 45.30769230769231 0.0 45.30769230769231 1.0502881999127567
436000 87.07692307692308 0.04277241787183667 119.17307692307692 0.49839743589743585 135.46153846153845 45.30769230769231 0.0 45.30769230769231 1.0479819998145103
438000 87.07692307692308 0.04277241787183667 119.17307692307692 0.49839743589743585 135.46153846153845 45.30769230769231 0.0 45.30769230769231 1.0793117000721395
440000 87.07692307692308 0.04277241787183667 119.17307692307692 0.49839743589743585 135.46153846153845 45.30769230769231 0.0 45.30769230769231 1.047778599895537
442000 87.07692307692308 0.04277241787183667 119.17307692307692 0.49839743589743585 135.46153846153845 45.30769230769231 0.0 45.30769230769231 1.0224260003305972
444000 87.07692307692308 0.04277241787183667 119.17307692307692 0.49839743589743585 135.46153846153845 45.30769230769231 0.0 45.30769230769231 1.0395990000106394
446000 87.07692307692308 0.04277241787183667 119.17307692307692 0.49839743589743585 135.46153846153845 45.30769230769231 0.0 45.30769230769231 0.9971030000597239
448000 87.07692307692308 0.04277241787183667 119.17307692307692 0.49839743589743585 135.46153846153845 45.30769230769231 0.0 45.30769230769231 1.0238854996860027
450000 87.07692307692308 0.04277241787183667 119.17307692307692 0.49839743589743585 135.46153846153845 45.30769230769231 0.0 45.30769230769231 1.0775709003210068
452000 87.07692307692308 0.04277241787183667 119.17307692307692 0.49839743589743585 135.46153846153845 45.30769230769231 0.0 45.30769230769231 1.1340516000054777
454000 87.07692307692308 0.04277241787183667 119.17307692307692 0.49839743589743585 135.46153846153845 45.30769230769231 0.0 45.30769230769231 1.1370551004074514
456000 87.07692307692308 0.04277241787183667 119.17307692307692 0.49839743589743585 135.46153846153845 45.30769230769231 0.0 45.30769230769231 1.0847986000590026
458000 87.07692307692308 0.04277241787183667 119.17307692307692 0.49839743589743585 135.46153846153845 45.30769230769231 0.0 45.30769230769231 1.1166203003376722
460000 87.07692307692308 0.04277241787183667 119.17307692307692 0.49839743589743585 135.46153846153845 45.30769230769231 0.0 45.30769230769231 1.0451659001410007
462000 87.07692307692308 0.04277241787183667 119.17307692307692 0.49839743589743585 135.46153846153845 45.30769230769231 0.0 45.30769230769231 1.0980243999511003
464000 87.07692307692308 0.04277241787183667 119.17307692307692 0.49839743589743585 135.46153846153845 45.30769230769231 0.0 45.30769230769231 1.0284756999462843
466000 87.07692307692308 0.04277241787183667 119.17307692307692 0.49839743589743585 135.46153846153845 45.30769230769231 0.0 45.30769230769231 1.0824633003212512
468000 87.07692307692308 0.04277241787183667 119.17307692307692 0.49839743589743585 135.46153846153845 45.30769230769231 0.0 45.30769230769231 1.0425670999102294
470000 87.07692307692308 0.04277241787183667 119.17307692307692 0.49839743589743585 135.46153846153845 45.30769230769231 0.0 45.30769230769231 1.0081858998164535
472000 87.07692307692308 0.04277241787183667 119.17307692307692 0.49839743589743585 135.46153846153845 45.30769230769231 0.0 45.30769230769231 1.067251699976623
474000 87.07692307692308 0.04277241787183667 119.17307692307692 0.49839743589743585 135.46153846153845 45.30769230769231 0.0 45.30769230769231 0.9034251002594829
476000 87.07692307692308 0.04277241787183667 119.17307692307692 0.49839743589743585 135.46153846153845 45.30769230769231 0.0 45.30769230769231 0.9382537002675235
478000 87.07692307692308 0.04277241787183667 119.17307692307692 0.49839743589743585 135.46153846153845 45.30769230769231 0.0 45.30769230769231 0.9870577002875507
480000 87.07692307692308 0.04277241787183667 119.17307692307692 0.49839743589743585 135.46153846153845 45.30769230769231 0.0 45.30769230769231 1.0009989999234676
482000 87.07692307692308 0.04277241787183667 119.17307692307692 0.49839743589743585 135.46153846153845 45.30769230769231 0.0 45.30769230769231 0.9677591002546251
484000 87.07692307692308 0.04277241787183667 119.17307692307692 0.49839743589743585 135.46153846153845 45.30769230769231 0.0 45.30769230769231 0.9654580000787973
486000 87.07692307692308 0.04277241787183667 119.17307692307692 0.49839743589743585 135.46153846153845 45.30769230769231 0.0 45.30769230769231 0.9417854999192059
488000 87.07692307692308 0.04277241787183667 119.17307692307692 0.49839743589743585 135.46153846153845 45.30769230769231 0.0 45.30769230769231 0.9358593001961708
490000 87.07692307692308 0.04277241787183667 119.17307692307692 0.49839743589743585 135.46153846153845 45.30769230769231 0.0 45.30769230769231 0.985672399867326
492000 87.07692307692308 0.04277241787183667 119.17307692307692 0.49839743589743585 135.46153846153845 45.30769230769231 0.0 45.30769230769231 0.9887818996794522
494000 87.07692307692308 0.04277241787183667 119.17307692307692 0.49839743589743585 135.46153846153845 45.30769230769231 0.0 45.30769230769231 0.9409743999131024
496000 87.07692307692308 0.04277241787183667 119.17307692307692 0.49839743589743585 135.46153846153845 45.30769230769231 0.0 45.30769230769231 0.9797269999980927
498000 87.07692307692308 0.04277241787183667 119.17307692307692 0.49839743589743585 135.46153846153845 45.30769230769231 0.0 45.30769230769231 0.9643806996755302
500000 87.07692307692308 0.04277241787183667 119.17307692307692 0.49839743589743585 135.46153846153845 45.30769230769231 0.0 45.30769230769231 0.9770184000954032
