2000 0.11538461538461539 -0.9038394368782039 39.720294153846154 0.004807692307692308 45.286538461538456 45.30769230769231 0.0 45.30769230769231 0.48567630001343787
4000 0.09615384615384616 -0.8461448233105316 39.30662657692308 0.041666666666666664 45.286538461538456 45.30769230769231 0.0 45.30769230769231 0.6250269999727607
6000 0.11538461538461539 -0.15374877377984728 37.44602561538462 0.11217948717948717 45.286538461538456 45.30769230769231 0.0 45.30769230769231 0.6281330999918282
8000 0.1346153846153846 -0.15364022761962387 37.04691503846154 0.1201923076923077 45.286538461538456 45.30769230769231 0.0 45.30769230769231 0.6592853999463841
10000 0.11538461538461539 -0.15374090037041196 37.48837213461539 0.09775641025641026 45.286538461538456 45.30769230769231 0.0 45.30769230769231 0.8079488000366837
12000 0.11538461538461539 -0.03836197803698281 37.655117961538465 0.10256410256410256 45.286538461538456 45.30769230769231 0.0 45.30769230769231 0.7693799999542534
14000 0.1346153846153846 -0.1536014711665878 36.55885184615384 0.17307692307692307 45.286538461538456 45.30769230769231 0.0 45.30769230769231 0.7414443000452593
16000 0.11538461538461539 -0.1537875753889382 37.47337107692308 0.14423076923076922 45.286538461538456 45.30769230769231 0.0 45.30769230769231 1.0039318000199273
18000 0.11538461538461539 0.00011077162398488328 37.18673646153846 0.14583333333333331 45.286538461538456 45.30769230769231 0.0 45.30769230769231 1.0397676000138745
20000 0.11538461538461539 -0.03833212748829436 37.34635184615385 0.14583333333333331 45.286538461538456 45.30769230769231 0.0 45.30769230769231 1.1524413999868557
22000 0.1346153846153846 -0.21145736977701077 37.92904415384615 0.09615384615384616 45.286538461538456 45.30769230769231 0.0 45.30769230769231 1.3327392999781296
24000 0.1346153846153846 -0.1151984009081711 37.16776209615386 0.1282051282051282 45.286538461538456 45.30769230769231 0.0 45.30769230769231 1.1937568000284955
26000 0.23076923076923078 -0.19216591025399066 37.33106338461539 0.125 45.286538461538456 45.30769230769231 0.0 45.30769230769231 1.5531213000649586
28000 0.21153846153846154 0.00014621085237963625 37.13995761538462 0.14262820512820512 45.286538461538456 45.30769230769231 0.0 45.30769230769231 1.7345505999401212
30000 0.1346153846153846 -0.0190680336159014 37.617505692307695 0.10096153846153845 45.286538461538456 45.30769230769231 0.0 45.30769230769231 1.596904500038363
32000 0.1346153846153846 -0.05761378171043849 38.17543838461539 0.10897435897435896 45.286538461538456 45.30769230769231 0.0 45.30769230769231 2.0918554000090808
34000 0.1346153846153846 -0.17299505339305152 38.25019799999999 0.08814102564102563 45.286538461538456 45.30769230769231 0.0 45.30769230769231 1.9376174999633804
36000 0.1346153846153846 -0.13450366913963335 37.70861146153846 0.1314102564102564 45.286538461538456 45.30769230769231 0.0 45.30769230769231 2.00242289993912
38000 0.1346153846153846 0.00012609323783218494 36.947073 0.1394230769230769 45.286538461538456 45.30769230769231 0.0 45.30769230769231 1.8152469000779092
40000 0.11538461538461539 7.107741226189598e-05 37.04260184615385 0.16506410256410253 45.286538461538456 45.30769230769231 0.0 45.30769230769231 1.8689070000546053
42000 0.11538461538461539 7.457083035265438e-05 36.843082615384624 0.18589743589743596 45.286538461538456 45.30769230769231 0.0 45.30769230769231 1.8176229000091553
44000 0.17307692307692307 0.0001364099601967244 36.92768426923077 0.17307692307692307 45.286538461538456 45.30769230769231 0.0 45.30769230769231 2.0571160999825224
46000 0.17307692307692307 0.00017718900708089722 36.865424653846155 0.15384615384615383 45.286538461538456 45.30769230769231 0.0 45.30769230769231 1.7845188999781385
48000 0.15384615384615385 0.00015735729029671812 36.9442708076923 0.16666666666666666 45.286538461538456 45.30769230769231 0.0 45.30769230769231 1.7563652999233454
50000 0.15384615384615385 0.00014875639164433987 37.1442708076923 0.1330128205128205 45.286538461538456 45.30769230769231 0.0 45.30769230769231 1.9473657000344247
52000 0.1346153846153846 -0.1730173710013636 37.43104965384616 0.11698717948717949 45.286538461538456 45.30769230769231 0.0 45.30769230769231 2.179778499994427
54000 0.11538461538461539 -0.5191782577554434 37.819799653846154 0.13782051282051283 45.286538461538456 45.30769230769231 0.0 45.30769230769231 1.7083602000493556
56000 0.11538461538461539 -0.4998767381360093 37.43556888461538 0.16826923076923078 45.286538461538456 45.30769230769231 0.0 45.30769230769231 1.7032018000027165
58000 0.15384615384615385 9.275149465797655e-05 36.84907849999999 0.1618589743589744 45.286538461538456 45.30769230769231 0.0 45.30769230769231 2.004193300032057
60000 0.15384615384615385 9.381014971561536e-05 37.12311696153846 0.14583333333333331 45.286538461538456 45.30769230769231 0.0 45.30769230769231 1.9585113000357524
62000 0.15384615384615385 9.025689755079184e-05 37.09138619230768 0.17147435897435898 45.286538461538456 45.30769230769231 0.0 45.30769230769231 1.7722071000607684
64000 0.15384615384615385 8.848210898372051e-05 37.06542465384615 0.16666666666666666 45.286538461538456 45.30769230769231 0.0 45.30769230769231 1.8742088000290096
66000 0.15384615384615385 9.80307598289225e-05 37.1115785 0.15865384615384615 45.286538461538456 45.30769230769231 0.0 45.30769230769231 2.0349801999982446
68000 0.15384615384615385 8.004362306570287e-05 37.491386192307694 0.125 45.286538461538456 45.30769230769231 0.0 45.30769230769231 2.035547100007534
70000 0.15384615384615385 0.00011238859156850494 37.51254003846154 0.14583333333333331 45.286538461538456 45.30769230769231 0.0 45.30769230769231 1.9885411999421194
72000 0.15384615384615385 0.0001106872380469208 37.576963115384615 0.11698717948717949 45.286538461538456 45.30769230769231 0.0 45.30769230769231 1.7518947999924421
74000 0.11538461538461539 0.00018112119742243744 38.2515785 0.0673076923076923 45.286538461538456 45.30769230769231 0.0 45.30769230769231 1.8306802000151947
76000 0.11538461538461539 0.00010789831530836749 38.02965542307692 0.08814102564102565 45.286538461538456 45.30769230769231 0.0 45.30769230769231 2.1083678000140935
78000 0.1346153846153846 0.0001187792833431957 37.4863861923077 0.13141025641025642 45.286538461538456 45.30769230769231 0.0 45.30769230769231 1.7615172000369057
80000 0.11538461538461539 0.00019714475893922248 37.92292465384616 0.08974358974358974 45.286538461538456 45.30769230769231 0.0 45.30769230769231 1.852123299962841
82000 0.11538461538461539 0.00010885206055084103 38.0322653076923 0.08814102564102565 45.286538461538456 45.30769230769231 0.0 45.30769230769231 1.8343853999394923
84000 0.11538461538461539 -0.019181386498207033 38.23975157692307 0.04647435897435897 45.286538461538456 45.30769230769231 0.0 45.30769230769231 1.8509496999904513
86000 0.1346153846153846 -0.019035373481527822 38.05080926923077 0.057692307692307696 45.286538461538456 45.30769230769231 0.0 45.30769230769231 1.741420799982734
88000 0.11538461538461539 -0.01916392537095884 37.77697684615384 0.07692307692307693 45.286538461538456 45.30769230769231 0.0 45.30769230769231 1.7695917000528425
90000 0.1346153846153846 0.00019570304454499953 37.505424653846156 0.1185897435897436 45.286538461538456 45.30769230769231 0.0 45.30769230769231 1.9278868000255898
92000 0.1346153846153846 0.00020460223050427963 37.9390785 0.08814102564102565 45.286538461538456 45.30769230769231 0.0 45.30769230769231 2.0613036999711767
94000 0.11538461538461539 -0.057596161497244044 38.32273234615384 0.06410256410256411 45.286538461538456 45.30769230769231 0.0 45.30769230769231 1.7370381000218913
96000 0.11538461538461539 -0.03839261670422122 38.15794869230769 0.07692307692307693 45.286538461538456 45.30769230769231 0.0 45.30769230769231 1.7884481999790296
98000 0.11538461538461539 -0.09593532328322014 37.355544846153855 0.10737179487179487 45.286538461538456 45.30769230769231 0.0 45.30769230769231 2.0052083000773564
100000 0.1346153846153846 -0.09600191013403915 37.83487176923077 0.09615384615384616 45.286538461538456 45.30769230769231 0.0 45.30769230769231 1.8076572000281885
102000 0.28846153846153844 -0.09601553569258256 37.34326921153847 0.1362179487179487 45.286538461538456 45.30769230769231 0.0 45.30769230769231 2.0054765000240877
104000 0.1346153846153846 -0.6345859068735777 38.65978934615384 0.09935897435897437 45.286538461538456 45.30769230769231 0.0 45.30769230769231 1.8705650999909267
106000 0.23076923076923078 -0.7114911659462047 38.22852561538461 0.1298076923076923 45.286538461538456 45.30769230769231 0.0 45.30769230769231 1.7485810000216588
108000 0.25 -0.1921102241590158 37.21939484615385 0.09935897435897437 45.286538461538456 45.30769230769231 0.0 45.30769230769231 2.229159999988042
110000 0.09615384615384616 -0.1536965100758594 37.09698715384617 0.1266025641025641 45.286538461538456 45.30769230769231 0.0 45.30769230769231 2.245691900025122
112000 0.15384615384615385 -0.1536843508377928 37.18285253846154 0.09935897435897437 45.286538461538456 45.30769230769231 0.0 45.30769230769231 1.9051115000620484
114000 0.15384615384615385 -0.1537186673371088 37.08669869230769 0.08974358974358973 45.286538461538456 45.30769230769231 0.0 45.30769230769231 1.7625161000760272
116000 0.34615384615384615 -0.807674765355955 37.75987051923077 0.11217948717948717 45.286538461538456 45.30769230769231 0.0 45.30769230769231 1.8114420999772847
118000 0.36538461538461536 -0.8076641665381903 37.92663334615384 0.10256410256410256 45.286538461538456 45.30769230769231 0.0 45.30769230769231 2.0222695999545977
120000 0.3269230769230769 -0.7884503113627048 37.96179359615384 0.09615384615384616 45.286538461538456 45.30769230769231 0.0 45.30769230769231 1.8678484000265598
122000 0.4230769230769231 -0.15361270926501888 37.53035128846154 0.11858974358974358 45.286538461538456 45.30769230769231 0.0 45.30769230769231 1.8443477000109851
124000 0.36538461538461536 -0.34598156592520696 37.63055501923078 0.14903846153846154 45.286538461538456 45.30769230769231 0.0 45.30769230769231 2.074108299915679
126000 0.5 -0.32662397644674807 37.08966667307693 0.16666666666666666 45.286538461538456 45.30769230769231 0.0 45.30769230769231 1.7564351999899372
128000 0.25 -0.6921103458758971 38.27891023076922 0.08333333333333334 45.286538461538456 45.30769230769231 0.0 45.30769230769231 1.9433488000649959
130000 0.17307692307692307 -0.42289090373777793 38.51257780769232 0.08974358974358973 45.286538461538456 45.30769230769231 0.0 45.30769230769231 1.772661400027573
132000 0.15384615384615385 -0.2113881813904214 38.297275615384606 0.07852564102564104 45.286538461538456 45.30769230769231 0.0 45.30769230769231 1.9641571999527514
134000 0.19230769230769232 -0.24986505742807097 37.88650638461539 0.12179487179487179 45.286538461538456 45.30769230769231 0.0 45.30769230769231 2.155266800080426
136000 0.15384615384615385 -0.5576414450149249 38.5198855 0.09775641025641026 45.286538461538456 45.30769230769231 0.0 45.30769230769231 1.9535115000326186
138000 0.17307692307692307 -0.6345566464813429 38.16728934615384 0.09775641025641026 45.286538461538456 45.30769230769231 0.0 45.30769230769231 1.610145999933593
140000 0.17307692307692307 -0.5768743125740594 38.18063069230769 0.10897435897435896 45.286538461538456 45.30769230769231 0.0 45.30769230769231 1.9042261000722647
142000 0.19230769230769232 -0.0767647980365528 37.475823 0.12980769230769232 45.286538461538456 45.30769230769231 0.0 45.30769230769231 1.9914684999966994
144000 0.21153846153846154 -0.32674904274428257 37.84786626923077 0.10256410256410257 45.286538461538456 45.30769230769231 0.0 45.30769230769231 1.738466100068763
146000 0.17307692307692307 -0.6922200851095947 38.2652701153846 0.10737179487179488 45.286538461538456 45.30769230769231 0.0 45.30769230769231 1.6115455999970436
148000 0.21153846153846154 -0.19219799972835572 37.84852561538462 0.10256410256410256 45.286538461538456 45.30769230769231 0.0 45.30769230769231 1.864917799946852
150000 0.11538461538461539 -0.15378970954038906 38.71414030769231 0.052884615384615384 45.286538461538456 45.30769230769231 0.0 45.30769230769231 1.7513875999720767
152000 0.09615384615384616 -0.2691788211507165 38.87087107692308 0.057692307692307696 45.286538461538456 45.30769230769231 0.0 45.30769230769231 2.1621893999399617
154000 0.1346153846153846 -0.21148671865464982 38.637491961538466 0.07211538461538461 45.286538461538456 45.30769230769231 0.0 45.30769230769231 2.024086599936709
156000 0.1346153846153846 -0.28841905389058453 38.861496076923075 0.052884615384615384 45.286538461538456 45.30769230769231 0.0 45.30769230769231 2.108408599975519
158000 0.11538461538461539 -0.28841114131593504 38.82826119230769 0.08012820512820512 45.286538461538456 45.30769230769231 0.0 45.30769230769231 1.716479199938476
160000 0.11538461538461539 -0.3653399070841552 38.84058261538461 0.0673076923076923 45.286538461538456 45.30769230769231 0.0 45.30769230769231 2.1018203999847174
162000 0.11538461538461539 -0.3461133950754446 38.90115953846154 0.06410256410256411 45.286538461538456 45.30769230769231 0.0 45.30769230769231 1.7506190999411047
164000 0.15384615384615385 -0.2114789879809454 38.45989580769231 0.10897435897435898 45.286538461538456 45.30769230769231 0.0 45.30769230769231 1.738512400072068
166000 0.09615384615384616 -0.46149504887028037 38.29596723076923 0.08173076923076923 45.286538461538456 45.30769230769231 0.0 45.30769230769231 1.8244667999679223
168000 0.3269230769230769 0.00011243173693222345 35.5553285 0.266025641025641 45.286538461538456 45.30769230769231 0.0 45.30769230769231 2.0110706000123173
170000 0.21153846153846154 -0.018915535300898317 36.518947999999995 0.20673076923076922 45.286538461538456 45.30769230769231 0.0 45.30769230769231 1.9039155000355095
172000 0.23076923076923078 0.0001665948883843117 36.77231338461537 0.14262820512820512 45.286538461538456 45.30769230769231 0.0 45.30769230769231 1.970885100075975
174000 0.28846153846153844 -0.09585643164332873 36.31554484615385 0.17467948717948717 45.286538461538456 45.30769230769231 0.0 45.30769230769231 1.9588612000225112
176000 0.3269230769230769 -0.07671452743709704 35.78106682692307 0.20192307692307693 45.286538461538456 45.30769230769231 0.0 45.30769230769231 2.0245542000047863
178000 0.4230769230769231 -0.05748206012856549 35.25102561538461 0.2548076923076923 45.286538461538456 45.30769230769231 0.0 45.30769230769231 2.0438310999888927
180000 0.36538461538461536 0.0003150574486500624 35.08609773076923 0.28365384615384615 45.286538461538456 45.30769230769231 0.0 45.30769230769231 1.9869346999330446
182000 0.34615384615384615 0.000308559071747111 35.13417465384616 0.28365384615384615 45.286538461538456 45.30769230769231 0.0 45.30769230769231 1.8380239999387413
184000 0.2692307692307692 0.0001800629628830139 35.692347730769235 0.24358974358974358 45.286538461538456 45.30769230769231 0.0 45.30769230769231 1.9955711999209598
186000 0.25 0.00013757286181971024 35.4678285 0.24358974358974358 45.286538461538456 45.30769230769231 0.0 45.30769230769231 1.8819242999888957
188000 0.23076923076923078 0.00021491469972110728 35.82888619230769 0.23397435897435898 45.286538461538456 45.30769230769231 0.0 45.30769230769231 1.9060333999805152
190000 0.28846153846153844 0.00020439180159369038 35.426482346153854 0.24358974358974358 45.286538461538456 45.30769230769231 0.0 45.30769230769231 2.249007700011134
192000 0.19230769230769232 0.00013258146043939437 36.1740785 0.17948717948717946 45.286538461538456 45.30769230769231 0.0 45.30769230769231 1.8179071000777185
194000 0.17307692307692307 0.0001247145671883023 36.18754003846154 0.17948717948717946 45.286538461538456 45.30769230769231 0.0 45.30769230769231 2.0388185000047088
196000 0.23076923076923078 0.00012995087186367198 36.19691503846154 0.16826923076923073 45.286538461538456 45.30769230769231 0.0 45.30769230769231 2.028773400001228
198000 0.23076923076923078 0.0001329791963994325 36.038261192307694 0.16987179487179485 45.286538461538456 45.30769230769231 0.0 45.30769230769231 2.0519429999403656
200000 0.2692307692307692 0.00024628260194173117 35.61109773076923 0.22916666666666666 45.286538461538456 45.30769230769231 0.0 45.30769230769231 2.024539200006984
202000 0.19230769230769232 0.0002141076151466367 36.581770807692315 0.16826923076923078 45.286538461538456 45.30769230769231 0.0 45.30769230769231 2.196473899995908
204000 0.19230769230769232 0.0002769070972431405 36.28465542307693 0.17467948717948717 45.286538461538456 45.30769230769231 0.0 45.30769230769231 1.8426693000365049
206000 0.19230769230769232 0.0002529223778030795 36.466770807692306 0.15865384615384615 45.286538461538456 45.30769230769231 0.0 45.30769230769231 2.031251300009899
208000 0.15384615384615385 -0.019117757338975677 36.792732346153855 0.1330128205128205 45.286538461538456 45.30769230769231 0.0 45.30769230769231 1.9124031000537798
210000 0.21153846153846154 7.367345378834705e-05 37.06100157692308 0.10416666666666667 45.286538461538456 45.30769230769231 0.0 45.30769230769231 1.9398967999732122
212000 0.17307692307692307 6.655262358911104e-05 37.405232346153845 0.09134615384615384 45.286538461538456 45.30769230769231 0.0 45.30769230769231 1.7063893999438733
214000 0.23076923076923078 8.1005161984614e-05 37.02254003846154 0.11858974358974358 45.286538461538456 45.30769230769231 0.0 45.30769230769231 1.9360771999927238
216000 0.15384615384615385 -0.03840847016419162 37.69715542307693 0.0673076923076923 45.286538461538456 45.30769230769231 0.0 45.30769230769231 2.1116823001066223
218000 0.15384615384615385 -0.019178852160305945 37.49369388461538 0.0625 45.286538461538456 45.30769230769231 0.0 45.30769230769231 2.012820800067857
220000 0.17307692307692307 8.942108727407728e-05 36.97638619230769 0.12820512820512817 45.286538461538456 45.30769230769231 0.0 45.30769230769231 1.788578600040637
222000 0.17307692307692307 0.00016757262550252757 36.98984773076923 0.13942307692307693 45.286538461538456 45.30769230769231 0.0 45.30769230769231 1.8369654999114573
224000 0.17307692307692307 0.00014823399703296593 36.89177080769231 0.1362179487179487 45.286538461538456 45.30769230769231 0.0 45.30769230769231 1.8967650000704452
226000 0.21153846153846154 0.00019513875792725573 36.87061696153847 0.11057692307692306 45.286538461538456 45.30769230769231 0.0 45.30769230769231 1.8215101000387222
228000 0.19230769230769232 0.00025324678409425637 36.86004003846155 0.11698717948717949 45.286538461538456 45.30769230769231 0.0 45.30769230769231 2.0738584001082927
230000 0.23076923076923078 9.464328251888564e-05 37.15427080769231 0.14102564102564102 45.286538461538456 45.30769230769231 0.0 45.30769230769231 2.0270646999124438
232000 0.19230769230769232 7.837371553734879e-05 37.21773234615385 0.11858974358974358 45.286538461538456 45.30769230769231 0.0 45.30769230769231 2.044749699998647
234000 0.23076923076923078 7.364714281752957e-05 36.74754003846154 0.13141025641025642 45.286538461538456 45.30769230769231 0.0 45.30769230769231 1.9422907000407577
236000 0.28846153846153844 -0.09603228987732214 37.00811696153846 0.11538461538461536 45.286538461538456 45.30769230769231 0.0 45.30769230769231 2.0954281999729574
238000 0.28846153846153844 -0.019067822347021333 36.55580926923078 0.1362179487179487 45.286538461538456 45.30769230769231 0.0 45.30769230769231 1.811813100008294
240000 0.21153846153846154 0.00015072658493489927 36.756290038461536 0.1474358974358974 45.286538461538456 45.30769230769231 0.0 45.30769230769231 2.055649899994023
242000 0.19230769230769232 0.00015707898352991726 37.23657850000001 0.12019230769230771 45.286538461538456 45.30769230769231 0.0 45.30769230769231 1.9162742000771686
244000 0.25 0.00017646973855145996 36.96446311538462 0.13621794871794873 45.286538461538456 45.30769230769231 0.0 45.30769230769231 1.8686959999613464
246000 0.2692307692307692 0.0001389852714402024 37.173597730769224 0.15544871794871792 45.286538461538456 45.30769230769231 0.0 45.30769230769231 2.020025199977681
248000 0.23076923076923078 0.00025612744036580034 37.179366961538456 0.14423076923076922 45.286538461538456 45.30769230769231 0.0 45.30769230769231 1.9552095000399277
250000 0.25 0.00017585497905223084 36.885294153846154 0.18269230769230765 45.286538461538456 45.30769230769231 0.0 45.30769230769231 1.775583100039512
252000 0.19230769230769232 -0.15378399706703239 37.369813384615384 0.16025641025641024 45.286538461538456 45.30769230769231 0.0 45.30769230769231 1.9937761999899521
254000 0.17307692307692307 -0.07681816834928627 37.146736461538474 0.16346153846153844 45.286538461538456 45.30769230769231 0.0 45.30769230769231 1.8168562999926507
256000 0.25 -0.07678007793190642 36.897698 0.18429487179487178 45.286538461538456 45.30769230769231 0.0 45.30769230769231 2.0122579000890255
258000 0.25 0.00014017539650964985 36.64433261538461 0.17147435897435892 45.286538461538456 45.30769230769231 0.0 45.30769230769231 1.9096210000570863
260000 0.19230769230769232 -0.019026559907453052 36.96356338461539 0.17467948717948717 45.286538461538456 45.30769230769231 0.0 45.30769230769231 1.977327000000514
262000 0.23076923076923078 0.0002634529565160013 37.239524923076935 0.13141025641025642 45.286538461538456 45.30769230769231 0.0 45.30769230769231 2.057152699911967
264000 0.23076923076923078 -0.019098216310239276 37.075823 0.14262820512820512 45.286538461538456 45.30769230769231 0.0 45.30769230769231 2.1446371000492945
266000 0.17307692307692307 0.00022012681973603875 37.468061980769235 0.16987179487179485 45.286538461538456 45.30769230769231 0.0 45.30769230769231 1.8355169999413192
268000 0.17307692307692307 -0.09606987460926254 37.569648519230775 0.16826923076923078 45.286538461538456 45.30769230769231 0.0 45.30769230769231 2.0902119000675157
270000 0.11538461538461539 -0.365348901649977 38.089730942307696 0.10576923076923077 45.286538461538456 45.30769230769231 0.0 45.30769230769231 1.8217435999540612
272000 0.1346153846153846 -0.21146364473692308 37.679747903846156 0.1153846153846154 45.286538461538456 45.30769230769231 0.0 45.30769230769231 2.0958861999679357
274000 0.15384615384615385 -0.17296029882333336 37.69622132692307 0.10897435897435898 45.286538461538456 45.30769230769231 0.0 45.30769230769231 2.052353599923663
276000 0.15384615384615385 -0.13444262847739766 37.64416517307693 0.13141025641025642 45.286538461538456 45.30769230769231 0.0 45.30769230769231 1.8899409999139607
278000 0.23076923076923078 -0.05744915269376009 37.648776307692316 0.15064102564102563 45.286538461538456 45.30769230769231 0.0 45.30769230769231 2.320403999998234
280000 0.17307692307692307 -0.07684824157146788 38.14629109615385 0.1185897435897436 45.286538461538456 45.30769230769231 0.0 45.30769230769231 1.9562783000292256
282000 0.09615384615384616 -0.15378068643518195 37.632519403846146 0.1233974358974359 45.286538461538456 45.30769230769231 0.0 45.30769230769231 2.0760708999587223
284000 0.1346153846153846 -0.0575804781944805 37.38500567307693 0.09455128205128206 45.286538461538456 45.30769230769231 0.0 45.30769230769231 2.2988456999883056
286000 0.15384615384615385 -0.19219975164054065 37.13976507692306 0.1266025641025641 45.286538461538456 45.30769230769231 0.0 45.30769230769231 1.9639644999988377
288000 0.15384615384615385 -0.38454745931786 37.97140573076923 0.10416666666666667 45.286538461538456 45.30769230769231 0.0 45.30769230769231 2.0308773999568075
290000 0.15384615384615385 -0.36534303382683103 38.40303430769231 0.08333333333333334 45.286538461538456 45.30769230769231 0.0 45.30769230769231 2.0898072000127286
292000 0.15384615384615385 -0.3461049957135334 38.434325519230775 0.09455128205128206 45.286538461538456 45.30769230769231 0.0 45.30769230769231 1.775663899956271
294000 0.1346153846153846 -0.1730205575119782 38.288171673076924 0.09615384615384616 45.286538461538456 45.30769230769231 0.0 45.30769230769231 1.8687662000302225
296000 0.1346153846153846 -0.0961034766688455 38.30558261538462 0.12339743589743589 45.286538461538456 45.30769230769231 0.0 45.30769230769231 1.7397166999289766
298000 0.15384615384615385 0.0001689997812454195 37.77012246153846 0.10256410256410256 45.286538461538456 45.30769230769231 0.0 45.30769230769231 2.087940700002946
300000 0.15384615384615385 0.00011393429463433894 37.52192876923077 0.12339743589743589 45.286538461538456 45.30769230769231 0.0 45.30769230769231 1.9228182999650016
302000 0.09615384615384616 0.0001632856513458877 37.50594982692308 0.13942307692307693 45.286538461538456 45.30769230769231 0.0 45.30769230769231 2.2284162999130785
304000 0.09615384615384616 9.911804720373327e-05 37.567279019230774 0.12179487179487179 45.286538461538456 45.30769230769231 0.0 45.30769230769231 1.9457817999646068
306000 0.15384615384615385 0.00015951558121601715 37.65244388461538 0.09134615384615384 45.286538461538456 45.30769230769231 0.0 45.30769230769231 2.099299699999392
308000 0.11538461538461539 0.00015797958657697448 37.360616961538454 0.11217948717948716 45.286538461538456 45.30769230769231 0.0 45.30769230769231 2.2751696000341326
310000 0.1346153846153846 0.00014545359043522218 37.86281476923078 0.09935897435897435 45.286538461538456 45.30769230769231 0.0 45.30769230769231 1.9839395999442786
312000 0.11538461538461539 0.00013846075294921917 37.69618015384616 0.09294871794871794 45.286538461538456 45.30769230769231 0.0 45.30769230769231 1.8503702000016347
314000 0.11538461538461539 0.00013082992277997283 38.01329553846154 0.07211538461538461 45.286538461538456 45.30769230769231 0.0 45.30769230769231 1.7397224000887945
316000 0.11538461538461539 0.000149517948655634 37.67071311538462 0.09615384615384616 45.286538461538456 45.30769230769231 0.0 45.30769230769231 1.712229499942623
318000 0.09615384615384616 0.00014238021782917332 37.64688069230769 0.08493589743589743 45.286538461538456 45.30769230769231 0.0 45.30769230769231 1.9587959999917075
320000 0.09615384615384616 -0.09609545182179449 38.02332300000001 0.10256410256410256 45.286538461538456 45.30769230769231 0.0 45.30769230769231 1.9278579999227077
322000 0.11538461538461539 -0.28843735352449495 38.756866961538464 0.08173076923076923 45.286538461538456 45.30769230769231 0.0 45.30769230769231 1.9342198999365792
324000 0.09615384615384616 -0.2307434424301083 38.60686696153845 0.08653846153846154 45.286538461538456 45.30769230769231 0.0 45.30769230769231 1.8722661000210792
326000 0.21153846153846154 -0.23063428862207022 38.04713138461539 0.10416666666666667 45.286538461538456 45.30769230769231 0.0 45.30769230769231 2.038128999993205
328000 0.28846153846153844 -0.1345146006356772 37.047828500000016 0.1778846153846154 45.286538461538456 45.30769230769231 0.0 45.30769230769231 1.969178200000897
330000 0.15384615384615385 -0.2307073834411821 38.70821311538462 0.08493589743589743 45.286538461538456 45.30769230769231 0.0 45.30769230769231 1.844759100000374
332000 0.15384615384615385 -0.19223910697239666 38.53571311538462 0.08814102564102563 45.286538461538456 45.30769230769231 0.0 45.30769230769231 1.8994228000519797
334000 0.17307692307692307 -0.05758465975766181 37.44917465384616 0.125 45.286538461538456 45.30769230769231 0.0 45.30769230769231 2.1092541000107303
336000 0.1346153846153846 -0.11530901106009583 37.84662657692308 0.09935897435897437 45.286538461538456 45.30769230769231 0.0 45.30769230769231 1.818262799992226
338000 0.25 -0.11528584406873839 37.40780675000001 0.11698717948717949 45.286538461538456 45.30769230769231 0.0 45.30769230769231 2.050916100037284
340000 0.38461538461538464 -0.7692181947830563 37.969012000000006 0.09775641025641026 45.286538461538456 45.30769230769231 0.0 45.30769230769231 1.8380524999229237
342000 0.38461538461538464 -0.7499661073221363 37.64737738461538 0.10897435897435896 45.286538461538456 45.30769230769231 0.0 45.30769230769231 1.706154300016351
344000 0.46153846153846156 -0.7499132581969483 37.181928673076925 0.14262820512820512 45.286538461538456 45.30769230769231 0.0 45.30769230769231 1.651272000046447
346000 0.46153846153846156 -0.5190727909252763 36.49144790384616 0.1618589743589744 45.286538461538456 45.30769230769231 0.0 45.30769230769231 1.8436175000388175
348000 0.46153846153846156 -0.3843103646896156 36.03904405769231 0.20512820512820515 45.286538461538456 45.30769230769231 0.0 45.30769230769231 1.803393500042148
350000 0.5192307692307693 -0.2497491266853159 35.515742769230776 0.2275641025641026 45.286538461538456 45.30769230769231 0.0 45.30769230769231 2.1191022999119014
352000 0.5961538461538461 -0.05739704612768555 34.93408575 0.2644230769230769 45.286538461538456 45.30769230769231 0.0 45.30769230769231 2.1038388999877498
354000 0.34615384615384615 0.00011297439456033512 35.32840542307693 0.25641025641025644 45.286538461538456 45.30769230769231 0.0 45.30769230769231 2.0354450999293476
356000 0.34615384615384615 0.00013091815986997083 35.03994388461539 0.2692307692307693 45.286538461538456 45.30769230769231 0.0 45.30769230769231 1.969517800025642
358000 0.36538461538461536 -0.019119310120163782 34.94859773076923 0.2676282051282051 45.286538461538456 45.30769230769231 0.0 45.30769230769231 1.9993867999874055
360000 0.36538461538461536 -0.019137844939209128 34.98850157692307 0.27564102564102566 45.286538461538456 45.30769230769231 0.0 45.30769230769231 2.0307700999546796
362000 0.36538461538461536 0.00011058548011476825 34.96869388461539 0.27724358974358976 45.286538461538456 45.30769230769231 0.0 45.30769230769231 2.0878759999759495
364000 0.40384615384615385 -0.019093916677304937 35.09100157692307 0.2676282051282051 45.286538461538456 45.30769230769231 0.0 45.30769230769231 1.8454282999737188
366000 0.40384615384615385 -0.03831490691296234 35.217924653846154 0.25 45.286538461538456 45.30769230769231 0.0 45.30769230769231 1.9686672000680119
368000 0.40384615384615385 0.00013897368470298257 34.91792465384616 0.2676282051282051 45.286538461538456 45.30769230769231 0.0 45.30769230769231 2.0019771000370383
370000 0.4230769230769231 0.0001931125965804969 34.80359325 0.28365384615384615 45.286538461538456 45.30769230769231 0.0 45.30769230769231 1.7958885999396443
372000 0.4807692307692308 0.000165628474421776 35.05913811538461 0.25961538461538464 45.286538461538456 45.30769230769231 0.0 45.30769230769231 2.228812800021842
374000 0.4807692307692308 -0.17285702693250926 35.95480890384616 0.20352564102564102 45.286538461538456 45.30769230769231 0.0 45.30769230769231 2.150378299993463
376000 0.34615384615384615 -0.2690744864959191 36.61027240384615 0.16506410256410253 45.286538461538456 45.30769230769231 0.0 45.30769230769231 2.183505199966021
378000 0.25 -0.2499205992745228 36.80764992307693 0.1618589743589744 45.286538461538456 45.30769230769231 0.0 45.30769230769231 1.9849900999106467
380000 0.2692307692307692 -0.05757566335322762 36.82696311538462 0.16666666666666669 45.286538461538456 45.30769230769231 0.0 45.30769230769231 1.8790412000380456
382000 0.2692307692307692 -0.03826525877411803 36.66542465384616 0.14583333333333331 45.286538461538456 45.30769230769231 0.0 45.30769230769231 2.080716200056486
384000 0.25 0.00014602276929312274 36.591386192307695 0.13782051282051283 45.286538461538456 45.30769230769231 0.0 45.30769230769231 2.0630873000482097
386000 0.19230769230769232 0.00019187847410750668 36.8380208076923 0.16346153846153846 45.286538461538456 45.30769230769231 0.0 45.30769230769231 2.174984800047241
388000 0.25 0.0003010245401498863 36.26254003846154 0.20673076923076922 45.286538461538456 45.30769230769231 0.0 45.30769230769231 1.7171010999009013
390000 0.23076923076923078 0.00019130123111954397 36.787540038461536 0.1778846153846154 45.286538461538456 45.30769230769231 0.0 45.30769230769231 1.756651800009422
392000 0.19230769230769232 0.00019358227434656356 37.13802080769231 0.12980769230769232 45.286538461538456 45.30769230769231 0.0 45.30769230769231 1.7606831999728456
394000 0.23076923076923078 0.00021463884162600103 36.958213115384616 0.16826923076923078 45.286538461538456 45.30769230769231 0.0 45.30769230769231 1.9058546000160277
396000 0.19230769230769232 0.0001867384565883166 36.88225157692308 0.17147435897435898 45.286538461538456 45.30769230769231 0.0 45.30769230769231 2.1859091999940574
398000 0.19230769230769232 0.00018995739377451406 36.86686696153846 0.17147435897435898 45.286538461538456 45.30769230769231 0.0 45.30769230769231 1.9709343999857083
400000 0.19230769230769232 0.0001707425027840951 37.288982346153844 0.16506410256410253 45.286538461538456 45.30769230769231 0.0 45.30769230769231 1.804429700016044
402000 0.19230769230769232 0.00015963799794823383 37.46590542307692 0.14583333333333331 45.286538461538456 45.30769230769231 0.0 45.30769230769231 1.9016489000059664
404000 0.15384615384615385 0.0001463922501120939 37.55340542307692 0.14262820512820512 45.286538461538456 45.30769230769231 0.0 45.30769230769231 2.04200260003563
406000 0.1346153846153846 5.073413418054239e-05 37.72744388461538 0.1362179487179487 45.286538461538456 45.30769230769231 0.0 45.30769230769231 1.7512116000289097
408000 0.15384615384615385 6.048724164502393e-05 37.61879003846154 0.14903846153846154 45.286538461538456 45.30769230769231 0.0 45.30769230769231 1.9032654999755323
410000 0.15384615384615385 -0.01907759167110581 37.58898234615385 0.15384615384615385 45.286538461538456 45.30769230769231 0.0 45.30769230769231 1.75721930002328
412000 0.15384615384615385 6.534382178975646e-05 37.70629003846153 0.14903846153846154 45.286538461538456 45.30769230769231 0.0 45.30769230769231 2.1331196000101045
414000 0.19230769230769232 -0.038391597453355325 37.7303285 0.15064102564102563 45.286538461538456 45.30769230769231 0.0 45.30769230769231 2.083552600000985
416000 0.15384615384615385 5.272184021913848e-05 37.78802080769231 0.15865384615384615 45.286538461538456 45.30769230769231 0.0 45.30769230769231 2.2264888000208884
418000 0.1346153846153846 -0.09602926107095708 38.11590542307693 0.11057692307692307 45.286538461538456 45.30769230769231 0.0 45.30769230769231 1.8815852999687195
420000 0.11538461538461539 -0.19218294402232655 38.17330926923077 0.10096153846153846 45.286538461538456 45.30769230769231 0.0 45.30769230769231 2.04529369994998
422000 0.11538461538461539 -0.11526633329056324 37.96205926923078 0.11698717948717949 45.286538461538456 45.30769230769231 0.0 45.30769230769231 1.952017999952659
424000 0.17307692307692307 -0.07678700252610027 37.67936696153846 0.1137820512820513 45.286538461538456 45.30769230769231 0.0 45.30769230769231 1.7494580000638962
426000 0.15384615384615385 -0.03832901222571173 37.55052080769231 0.1233974358974359 45.286538461538456 45.30769230769231 0.0 45.30769230769231 2.0159101999597624
428000 0.19230769230769232 0.0001532649147399624 37.21590542307692 0.16346153846153846 45.286538461538456 45.30769230769231 0.0 45.30769230769231 1.874960600049235
430000 0.19230769230769232 -0.019059926249571434 36.82552080769231 0.17628205128205127 45.286538461538456 45.30769230769231 0.0 45.30769230769231 1.9041833999799564
432000 0.23076923076923078 -0.1344437070712597 36.56946311538463 0.19711538461538458 45.286538461538456 45.30769230769231 0.0 45.30769230769231 2.066607699962333
434000 0.28846153846153844 0.00022295831649856717 35.9553285 0.19230769230769226 45.286538461538456 45.30769230769231 0.0 45.30769230769231 1.982224499923177
436000 0.28846153846153844 0.0001337946713943212 35.6178285 0.23237179487179488 45.286538461538456 45.30769230769231 0.0 45.30769230769231 1.8941908000269905
438000 0.34615384615384615 -0.09605876064426552 35.79090542307693 0.25320512820512825 45.286538461538456 45.30769230769231 0.0 45.30769230769231 1.9078728000167757
440000 0.34615384615384615 -0.09605898779569191 35.835136192307694 0.25320512820512825 45.286538461538456 45.30769230769231 0.0 45.30769230769231 2.0169798000715673
442000 0.36538461538461536 -0.07682183270945428 35.632251576923075 0.2644230769230769 45.286538461538456 45.30769230769231 0.0 45.30769230769231 1.9798136000754312
444000 0.3269230769230769 -0.01914590331513024 35.350520807692305 0.2692307692307692 45.286538461538456 45.30769230769231 0.0 45.30769230769231 1.9708856000797823
446000 0.38461538461538464 -0.01913288986623586 35.48513619230769 0.2836538461538462 45.286538461538456 45.30769230769231 0.0 45.30769230769231 1.8749529999913648
448000 0.38461538461538464 0.00011099606675853054 35.201963115384615 0.27724358974358976 45.286538461538456 45.30769230769231 0.0 45.30769230769231 1.8810958999674767
450000 0.36538461538461536 -0.019108637373263827 35.3394631153846 0.26282051282051283 45.286538461538456 45.30769230769231 0.0 45.30769230769231 1.8159981000935659
452000 0.28846153846153844 -0.15369732043740292 36.16678453846154 0.203525641025641 45.286538461538456 45.30769230769231 0.0 45.30769230769231 2.1054292999906465
454000 0.28846153846153844 -0.15370264120427918 36.34111146153846 0.2019230769230769 45.286538461538456 45.30769230769231 0.0 45.30769230769231 2.2069372000405565
456000 0.3076923076923077 -0.05750389050349901 35.830534538461535 0.2548076923076923 45.286538461538456 45.30769230769231 0.0 45.30769230769231 1.9205223999451846
458000 0.3076923076923077 -0.05746901545992301 35.77880376923076 0.26121794871794873 45.286538461538456 45.30769230769231 0.0 45.30769230769231 1.9920988000230864
460000 0.3269230769230769 -0.05750764399986363 35.72263619230769 0.2644230769230769 45.286538461538456 45.30769230769231 0.0 45.30769230769231 2.033659499953501
462000 0.36538461538461536 -0.019055156544255523 35.32359773076923 0.27724358974358976 45.286538461538456 45.30769230769231 0.0 45.30769230769231 1.8386854999698699
464000 0.36538461538461536 0.00018005995048595323 34.99090542307692 0.27724358974358976 45.286538461538456 45.30769230769231 0.0 45.30769230769231 1.9849373999750242
466000 0.36538461538461536 0.0001230962090550872 35.06590542307692 0.2932692307692308 45.286538461538456 45.30769230769231 0.0 45.30769230769231 1.7763573999982327
468000 0.36538461538461536 0.00017240862188507903 35.006290038461536 0.2932692307692308 45.286538461538456 45.30769230769231 0.0 45.30769230769231 1.8366954000666738
470000 0.36538461538461536 0.00014858854987252057 35.06975157692307 0.28685897435897434 45.286538461538456 45.30769230769231 0.0 45.30769230769231 2.0603390000760555
472000 0.36538461538461536 0.00016325868877642294 35.0803285 0.2932692307692308 45.286538461538456 45.30769230769231 0.0 45.30769230769231 1.883087099995464
474000 0.36538461538461536 0.0001744563880916039 34.80436696153846 0.28685897435897434 45.286538461538456 45.30769230769231 0.0 45.30769230769231 1.7667603000300005
476000 0.36538461538461536 0.00017408031107514892 34.831290038461546 0.28685897435897434 45.286538461538456 45.30769230769231 0.0 45.30769230769231 2.0426361999707296
478000 0.36538461538461536 0.00017453386980339583 34.83802080769232 0.30288461538461536 45.286538461538456 45.30769230769231 0.0 45.30769230769231 1.9366374999517575
480000 0.36538461538461536 0.0001738723821719763 34.8351361923077 0.2932692307692308 45.286538461538456 45.30769230769231 0.0 45.30769230769231 2.0149041999829933
482000 0.36538461538461536 0.00018340807479757864 34.802443884615386 0.28685897435897434 45.286538461538456 45.30769230769231 0.0 45.30769230769231 2.19430920004379
484000 0.36538461538461536 0.00015002537095868724 34.835136192307694 0.28685897435897434 45.286538461538456 45.30769230769231 0.0 45.30769230769231 1.792849599965848
486000 0.36538461538461536 0.0001414089355031274 34.890905423076916 0.28205128205128205 45.286538461538456 45.30769230769231 0.0 45.30769230769231 1.833217000006698
488000 0.38461538461538464 0.00018440305697500707 34.949559269230775 0.28685897435897434 45.286538461538456 45.30769230769231 0.0 45.30769230769231 2.190762599930167
490000 0.36538461538461536 0.00017736695820567836 35.012059269230775 0.28365384615384615 45.286538461538456 45.30769230769231 0.0 45.30769230769231 2.2164645000593737
492000 0.38461538461538464 0.000178769127020747 34.963982346153855 0.2932692307692308 45.286538461538456 45.30769230769231 0.0 45.30769230769231 1.787209999980405
494000 0.38461538461538464 0.00017615021609058138 34.9678285 0.28365384615384615 45.286538461538456 45.30769230769231 0.0 45.30769230769231 1.9127182000083849
496000 0.38461538461538464 0.00016853888184411886 34.963982346153855 0.2932692307692308 45.286538461538456 45.30769230769231 0.0 45.30769230769231 1.7569237999850884
498000 0.38461538461538464 0.00015120973072242462 34.96109773076924 0.28846153846153844 45.286538461538456 45.30769230769231 0.0 45.30769230769231 1.7366461999481544
500000 0.38461538461538464 0.00012561666501344305 34.9178285 0.28205128205128205 45.286538461538456 45.30769230769231 0.0 45.30769230769231 1.8875890000490472
