2000 1.6346153846153846 0.00032943238895070655 111.36538461538461 0.03685897435897435 135.8653846153846 45.28846153846154 1.2884615384615385 44.0 0.5401096000568941
4000 3.1538461538461537 0.0009459657958675072 109.11538461538461 0.11538461538461539 135.8653846153846 45.28846153846154 1.1923076923076923 44.09615384615385 0.5535738000180572
6000 1.5 0.00041942011290474094 110.9423076923077 0.09134615384615384 135.8653846153846 45.28846153846154 1.1923076923076923 44.09615384615385 0.5015714999753982
8000 1.0192307692307692 0.00016244348269941927 109.21153846153847 0.1201923076923077 135.8653846153846 45.28846153846154 1.1923076923076923 44.09615384615385 0.6575461000902578
10000 1.1346153846153846 0.00015123447531573838 110.40384615384616 0.10576923076923077 135.8653846153846 45.28846153846154 1.1923076923076923 44.09615384615385 0.5470065999543294
12000 1.2115384615384615 0.0002608684570275069 109.98076923076923 0.1137820512820513 135.8653846153846 45.28846153846154 1.1923076923076923 44.09615384615385 0.5768344999523833
14000 1.6346153846153846 0.0002939554461489536 108.3076923076923 0.11538461538461539 135.8653846153846 45.28846153846154 1.1923076923076923 44.09615384615385 0.6301868000300601
16000 1.8653846153846154 0.00030973525517048994 106.96153846153847 0.1346153846153846 135.8653846153846 45.28846153846154 1.1923076923076923 44.09615384615385 0.7814484999980778
18000 3.0576923076923075 0.0009578037321022665 105.03846153846153 0.1506410256410256 135.8653846153846 45.28846153846154 1.1923076923076923 44.09615384615385 0.7162555999821052
20000 1.6923076923076923 0.00041068295526432234 109.26923076923077 0.10576923076923075 135.8653846153846 45.28846153846154 1.1923076923076923 44.09615384615385 0.7780535999918357
22000 2.3461538461538463 0.0006501605981257697 107.61538461538461 0.1346153846153846 135.8653846153846 45.28846153846154 1.1923076923076923 44.09615384615385 0.868483699974604
24000 1.7692307692307692 0.00038407018836386815 107.11538461538461 0.12179487179487179 135.8653846153846 45.28846153846154 1.1923076923076923 44.09615384615385 0.8851818999974057
26000 1.8269230769230769 0.00043669222750095365 109.0576923076923 0.1137820512820513 135.8653846153846 45.28846153846154 1.1923076923076923 44.09615384615385 0.9147027999861166
28000 2.1346153846153846 0.0004923944562346326 107.63461538461539 0.09294871794871797 135.8653846153846 45.28846153846154 1.25 44.03846153846154 0.8518506999826059
30000 2.6538461538461537 0.0007064755243144001 105.40384615384616 0.12179487179487179 135.8653846153846 45.28846153846154 1.5769230769230769 43.71153846153846 1.0311838999623433
32000 2.019230769230769 0.0006983239277474595 106.92307692307692 0.12179487179487178 135.8653846153846 45.28846153846154 2.0384615384615383 43.25 0.9466463999124244
34000 1.9615384615384615 0.0006846135618100042 107.53846153846153 0.141025641025641 135.8653846153846 45.28846153846154 2.0 43.28846153846154 1.0527320000110194
36000 1.4807692307692308 0.0002400646896042863 109.51923076923077 0.12179487179487179 135.8653846153846 45.28846153846154 1.3461538461538463 43.94230769230769 1.1990201000589877
38000 1.5 0.00023635201548745163 108.84615384615384 0.1185897435897436 135.8653846153846 45.28846153846154 1.5 43.78846153846154 1.2289250999456272
40000 2.019230769230769 0.0004910024338668719 105.5576923076923 0.12339743589743589 135.8653846153846 45.28846153846154 1.1923076923076923 44.09615384615385 1.3807631999952719
42000 1.9807692307692308 0.00043935770612604216 106.61538461538461 0.10416666666666666 135.8653846153846 45.28846153846154 1.4230769230769231 43.86538461538461 1.1776217999868095
44000 1.8846153846153846 0.0005675037596016899 108.40384615384616 0.10737179487179487 135.8653846153846 45.28846153846154 2.0 43.28846153846154 1.3061454999260604
46000 2.673076923076923 0.0004719802051626653 107.65384615384616 0.07692307692307693 135.8653846153846 45.28846153846154 1.1923076923076923 44.09615384615385 1.5583636000519618
48000 2.076923076923077 0.0004705587913850593 110.0 0.04647435897435897 135.8653846153846 45.28846153846154 1.5 43.78846153846154 1.5128372000763193
50000 2.269230769230769 0.0005527795850057049 109.53846153846153 0.04807692307692308 135.8653846153846 45.28846153846154 2.019230769230769 43.26923076923077 1.8535921999718994
52000 2.173076923076923 0.00035296205574420435 109.86538461538461 0.04807692307692308 135.8653846153846 45.28846153846154 1.7884615384615385 43.5 1.9011013000272214
54000 1.8846153846153846 0.000544951052503012 111.0576923076923 0.07532051282051282 135.8653846153846 45.28846153846154 1.25 44.03846153846154 1.7121711999643594
56000 1.5384615384615385 0.0003665364572289016 109.88461538461539 0.09134615384615384 135.8653846153846 45.28846153846154 1.1923076923076923 44.09615384615385 1.9282052998896688
58000 1.6346153846153846 0.00032896544698864013 110.17307692307692 0.08173076923076923 135.8653846153846 45.28846153846154 1.1923076923076923 44.09615384615385 2.280636499985121
60000 1.4615384615384615 0.00023823271317138347 109.53846153846153 0.1121794871794872 135.8653846153846 45.28846153846154 1.1923076923076923 44.09615384615385 2.012529300060123
62000 1.75 0.0005525580807755804 109.76923076923077 0.11057692307692307 135.8653846153846 45.28846153846154 1.1923076923076923 44.09615384615385 1.8221801000181586
64000 1.5769230769230769 0.00046594800157611065 110.09615384615384 0.11057692307692307 135.8653846153846 45.28846153846154 1.1923076923076923 44.09615384615385 1.7651434000581503
66000 2.5384615384615383 0.000567308493750076 108.76923076923077 0.08333333333333334 135.8653846153846 45.28846153846154 1.1923076923076923 44.09615384615385 1.801372200017795
68000 2.173076923076923 0.00039499767398929174 109.5 0.09455128205128206 135.8653846153846 45.28846153846154 1.1923076923076923 44.09615384615385 1.7435810999013484
70000 2.0384615384615383 0.0006609270170399114 110.59615384615384 0.05128205128205128 135.8653846153846 45.28846153846154 1.1923076923076923 44.09615384615385 2.1765346999745816
72000 5.6923076923076925 0.002355387564193234 103.65384615384616 0.1378205128205128 135.8653846153846 45.28846153846154 1.1923076923076923 44.09615384615385 2.1181003000820056
74000 6.923076923076923 0.0030017039493805114 102.84615384615384 0.13141025641025642 135.8653846153846 45.28846153846154 1.1923076923076923 44.09615384615385 2.1593997000018135
76000 5.75 0.0021287872294038705 103.84615384615384 0.1298076923076923 135.8653846153846 45.28846153846154 1.1923076923076923 44.09615384615385 2.3452674000291154
78000 3.173076923076923 0.0011284242636113151 106.48076923076923 0.08493589743589743 135.8653846153846 45.28846153846154 1.1923076923076923 44.09615384615385 1.8952389999758452
80000 10.01923076923077 -0.015646701208262028 101.46153846153847 0.1506410256410256 135.8653846153846 45.28846153846154 1.1923076923076923 44.09615384615385 2.100897099939175
82000 5.865384615384615 0.0018956177487791635 102.07692307692308 0.11217948717948717 135.8653846153846 45.28846153846154 1.1923076923076923 44.09615384615385 1.9782772000180557
84000 5.673076923076923 0.0010795000111034716 103.28846153846153 0.1201923076923077 135.8653846153846 45.28846153846154 1.1923076923076923 44.09615384615385 2.006287399912253
86000 4.6923076923076925 0.0007992833944284353 102.92307692307692 0.1201923076923077 135.8653846153846 45.28846153846154 1.1923076923076923 44.09615384615385 1.9796259999275208
88000 5.846153846153846 0.0014882944976310594 103.82692307692308 0.1298076923076923 135.8653846153846 45.28846153846154 1.1923076923076923 44.09615384615385 1.9674387000268325
90000 4.788461538461538 0.0007884312972364085 105.28846153846153 0.08333333333333334 135.8653846153846 45.28846153846154 1.1923076923076923 44.09615384615385 2.032665599952452
92000 4.365384615384615 0.0006671862261879614 105.28846153846153 0.07852564102564104 135.8653846153846 45.28846153846154 1.1923076923076923 44.09615384615385 1.9340780000202358
94000 4.5 0.0008233862105969976 105.46153846153847 0.09775641025641027 135.8653846153846 45.28846153846154 1.1923076923076923 44.09615384615385 1.8571089999750257
96000 4.6923076923076925 0.0007284318546972868 105.42307692307692 0.09455128205128206 135.8653846153846 45.28846153846154 1.1923076923076923 44.09615384615385 1.9842105000279844
98000 5.076923076923077 0.0011234033828194225 104.01923076923077 0.10256410256410257 135.8653846153846 45.28846153846154 1.1923076923076923 44.09615384615385 2.1451592999510467
100000 5.019230769230769 0.0012275834817925128 103.65384615384616 0.11538461538461539 135.8653846153846 45.28846153846154 1.1923076923076923 44.09615384615385 1.8457761999452487
102000 4.596153846153846 0.0006670853567474686 104.07692307692308 0.11057692307692307 135.8653846153846 45.28846153846154 1.1923076923076923 44.09615384615385 1.867116800043732
104000 4.6923076923076925 0.0010133661635905753 104.15384615384616 0.08493589743589743 135.8653846153846 45.28846153846154 1.1923076923076923 44.09615384615385 2.1389695999678224
106000 7.961538461538462 0.002616591317200605 103.82692307692308 0.11538461538461539 135.8653846153846 45.28846153846154 1.1923076923076923 44.09615384615385 2.113053699955344
108000 3.3461538461538463 0.00016905600195176674 107.03846153846153 0.05128205128205128 135.8653846153846 45.28846153846154 1.1923076923076923 44.09615384615385 2.1149661999661475
110000 4.615384615384615 0.0009957951846711578 104.03846153846153 0.11057692307692307 135.8653846153846 45.28846153846154 1.1923076923076923 44.09615384615385 1.8258618999971077
112000 5.096153846153846 0.0011885549900045845 101.8076923076923 0.125 135.8653846153846 45.28846153846154 1.1923076923076923 44.09615384615385 1.9836149000329897
114000 7.634615384615385 0.002082920045690047 98.6923076923077 0.14743589743589744 135.8653846153846 45.28846153846154 1.1923076923076923 44.09615384615385 1.8297696000663564
116000 16.173076923076923 0.005826727672788506 93.59615384615384 0.2580128205128205 135.8653846153846 45.28846153846154 1.1923076923076923 44.09615384615385 2.0388285999652
118000 20.865384615384617 0.007780539697452262 92.86538461538461 0.22756410256410253 135.8653846153846 45.28846153846154 1.1923076923076923 44.09615384615385 1.8822109000757337
120000 19.826923076923077 0.007412227979190791 93.21153846153847 0.22916666666666666 135.8653846153846 45.28846153846154 1.1923076923076923 44.09615384615385 1.8521154000191018
122000 23.365384615384617 0.009423098386773573 91.88461538461539 0.26602564102564097 135.8653846153846 45.28846153846154 1.1923076923076923 44.09615384615385 1.9657322000712156
124000 23.692307692307693 0.009264860419175873 91.48076923076923 0.266025641025641 135.8653846153846 45.28846153846154 1.1923076923076923 44.09615384615385 1.969584499951452
126000 32.32692307692308 0.013071988619218957 89.42307692307692 0.2612179487179487 135.8653846153846 45.28846153846154 1.1923076923076923 44.09615384615385 1.7913801000686362
128000 33.90384615384615 0.013619451336646994 88.73076923076923 0.2708333333333333 135.8653846153846 45.28846153846154 1.1923076923076923 44.09615384615385 1.7865240999963135
130000 33.78846153846154 0.013250830173666909 88.13461538461539 0.28525641025641024 135.8653846153846 45.28846153846154 1.1923076923076923 44.09615384615385 2.1282104999991134
132000 33.94230769230769 0.013396580602684834 88.25 0.29166666666666663 135.8653846153846 45.28846153846154 1.1923076923076923 44.09615384615385 2.384356199996546
134000 34.78846153846154 0.013976890041766487 87.92307692307692 0.296474358974359 135.8653846153846 45.28846153846154 1.1923076923076923 44.09615384615385 2.0603187999222428
136000 34.51923076923077 0.013468388520942185 87.96153846153847 0.28685897435897434 135.8653846153846 45.28846153846154 1.1923076923076923 44.09615384615385 1.7638720999239013
138000 35.75 0.014516912307192988 87.40384615384616 0.29166666666666663 135.8653846153846 45.28846153846154 1.1923076923076923 44.09615384615385 1.8300795999821275
140000 36.26923076923077 0.014727158549979226 87.21153846153847 0.28525641025641024 135.8653846153846 45.28846153846154 1.1923076923076923 44.09615384615385 1.9885460999794304
142000 36.75 0.015159100258345399 86.96153846153847 0.29006410256410253 135.8653846153846 45.28846153846154 1.1923076923076923 44.09615384615385 2.0721380000468343
144000 36.21153846153846 0.014865827559611671 86.92307692307692 0.29006410256410253 135.8653846153846 45.28846153846154 1.1923076923076923 44.09615384615385 2.112133299931884
146000 36.21153846153846 0.014865827559611671 86.92307692307692 0.29006410256410253 135.8653846153846 45.28846153846154 1.1923076923076923 44.09615384615385 1.9224732000147924
148000 37.07692307692308 0.015362934905457112 85.53846153846153 0.3108974358974359 135.8653846153846 45.28846153846154 1.1923076923076923 44.09615384615385 2.288256699917838
150000 37.46153846153846 0.01570383856508075 85.23076923076923 0.3205128205128205 135.8653846153846 45.28846153846154 1.1923076923076923 44.09615384615385 1.8223820999264717
152000 38.82692307692308 0.0169318758459588 84.11538461538461 0.34935897435897434 135.8653846153846 45.28846153846154 1.1923076923076923 44.09615384615385 2.00839879992418
154000 38.57692307692308 0.016607355662860028 84.5576923076923 0.3253205128205128 135.8653846153846 45.28846153846154 1.1923076923076923 44.09615384615385 1.8644220000132918
156000 45.78846153846154 0.019984144929079642 82.57692307692308 0.33653846153846156 135.8653846153846 45.28846153846154 1.1923076923076923 44.09615384615385 1.9912822000915185
158000 46.63461538461539 0.02103797319455686 83.36538461538461 0.36217948717948717 135.8653846153846 45.28846153846154 1.1923076923076923 44.09615384615385 1.934972699964419
160000 46.92307692307692 0.021050328062882467 83.26923076923077 0.36217948717948717 135.8653846153846 45.28846153846154 1.1923076923076923 44.09615384615385 1.878719100030139
162000 47.28846153846154 0.021221895686136097 83.48076923076923 0.3557692307692308 135.8653846153846 45.28846153846154 1.1923076923076923 44.09615384615385 1.7771717000287026
164000 46.01923076923077 0.020462966078431736 83.34615384615384 0.34134615384615385 135.8653846153846 45.28846153846154 1.1923076923076923 44.09615384615385 1.7589800999267027
166000 46.01923076923077 0.020462966078431736 83.34615384615384 0.34134615384615385 135.8653846153846 45.28846153846154 1.1923076923076923 44.09615384615385 2.04486669995822
168000 47.0 0.021101108025977464 83.5 0.3557692307692308 135.8653846153846 45.28846153846154 1.1923076923076923 44.09615384615385 1.952678499976173
170000 46.01923076923077 0.020462966078431736 83.34615384615384 0.34134615384615385 135.8653846153846 45.28846153846154 1.1923076923076923 44.09615384615385 2.090722900000401
172000 46.01923076923077 0.020462966078431736 83.34615384615384 0.34134615384615385 135.8653846153846 45.28846153846154 1.1923076923076923 44.09615384615385 2.0960211999481544
174000 46.01923076923077 0.020462966078431736 83.34615384615384 0.34134615384615385 135.8653846153846 45.28846153846154 1.1923076923076923 44.09615384615385 1.9209860999835655
176000 46.80769230769231 0.02083048469514138 83.36538461538461 0.35096153846153844 135.8653846153846 45.28846153846154 1.1923076923076923 44.09615384615385 2.0139076999621466
178000 48.0 0.021778234791940757 83.51923076923077 0.35096153846153844 135.8653846153846 45.28846153846154 1.1923076923076923 44.09615384615385 1.99340499995742
180000 47.21153846153846 0.02129730813838967 83.4423076923077 0.35096153846153844 135.8653846153846 45.28846153846154 1.1923076923076923 44.09615384615385 1.9350609000539407
182000 48.0 0.021778234791940757 83.51923076923077 0.35096153846153844 135.8653846153846 45.28846153846154 1.1923076923076923 44.09615384615385 2.106283299974166
184000 48.40384615384615 0.02194552354885064 83.51923076923077 0.34615384615384615 135.8653846153846 45.28846153846154 1.1923076923076923 44.09615384615385 2.159529999946244
186000 47.76923076923077 0.021574477755763394 83.4423076923077 0.34615384615384615 135.8653846153846 45.28846153846154 1.1923076923076923 44.09615384615385 1.9610033000353724
188000 47.03846153846154 0.02107345401553296 83.26923076923077 0.35096153846153844 135.8653846153846 45.28846153846154 1.1923076923076923 44.09615384615385 1.9212555999401957
190000 47.44230769230769 0.021240742772442846 83.26923076923077 0.34615384615384615 135.8653846153846 45.28846153846154 1.1923076923076923 44.09615384615385 2.1557429999811575
192000 47.44230769230769 0.021240742772442846 83.26923076923077 0.34615384615384615 135.8653846153846 45.28846153846154 1.1923076923076923 44.09615384615385 2.146077400073409
194000 47.38461538461539 0.021260839859122194 83.36538461538461 0.34134615384615385 135.8653846153846 45.28846153846154 1.1923076923076923 44.09615384615385 1.9325944000156596
196000 47.38461538461539 0.021131377249489783 83.36538461538461 0.34134615384615385 135.8653846153846 45.28846153846154 1.1923076923076923 44.09615384615385 2.0111099999630824
198000 47.38461538461539 0.021131377249489783 83.36538461538461 0.34134615384615385 135.8653846153846 45.28846153846154 1.1923076923076923 44.09615384615385 2.1321585999103263
200000 47.38461538461539 0.021260839859122194 83.36538461538461 0.34134615384615385 135.8653846153846 45.28846153846154 1.1923076923076923 44.09615384615385 2.166955400025472
202000 46.76923076923077 0.02060148279918849 83.23076923076923 0.34134615384615385 135.8653846153846 45.28846153846154 1.1923076923076923 44.09615384615385 2.0392043000319973
204000 47.26923076923077 0.020977676365371917 83.26923076923077 0.35096153846153844 135.8653846153846 45.28846153846154 1.1923076923076923 44.09615384615385 2.088873800006695
206000 47.26923076923077 0.020977676365371917 83.26923076923077 0.35096153846153844 135.8653846153846 45.28846153846154 1.1923076923076923 44.09615384615385 2.033810499939136
208000 47.26923076923077 0.0208482137557395 83.26923076923077 0.35096153846153844 135.8653846153846 45.28846153846154 1.1923076923076923 44.09615384615385 1.857039999915287
210000 46.48076923076923 0.020275430364972362 83.21153846153847 0.34134615384615385 135.8653846153846 45.28846153846154 1.1923076923076923 44.09615384615385 1.9629672999726608
212000 47.13461538461539 0.020561496633521227 83.01923076923077 0.3477564102564103 135.8653846153846 45.28846153846154 1.1923076923076923 44.09615384615385 2.273984399973415
214000 47.26923076923077 0.020642948981682004 83.23076923076923 0.35096153846153844 135.8653846153846 45.28846153846154 1.1923076923076923 44.09615384615385 1.9393106999341398
216000 47.88461538461539 0.020952541721547924 83.13461538461539 0.35737179487179493 135.8653846153846 45.28846153846154 1.1923076923076923 44.09615384615385 1.9413919999497011
218000 47.80769230769231 0.02098264294622135 83.21153846153847 0.3477564102564103 135.8653846153846 45.28846153846154 1.1923076923076923 44.09615384615385 2.1298047000309452
220000 47.80769230769231 0.02098264294622135 83.21153846153847 0.3477564102564103 135.8653846153846 45.28846153846154 1.1923076923076923 44.09615384615385 2.1058197000529617
222000 47.32692307692308 0.020764303361288275 83.82692307692308 0.34134615384615385 135.8653846153846 45.28846153846154 1.1923076923076923 44.09615384615385 1.9537879000417888
224000 48.21153846153846 0.020802228374811327 83.13461538461539 0.3605769230769231 135.8653846153846 45.28846153846154 1.1923076923076923 44.09615384615385 1.92702379997354
226000 47.96153846153846 0.021050754083212615 83.26923076923077 0.3477564102564103 135.8653846153846 45.28846153846154 1.1923076923076923 44.09615384615385 2.1390469999751076
228000 48.13461538461539 0.021480488281916156 83.26923076923077 0.342948717948718 135.8653846153846 45.28846153846154 1.1923076923076923 44.09615384615385 1.9686029999284074
230000 48.13461538461539 0.021480488281916156 83.26923076923077 0.342948717948718 135.8653846153846 45.28846153846154 1.1923076923076923 44.09615384615385 1.824421999976039
232000 48.13461538461539 0.021480488281916156 83.26923076923077 0.342948717948718 135.8653846153846 45.28846153846154 1.1923076923076923 44.09615384615385 2.0572107000043616
234000 48.61538461538461 0.02155927112092064 83.23076923076923 0.342948717948718 135.8653846153846 45.28846153846154 1.1923076923076923 44.09615384615385 1.8213903999421746
236000 48.65384615384615 0.02162450409005149 83.21153846153847 0.342948717948718 135.8653846153846 45.28846153846154 1.1923076923076923 44.09615384615385 1.81467380002141
238000 49.75 0.0221841144590363 83.40384615384616 0.375 135.8653846153846 45.28846153846154 1.1923076923076923 44.09615384615385 2.0422262999927625
240000 49.26923076923077 0.021965464305723364 84.03846153846153 0.3685897435897436 135.8653846153846 45.28846153846154 1.2115384615384615 44.07692307692308 2.0853137000231072
242000 52.30769230769231 0.024706083794144185 83.01923076923077 0.3685897435897436 135.8653846153846 45.28846153846154 1.1923076923076923 44.09615384615385 1.853567700018175
244000 56.25 0.02509603426996935 82.67307692307692 0.3605769230769231 135.8653846153846 45.28846153846154 1.2115384615384615 44.07692307692308 2.252073199953884
246000 68.53846153846153 0.03086324654027489 81.15384615384616 0.36698717948717946 135.8653846153846 45.28846153846154 1.2115384615384615 44.07692307692308 1.9410885999677703
248000 74.53846153846153 0.03328130462331058 79.86538461538461 0.39903846153846145 135.8653846153846 45.28846153846154 1.2115384615384615 44.07692307692308 2.084041199996136
250000 76.03846153846153 0.03445058217772078 79.25 0.39903846153846145 135.8653846153846 45.28846153846154 1.2115384615384615 44.07692307692308 2.078658299986273
252000 75.96153846153847 0.03418464585414307 79.71153846153847 0.39423076923076916 135.8653846153846 45.28846153846154 1.2115384615384615 44.07692307692308 2.001463899970986
254000 75.96153846153847 0.034049668004949935 79.40384615384616 0.39423076923076916 135.8653846153846 45.28846153846154 1.2115384615384615 44.07692307692308 1.7525502999778837
256000 74.73076923076923 0.03361456080388396 79.28846153846153 0.40544871794871795 135.8653846153846 45.28846153846154 1.2115384615384615 44.07692307692308 2.1422410999657586
258000 72.01923076923077 0.032175922942821344 79.5576923076923 0.40544871794871795 135.8653846153846 45.28846153846154 1.2115384615384615 44.07692307692308 1.9698917999630794
260000 72.61538461538461 0.032156222211393186 79.5576923076923 0.4134615384615384 135.8653846153846 45.28846153846154 1.2115384615384615 44.07692307692308 1.8035726000089198
262000 71.38461538461539 0.03173530722896735 79.6923076923077 0.4086538461538461 135.8653846153846 45.28846153846154 1.2115384615384615 44.07692307692308 2.468399400007911
264000 73.21153846153847 0.03239345275955725 79.34615384615384 0.4198717948717948 135.8653846153846 45.28846153846154 1.2115384615384615 44.07692307692308 2.0698030000785366
266000 75.01923076923077 0.03308109002516721 78.73076923076923 0.41506410256410253 135.8653846153846 45.28846153846154 1.1923076923076923 44.09615384615385 1.8942972000222653
268000 75.73076923076923 0.03337610237588134 78.5576923076923 0.42467948717948717 135.8653846153846 45.28846153846154 1.1923076923076923 44.09615384615385 1.9740268000168726
270000 75.63461538461539 0.03382709097250317 78.11538461538461 0.4214743589743589 135.8653846153846 45.28846153846154 1.2692307692307692 44.01923076923077 1.8341303000925109
272000 80.48076923076923 0.03599316049284551 77.5 0.4278846153846153 135.8653846153846 45.28846153846154 1.2307692307692308 44.05769230769231 1.9406756000826135
274000 85.51923076923077 0.03786606456816421 75.42307692307692 0.43108974358974356 135.8653846153846 45.28846153846154 1.4038461538461537 43.88461538461539 2.1067999999504536
276000 88.25 0.0006683328697865445 76.28846153846153 0.4038461538461538 135.8653846153846 45.28846153846154 1.4423076923076923 43.84615384615385 1.7754159000469372
278000 91.34615384615384 0.04164786207222266 74.4423076923077 0.4326923076923076 135.8653846153846 45.28846153846154 1.4615384615384615 43.82692307692308 1.9549937000265345
280000 91.76923076923077 0.04193840386971094 74.1923076923077 0.4326923076923076 135.8653846153846 45.28846153846154 1.4615384615384615 43.82692307692308 1.7905608000000939
282000 91.9423076923077 0.04204039493805101 74.21153846153847 0.4326923076923076 135.8653846153846 45.28846153846154 1.5 43.78846153846154 1.8703342000953853
284000 89.90384615384616 0.03998515901867671 74.75 0.43749999999999994 135.8653846153846 45.28846153846154 1.5 43.78846153846154 1.723137900000438
286000 90.17307692307692 0.04063331330642046 74.3076923076923 0.4310897435897435 135.8653846153846 45.28846153846154 1.5576923076923077 43.73076923076923 1.974219800089486
288000 91.65384615384616 0.04108081124650171 74.1923076923077 0.43749999999999994 135.8653846153846 45.28846153846154 1.5192307692307692 43.76923076923077 2.0162191999843344
290000 91.38461538461539 0.040838867381324695 74.13461538461539 0.4310897435897435 135.8653846153846 45.28846153846154 1.5576923076923077 43.73076923076923 2.1041697000619024
292000 91.3076923076923 0.040734868684451545 74.11538461538461 0.43749999999999994 135.8653846153846 45.28846153846154 1.5192307692307692 43.76923076923077 2.0532617000862956
294000 91.46153846153847 0.0408391331990455 74.11538461538461 0.43749999999999994 135.8653846153846 45.28846153846154 1.5384615384615385 43.75 1.7714237000327557
296000 91.3076923076923 0.040734868684451545 74.11538461538461 0.43749999999999994 135.8653846153846 45.28846153846154 1.5192307692307692 43.76923076923077 1.894851699937135
298000 91.3076923076923 0.040734868684451545 74.11538461538461 0.43749999999999994 135.8653846153846 45.28846153846154 1.5192307692307692 43.76923076923077 2.1048262000549585
300000 91.3076923076923 0.040734868684451545 74.11538461538461 0.43749999999999994 135.8653846153846 45.28846153846154 1.5192307692307692 43.76923076923077 2.119335600058548
302000 91.09615384615384 0.040587884466778114 74.11538461538461 0.43749999999999994 135.8653846153846 45.28846153846154 1.5 43.78846153846154 1.7881113999756053
304000 91.23076923076923 0.04073460286673074 74.13461538461539 0.4310897435897435 135.8653846153846 45.28846153846154 1.5384615384615385 43.75 1.8665565999690443
306000 91.09615384615384 0.040448744785330344 74.4423076923077 0.4310897435897435 135.8653846153846 45.28846153846154 1.5576923076923077 43.73076923076923 1.8150824999902397
308000 91.09615384615384 0.040448744785330344 74.4423076923077 0.4310897435897435 135.8653846153846 45.28846153846154 1.5576923076923077 43.73076923076923 2.2034545999486
310000 91.09615384615384 0.040448744785330344 74.4423076923077 0.4310897435897435 135.8653846153846 45.28846153846154 1.5576923076923077 43.73076923076923 1.9938715000171214
312000 91.5576923076923 0.041298864140985346 74.11538461538461 0.4310897435897435 135.8653846153846 45.28846153846154 1.5769230769230769 43.71153846153846 2.0614679999416694
314000 91.90384615384616 0.041644806703035504 74.1923076923077 0.4310897435897435 135.8653846153846 45.28846153846154 1.5769230769230769 43.71153846153846 2.0217549999943003
316000 91.5576923076923 0.041298864140985346 74.11538461538461 0.4310897435897435 135.8653846153846 45.28846153846154 1.5769230769230769 43.71153846153846 1.9629192999564111
318000 91.5576923076923 0.041298864140985346 74.11538461538461 0.4310897435897435 135.8653846153846 45.28846153846154 1.5769230769230769 43.71153846153846 1.8516233999980614
320000 91.5576923076923 0.041298864140985346 74.11538461538461 0.4310897435897435 135.8653846153846 45.28846153846154 1.5769230769230769 43.71153846153846 1.862542900023982
322000 91.5576923076923 0.041298864140985346 74.11538461538461 0.4310897435897435 135.8653846153846 45.28846153846154 1.5769230769230769 43.71153846153846 2.1570479000220075
324000 91.5576923076923 0.041298864140985346 74.11538461538461 0.4310897435897435 135.8653846153846 45.28846153846154 1.5769230769230769 43.71153846153846 2.019045599969104
326000 91.5576923076923 0.041298864140985346 74.11538461538461 0.4310897435897435 135.8653846153846 45.28846153846154 1.5769230769230769 43.71153846153846 1.9743792000226676
328000 91.5576923076923 0.041298864140985346 74.11538461538461 0.4310897435897435 135.8653846153846 45.28846153846154 1.5769230769230769 43.71153846153846 2.0355556999566033
330000 91.5576923076923 0.041298864140985346 74.11538461538461 0.4310897435897435 135.8653846153846 45.28846153846154 1.5769230769230769 43.71153846153846 2.1427247000392526
332000 91.5576923076923 0.041298864140985346 74.11538461538461 0.4310897435897435 135.8653846153846 45.28846153846154 1.5769230769230769 43.71153846153846 2.2324727999512106
334000 91.07692307692308 0.04106254853695685 74.23076923076923 0.4407051282051281 135.8653846153846 45.28846153846154 1.5769230769230769 43.71153846153846 2.0324034000514075
336000 89.98076923076923 0.04074848207941683 74.40384615384616 0.4407051282051281 135.8653846153846 45.28846153846154 1.5769230769230769 43.71153846153846 1.9533921000547707
338000 89.98076923076923 0.04074848207941683 74.40384615384616 0.4407051282051281 135.8653846153846 45.28846153846154 1.5769230769230769 43.71153846153846 1.7837609999114648
340000 89.98076923076923 0.04074848207941683 74.40384615384616 0.4407051282051281 135.8653846153846 45.28846153846154 1.5769230769230769 43.71153846153846 1.9733062000013888
342000 91.07692307692308 0.0411055626843201 74.23076923076923 0.4407051282051281 135.8653846153846 45.28846153846154 1.5769230769230769 43.71153846153846 1.8457981999963522
344000 91.07692307692308 0.0411055626843201 74.23076923076923 0.4407051282051281 135.8653846153846 45.28846153846154 1.5769230769230769 43.71153846153846 1.9817556999623775
346000 93.03846153846153 0.041789191275178314 74.1923076923077 0.4455128205128204 135.8653846153846 45.28846153846154 1.5961538461538463 43.69230769230769 1.9917222000658512
348000 93.03846153846153 0.041789191275178314 74.1923076923077 0.4455128205128204 135.8653846153846 45.28846153846154 1.5961538461538463 43.69230769230769 2.1214375001145527
350000 93.03846153846153 0.041789191275178314 74.1923076923077 0.4455128205128204 135.8653846153846 45.28846153846154 1.5961538461538463 43.69230769230769 2.19471930002328
352000 93.03846153846153 0.041789191275178314 74.1923076923077 0.4455128205128204 135.8653846153846 45.28846153846154 1.5961538461538463 43.69230769230769 2.0683433999074623
354000 93.03846153846153 0.041789191275178314 74.1923076923077 0.4455128205128204 135.8653846153846 45.28846153846154 1.5961538461538463 43.69230769230769 1.9292108000954613
356000 93.03846153846153 0.041789191275178314 74.1923076923077 0.4455128205128204 135.8653846153846 45.28846153846154 1.5961538461538463 43.69230769230769 2.17368569993414
358000 93.03846153846153 0.041789191275178314 74.1923076923077 0.4455128205128204 135.8653846153846 45.28846153846154 1.5961538461538463 43.69230769230769 2.451868500094861
360000 93.03846153846153 0.041789191275178314 74.1923076923077 0.4455128205128204 135.8653846153846 45.28846153846154 1.5961538461538463 43.69230769230769 1.974595500039868
362000 93.13461538461539 0.04219589439525859 74.11538461538461 0.4455128205128204 135.8653846153846 45.28846153846154 1.5961538461538463 43.69230769230769 2.055527799995616
364000 93.61538461538461 0.042389195851923835 74.0 0.4358974358974358 135.8653846153846 45.28846153846154 1.5961538461538463 43.69230769230769 1.8145426999544725
366000 93.03846153846153 0.041789191275178314 74.1923076923077 0.4455128205128204 135.8653846153846 45.28846153846154 1.5961538461538463 43.69230769230769 1.76037739997264
368000 93.51923076923077 0.041982492731843554 74.07692307692308 0.4358974358974358 135.8653846153846 45.28846153846154 1.5961538461538463 43.69230769230769 1.9991247999714687
370000 93.82692307692308 0.04214690232106522 74.13461538461539 0.4455128205128204 135.8653846153846 45.28846153846154 1.6153846153846154 43.67307692307692 1.7809931999072433
372000 93.92307692307692 0.0425536054411455 74.0576923076923 0.4455128205128204 135.8653846153846 45.28846153846154 1.6153846153846154 43.67307692307692 1.935058599920012
374000 93.82692307692308 0.04214690232106522 74.13461538461539 0.4455128205128204 135.8653846153846 45.28846153846154 1.6153846153846154 43.67307692307692 1.934830000041984
376000 93.82692307692308 0.04214690232106522 74.13461538461539 0.4455128205128204 135.8653846153846 45.28846153846154 1.6153846153846154 43.67307692307692 2.1507126000942662
378000 93.92307692307692 0.0425536054411455 74.0576923076923 0.4455128205128204 135.8653846153846 45.28846153846154 1.6153846153846154 43.67307692307692 1.9884798999410123
380000 93.92307692307692 0.042552599178219394 74.11538461538461 0.4455128205128204 135.8653846153846 45.28846153846154 1.5961538461538463 43.69230769230769 2.0806480000028387
382000 94.5576923076923 0.04280007447746232 74.1923076923077 0.4455128205128204 135.8653846153846 45.28846153846154 1.5576923076923077 43.73076923076923 1.7935055999550968
384000 94.5576923076923 0.04280007447746232 74.1923076923077 0.4455128205128204 135.8653846153846 45.28846153846154 1.5576923076923077 43.73076923076923 1.993711999966763
386000 94.5576923076923 0.04280007447746232 74.1923076923077 0.4455128205128204 135.8653846153846 45.28846153846154 1.5576923076923077 43.73076923076923 1.8521466000238433
388000 94.57692307692308 0.042791281886019376 74.25 0.4455128205128204 135.8653846153846 45.28846153846154 1.5384615384615385 43.75 2.0522075999761
390000 95.15384615384616 0.0430733164235051 74.17307692307692 0.4455128205128204 135.8653846153846 45.28846153846154 1.5576923076923077 43.73076923076923 1.8314396999776363
392000 95.84615384615384 0.04325855678469769 74.15384615384616 0.4358974358974358 135.8653846153846 45.28846153846154 1.5 43.78846153846154 2.2119421999668702
394000 95.9423076923077 0.043288857255703715 74.23076923076923 0.4358974358974358 135.8653846153846 45.28846153846154 1.4615384615384615 43.82692307692308 2.16810989996884
396000 96.25 0.043453266844925384 74.28846153846153 0.4455128205128204 135.8653846153846 45.28846153846154 1.4807692307692308 43.80769230769231 1.8230834000278264
398000 96.63461538461539 0.04358985313005614 74.28846153846153 0.4455128205128204 135.8653846153846 45.28846153846154 1.4615384615384615 43.82692307692308 1.9252377999946475
400000 96.63461538461539 0.04358985313005614 74.28846153846153 0.4455128205128204 135.8653846153846 45.28846153846154 1.4615384615384615 43.82692307692308 1.946928600082174
402000 96.82692307692308 0.04363687518673683 74.34615384615384 0.439102564102564 135.8653846153846 45.28846153846154 1.4423076923076923 43.84615384615385 1.8212570000905544
404000 96.82692307692308 0.04363687518673683 74.34615384615384 0.439102564102564 135.8653846153846 45.28846153846154 1.4423076923076923 43.84615384615385 2.086954199941829
406000 96.82692307692308 0.04363687518673683 74.34615384615384 0.439102564102564 135.8653846153846 45.28846153846154 1.4423076923076923 43.84615384615385 1.7320625999709591
408000 96.82692307692308 0.04363687518673683 74.34615384615384 0.439102564102564 135.8653846153846 45.28846153846154 1.4423076923076923 43.84615384615385 1.734727400005795
410000 96.82692307692308 0.04363687518673683 74.34615384615384 0.439102564102564 135.8653846153846 45.28846153846154 1.4423076923076923 43.84615384615385 1.8416678999783471
412000 96.82692307692308 0.04363687518673683 74.34615384615384 0.439102564102564 135.8653846153846 45.28846153846154 1.4423076923076923 43.84615384615385 1.835034399991855
414000 96.82692307692308 0.04363687518673683 74.34615384615384 0.439102564102564 135.8653846153846 45.28846153846154 1.4423076923076923 43.84615384615385 1.9927282000426203
416000 98.65384615384616 0.04506039914350658 74.3076923076923 0.439102564102564 135.8653846153846 45.28846153846154 1.4423076923076923 43.84615384615385 1.9257115999935195
418000 98.65384615384616 0.04506039914350658 74.3076923076923 0.439102564102564 135.8653846153846 45.28846153846154 1.4423076923076923 43.84615384615385 2.0199915000703186
420000 98.65384615384616 0.04506039914350658 74.3076923076923 0.439102564102564 135.8653846153846 45.28846153846154 1.4423076923076923 43.84615384615385 1.9761957000009716
422000 98.65384615384616 0.04506039914350658 74.3076923076923 0.439102564102564 135.8653846153846 45.28846153846154 1.4423076923076923 43.84615384615385 2.091226200107485
424000 98.65384615384616 0.04506039914350658 74.3076923076923 0.439102564102564 135.8653846153846 45.28846153846154 1.4423076923076923 43.84615384615385 2.0108376999851316
426000 99.26923076923077 0.04548110722886664 74.26923076923077 0.439102564102564 135.8653846153846 45.28846153846154 1.4423076923076923 43.84615384615385 1.8015187999699265
428000 99.26923076923077 0.04548110722886664 74.26923076923077 0.439102564102564 135.8653846153846 45.28846153846154 1.4423076923076923 43.84615384615385 1.7901528999209404
430000 99.51923076923077 0.045616439651155805 74.32692307692308 0.439102564102564 135.8653846153846 45.28846153846154 1.4230769230769231 43.86538461538461 1.772348300088197
432000 99.26923076923077 0.04548110722886664 74.26923076923077 0.439102564102564 135.8653846153846 45.28846153846154 1.4423076923076923 43.84615384615385 2.113962800009176
434000 99.26923076923077 0.04548110722886664 74.26923076923077 0.439102564102564 135.8653846153846 45.28846153846154 1.4423076923076923 43.84615384615385 2.1390348999993876
436000 99.0 0.04507866982940345 74.34615384615384 0.439102564102564 135.8653846153846 45.28846153846154 1.4423076923076923 43.84615384615385 1.867813599994406
438000 99.0 0.04507866982940345 74.34615384615384 0.439102564102564 135.8653846153846 45.28846153846154 1.4423076923076923 43.84615384615385 2.1782941999845207
440000 99.0 0.04507866982940345 74.34615384615384 0.439102564102564 135.8653846153846 45.28846153846154 1.4423076923076923 43.84615384615385 1.8890994999092072
442000 99.51923076923077 0.045616439651155805 74.32692307692308 0.439102564102564 135.8653846153846 45.28846153846154 1.4230769230769231 43.86538461538461 1.784328099922277
444000 99.51923076923077 0.045616439651155805 74.32692307692308 0.439102564102564 135.8653846153846 45.28846153846154 1.4230769230769231 43.86538461538461 1.7874235000927001
446000 99.51923076923077 0.045616439651155805 74.32692307692308 0.439102564102564 135.8653846153846 45.28846153846154 1.4230769230769231 43.86538461538461 1.9766374999890104
448000 99.48076923076923 0.04554548894817877 74.38461538461539 0.439102564102564 135.8653846153846 45.28846153846154 1.4038461538461537 43.88461538461539 1.8750692000612617
450000 99.51923076923077 0.045616439651155805 74.32692307692308 0.439102564102564 135.8653846153846 45.28846153846154 1.4230769230769231 43.86538461538461 1.7125378999626264
452000 99.48076923076923 0.04554548894817877 74.38461538461539 0.439102564102564 135.8653846153846 45.28846153846154 1.4038461538461537 43.88461538461539 2.057982699945569
454000 99.48076923076923 0.04554548894817877 74.38461538461539 0.439102564102564 135.8653846153846 45.28846153846154 1.4038461538461537 43.88461538461539 2.103676400030963
456000 99.63461538461539 0.045583902502650944 74.32692307692308 0.439102564102564 135.8653846153846 45.28846153846154 1.4038461538461537 43.88461538461539 1.8940268999431282
458000 99.38461538461539 0.045138785828098486 74.46153846153847 0.439102564102564 135.8653846153846 45.28846153846154 1.4038461538461537 43.88461538461539 2.3005938000278547
460000 99.48076923076923 0.04554548894817877 74.38461538461539 0.439102564102564 135.8653846153846 45.28846153846154 1.4038461538461537 43.88461538461539 1.9937170000048354
462000 99.51923076923077 0.045616439651155805 74.32692307692308 0.439102564102564 135.8653846153846 45.28846153846154 1.4230769230769231 43.86538461538461 1.907694200053811
464000 99.51923076923077 0.045616439651155805 74.32692307692308 0.439102564102564 135.8653846153846 45.28846153846154 1.4230769230769231 43.86538461538461 1.8071601999690756
466000 99.25 0.04521400225169262 74.40384615384616 0.439102564102564 135.8653846153846 45.28846153846154 1.4230769230769231 43.86538461538461 2.0739495999878272
468000 99.21153846153847 0.04514237474292026 74.46153846153847 0.439102564102564 135.8653846153846 45.28846153846154 1.4038461538461537 43.88461538461539 1.6221340999472886
470000 99.4423076923077 0.045489521010913976 74.46153846153847 0.439102564102564 135.8653846153846 45.28846153846154 1.3846153846153846 43.90384615384615 1.7266978999832645
472000 99.13461538461539 0.04506947876411179 74.42307692307692 0.439102564102564 135.8653846153846 45.28846153846154 1.4230769230769231 43.86538461538461 1.763526099966839
474000 99.13461538461539 0.04506947876411179 74.42307692307692 0.439102564102564 135.8653846153846 45.28846153846154 1.4230769230769231 43.86538461538461 1.5494702000869438
476000 99.09615384615384 0.045014187632642325 74.5 0.439102564102564 135.8653846153846 45.28846153846154 1.4038461538461537 43.88461538461539 1.6098385999212041
478000 99.40384615384616 0.04547191616357498 74.34615384615384 0.439102564102564 135.8653846153846 45.28846153846154 1.4230769230769231 43.86538461538461 1.4680073000490665
480000 99.13461538461539 0.04506947876411179 74.42307692307692 0.439102564102564 135.8653846153846 45.28846153846154 1.4230769230769231 43.86538461538461 1.446106699993834
482000 99.28846153846153 0.04510789231858397 74.36538461538461 0.439102564102564 135.8653846153846 45.28846153846154 1.4230769230769231 43.86538461538461 1.5021377999801189
484000 99.40384615384616 0.04547191616357498 74.34615384615384 0.439102564102564 135.8653846153846 45.28846153846154 1.4230769230769231 43.86538461538461 1.4057217000517994
486000 99.40384615384616 0.04547191616357498 74.34615384615384 0.439102564102564 135.8653846153846 45.28846153846154 1.4230769230769231 43.86538461538461 1.3572336001088843
488000 99.40384615384616 0.04547191616357498 74.34615384615384 0.439102564102564 135.8653846153846 45.28846153846154 1.4230769230769231 43.86538461538461 1.331685999990441
490000 99.3076923076923 0.04532790958493385 74.32692307692308 0.439102564102564 135.8653846153846 45.28846153846154 1.4230769230769231 43.86538461538461 1.5204793000593781
492000 99.3076923076923 0.04532790958493385 74.32692307692308 0.439102564102564 135.8653846153846 45.28846153846154 1.4230769230769231 43.86538461538461 1.3991955999517813
494000 99.5576923076923 0.04516385178276964 74.3076923076923 0.439102564102564 135.8653846153846 45.28846153846154 1.4038461538461537 43.88461538461539 1.4094685999443755
496000 99.6923076923077 0.045552897839453266 74.34615384615384 0.439102564102564 135.8653846153846 45.28846153846154 1.4038461538461537 43.88461538461539 1.5318133999826387
498000 99.5576923076923 0.04516385178276964 74.3076923076923 0.439102564102564 135.8653846153846 45.28846153846154 1.4038461538461537 43.88461538461539 1.339989300002344
500000 99.5576923076923 0.04516385178276964 74.3076923076923 0.439102564102564 135.8653846153846 45.28846153846154 1.4038461538461537 43.88461538461539 1.4131613000063226
