2000 2.6923076923076925 0.0006577882981430494 107.96153846153847 0.07051282051282051 135.8653846153846 45.28846153846154 1.2307692307692308 44.05769230769231 0.5776333999820054
4000 2.1538461538461537 0.0004955436658574927 108.3076923076923 0.11057692307692307 135.8653846153846 45.28846153846154 1.1923076923076923 44.09615384615385 0.5993075000005774
6000 1.6923076923076923 0.0002749718690884611 108.88461538461539 0.07051282051282051 135.8653846153846 45.28846153846154 1.1923076923076923 44.09615384615385 0.684664900007192
8000 1.5961538461538463 0.000319279224114777 108.0 0.14583333333333334 135.8653846153846 45.28846153846154 2.0961538461538463 43.19230769230769 0.7369171000318602
10000 3.7884615384615383 0.001141357007886787 108.26923076923077 0.1201923076923077 135.8653846153846 45.28846153846154 2.326923076923077 42.96153846153846 0.7643030000035651
12000 2.25 0.0005831141712639731 106.4423076923077 0.11538461538461536 135.8653846153846 45.28846153846154 1.2692307692307692 44.01923076923077 0.940131500014104
14000 6.730769230769231 0.002603961089860084 105.42307692307692 0.1346153846153846 135.8653846153846 45.28846153846154 1.3076923076923077 43.98076923076923 1.0666014000307769
16000 2.1923076923076925 0.0003977030219933379 106.92307692307692 0.08974358974358973 135.8653846153846 45.28846153846154 1.1923076923076923 44.09615384615385 1.1808528999681585
18000 2.3076923076923075 0.0004125804320841089 108.1923076923077 0.0689102564102564 135.8653846153846 45.28846153846154 1.1923076923076923 44.09615384615385 1.729254600009881
20000 2.173076923076923 0.0003502272067980995 108.03846153846153 0.08653846153846154 135.8653846153846 45.28846153846154 1.1923076923076923 44.09615384615385 1.7156149000511505
22000 1.7884615384615385 0.00024514531943428496 107.75 0.07692307692307693 135.8653846153846 45.28846153846154 1.3461538461538463 43.94230769230769 1.8348590999958105
24000 2.2884615384615383 0.0004331477075693128 107.25 0.10096153846153846 135.8653846153846 45.28846153846154 1.3076923076923077 43.98076923076923 1.887563499971293
26000 2.1538461538461537 0.0005757240626493439 107.84615384615384 0.10737179487179487 135.8653846153846 45.28846153846154 1.9807692307692308 43.30769230769231 1.8540881999651901
28000 2.4423076923076925 0.00047406274311780045 108.25 0.08173076923076923 135.8653846153846 45.28846153846154 1.4615384615384615 43.82692307692308 1.9694694000063464
30000 2.3076923076923075 0.0005258754640110561 108.73076923076923 0.08814102564102563 135.8653846153846 45.28846153846154 2.1346153846153846 43.15384615384615 1.9239826000411995
32000 2.3461538461538463 0.0005914105508031497 110.65384615384616 0.07532051282051282 135.8653846153846 45.28846153846154 1.1923076923076923 44.09615384615385 1.9606256000115536
34000 1.6153846153846154 0.00032470107634491655 110.3076923076923 0.10576923076923077 135.8653846153846 45.28846153846154 2.519230769230769 42.76923076923077 1.9153557000099681
36000 2.6538461538461537 0.00046288614793732556 109.0576923076923 0.08012820512820512 135.8653846153846 45.28846153846154 1.1923076923076923 44.09615384615385 1.9249647000106052
38000 2.4423076923076925 0.0005003145042376861 109.09615384615384 0.07692307692307691 135.8653846153846 45.28846153846154 1.1923076923076923 44.09615384615385 1.8479687999933958
40000 1.6538461538461537 0.00025404018853759653 110.3076923076923 0.08814102564102565 135.8653846153846 45.28846153846154 1.1923076923076923 44.09615384615385 2.020246100029908
42000 3.1346153846153846 0.000801927246795821 109.01923076923077 0.08493589743589743 135.8653846153846 45.28846153846154 1.1923076923076923 44.09615384615385 1.8333535999991
44000 2.0961538461538463 0.0004851941006750651 109.38461538461539 0.052884615384615384 135.8653846153846 45.28846153846154 1.1923076923076923 44.09615384615385 1.9157266999827698
46000 1.7692307692307692 0.0002865880618522878 109.78846153846153 0.08012820512820512 135.8653846153846 45.28846153846154 1.1923076923076923 44.09615384615385 1.777452899958007
48000 1.7115384615384615 0.00027109213157548007 110.59615384615384 0.07532051282051283 135.8653846153846 45.28846153846154 1.1923076923076923 44.09615384615385 1.7719114999636076
50000 1.7884615384615385 0.00036925608518050955 111.11538461538461 0.07852564102564104 135.8653846153846 45.28846153846154 1.1923076923076923 44.09615384615385 1.828201900003478
52000 2.019230769230769 0.0004047312955937112 110.61538461538461 0.060897435897435896 135.8653846153846 45.28846153846154 1.1923076923076923 44.09615384615385 1.8050214999821037
54000 2.019230769230769 0.00041959336906557574 111.0576923076923 0.03205128205128205 135.8653846153846 45.28846153846154 1.1923076923076923 44.09615384615385 1.7625671999994665
56000 1.8461538461538463 0.0004168719139928215 111.11538461538461 0.08012820512820513 135.8653846153846 45.28846153846154 1.1923076923076923 44.09615384615385 1.8286666999920271
58000 1.9615384615384615 0.0005040768580304328 110.5 0.1185897435897436 135.8653846153846 45.28846153846154 1.1923076923076923 44.09615384615385 2.0575728999683633
60000 1.8269230769230769 0.00038000637733051054 110.38461538461539 0.08653846153846154 135.8653846153846 45.28846153846154 1.1923076923076923 44.09615384615385 1.9045508000417612
62000 2.076923076923077 0.0004386356062945874 110.26923076923077 0.10737179487179487 135.8653846153846 45.28846153846154 1.1923076923076923 44.09615384615385 1.7861797999939881
64000 2.5576923076923075 0.0006438016679847058 109.0 0.1298076923076923 135.8653846153846 45.28846153846154 1.1923076923076923 44.09615384615385 1.8768982000183314
66000 2.5576923076923075 0.000636053024368843 108.88461538461539 0.12019230769230768 135.8653846153846 45.28846153846154 1.1923076923076923 44.09615384615385 1.7930924000102095
68000 2.3846153846153846 0.0005706749441733578 109.86538461538461 0.11057692307692306 135.8653846153846 45.28846153846154 1.1923076923076923 44.09615384615385 1.8121839000377804
70000 2.7115384615384617 0.0007278171503787648 108.42307692307692 0.12019230769230768 135.8653846153846 45.28846153846154 1.1923076923076923 44.09615384615385 1.8791788999806158
72000 2.5576923076923075 0.0006692117887785668 108.96153846153847 0.12019230769230768 135.8653846153846 45.28846153846154 1.1923076923076923 44.09615384615385 2.0662642000243068
74000 2.8076923076923075 0.0007760676691729443 108.61538461538461 0.10096153846153845 135.8653846153846 45.28846153846154 1.1923076923076923 44.09615384615385 1.9515478999819607
76000 4.115384615384615 0.0015973581056300918 105.9423076923077 0.15384615384615385 135.8653846153846 45.28846153846154 1.1923076923076923 44.09615384615385 1.812810699979309
78000 7.826923076923077 0.00322855655804364 100.46153846153847 0.1618589743589744 135.8653846153846 45.28846153846154 1.1923076923076923 44.09615384615385 1.7427091000135988
80000 4.9423076923076925 0.0016497385267243117 104.38461538461539 0.12500000000000003 135.8653846153846 45.28846153846154 1.1923076923076923 44.09615384615385 2.3024328000028618
82000 6.076923076923077 0.002134506104449127 103.63461538461539 0.1362179487179487 135.8653846153846 45.28846153846154 1.1923076923076923 44.09615384615385 1.804245000006631
84000 6.0576923076923075 0.0022955882006048954 103.40384615384616 0.1346153846153846 135.8653846153846 45.28846153846154 1.1923076923076923 44.09615384615385 2.0131686000386253
86000 6.480769230769231 0.0026113289725634356 103.3076923076923 0.16185897435897434 135.8653846153846 45.28846153846154 1.1923076923076923 44.09615384615385 1.8342538999859244
88000 7.4423076923076925 0.0020629167198767057 100.17307692307692 0.18429487179487178 135.8653846153846 45.28846153846154 1.1923076923076923 44.09615384615385 1.909279199957382
90000 6.615384615384615 0.0024968207137372645 102.21153846153847 0.16666666666666666 135.8653846153846 45.28846153846154 1.1923076923076923 44.09615384615385 1.8789848000160418
92000 8.673076923076923 0.002585819582567113 99.28846153846153 0.20673076923076922 135.8653846153846 45.28846153846154 1.1923076923076923 44.09615384615385 1.7672460000030696
94000 9.365384615384615 0.0033052476839937183 98.84615384615384 0.17628205128205127 135.8653846153846 45.28846153846154 1.1923076923076923 44.09615384615385 1.9422479000058956
96000 11.057692307692308 0.003590513584169155 97.1923076923077 0.20833333333333334 135.8653846153846 45.28846153846154 1.1923076923076923 44.09615384615385 1.8001564999576658
98000 10.788461538461538 0.0028889721141068065 98.59615384615384 0.1907051282051282 135.8653846153846 45.28846153846154 1.1923076923076923 44.09615384615385 2.002636299992446
100000 9.596153846153847 0.0026968599814225524 98.84615384615384 0.1987179487179487 135.8653846153846 45.28846153846154 1.1923076923076923 44.09615384615385 1.924989499966614
102000 11.807692307692308 0.003318907062860913 96.88461538461539 0.2067307692307692 135.8653846153846 45.28846153846154 1.1923076923076923 44.09615384615385 1.7606923999846913
104000 20.076923076923077 0.0073196775075438725 91.48076923076923 0.25480769230769224 135.8653846153846 45.28846153846154 1.1923076923076923 44.09615384615385 1.8034963999525644
106000 18.692307692307693 0.006167797173514244 91.59615384615384 0.23717948717948717 135.8653846153846 45.28846153846154 1.1923076923076923 44.09615384615385 2.111286899948027
108000 20.057692307692307 0.007479275158701166 91.42307692307692 0.23878205128205127 135.8653846153846 45.28846153846154 1.1923076923076923 44.09615384615385 1.8904247000464238
110000 20.596153846153847 0.007772928669270004 90.67307692307692 0.24839743589743588 135.8653846153846 45.28846153846154 1.1923076923076923 44.09615384615385 1.799943300022278
112000 18.51923076923077 0.006962276401540838 92.01923076923077 0.2243589743589744 135.8653846153846 45.28846153846154 1.1923076923076923 44.09615384615385 2.047214600024745
114000 22.173076923076923 0.008471180044006429 89.92307692307692 0.25 135.8653846153846 45.28846153846154 1.1923076923076923 44.09615384615385 1.7873142999596894
116000 24.134615384615383 0.009611550923010977 89.07692307692308 0.30929487179487186 135.8653846153846 45.28846153846154 1.1923076923076923 44.09615384615385 1.970959700003732
118000 30.115384615384617 0.012886796360995703 88.23076923076923 0.3044871794871795 135.8653846153846 45.28846153846154 1.1923076923076923 44.09615384615385 1.9465822000056505
120000 33.36538461538461 0.013011272016743812 87.21153846153847 0.2900641025641026 135.8653846153846 45.28846153846154 1.1923076923076923 44.09615384615385 2.0118687000358477
122000 33.17307692307692 0.013132568908692022 87.88461538461539 0.3028846153846154 135.8653846153846 45.28846153846154 1.1923076923076923 44.09615384615385 1.8405483000096865
124000 31.903846153846153 0.01207891769336662 87.84615384615384 0.30929487179487186 135.8653846153846 45.28846153846154 1.1923076923076923 44.09615384615385 1.9978987000067718
126000 34.13461538461539 0.013072552441683854 86.32692307692308 0.31410256410256415 135.8653846153846 45.28846153846154 1.1923076923076923 44.09615384615385 1.8092335000401363
128000 34.11538461538461 0.012634875189711693 86.17307692307692 0.31410256410256415 135.8653846153846 45.28846153846154 1.1923076923076923 44.09615384615385 2.0494094000314362
130000 37.11538461538461 0.014267617322113395 83.63461538461539 0.3477564102564103 135.8653846153846 45.28846153846154 1.1923076923076923 44.09615384615385 1.789999699976761
132000 34.34615384615385 0.013059788611393616 85.07692307692308 0.30929487179487186 135.8653846153846 45.28846153846154 1.1923076923076923 44.09615384615385 1.9914285999839194
134000 33.86538461538461 0.012637700138241883 85.65384615384616 0.31891025641025644 135.8653846153846 45.28846153846154 1.1923076923076923 44.09615384615385 1.7617946999962442
136000 34.11538461538461 0.013065143867785015 85.6923076923077 0.31891025641025644 135.8653846153846 45.28846153846154 1.1923076923076923 44.09615384615385 1.7839801000081934
138000 34.07692307692308 0.013050277291899571 86.13461538461539 0.3125 135.8653846153846 45.28846153846154 1.1923076923076923 44.09615384615385 1.8655071999528445
140000 34.65384615384615 0.013473803286459609 84.67307692307692 0.31410256410256415 135.8653846153846 45.28846153846154 1.1923076923076923 44.09615384615385 1.8415539999841712
142000 34.07692307692308 0.012930171257391146 85.40384615384616 0.31891025641025644 135.8653846153846 45.28846153846154 1.1923076923076923 44.09615384615385 1.8197016000049189
144000 34.86538461538461 0.012699518961670151 85.26923076923077 0.3076923076923077 135.8653846153846 45.28846153846154 1.2115384615384615 44.07692307692308 1.8064963999786414
146000 36.26923076923077 0.01316933490500985 85.40384615384616 0.3269230769230769 135.8653846153846 45.28846153846154 1.1923076923076923 44.09615384615385 1.9278330999659374
148000 36.38461538461539 0.013041487805229922 84.90384615384616 0.3269230769230769 135.8653846153846 45.28846153846154 1.1923076923076923 44.09615384615385 1.84480960003566
150000 34.76923076923077 0.01241305783723942 85.59615384615384 0.31410256410256415 135.8653846153846 45.28846153846154 1.2115384615384615 44.07692307692308 2.0213686999632046
152000 36.26923076923077 0.01322335010466774 84.46153846153847 0.31410256410256415 135.8653846153846 45.28846153846154 1.25 44.03846153846154 1.8350005999673158
154000 35.59615384615385 0.012770068507983592 85.17307692307692 0.31410256410256415 135.8653846153846 45.28846153846154 1.1923076923076923 44.09615384615385 1.8732006000354886
156000 38.80769230769231 0.014624852082725273 84.75 0.3237179487179488 135.8653846153846 45.28846153846154 1.1923076923076923 44.09615384615385 2.2395735000027344
158000 41.36538461538461 0.014939007608223328 81.90384615384616 0.34455128205128205 135.8653846153846 45.28846153846154 1.1923076923076923 44.09615384615385 1.766593299980741
160000 48.40384615384615 0.01925245636099931 80.46153846153847 0.3605769230769231 135.8653846153846 45.28846153846154 1.1923076923076923 44.09615384615385 1.8415034000063315
162000 48.40384615384615 0.01925245636099931 80.46153846153847 0.3605769230769231 135.8653846153846 45.28846153846154 1.1923076923076923 44.09615384615385 1.9223793999990448
164000 48.84615384615385 0.019258526186309747 79.8076923076923 0.3557692307692308 135.8653846153846 45.28846153846154 1.1923076923076923 44.09615384615385 1.8896733000292443
166000 51.34615384615385 0.018234821865036575 79.48076923076923 0.3621794871794872 135.8653846153846 45.28846153846154 1.1923076923076923 44.09615384615385 1.8934622999513522
168000 69.0 0.02584186827830983 77.46153846153847 0.38301282051282054 135.8653846153846 45.28846153846154 1.1923076923076923 44.09615384615385 2.0299433000036515
170000 69.96153846153847 0.027030831389355033 77.15384615384616 0.38782051282051283 135.8653846153846 45.28846153846154 1.1923076923076923 44.09615384615385 1.818663599959109
172000 77.65384615384616 0.0337044973408214 75.9423076923077 0.3798076923076923 135.8653846153846 45.28846153846154 1.1923076923076923 44.09615384615385 1.9105468999478035
174000 79.92307692307692 0.03535440877668273 75.25 0.38461538461538464 135.8653846153846 45.28846153846154 1.1923076923076923 44.09615384615385 2.0275931999785826
176000 80.5 0.03634318942540693 74.78846153846153 0.3894230769230769 135.8653846153846 45.28846153846154 1.1923076923076923 44.09615384615385 1.9674857999780215
178000 86.51923076923077 0.03895854888217901 74.17307692307692 0.40865384615384615 135.8653846153846 45.28846153846154 1.1923076923076923 44.09615384615385 1.7983420999953523
180000 86.51923076923077 0.03895854888217901 74.17307692307692 0.40865384615384615 135.8653846153846 45.28846153846154 1.1923076923076923 44.09615384615385 2.0171830999897793
182000 86.61538461538461 0.03872366520640931 74.4423076923077 0.40865384615384615 135.8653846153846 45.28846153846154 1.2115384615384615 44.07692307692308 1.8757467999821529
184000 87.07692307692308 0.03893678593058377 74.13461538461539 0.40865384615384615 135.8653846153846 45.28846153846154 1.2307692307692308 44.05769230769231 1.9999333000159822
186000 90.03846153846153 0.04135704472023179 74.07692307692308 0.40865384615384615 135.8653846153846 45.28846153846154 1.2115384615384615 44.07692307692308 1.8340548999840394
188000 90.6923076923077 0.04166174993392747 74.0 0.40865384615384615 135.8653846153846 45.28846153846154 1.2307692307692308 44.05769230769231 1.9025457999669015
190000 89.6923076923077 0.039980023165677565 74.92307692307692 0.4230769230769231 135.8653846153846 45.28846153846154 1.2884615384615385 44.0 1.833973100001458
192000 91.9423076923077 0.04226157731285675 74.03846153846153 0.4375 135.8653846153846 45.28846153846154 1.2884615384615385 44.0 1.9938298999913968
194000 92.67307692307692 0.04260250515282564 73.96153846153847 0.4230769230769231 135.8653846153846 45.28846153846154 1.3269230769230769 43.96153846153846 1.9542072999756783
196000 92.86538461538461 0.04283527552619099 73.86538461538461 0.4326923076923077 135.8653846153846 45.28846153846154 1.5 43.78846153846154 1.877641799976118
198000 99.11538461538461 0.04541841343170641 73.86538461538461 0.42788461538461536 135.8653846153846 45.28846153846154 1.25 44.03846153846154 1.8576883999630809
200000 107.34615384615384 0.04908708792790463 74.21153846153847 0.43589743589743585 135.8653846153846 45.28846153846154 1.4230769230769231 43.86538461538461 1.9674185999901965
202000 111.5 0.05054818327860939 74.25 0.4262820512820512 135.8653846153846 45.28846153846154 1.1923076923076923 44.09615384615385 1.8495276999892667
204000 113.38461538461539 0.05146363198791042 74.36538461538461 0.4519230769230769 135.8653846153846 45.28846153846154 1.1923076923076923 44.09615384615385 1.751279899966903
206000 115.25 0.052426901029698 73.96153846153847 0.4519230769230769 135.8653846153846 45.28846153846154 1.1923076923076923 44.09615384615385 1.82427609997103
208000 114.92307692307692 0.05238418755379466 74.0 0.4519230769230769 135.8653846153846 45.28846153846154 1.1923076923076923 44.09615384615385 1.814643099962268
210000 114.92307692307692 0.05238418755379466 74.0 0.4519230769230769 135.8653846153846 45.28846153846154 1.1923076923076923 44.09615384615385 1.849595199979376
212000 114.75 0.052232398987300664 74.03846153846153 0.4519230769230769 135.8653846153846 45.28846153846154 1.1923076923076923 44.09615384615385 1.8629746999940835
214000 113.48076923076923 0.051458708941888295 74.23076923076923 0.4519230769230769 135.8653846153846 45.28846153846154 1.1923076923076923 44.09615384615385 1.788791399972979
216000 113.48076923076923 0.051458708941888295 74.23076923076923 0.4519230769230769 135.8653846153846 45.28846153846154 1.1923076923076923 44.09615384615385 2.0797398000140674
218000 113.48076923076923 0.051458708941888295 74.23076923076923 0.4519230769230769 135.8653846153846 45.28846153846154 1.1923076923076923 44.09615384615385 1.8301545000285842
220000 113.57692307692308 0.05161960789455972 74.15384615384616 0.4519230769230769 135.8653846153846 45.28846153846154 1.1923076923076923 44.09615384615385 2.20730279997224
222000 114.75 0.052232398987300664 74.03846153846153 0.4519230769230769 135.8653846153846 45.28846153846154 1.1923076923076923 44.09615384615385 1.8126769000082277
224000 114.21153846153847 0.05195517072020339 74.26923076923077 0.4519230769230769 135.8653846153846 45.28846153846154 1.1923076923076923 44.09615384615385 1.7820922000100836
226000 113.32692307692308 0.05028709314995266 74.57692307692308 0.4519230769230769 135.8653846153846 45.28846153846154 1.1923076923076923 44.09615384615385 1.8626851000008173
228000 114.40384615384616 0.051973329813005884 74.1923076923077 0.4519230769230769 135.8653846153846 45.28846153846154 1.1923076923076923 44.09615384615385 1.8466510999714956
230000 114.34615384615384 0.052026903591509424 74.23076923076923 0.4519230769230769 135.8653846153846 45.28846153846154 1.1923076923076923 44.09615384615385 1.7921504999976605
232000 110.25 0.04977709489006034 74.65384615384616 0.4423076923076923 135.8653846153846 45.28846153846154 1.1923076923076923 44.09615384615385 1.93281329999445
234000 113.0576923076923 0.050310199360921556 74.5 0.4519230769230769 135.8653846153846 45.28846153846154 1.1923076923076923 44.09615384615385 1.8162944999639876
236000 114.53846153846153 0.05204506268431192 74.15384615384616 0.4519230769230769 135.8653846153846 45.28846153846154 1.1923076923076923 44.09615384615385 1.8353510000160895
238000 114.53846153846153 0.05204506268431192 74.15384615384616 0.4519230769230769 135.8653846153846 45.28846153846154 1.1923076923076923 44.09615384615385 1.5385960999992676
240000 113.46153846153847 0.0503588260212587 74.53846153846153 0.4519230769230769 135.8653846153846 45.28846153846154 1.1923076923076923 44.09615384615385 1.598385999968741
242000 113.5576923076923 0.05050414168137665 74.46153846153847 0.4519230769230769 135.8653846153846 45.28846153846154 1.1923076923076923 44.09615384615385 1.8549880999489687
244000 113.5576923076923 0.05050414168137665 74.46153846153847 0.4519230769230769 135.8653846153846 45.28846153846154 1.1923076923076923 44.09615384615385 2.1144727999926545
246000 113.5576923076923 0.05050414168137665 74.46153846153847 0.4519230769230769 135.8653846153846 45.28846153846154 1.1923076923076923 44.09615384615385 1.9741844999953173
248000 113.5576923076923 0.05050414168137665 74.46153846153847 0.4519230769230769 135.8653846153846 45.28846153846154 1.1923076923076923 44.09615384615385 1.817396300029941
250000 113.28846153846153 0.05024784496740548 74.57692307692308 0.4519230769230769 135.8653846153846 45.28846153846154 1.1923076923076923 44.09615384615385 1.9374173999531195
252000 111.42307692307692 0.04945348231774757 74.88461538461539 0.4519230769230769 135.8653846153846 45.28846153846154 1.1923076923076923 44.09615384615385 1.9877654000301845
254000 108.26923076923077 0.04892648973825447 75.3076923076923 0.4519230769230769 135.8653846153846 45.28846153846154 1.1923076923076923 44.09615384615385 1.9344426000025123
256000 113.48076923076923 0.050444580872372816 74.34615384615384 0.4519230769230769 135.8653846153846 45.28846153846154 1.1923076923076923 44.09615384615385 1.8484622999676503
258000 113.46153846153847 0.05034154492113427 74.3076923076923 0.4519230769230769 135.8653846153846 45.28846153846154 1.1923076923076923 44.09615384615385 1.9422959000221454
260000 113.51923076923077 0.05037181705674398 74.38461538461539 0.4519230769230769 135.8653846153846 45.28846153846154 1.1923076923076923 44.09615384615385 1.9147224999614991
262000 112.90384615384616 0.049270497574365524 75.0576923076923 0.4326923076923077 135.8653846153846 45.28846153846154 1.1923076923076923 44.09615384615385 1.955155800038483
264000 112.73076923076923 0.04917820598584959 75.09615384615384 0.4326923076923077 135.8653846153846 45.28846153846154 1.1923076923076923 44.09615384615385 1.9662222000188194
266000 113.40384615384616 0.05019806193106919 74.5 0.4519230769230769 135.8653846153846 45.28846153846154 1.1923076923076923 44.09615384615385 1.9400209999876097
268000 114.34615384615384 0.05184973514455744 74.15384615384616 0.4519230769230769 135.8653846153846 45.28846153846154 1.1923076923076923 44.09615384615385 1.996764300041832
270000 113.51923076923077 0.05037181705674398 74.38461538461539 0.4519230769230769 135.8653846153846 45.28846153846154 1.1923076923076923 44.09615384615385 1.863888899970334
272000 113.51923076923077 0.05037181705674398 74.38461538461539 0.4519230769230769 135.8653846153846 45.28846153846154 1.1923076923076923 44.09615384615385 1.8658543999772519
274000 114.6923076923077 0.05209381529956737 74.07692307692308 0.4519230769230769 135.8653846153846 45.28846153846154 1.1923076923076923 44.09615384615385 2.1393580000149086
276000 115.8076923076923 0.05249949379744489 74.03846153846153 0.4519230769230769 135.8653846153846 45.28846153846154 1.1923076923076923 44.09615384615385 1.9409841999877244
278000 115.78846153846153 0.052488891811178204 74.03846153846153 0.4519230769230769 135.8653846153846 45.28846153846154 1.1923076923076923 44.09615384615385 1.9294960999977775
280000 115.8076923076923 0.05249949379744489 74.03846153846153 0.4519230769230769 135.8653846153846 45.28846153846154 1.1923076923076923 44.09615384615385 2.0528709000209346
282000 115.8076923076923 0.05249949379744489 74.03846153846153 0.4519230769230769 135.8653846153846 45.28846153846154 1.1923076923076923 44.09615384615385 1.830234399996698
284000 115.8076923076923 0.05249949379744489 74.03846153846153 0.4519230769230769 135.8653846153846 45.28846153846154 1.1923076923076923 44.09615384615385 1.9687931000371464
286000 115.88461538461539 0.05254056948706557 73.96153846153847 0.4519230769230769 135.8653846153846 45.28846153846154 1.1923076923076923 44.09615384615385 1.824408000044059
288000 115.78846153846153 0.052488891811178204 74.03846153846153 0.4519230769230769 135.8653846153846 45.28846153846154 1.1923076923076923 44.09615384615385 1.9595287999836728
290000 115.88461538461539 0.05254056948706557 73.96153846153847 0.4519230769230769 135.8653846153846 45.28846153846154 1.1923076923076923 44.09615384615385 2.07180309999967
292000 115.88461538461539 0.05254056948706557 73.96153846153847 0.4519230769230769 135.8653846153846 45.28846153846154 1.1923076923076923 44.09615384615385 1.960318700002972
294000 115.8076923076923 0.05249949379744489 74.03846153846153 0.4519230769230769 135.8653846153846 45.28846153846154 1.1923076923076923 44.09615384615385 1.8577930000028573
296000 115.8076923076923 0.05249949379744489 74.03846153846153 0.4519230769230769 135.8653846153846 45.28846153846154 1.1923076923076923 44.09615384615385 1.8503572999616154
298000 116.13461538461539 0.05254220727334821 74.0 0.4519230769230769 135.8653846153846 45.28846153846154 1.1923076923076923 44.09615384615385 1.9974299000459723
300000 115.8076923076923 0.05249949379744489 74.03846153846153 0.4519230769230769 135.8653846153846 45.28846153846154 1.1923076923076923 44.09615384615385 1.933961599948816
302000 115.8076923076923 0.05249949379744489 74.03846153846153 0.4519230769230769 135.8653846153846 45.28846153846154 1.1923076923076923 44.09615384615385 1.7980707000242546
304000 114.5 0.050593291315299466 74.5 0.4519230769230769 135.8653846153846 45.28846153846154 1.1923076923076923 44.09615384615385 1.9925005999975838
306000 116.11538461538461 0.052531883386957544 74.01923076923077 0.4519230769230769 135.8653846153846 45.28846153846154 1.1923076923076923 44.09615384615385 1.7738123000017367
308000 115.78846153846153 0.05248916991105422 74.0576923076923 0.4519230769230769 135.8653846153846 45.28846153846154 1.1923076923076923 44.09615384615385 1.8707665000110865
310000 115.78846153846153 0.05248916991105422 74.0576923076923 0.4519230769230769 135.8653846153846 45.28846153846154 1.1923076923076923 44.09615384615385 1.847335500002373
312000 115.78846153846153 0.05248916991105422 74.0576923076923 0.4519230769230769 135.8653846153846 45.28846153846154 1.1923076923076923 44.09615384615385 1.8580442999955267
314000 115.78846153846153 0.05248898524001432 74.03846153846153 0.4519230769230769 135.8653846153846 45.28846153846154 1.1923076923076923 44.09615384615385 1.8954580999561585
316000 115.88461538461539 0.05254056948706557 73.96153846153847 0.4519230769230769 135.8653846153846 45.28846153846154 1.1923076923076923 44.09615384615385 1.8610091999871656
318000 114.0 0.051809059199909475 74.03846153846153 0.4519230769230769 135.8653846153846 45.28846153846154 1.1923076923076923 44.09615384615385 1.8518056999891996
320000 114.09615384615384 0.05186064344696072 73.96153846153847 0.4519230769230769 135.8653846153846 45.28846153846154 1.1923076923076923 44.09615384615385 2.0276254999917
322000 113.90384615384616 0.051723125619605674 74.01923076923077 0.4519230769230769 135.8653846153846 45.28846153846154 1.1923076923076923 44.09615384615385 1.9206342000397854
324000 114.0 0.05177470986665692 73.9423076923077 0.4519230769230769 135.8653846153846 45.28846153846154 1.1923076923076923 44.09615384615385 2.062464300019201
326000 116.11538461538461 0.0524973493826651 73.90384615384616 0.4519230769230769 135.8653846153846 45.28846153846154 1.1923076923076923 44.09615384615385 1.976054499973543
328000 116.21153846153847 0.052583282962968894 73.92307692307692 0.4519230769230769 135.8653846153846 45.28846153846154 1.1923076923076923 44.09615384615385 2.2977228999952786
330000 116.5576923076923 0.05269935094034168 73.63461538461539 0.4519230769230769 135.8653846153846 45.28846153846154 1.1923076923076923 44.09615384615385 2.187067900027614
332000 116.46153846153847 0.05279262463664314 73.71153846153847 0.4519230769230769 135.8653846153846 45.28846153846154 1.1923076923076923 44.09615384615385 2.088507199950982
334000 116.26923076923077 0.05270108314926965 73.78846153846153 0.4519230769230769 135.8653846153846 45.28846153846154 1.1923076923076923 44.09615384615385 2.0039969999925233
336000 116.26923076923077 0.05270108314926965 73.78846153846153 0.4519230769230769 135.8653846153846 45.28846153846154 1.1923076923076923 44.09615384615385 2.0651867000269704
338000 116.36538461538461 0.05278701672957345 73.8076923076923 0.4519230769230769 135.8653846153846 45.28846153846154 1.1923076923076923 44.09615384615385 2.341668200038839
340000 116.36538461538461 0.05278701672957345 73.8076923076923 0.4519230769230769 135.8653846153846 45.28846153846154 1.1923076923076923 44.09615384615385 2.022663299983833
342000 116.5576923076923 0.05287855821694694 73.73076923076923 0.4519230769230769 135.8653846153846 45.28846153846154 1.1923076923076923 44.09615384615385 2.073115399980452
344000 116.46153846153847 0.05279262463664314 73.71153846153847 0.4519230769230769 135.8653846153846 45.28846153846154 1.1923076923076923 44.09615384615385 2.1335000000544824
346000 116.5576923076923 0.05287855821694694 73.73076923076923 0.4519230769230769 135.8653846153846 45.28846153846154 1.1923076923076923 44.09615384615385 1.9295863999868743
348000 116.5576923076923 0.05287855821694694 73.73076923076923 0.4519230769230769 135.8653846153846 45.28846153846154 1.1923076923076923 44.09615384615385 1.9673023999785073
350000 116.5576923076923 0.05287855821694694 73.73076923076923 0.4519230769230769 135.8653846153846 45.28846153846154 1.1923076923076923 44.09615384615385 1.9274101000046358
352000 116.5576923076923 0.05287855821694694 73.73076923076923 0.4519230769230769 135.8653846153846 45.28846153846154 1.1923076923076923 44.09615384615385 2.1985595999867655
354000 116.23076923076923 0.052499875411903 73.88461538461539 0.4519230769230769 135.8653846153846 45.28846153846154 1.1923076923076923 44.09615384615385 2.0917316999984905
356000 116.38461538461539 0.05272676965045294 73.76923076923077 0.4519230769230769 135.8653846153846 45.28846153846154 1.1923076923076923 44.09615384615385 2.0794428000226617
358000 116.38461538461539 0.05272676965045294 73.76923076923077 0.4519230769230769 135.8653846153846 45.28846153846154 1.1923076923076923 44.09615384615385 1.9672348000458442
360000 116.38461538461539 0.05272676965045294 73.76923076923077 0.4519230769230769 135.8653846153846 45.28846153846154 1.1923076923076923 44.09615384615385 2.0370707999682054
362000 116.38461538461539 0.05272676965045294 73.76923076923077 0.4519230769230769 135.8653846153846 45.28846153846154 1.1923076923076923 44.09615384615385 2.1618853000109084
364000 116.38461538461539 0.05272676965045294 73.76923076923077 0.4519230769230769 135.8653846153846 45.28846153846154 1.1923076923076923 44.09615384615385 2.162163299974054
366000 116.1923076923077 0.05263522816307945 73.84615384615384 0.4519230769230769 135.8653846153846 45.28846153846154 1.1923076923076923 44.09615384615385 1.918709600053262
368000 116.1923076923077 0.05263522816307945 73.84615384615384 0.4519230769230769 135.8653846153846 45.28846153846154 1.1923076923076923 44.09615384615385 1.99516940000467
370000 116.1923076923077 0.05263522816307945 73.84615384615384 0.4519230769230769 135.8653846153846 45.28846153846154 1.1923076923076923 44.09615384615385 2.051817400031723
372000 115.61538461538461 0.05233738134456022 74.09615384615384 0.4519230769230769 135.8653846153846 45.28846153846154 1.1923076923076923 44.09615384615385 2.0555126999970526
374000 116.5576923076923 0.05287855821694694 73.73076923076923 0.4519230769230769 135.8653846153846 45.28846153846154 1.1923076923076923 44.09615384615385 2.0943421000265516
376000 116.5576923076923 0.05287855821694694 73.73076923076923 0.4519230769230769 135.8653846153846 45.28846153846154 1.1923076923076923 44.09615384615385 2.004764699959196
378000 116.5576923076923 0.05287855821694694 73.73076923076923 0.4519230769230769 135.8653846153846 45.28846153846154 1.1923076923076923 44.09615384615385 2.0772662999806926
380000 116.5576923076923 0.05287855821694694 73.73076923076923 0.4519230769230769 135.8653846153846 45.28846153846154 1.1923076923076923 44.09615384615385 1.9319798999931663
382000 116.5576923076923 0.05287855821694694 73.73076923076923 0.4519230769230769 135.8653846153846 45.28846153846154 1.1923076923076923 44.09615384615385 2.1596554999705404
384000 116.40384615384616 0.052651663978397004 73.84615384615384 0.4519230769230769 135.8653846153846 45.28846153846154 1.1923076923076923 44.09615384615385 2.0809550000121817
386000 116.15384615384616 0.052539186617018 73.82692307692308 0.4583333333333333 135.8653846153846 45.28846153846154 1.1923076923076923 44.09615384615385 1.9160691000288352
388000 116.5576923076923 0.05287855821694694 73.73076923076923 0.4519230769230769 135.8653846153846 45.28846153846154 1.1923076923076923 44.09615384615385 1.938739600009285
390000 115.88461538461539 0.05254056948706557 73.96153846153847 0.4519230769230769 135.8653846153846 45.28846153846154 1.1923076923076923 44.09615384615385 2.0447196000022814
392000 115.88461538461539 0.05254056948706557 73.96153846153847 0.4519230769230769 135.8653846153846 45.28846153846154 1.1923076923076923 44.09615384615385 2.066715499968268
394000 115.88461538461539 0.05254056948706557 73.96153846153847 0.4519230769230769 135.8653846153846 45.28846153846154 1.1923076923076923 44.09615384615385 2.0802185999928042
396000 115.88461538461539 0.05254056948706557 73.96153846153847 0.4519230769230769 135.8653846153846 45.28846153846154 1.1923076923076923 44.09615384615385 2.2406360000022687
398000 115.88461538461539 0.05254056948706557 73.96153846153847 0.4519230769230769 135.8653846153846 45.28846153846154 1.1923076923076923 44.09615384615385 2.311501699965447
400000 115.88461538461539 0.05254056948706557 73.96153846153847 0.4519230769230769 135.8653846153846 45.28846153846154 1.1923076923076923 44.09615384615385 1.9340794999734499
402000 115.73076923076923 0.052313675248515636 74.07692307692308 0.4519230769230769 135.8653846153846 45.28846153846154 1.1923076923076923 44.09615384615385 2.2942501999787055
404000 115.88461538461539 0.05254056948706557 73.96153846153847 0.4519230769230769 135.8653846153846 45.28846153846154 1.1923076923076923 44.09615384615385 2.045078099996317
406000 116.5576923076923 0.05287855821694694 73.73076923076923 0.4519230769230769 135.8653846153846 45.28846153846154 1.1923076923076923 44.09615384615385 2.1080898999935016
408000 116.5576923076923 0.05287855821694694 73.73076923076923 0.4519230769230769 135.8653846153846 45.28846153846154 1.1923076923076923 44.09615384615385 2.004183499957435
410000 116.38461538461539 0.05272676965045294 73.76923076923077 0.4519230769230769 135.8653846153846 45.28846153846154 1.1923076923076923 44.09615384615385 2.071985799993854
412000 116.38461538461539 0.05272676965045294 73.76923076923077 0.4519230769230769 135.8653846153846 45.28846153846154 1.1923076923076923 44.09615384615385 2.076380699989386
414000 116.38461538461539 0.05272676965045294 73.76923076923077 0.4519230769230769 135.8653846153846 45.28846153846154 1.1923076923076923 44.09615384615385 2.0683477999991737
416000 116.38461538461539 0.05272676965045294 73.76923076923077 0.4519230769230769 135.8653846153846 45.28846153846154 1.1923076923076923 44.09615384615385 2.1250473000109196
418000 116.46153846153847 0.05279262463664314 73.71153846153847 0.4519230769230769 135.8653846153846 45.28846153846154 1.1923076923076923 44.09615384615385 2.2808979999972507
420000 116.46153846153847 0.05279262463664314 73.71153846153847 0.4519230769230769 135.8653846153846 45.28846153846154 1.1923076923076923 44.09615384615385 2.0142663000151515
422000 116.5576923076923 0.05287855821694694 73.73076923076923 0.4519230769230769 135.8653846153846 45.28846153846154 1.1923076923076923 44.09615384615385 2.0695982000324875
424000 116.46153846153847 0.05279262463664314 73.71153846153847 0.4519230769230769 135.8653846153846 45.28846153846154 1.1923076923076923 44.09615384615385 1.9666705000563525
426000 116.46153846153847 0.05279262463664314 73.71153846153847 0.4519230769230769 135.8653846153846 45.28846153846154 1.1923076923076923 44.09615384615385 2.133956899982877
428000 116.46153846153847 0.05279262463664314 73.71153846153847 0.4519230769230769 135.8653846153846 45.28846153846154 1.1923076923076923 44.09615384615385 2.0558396999840625
430000 116.5576923076923 0.05287855821694694 73.73076923076923 0.4519230769230769 135.8653846153846 45.28846153846154 1.1923076923076923 44.09615384615385 2.146452600019984
432000 116.46153846153847 0.05279262463664314 73.71153846153847 0.4519230769230769 135.8653846153846 45.28846153846154 1.1923076923076923 44.09615384615385 2.0513717999565415
434000 116.23076923076923 0.05265663746443835 73.67307692307692 0.4519230769230769 135.8653846153846 45.28846153846154 1.1923076923076923 44.09615384615385 2.0032967000151984
436000 116.46153846153847 0.05279262463664314 73.71153846153847 0.4519230769230769 135.8653846153846 45.28846153846154 1.1923076923076923 44.09615384615385 2.110317100014072
438000 116.23076923076923 0.05265663746443835 73.67307692307692 0.4519230769230769 135.8653846153846 45.28846153846154 1.1923076923076923 44.09615384615385 1.8975608999608085
440000 116.23076923076923 0.05265663746443835 73.67307692307692 0.4519230769230769 135.8653846153846 45.28846153846154 1.1923076923076923 44.09615384615385 1.9281720000435598
442000 116.23076923076923 0.05265663746443835 73.67307692307692 0.4519230769230769 135.8653846153846 45.28846153846154 1.1923076923076923 44.09615384615385 1.9698936000349931
444000 116.23076923076923 0.05265663746443835 73.67307692307692 0.4519230769230769 135.8653846153846 45.28846153846154 1.1923076923076923 44.09615384615385 2.098467600008007
446000 116.23076923076923 0.05265663746443835 73.67307692307692 0.4519230769230769 135.8653846153846 45.28846153846154 1.1923076923076923 44.09615384615385 2.0759183000191115
448000 116.23076923076923 0.05265663746443835 73.67307692307692 0.4519230769230769 135.8653846153846 45.28846153846154 1.1923076923076923 44.09615384615385 1.9250253000063822
450000 116.23076923076923 0.05265663746443835 73.67307692307692 0.4519230769230769 135.8653846153846 45.28846153846154 1.1923076923076923 44.09615384615385 1.9560819999896921
452000 116.23076923076923 0.05265663746443835 73.67307692307692 0.4519230769230769 135.8653846153846 45.28846153846154 1.1923076923076923 44.09615384615385 2.0881153999944218
454000 116.23076923076923 0.05265663746443835 73.67307692307692 0.4519230769230769 135.8653846153846 45.28846153846154 1.1923076923076923 44.09615384615385 1.9083488000323996
456000 116.59615384615384 0.05288320857901697 73.8076923076923 0.4519230769230769 135.8653846153846 45.28846153846154 1.1923076923076923 44.09615384615385 1.8068301000166684
458000 116.59615384615384 0.05288320857901697 73.8076923076923 0.4519230769230769 135.8653846153846 45.28846153846154 1.1923076923076923 44.09615384615385 1.5798205999890342
460000 116.59615384615384 0.05288320857901697 73.8076923076923 0.4519230769230769 135.8653846153846 45.28846153846154 1.1923076923076923 44.09615384615385 1.5662353999796323
462000 116.59615384615384 0.05288320857901697 73.8076923076923 0.4519230769230769 135.8653846153846 45.28846153846154 1.1923076923076923 44.09615384615385 1.5575124000315554
464000 116.42307692307692 0.05260071716831478 74.03846153846153 0.4519230769230769 135.8653846153846 45.28846153846154 1.1923076923076923 44.09615384615385 1.5974847000325099
466000 116.4423076923077 0.052656314340467025 73.92307692307692 0.4519230769230769 135.8653846153846 45.28846153846154 1.1923076923076923 44.09615384615385 1.6190419000340626
468000 116.59615384615384 0.05288320857901697 73.8076923076923 0.4519230769230769 135.8653846153846 45.28846153846154 1.1923076923076923 44.09615384615385 1.7140495000057854
470000 116.59615384615384 0.05288320857901697 73.8076923076923 0.4519230769230769 135.8653846153846 45.28846153846154 1.1923076923076923 44.09615384615385 1.6521943000261672
472000 116.59615384615384 0.05288320857901697 73.8076923076923 0.4519230769230769 135.8653846153846 45.28846153846154 1.1923076923076923 44.09615384615385 1.5469994999584742
474000 116.46153846153847 0.052748653723270214 73.73076923076923 0.4519230769230769 135.8653846153846 45.28846153846154 1.1923076923076923 44.09615384615385 1.4757051999913529
476000 116.36538461538461 0.0527911923201851 73.75 0.4519230769230769 135.8653846153846 45.28846153846154 1.1923076923076923 44.09615384615385 1.458198199979961
478000 116.23076923076923 0.05265663746443835 73.67307692307692 0.4519230769230769 135.8653846153846 45.28846153846154 1.1923076923076923 44.09615384615385 1.3044975000084378
480000 116.23076923076923 0.05265663746443835 73.67307692307692 0.4519230769230769 135.8653846153846 45.28846153846154 1.1923076923076923 44.09615384615385 1.1538620999781415
482000 116.59615384615384 0.05288320857901697 73.8076923076923 0.4519230769230769 135.8653846153846 45.28846153846154 1.1923076923076923 44.09615384615385 1.2053556999890134
484000 116.59615384615384 0.05288320857901697 73.8076923076923 0.4519230769230769 135.8653846153846 45.28846153846154 1.1923076923076923 44.09615384615385 1.2263090999913402
486000 116.59615384615384 0.05288320857901697 73.8076923076923 0.4519230769230769 135.8653846153846 45.28846153846154 1.1923076923076923 44.09615384615385 1.1760668000206351
488000 116.59615384615384 0.05288320857901697 73.8076923076923 0.4519230769230769 135.8653846153846 45.28846153846154 1.1923076923076923 44.09615384615385 1.2495807000086643
490000 116.59615384615384 0.05288320857901697 73.8076923076923 0.4519230769230769 135.8653846153846 45.28846153846154 1.1923076923076923 44.09615384615385 1.1834760999772698
492000 116.46153846153847 0.05279262463664314 73.71153846153847 0.4519230769230769 135.8653846153846 45.28846153846154 1.1923076923076923 44.09615384615385 1.2089951000525616
494000 116.46153846153847 0.05279262463664314 73.71153846153847 0.4519230769230769 135.8653846153846 45.28846153846154 1.1923076923076923 44.09615384615385 1.287681900023017
496000 116.46153846153847 0.05279262463664314 73.71153846153847 0.4519230769230769 135.8653846153846 45.28846153846154 1.1923076923076923 44.09615384615385 0.9977535999496467
498000 116.46153846153847 0.05279262463664314 73.71153846153847 0.4519230769230769 135.8653846153846 45.28846153846154 1.1923076923076923 44.09615384615385 0.8968175000045449
500000 116.46153846153847 0.05279262463664314 73.71153846153847 0.4519230769230769 135.8653846153846 45.28846153846154 1.1923076923076923 44.09615384615385 0.9400437999865972
