2000 2.480769230769231 -0.018752355239134988 35.27820396153846 0.12980769230769232 45.301282057692305 45.30769230769231 2.7884615384615383 42.51923076923077 1.220283800008474
4000 3.8846153846153846 0.0011180221339115164 35.09557611538462 0.15224358974358973 45.301282057692305 45.30769230769231 2.6346153846153846 42.67307692307692 1.2826719000004232
6000 4.365384615384615 -0.018191589182761085 35.44121878846153 0.11217948717948717 45.301282057692305 45.30769230769231 2.6346153846153846 42.67307692307692 1.1176225999952294
8000 1.4423076923076923 -0.018817083682996002 36.36622378846155 0.11217948717948717 45.301282057692305 45.30769230769231 2.6346153846153846 42.67307692307692 1.8082099000021117
10000 1.5192307692307692 0.00035594372439675125 36.13224932692307 0.07211538461538461 45.301282057692305 45.30769230769231 2.7884615384615383 42.51923076923077 2.2593580999964615
12000 1.9615384615384615 0.0005246272505827306 35.47704226923077 0.1233974358974359 45.301282057692305 45.30769230769231 4.326923076923077 40.98076923076923 1.9639689999894472
14000 2.826923076923077 0.0008750760076257981 34.66934946153846 0.15705128205128208 45.301282057692305 45.30769230769231 4.634615384615385 40.67307692307692 1.998405599995749
16000 3.769230769230769 0.0011288234167567272 34.25311057692308 0.15064102564102563 45.301282057692305 45.30769230769231 4.865384615384615 40.44230769230769 2.0302420999942115
18000 1.3846153846153846 0.00032819437898673264 36.24585432692308 0.08012820512820512 45.301282057692305 45.30769230769231 3.173076923076923 42.13461538461539 1.6736629999941215
20000 2.769230769230769 -0.018334550751216372 34.763670788461546 0.15384615384615385 45.301282057692305 45.30769230769231 4.173076923076923 41.13461538461539 2.2298706000001403
22000 5.326923076923077 0.0019479748356635328 33.76966771153846 0.17467948717948717 45.301282057692305 45.30769230769231 5.096153846153846 40.21153846153846 2.2919832000043243
24000 3.25 0.0009800130998126719 35.23826071153847 0.14423076923076922 45.301282057692305 45.30769230769231 4.365384615384615 40.94230769230769 2.2020068999991054
26000 2.0961538461538463 0.0006595922410632004 36.16059803846154 0.09455128205128203 45.301282057692305 45.30769230769231 2.6346153846153846 42.67307692307692 2.3708023999934085
28000 2.8461538461538463 0.0008274587125793353 35.73057486538461 0.11217948717948717 45.301282057692305 45.30769230769231 2.6346153846153846 42.67307692307692 2.1977149000013014
30000 2.1153846153846154 0.0006021987363526404 36.226478057692304 0.08653846153846154 45.301282057692305 45.30769230769231 2.6346153846153846 42.67307692307692 2.148563999988255
32000 2.076923076923077 0.0003919900345120671 35.99757251923077 0.12820512820512822 45.301282057692305 45.30769230769231 2.6346153846153846 42.67307692307692 2.300545999998576
34000 3.3461538461538463 0.0008587238742774493 35.78719986538461 0.10416666666666667 45.301282057692305 45.30769230769231 2.6346153846153846 42.67307692307692 2.315193600006751
36000 3.076923076923077 0.0006092699003082248 35.54061076923077 0.1378205128205128 45.301282057692305 45.30769230769231 2.6346153846153846 42.67307692307692 2.252807999990182
38000 3.5576923076923075 0.0006719424038428706 34.97483830769232 0.15224358974358973 45.301282057692305 45.30769230769231 2.6346153846153846 42.67307692307692 2.2858754999906523
40000 4.096153846153846 0.0008186987847516504 34.37233978846153 0.14743589743589744 45.301282057692305 45.30769230769231 2.6346153846153846 42.67307692307692 2.2175395999947796
42000 4.384615384615385 0.0015680186511844827 34.789878692307695 0.15865384615384615 45.301282057692305 45.30769230769231 2.6346153846153846 42.67307692307692 2.2446026999969035
44000 3.826923076923077 0.0013411894742045359 35.34639694230769 0.09615384615384616 45.301282057692305 45.30769230769231 2.6346153846153846 42.67307692307692 2.194386000002851
46000 3.3076923076923075 0.0011485286412867737 35.228874730769235 0.11378205128205127 45.301282057692305 45.30769230769231 2.6346153846153846 42.67307692307692 2.1916491000010865
48000 4.4423076923076925 0.001344426735654989 34.81315426923077 0.1875 45.301282057692305 45.30769230769231 2.6346153846153846 42.67307692307692 2.191117700000177
50000 4.0576923076923075 0.0011420740531617138 35.465082980769225 0.11378205128205127 45.301282057692305 45.30769230769231 2.6346153846153846 42.67307692307692 2.261795600003097
52000 3.923076923076923 0.0010623248028120472 36.07352426923075 0.10096153846153846 45.301282057692305 45.30769230769231 2.6346153846153846 42.67307692307692 2.3664969999954337
54000 3.6346153846153846 0.001227034157157929 35.63943792307692 0.11698717948717949 45.301282057692305 45.30769230769231 2.6346153846153846 42.67307692307692 2.5176438000053167
56000 3.8846153846153846 -0.03742378222590417 35.20717994230769 0.1362179487179487 45.301282057692305 45.30769230769231 2.9038461538461537 42.40384615384615 2.100516999998945
58000 2.8653846153846154 -0.037480467542745956 35.7926600576923 0.09134615384615384 45.301282057692305 45.30769230769231 2.6346153846153846 42.67307692307692 2.111478699996951
60000 1.7884615384615385 -0.09580111016486667 36.551738769230774 0.08493589743589743 45.301282057692305 45.30769230769231 2.6346153846153846 42.67307692307692 2.157715699999244
62000 1.9038461538461537 -0.09568370024370178 36.19890932692308 0.1137820512820513 45.301282057692305 45.30769230769231 2.6346153846153846 42.67307692307692 2.1507062000018777
64000 2.5576923076923075 0.0008088789486286852 35.827313 0.11538461538461539 45.301282057692305 45.30769230769231 2.6346153846153846 42.67307692307692 2.4542699000012362
66000 1.9038461538461537 -0.09574712844809238 36.36103499999999 0.08974358974358973 45.301282057692305 45.30769230769231 2.6346153846153846 42.67307692307692 2.0687212999910116
68000 1.6923076923076923 -0.03806588224680884 36.14661505769231 0.10416666666666667 45.301282057692305 45.30769230769231 2.6346153846153846 42.67307692307692 2.172133300002315
70000 1.9615384615384615 -0.07638060894104447 36.39523232692308 0.1201923076923077 45.301282057692305 45.30769230769231 3.230769230769231 42.07692307692308 2.0585877999983495
72000 2.673076923076923 -0.07601269192985288 36.198582230769226 0.1137820512820513 45.301282057692305 45.30769230769231 3.480769230769231 41.82692307692308 2.367229399998905
74000 5.903846153846154 0.0018384915587920973 34.98020626923078 0.15865384615384615 45.301282057692305 45.30769230769231 5.75 39.55769230769231 2.15062119999493
76000 2.8846153846153846 0.0010078554018108647 36.10872369230769 0.09935897435897437 45.301282057692305 45.30769230769231 2.6346153846153846 42.67307692307692 2.0911032000003615
78000 6.653846153846154 0.0022335922921853106 35.12667540384616 0.12499999999999999 45.301282057692305 45.30769230769231 2.8461538461538463 42.46153846153846 2.2024657000001753
80000 8.115384615384615 0.003340323478960264 34.44368715384617 0.18589743589743588 45.301282057692305 45.30769230769231 4.788461538461538 40.51923076923077 2.4299790999939432
82000 6.6923076923076925 0.0031529529477565305 34.35794801923078 0.1875 45.301282057692305 45.30769230769231 5.346153846153846 39.96153846153846 2.192694700002903
84000 6.3076923076923075 0.0027670023966732803 34.362219057692315 0.16826923076923078 45.301282057692305 45.30769230769231 4.961538461538462 40.34615384615385 2.102556800004095
86000 6.4423076923076925 0.003066243396187066 34.30258894230771 0.16346153846153846 45.301282057692305 45.30769230769231 5.980769230769231 39.32692307692308 2.196335699991323
88000 4.826923076923077 0.0021677932257694226 35.15351771153847 0.14903846153846154 45.301282057692305 45.30769230769231 4.826923076923077 40.48076923076923 2.1519040999992285
90000 5.596153846153846 0.0024959136400965897 34.73325230769232 0.15384615384615385 45.301282057692305 45.30769230769231 5.615384615384615 39.69230769230769 2.118238899987773
92000 1.7307692307692308 0.0005045175276665075 36.469368884615385 0.07852564102564102 45.301282057692305 45.30769230769231 2.8653846153846154 42.44230769230769 2.137805999998818
94000 1.9423076923076923 -0.037939150138229544 35.53410292307693 0.12500000000000003 45.301282057692305 45.30769230769231 2.6346153846153846 42.67307692307692 2.3997268000093754
96000 2.7115384615384617 0.0011943384862873772 35.66156536538462 0.10416666666666666 45.301282057692305 45.30769230769231 3.730769230769231 41.57692307692308 2.2786686000035843
98000 2.173076923076923 0.0006427108190851411 35.80535855769232 0.08012820512820512 45.301282057692305 45.30769230769231 2.6346153846153846 42.67307692307692 2.1435932999884244
100000 6.615384615384615 -0.28659565351274013 34.44652617307692 0.13141025641025642 45.301282057692305 45.30769230769231 2.6346153846153846 42.67307692307692 2.17124270000204
102000 7.653846153846154 -0.30585647779627617 34.084861807692306 0.15384615384615385 45.301282057692305 45.30769230769231 2.6346153846153846 42.67307692307692 2.3541590999957407
104000 5.961538461538462 -0.344331628992237 34.52168682692307 0.14423076923076925 45.301282057692305 45.30769230769231 2.6346153846153846 42.67307692307692 2.264100500004133
106000 6.788461538461538 -0.34452664178869835 34.277379730769226 0.15224358974358976 45.301282057692305 45.30769230769231 2.826923076923077 42.48076923076923 2.0897608999948716
108000 6.826923076923077 -0.3253136401775248 34.03998678846154 0.15705128205128205 45.301282057692305 45.30769230769231 2.75 42.55769230769231 2.1989892999990843
110000 6.3076923076923075 -0.40233712532612625 34.201227211538466 0.14583333333333331 45.301282057692305 45.30769230769231 3.1346153846153846 42.17307692307692 2.147885500002303
112000 7.384615384615385 -0.4021433042358942 33.30832036538462 0.22596153846153846 45.301282057692305 45.30769230769231 5.076923076923077 40.23076923076923 2.3983203999960097
114000 8.288461538461538 -0.4786216742291059 33.89246836538461 0.20352564102564102 45.301282057692305 45.30769230769231 3.9423076923076925 41.36538461538461 2.4659282000066014
116000 7.75 -0.4980638182821322 34.203402576923075 0.16025641025641027 45.301282057692305 45.30769230769231 3.480769230769231 41.82692307692308 2.327774200006388
118000 14.173076923076923 -0.20568386809304756 33.26467994230769 0.203525641025641 45.301282057692305 45.30769230769231 5.769230769230769 39.53846153846154 2.328782600001432
120000 8.384615384615385 -0.4592756372942862 33.947570346153846 0.19391025641025642 45.301282057692305 45.30769230769231 4.211538461538462 41.09615384615385 2.1823213000025135
122000 16.692307692307693 -0.1271768783631712 32.25249938461538 0.233974358974359 45.301282057692305 45.30769230769231 6.5 38.80769230769231 2.3165487999940524
124000 20.365384615384617 -0.029484406864645853 31.286780673076922 0.30288461538461536 45.301282057692305 45.30769230769231 7.538461538461538 37.76923076923077 2.245578900008695
126000 43.88461538461539 0.023335017446515817 30.79431132692308 0.31089743589743585 45.301282057692305 45.30769230769231 8.0 37.30769230769231 2.149358399998164
128000 53.15384615384615 0.010066021684027707 30.154280730769226 0.3397435897435897 45.301282057692305 45.30769230769231 7.961538461538462 37.34615384615385 2.194616599997971
130000 50.73076923076923 0.004476447647709089 30.353613480769226 0.30128205128205127 45.301282057692305 45.30769230769231 7.711538461538462 37.59615384615385 2.3476854000036838
132000 59.23076923076923 0.031215469995694894 29.812297788461535 0.34935897435897434 45.301282057692305 45.30769230769231 8.153846153846153 37.15384615384615 2.071626799996011
134000 51.13461538461539 0.02472294403444878 30.377113730769228 0.33012820512820507 45.301282057692305 45.30769230769231 8.23076923076923 37.07692307692308 2.2692043999995803
136000 51.09615384615385 0.0254740899866215 30.50510182692308 0.29166666666666663 45.301282057692305 45.30769230769231 8.26923076923077 37.03846153846154 2.3552483999956166
138000 59.88461538461539 0.02647535222292505 30.237413442307698 0.33493589743589747 45.301282057692305 45.30769230769231 7.884615384615385 37.42307692307692 2.255651700004819
140000 54.92307692307692 0.026125109752509 30.86634823076923 0.32051282051282054 45.301282057692305 45.30769230769231 7.980769230769231 37.32692307692308 2.325589600004605
142000 65.11538461538461 0.03130558097219455 30.1009306923077 0.27083333333333337 45.301282057692305 45.30769230769231 7.826923076923077 37.48076923076923 2.1720338000013726
144000 58.59615384615385 0.024137348580247315 30.29382192307692 0.31410256410256415 45.301282057692305 45.30769230769231 7.615384615384615 37.69230769230769 2.457721600003424
146000 57.19230769230769 -0.03338498641424997 30.649280269230772 0.2916666666666667 45.301282057692305 45.30769230769231 6.865384615384615 38.44230769230769 2.04605449999508
148000 57.86538461538461 -0.03360634298148665 30.643656076923072 0.30608974358974356 45.301282057692305 45.30769230769231 6.961538461538462 38.34615384615385 2.161801499998546
150000 64.86538461538461 0.007866462572018812 30.075490807692297 0.3125 45.301282057692305 45.30769230769231 7.115384615384615 38.19230769230769 2.1234044000011636
152000 61.07692307692308 -0.12771229599325867 30.8101200576923 0.2996794871794872 45.301282057692305 45.30769230769231 5.326923076923077 39.98076923076923 2.171407100002398
154000 56.92307692307692 -0.1672339919452881 31.145194173076916 0.2660256410256411 45.301282057692305 45.30769230769231 5.0576923076923075 40.25 2.070715800000471
156000 66.13461538461539 -0.10548666392226368 30.330170769230765 0.28044871794871795 45.301282057692305 45.30769230769231 5.288461538461538 40.01923076923077 2.258212900007493
158000 72.07692307692308 -0.023072779270825478 27.868394307692313 0.3269230769230769 45.301282057692305 45.30769230769231 4.538461538461538 40.76923076923077 2.3005730000004405
160000 74.59615384615384 0.03339107343404149 27.845549807692308 0.37179487179487175 45.301282057692305 45.30769230769231 5.25 40.05769230769231 2.1716506000084337
162000 75.51923076923077 0.031654735471003954 27.598213673076927 0.3701923076923077 45.301282057692305 45.30769230769231 6.096153846153846 39.21153846153846 2.2284094999922672
164000 82.51923076923077 0.03636649859993123 26.453884576923084 0.4150641025641026 45.301282057692305 45.30769230769231 4.961538461538462 40.34615384615385 2.1844487999915145
166000 85.21153846153847 0.03757869268441722 26.397688788461544 0.4150641025641026 45.301282057692305 45.30769230769231 5.115384615384615 40.19230769230769 2.1826907000067877
168000 88.59615384615384 0.041015897329230944 25.834966653846152 0.41987179487179493 45.301282057692305 45.30769230769231 4.480769230769231 40.82692307692308 2.305928000001586
170000 89.17307692307692 0.04208707992771257 25.670792192307694 0.4391025641025641 45.301282057692305 45.30769230769231 4.365384615384615 40.94230769230769 2.21671239999705
172000 90.0 0.042392115887978324 25.561816826923078 0.4198717948717948 45.301282057692305 45.30769230769231 4.25 41.05769230769231 2.12649720000627
174000 89.36538461538461 0.041540377947357876 25.614878346153848 0.4102564102564103 45.301282057692305 45.30769230769231 4.269230769230769 41.03846153846154 2.0979038000077708
176000 106.9423076923077 0.05019604462595529 24.948207153846152 0.453525641025641 45.301282057692305 45.30769230769231 4.269230769230769 41.03846153846154 2.2250016999896616
178000 107.67307692307692 0.046437624450531505 25.92132144230769 0.4310897435897436 45.301282057692305 45.30769230769231 4.019230769230769 41.28846153846154 2.2377890000061598
180000 113.82692307692308 0.050093734502471184 25.38072307692307 0.4326923076923077 45.301282057692305 45.30769230769231 4.019230769230769 41.28846153846154 2.097433300004923
182000 121.96153846153847 0.05647065905809661 24.381789807692307 0.4951923076923077 45.301282057692305 45.30769230769231 4.019230769230769 41.28846153846154 2.3261732999962987
184000 121.96153846153847 0.05650666541788421 24.381789807692307 0.4951923076923077 45.301282057692305 45.30769230769231 4.019230769230769 41.28846153846154 2.2345249999925727
186000 121.96153846153847 0.05650666541788421 24.381789807692307 0.4951923076923077 45.301282057692305 45.30769230769231 4.019230769230769 41.28846153846154 2.281461599995964
188000 121.96153846153847 0.05650666541788421 24.381789807692307 0.4951923076923077 45.301282057692305 45.30769230769231 4.019230769230769 41.28846153846154 2.280914600007236
190000 121.96153846153847 0.05650666541788421 24.381789807692307 0.4951923076923077 45.301282057692305 45.30769230769231 4.019230769230769 41.28846153846154 2.1056181999883847
192000 121.96153846153847 0.05650666541788421 24.381789807692307 0.4951923076923077 45.301282057692305 45.30769230769231 4.019230769230769 41.28846153846154 2.1337564999994356
194000 121.96153846153847 0.05650666541788421 24.381789807692307 0.4951923076923077 45.301282057692305 45.30769230769231 4.019230769230769 41.28846153846154 2.4208478999935323
196000 121.96153846153847 0.05650666541788421 24.381789807692307 0.4951923076923077 45.301282057692305 45.30769230769231 4.019230769230769 41.28846153846154 2.2022221999941394
198000 121.96153846153847 0.05650666541788421 24.381789807692307 0.4951923076923077 45.301282057692305 45.30769230769231 4.019230769230769 41.28846153846154 2.1506673999974737
200000 121.96153846153847 0.05650666541788421 24.381789807692307 0.4951923076923077 45.301282057692305 45.30769230769231 4.019230769230769 41.28846153846154 2.380183900007978
202000 121.96153846153847 0.05650666541788421 24.381789807692307 0.4951923076923077 45.301282057692305 45.30769230769231 4.019230769230769 41.28846153846154 2.3157154000073206
204000 121.96153846153847 0.05650666541788421 24.381789807692307 0.4951923076923077 45.301282057692305 45.30769230769231 4.019230769230769 41.28846153846154 2.1630226999986917
206000 121.96153846153847 0.05650666541788421 24.381789807692307 0.4951923076923077 45.301282057692305 45.30769230769231 4.019230769230769 41.28846153846154 2.3273838000022806
208000 121.96153846153847 0.05650666541788421 24.381789807692307 0.4951923076923077 45.301282057692305 45.30769230769231 4.019230769230769 41.28846153846154 2.1916845999949146
210000 121.96153846153847 0.05650666541788421 24.381789807692307 0.4951923076923077 45.301282057692305 45.30769230769231 4.019230769230769 41.28846153846154 2.239242399999057
212000 121.96153846153847 0.05650666541788421 24.381789807692307 0.4951923076923077 45.301282057692305 45.30769230769231 4.019230769230769 41.28846153846154 2.1677996999933384
214000 121.96153846153847 0.05650666541788421 24.381789807692307 0.4951923076923077 45.301282057692305 45.30769230769231 4.019230769230769 41.28846153846154 2.104722200005199
216000 121.96153846153847 0.05650666541788421 24.381789807692307 0.4951923076923077 45.301282057692305 45.30769230769231 4.019230769230769 41.28846153846154 2.2153548000060255
218000 121.96153846153847 0.05650666541788421 24.381789807692307 0.4951923076923077 45.301282057692305 45.30769230769231 4.019230769230769 41.28846153846154 2.2609727999952156
220000 121.96153846153847 0.05650666541788421 24.381789807692307 0.4951923076923077 45.301282057692305 45.30769230769231 4.019230769230769 41.28846153846154 2.1495615000021644
222000 121.96153846153847 0.05650666541788421 24.381789807692307 0.4951923076923077 45.301282057692305 45.30769230769231 4.019230769230769 41.28846153846154 2.1820906000066316
224000 121.96153846153847 0.05650666541788421 24.381789807692307 0.4951923076923077 45.301282057692305 45.30769230769231 4.019230769230769 41.28846153846154 2.120918200002052
226000 121.96153846153847 0.05650666541788421 24.381789807692307 0.4951923076923077 45.301282057692305 45.30769230769231 4.019230769230769 41.28846153846154 2.036880799991195
228000 121.96153846153847 0.05650666541788421 24.381789807692307 0.4951923076923077 45.301282057692305 45.30769230769231 4.019230769230769 41.28846153846154 2.1144086999993306
230000 121.96153846153847 0.05650666541788421 24.381789807692307 0.4951923076923077 45.301282057692305 45.30769230769231 4.019230769230769 41.28846153846154 2.23382649999985
232000 121.96153846153847 0.05650666541788421 24.381789807692307 0.4951923076923077 45.301282057692305 45.30769230769231 4.019230769230769 41.28846153846154 2.273534699997981
234000 121.96153846153847 0.05650666541788421 24.381789807692307 0.4951923076923077 45.301282057692305 45.30769230769231 4.019230769230769 41.28846153846154 2.1873656999960076
236000 121.96153846153847 0.05650666541788421 24.381789807692307 0.4951923076923077 45.301282057692305 45.30769230769231 4.019230769230769 41.28846153846154 2.2403385000070557
238000 121.96153846153847 0.05650666541788421 24.381789807692307 0.4951923076923077 45.301282057692305 45.30769230769231 4.019230769230769 41.28846153846154 2.311414399999194
240000 121.96153846153847 0.05650666541788421 24.381789807692307 0.4951923076923077 45.301282057692305 45.30769230769231 4.019230769230769 41.28846153846154 2.082905799994478
242000 121.96153846153847 0.05650666541788421 24.381789807692307 0.4951923076923077 45.301282057692305 45.30769230769231 4.019230769230769 41.28846153846154 2.270410700002685
244000 121.96153846153847 0.05650666541788421 24.381789807692307 0.4951923076923077 45.301282057692305 45.30769230769231 4.019230769230769 41.28846153846154 2.3697041000123136
246000 121.96153846153847 0.05650666541788421 24.381789807692307 0.4951923076923077 45.301282057692305 45.30769230769231 4.019230769230769 41.28846153846154 2.249093999998877
248000 121.96153846153847 0.05650666541788421 24.381789807692307 0.4951923076923077 45.301282057692305 45.30769230769231 4.019230769230769 41.28846153846154 2.2079592000081902
250000 121.96153846153847 0.05650666541788421 24.381789807692307 0.4951923076923077 45.301282057692305 45.30769230769231 4.019230769230769 41.28846153846154 2.191624099999899
252000 121.96153846153847 0.05650666541788421 24.381789807692307 0.4951923076923077 45.301282057692305 45.30769230769231 4.019230769230769 41.28846153846154 2.135658400002285
254000 121.96153846153847 0.05650666541788421 24.381789807692307 0.4951923076923077 45.301282057692305 45.30769230769231 4.019230769230769 41.28846153846154 2.184075800003484
256000 121.96153846153847 0.05650666541788421 24.381789807692307 0.4951923076923077 45.301282057692305 45.30769230769231 4.019230769230769 41.28846153846154 2.3629566000017803
258000 121.96153846153847 0.05650666541788421 24.381789807692307 0.4951923076923077 45.301282057692305 45.30769230769231 4.019230769230769 41.28846153846154 2.225573500007158
260000 121.96153846153847 0.05650666541788421 24.381789807692307 0.4951923076923077 45.301282057692305 45.30769230769231 4.019230769230769 41.28846153846154 2.3033826000028057
262000 121.96153846153847 0.05650666541788421 24.381789807692307 0.4951923076923077 45.301282057692305 45.30769230769231 4.019230769230769 41.28846153846154 2.16679689999728
264000 121.96153846153847 0.05650666541788421 24.381789807692307 0.4951923076923077 45.301282057692305 45.30769230769231 4.019230769230769 41.28846153846154 2.439575900003547
266000 121.96153846153847 0.05650666541788421 24.381789807692307 0.4951923076923077 45.301282057692305 45.30769230769231 4.019230769230769 41.28846153846154 2.2177806999970926
268000 121.96153846153847 0.05650666541788421 24.381789807692307 0.4951923076923077 45.301282057692305 45.30769230769231 4.019230769230769 41.28846153846154 2.1026872000074945
270000 121.96153846153847 0.05650666541788421 24.381789807692307 0.4951923076923077 45.301282057692305 45.30769230769231 4.019230769230769 41.28846153846154 2.5338410999975167
272000 121.96153846153847 0.05650666541788421 24.381789807692307 0.4951923076923077 45.301282057692305 45.30769230769231 4.019230769230769 41.28846153846154 2.236618900002213
274000 121.96153846153847 0.05650666541788421 24.381789807692307 0.4951923076923077 45.301282057692305 45.30769230769231 4.019230769230769 41.28846153846154 2.147088800003985
276000 121.96153846153847 0.05650666541788421 24.381789807692307 0.4951923076923077 45.301282057692305 45.30769230769231 4.019230769230769 41.28846153846154 2.225917500007199
278000 121.96153846153847 0.05650666541788421 24.381789807692307 0.4951923076923077 45.301282057692305 45.30769230769231 4.019230769230769 41.28846153846154 2.1343951000017114
280000 121.96153846153847 0.05650666541788421 24.381789807692307 0.4951923076923077 45.301282057692305 45.30769230769231 4.019230769230769 41.28846153846154 2.145608799997717
282000 121.96153846153847 0.05650666541788421 24.381789807692307 0.4951923076923077 45.301282057692305 45.30769230769231 4.019230769230769 41.28846153846154 2.147812700000941
284000 121.96153846153847 0.05650666541788421 24.381789807692307 0.4951923076923077 45.301282057692305 45.30769230769231 4.019230769230769 41.28846153846154 2.138704000011785
286000 121.96153846153847 0.05650666541788421 24.381789807692307 0.4951923076923077 45.301282057692305 45.30769230769231 4.019230769230769 41.28846153846154 2.1846320999902673
288000 121.96153846153847 0.05650666541788421 24.381789807692307 0.4951923076923077 45.301282057692305 45.30769230769231 4.019230769230769 41.28846153846154 2.1802752999938093
290000 121.96153846153847 0.05650666541788421 24.381789807692307 0.4951923076923077 45.301282057692305 45.30769230769231 4.019230769230769 41.28846153846154 2.109606800004258
292000 121.96153846153847 0.05650666541788421 24.381789807692307 0.4951923076923077 45.301282057692305 45.30769230769231 4.019230769230769 41.28846153846154 2.109178700004122
294000 121.96153846153847 0.05650666541788421 24.381789807692307 0.4951923076923077 45.301282057692305 45.30769230769231 4.019230769230769 41.28846153846154 2.3891655999905197
296000 121.96153846153847 0.05650666541788421 24.381789807692307 0.4951923076923077 45.301282057692305 45.30769230769231 4.019230769230769 41.28846153846154 2.291461300002993
298000 121.96153846153847 0.05650666541788421 24.381789807692307 0.4951923076923077 45.301282057692305 45.30769230769231 4.019230769230769 41.28846153846154 2.097837699999218
300000 121.96153846153847 0.05650666541788421 24.381789807692307 0.4951923076923077 45.301282057692305 45.30769230769231 4.019230769230769 41.28846153846154 2.1373844999907305
302000 121.96153846153847 0.05650666541788421 24.381789807692307 0.4951923076923077 45.301282057692305 45.30769230769231 4.019230769230769 41.28846153846154 2.228126700007124
304000 121.96153846153847 0.05650666541788421 24.381789807692307 0.4951923076923077 45.301282057692305 45.30769230769231 4.019230769230769 41.28846153846154 2.1168503999942914
306000 121.96153846153847 0.05650666541788421 24.381789807692307 0.4951923076923077 45.301282057692305 45.30769230769231 4.019230769230769 41.28846153846154 2.280398899994907
308000 121.96153846153847 0.05650666541788421 24.381789807692307 0.4951923076923077 45.301282057692305 45.30769230769231 4.019230769230769 41.28846153846154 2.4642916999873705
310000 121.96153846153847 0.05650666541788421 24.381789807692307 0.4951923076923077 45.301282057692305 45.30769230769231 4.019230769230769 41.28846153846154 2.105866199999582
312000 121.96153846153847 0.05650666541788421 24.381789807692307 0.4951923076923077 45.301282057692305 45.30769230769231 4.019230769230769 41.28846153846154 2.0974477999989176
314000 121.96153846153847 0.05650666541788421 24.381789807692307 0.4951923076923077 45.301282057692305 45.30769230769231 4.019230769230769 41.28846153846154 2.177513700007694
316000 121.96153846153847 0.05650666541788421 24.381789807692307 0.4951923076923077 45.301282057692305 45.30769230769231 4.019230769230769 41.28846153846154 2.282882800005609
318000 121.96153846153847 0.05650666541788421 24.381789807692307 0.4951923076923077 45.301282057692305 45.30769230769231 4.019230769230769 41.28846153846154 2.2946365000098012
320000 121.96153846153847 0.05650666541788421 24.381789807692307 0.4951923076923077 45.301282057692305 45.30769230769231 4.019230769230769 41.28846153846154 2.193014400007087
322000 121.96153846153847 0.05650666541788421 24.381789807692307 0.4951923076923077 45.301282057692305 45.30769230769231 4.019230769230769 41.28846153846154 2.149533399991924
324000 121.96153846153847 0.05650666541788421 24.381789807692307 0.4951923076923077 45.301282057692305 45.30769230769231 4.019230769230769 41.28846153846154 2.2795329000073252
326000 121.96153846153847 0.05650666541788421 24.381789807692307 0.4951923076923077 45.301282057692305 45.30769230769231 4.019230769230769 41.28846153846154 2.278836500001489
328000 121.96153846153847 0.05650666541788421 24.381789807692307 0.4951923076923077 45.301282057692305 45.30769230769231 4.019230769230769 41.28846153846154 2.085550699994201
330000 121.96153846153847 0.05650666541788421 24.381789807692307 0.4951923076923077 45.301282057692305 45.30769230769231 4.019230769230769 41.28846153846154 2.1692585999990115
332000 121.96153846153847 0.05650666541788421 24.381789807692307 0.4951923076923077 45.301282057692305 45.30769230769231 4.019230769230769 41.28846153846154 2.1233680000004824
334000 121.96153846153847 0.05683224022275614 24.381789807692307 0.4951923076923077 45.301282057692305 45.30769230769231 4.019230769230769 41.28846153846154 2.1053224000061164
336000 121.96153846153847 0.05683224022275614 24.381789807692307 0.4951923076923077 45.301282057692305 45.30769230769231 4.019230769230769 41.28846153846154 2.1669852000050014
338000 121.96153846153847 0.05650666541788421 24.381789807692307 0.4951923076923077 45.301282057692305 45.30769230769231 4.019230769230769 41.28846153846154 2.2761776999977883
340000 121.96153846153847 0.05650666541788421 24.381789807692307 0.4951923076923077 45.301282057692305 45.30769230769231 4.019230769230769 41.28846153846154 2.3475158999935957
342000 121.96153846153847 0.05650666541788421 24.381789807692307 0.4951923076923077 45.301282057692305 45.30769230769231 4.019230769230769 41.28846153846154 2.3908913000050234
344000 121.96153846153847 0.05650666541788421 24.381789807692307 0.4951923076923077 45.301282057692305 45.30769230769231 4.019230769230769 41.28846153846154 2.20303459999559
346000 121.96153846153847 0.05650666541788421 24.381789807692307 0.4951923076923077 45.301282057692305 45.30769230769231 4.019230769230769 41.28846153846154 2.1951464000012493
348000 116.5576923076923 0.05290842902381458 24.90102086538461 0.4855769230769231 45.301282057692305 45.30769230769231 4.019230769230769 41.28846153846154 2.2452248000045074
350000 116.5576923076923 0.05290842902381458 24.90102086538461 0.4855769230769231 45.301282057692305 45.30769230769231 4.019230769230769 41.28846153846154 2.1032395999936853
352000 120.59615384615384 0.05449070401880401 24.567687346153846 0.4951923076923077 45.301282057692305 45.30769230769231 4.019230769230769 41.28846153846154 2.115528499998618
354000 120.59615384615384 0.05449070401880401 24.567687346153846 0.4951923076923077 45.301282057692305 45.30769230769231 4.019230769230769 41.28846153846154 2.157917299991823
356000 121.96153846153847 0.05650666541788421 24.381789807692307 0.4951923076923077 45.301282057692305 45.30769230769231 4.019230769230769 41.28846153846154 2.268256499999552
358000 120.59615384615384 0.05449070401880401 24.567687346153846 0.4951923076923077 45.301282057692305 45.30769230769231 4.019230769230769 41.28846153846154 2.246945199993206
360000 121.96153846153847 0.05650666541788421 24.381789807692307 0.4951923076923077 45.301282057692305 45.30769230769231 4.019230769230769 41.28846153846154 2.2126138000021456
362000 121.96153846153847 0.05650666541788421 24.381789807692307 0.4951923076923077 45.301282057692305 45.30769230769231 4.019230769230769 41.28846153846154 2.22334189999674
364000 121.96153846153847 0.05650666541788421 24.381789807692307 0.4951923076923077 45.301282057692305 45.30769230769231 4.019230769230769 41.28846153846154 2.136704300006386
366000 121.96153846153847 0.05650666541788421 24.381789807692307 0.4951923076923077 45.301282057692305 45.30769230769231 4.019230769230769 41.28846153846154 2.216482599993469
368000 121.96153846153847 0.05683224022275614 24.381789807692307 0.4951923076923077 45.301282057692305 45.30769230769231 4.019230769230769 41.28846153846154 2.179916000008234
370000 121.96153846153847 0.05680614207214204 24.381789807692307 0.4951923076923077 45.301282057692305 45.30769230769231 4.019230769230769 41.28846153846154 2.2914557000040077
372000 121.96153846153847 0.05650666541788421 24.381789807692307 0.4951923076923077 45.301282057692305 45.30769230769231 4.019230769230769 41.28846153846154 2.167667999994592
374000 121.96153846153847 0.05650666541788421 24.381789807692307 0.4951923076923077 45.301282057692305 45.30769230769231 4.019230769230769 41.28846153846154 2.2230256000038935
376000 121.96153846153847 0.05650666541788421 24.381789807692307 0.4951923076923077 45.301282057692305 45.30769230769231 4.019230769230769 41.28846153846154 2.3327397999964887
378000 121.96153846153847 0.05650666541788421 24.381789807692307 0.4951923076923077 45.301282057692305 45.30769230769231 4.019230769230769 41.28846153846154 2.15949659999751
380000 121.96153846153847 0.05650666541788421 24.381789807692307 0.4951923076923077 45.301282057692305 45.30769230769231 4.019230769230769 41.28846153846154 2.114550099999178
382000 121.96153846153847 0.05650666541788421 24.381789807692307 0.4951923076923077 45.301282057692305 45.30769230769231 4.019230769230769 41.28846153846154 2.236063699994702
384000 121.96153846153847 0.05650666541788421 24.381789807692307 0.4951923076923077 45.301282057692305 45.30769230769231 4.019230769230769 41.28846153846154 2.2476575000036974
386000 121.96153846153847 0.05650666541788421 24.381789807692307 0.4951923076923077 45.301282057692305 45.30769230769231 4.019230769230769 41.28846153846154 2.241773200003081
388000 121.96153846153847 0.05650666541788421 24.381789807692307 0.4951923076923077 45.301282057692305 45.30769230769231 4.019230769230769 41.28846153846154 2.167783500000951
390000 121.96153846153847 0.05650666541788421 24.381789807692307 0.4951923076923077 45.301282057692305 45.30769230769231 4.019230769230769 41.28846153846154 2.255339199997252
392000 121.96153846153847 0.05650666541788421 24.381789807692307 0.4951923076923077 45.301282057692305 45.30769230769231 4.019230769230769 41.28846153846154 2.226797399998759
394000 121.96153846153847 0.05650666541788421 24.381789807692307 0.4951923076923077 45.301282057692305 45.30769230769231 4.019230769230769 41.28846153846154 2.2566463999974076
396000 121.96153846153847 0.05650666541788421 24.381789807692307 0.4951923076923077 45.301282057692305 45.30769230769231 4.019230769230769 41.28846153846154 2.2494376999966335
398000 121.96153846153847 0.05650666541788421 24.381789807692307 0.4951923076923077 45.301282057692305 45.30769230769231 4.019230769230769 41.28846153846154 2.244357800009311
400000 121.96153846153847 0.05650666541788421 24.381789807692307 0.4951923076923077 45.301282057692305 45.30769230769231 4.019230769230769 41.28846153846154 2.29496260000451
402000 121.96153846153847 0.05650666541788421 24.381789807692307 0.4951923076923077 45.301282057692305 45.30769230769231 4.019230769230769 41.28846153846154 2.095745500002522
404000 121.96153846153847 0.05650666541788421 24.381789807692307 0.4951923076923077 45.301282057692305 45.30769230769231 4.019230769230769 41.28846153846154 2.1794736000010744
406000 121.96153846153847 0.05650666541788421 24.381789807692307 0.4951923076923077 45.301282057692305 45.30769230769231 4.019230769230769 41.28846153846154 2.118547400008538
408000 121.96153846153847 0.05650666541788421 24.381789807692307 0.4951923076923077 45.301282057692305 45.30769230769231 4.019230769230769 41.28846153846154 2.240002299993648
410000 121.96153846153847 0.05650666541788421 24.381789807692307 0.4951923076923077 45.301282057692305 45.30769230769231 4.019230769230769 41.28846153846154 2.4509689999977127
412000 121.96153846153847 0.05650666541788421 24.381789807692307 0.4951923076923077 45.301282057692305 45.30769230769231 4.019230769230769 41.28846153846154 2.0837519000051543
414000 121.96153846153847 0.05650666541788421 24.381789807692307 0.4951923076923077 45.301282057692305 45.30769230769231 4.019230769230769 41.28846153846154 2.212906600005226
416000 121.96153846153847 0.05650666541788421 24.381789807692307 0.4951923076923077 45.301282057692305 45.30769230769231 4.019230769230769 41.28846153846154 2.515439199996763
418000 121.96153846153847 0.05650666541788421 24.381789807692307 0.4951923076923077 45.301282057692305 45.30769230769231 4.019230769230769 41.28846153846154 2.128707800002303
420000 121.96153846153847 0.05650666541788421 24.381789807692307 0.4951923076923077 45.301282057692305 45.30769230769231 4.019230769230769 41.28846153846154 2.1987990000052378
422000 121.96153846153847 0.05650666541788421 24.381789807692307 0.4951923076923077 45.301282057692305 45.30769230769231 4.019230769230769 41.28846153846154 2.23611019999953
424000 121.96153846153847 0.05650666541788421 24.381789807692307 0.4951923076923077 45.301282057692305 45.30769230769231 4.019230769230769 41.28846153846154 2.271633500000462
426000 121.96153846153847 0.05650666541788421 24.381789807692307 0.4951923076923077 45.301282057692305 45.30769230769231 4.019230769230769 41.28846153846154 2.0426086999941617
428000 121.96153846153847 0.05650666541788421 24.381789807692307 0.4951923076923077 45.301282057692305 45.30769230769231 4.019230769230769 41.28846153846154 2.0769151999993483
430000 121.96153846153847 0.05683224022275614 24.381789807692307 0.4951923076923077 45.301282057692305 45.30769230769231 4.019230769230769 41.28846153846154 2.1404398000013316
432000 121.96153846153847 0.05855857738155071 24.381789807692307 0.4951923076923077 45.301282057692305 45.30769230769231 4.019230769230769 41.28846153846154 2.2608904000080656
434000 121.96153846153847 0.05855857738155071 24.381789807692307 0.4951923076923077 45.301282057692305 45.30769230769231 4.019230769230769 41.28846153846154 2.239951399998972
436000 121.96153846153847 0.05855857738155071 24.381789807692307 0.4951923076923077 45.301282057692305 45.30769230769231 4.019230769230769 41.28846153846154 2.1493401999905473
438000 121.96153846153847 0.05855857738155071 24.381789807692307 0.4951923076923077 45.301282057692305 45.30769230769231 4.019230769230769 41.28846153846154 2.2333692999964114
440000 121.96153846153847 0.05855857738155071 24.381789807692307 0.4951923076923077 45.301282057692305 45.30769230769231 4.019230769230769 41.28846153846154 2.38094769998861
442000 121.96153846153847 0.05650666541788421 24.381789807692307 0.4951923076923077 45.301282057692305 45.30769230769231 4.019230769230769 41.28846153846154 2.172212799996487
444000 121.96153846153847 0.05683224022275614 24.381789807692307 0.4951923076923077 45.301282057692305 45.30769230769231 4.019230769230769 41.28846153846154 2.201496199995745
446000 121.96153846153847 0.05650666541788421 24.381789807692307 0.4951923076923077 45.301282057692305 45.30769230769231 4.019230769230769 41.28846153846154 2.267313499993179
448000 121.96153846153847 0.05650666541788421 24.381789807692307 0.4951923076923077 45.301282057692305 45.30769230769231 4.019230769230769 41.28846153846154 2.038741600001231
450000 121.96153846153847 0.05650666541788421 24.381789807692307 0.4951923076923077 45.301282057692305 45.30769230769231 4.019230769230769 41.28846153846154 2.2045320000033826
452000 121.96153846153847 0.05702951260699392 24.381789807692307 0.4951923076923077 45.301282057692305 45.30769230769231 4.019230769230769 41.28846153846154 2.165109699999448
454000 121.96153846153847 0.05683224022275614 24.381789807692307 0.4951923076923077 45.301282057692305 45.30769230769231 4.019230769230769 41.28846153846154 2.1624385000031907
456000 121.96153846153847 0.05683224022275614 24.381789807692307 0.4951923076923077 45.301282057692305 45.30769230769231 4.019230769230769 41.28846153846154 2.523572799997055
458000 121.96153846153847 0.05650666541788421 24.381789807692307 0.4951923076923077 45.301282057692305 45.30769230769231 4.019230769230769 41.28846153846154 2.0523769999999786
460000 121.96153846153847 0.05650666541788421 24.381789807692307 0.4951923076923077 45.301282057692305 45.30769230769231 4.019230769230769 41.28846153846154 2.2626984999951674
462000 121.96153846153847 0.05650666541788421 24.381789807692307 0.4951923076923077 45.301282057692305 45.30769230769231 4.019230769230769 41.28846153846154 2.1203701000049477
464000 121.96153846153847 0.05650666541788421 24.381789807692307 0.4951923076923077 45.301282057692305 45.30769230769231 4.019230769230769 41.28846153846154 2.1761404999997467
466000 121.96153846153847 0.05650666541788421 24.381789807692307 0.4951923076923077 45.301282057692305 45.30769230769231 4.019230769230769 41.28846153846154 2.227274699995178
468000 121.96153846153847 0.05650666541788421 24.381789807692307 0.4951923076923077 45.301282057692305 45.30769230769231 4.019230769230769 41.28846153846154 2.4041870000073686
470000 121.96153846153847 0.05650666541788421 24.381789807692307 0.4951923076923077 45.301282057692305 45.30769230769231 4.019230769230769 41.28846153846154 2.085210500008543
472000 121.96153846153847 0.05650666541788421 24.381789807692307 0.4951923076923077 45.301282057692305 45.30769230769231 4.019230769230769 41.28846153846154 2.3897923000040464
474000 121.96153846153847 0.05650666541788421 24.381789807692307 0.4951923076923077 45.301282057692305 45.30769230769231 4.019230769230769 41.28846153846154 2.2327188000053866
476000 121.96153846153847 0.05650666541788421 24.381789807692307 0.4951923076923077 45.301282057692305 45.30769230769231 4.019230769230769 41.28846153846154 2.1710951999993995
478000 121.96153846153847 0.05650666541788421 24.381789807692307 0.4951923076923077 45.301282057692305 45.30769230769231 4.019230769230769 41.28846153846154 2.1128946999961045
480000 121.96153846153847 0.05650666541788421 24.381789807692307 0.4951923076923077 45.301282057692305 45.30769230769231 4.019230769230769 41.28846153846154 2.0564056000002893
482000 121.96153846153847 0.05650666541788421 24.381789807692307 0.4951923076923077 45.301282057692305 45.30769230769231 4.019230769230769 41.28846153846154 2.2274374999979045
484000 121.96153846153847 0.05650666541788421 24.381789807692307 0.4951923076923077 45.301282057692305 45.30769230769231 4.019230769230769 41.28846153846154 2.4565433000097983
486000 121.96153846153847 0.05650666541788421 24.381789807692307 0.4951923076923077 45.301282057692305 45.30769230769231 4.019230769230769 41.28846153846154 2.175198900004034
488000 121.96153846153847 0.05650666541788421 24.381789807692307 0.4951923076923077 45.301282057692305 45.30769230769231 4.019230769230769 41.28846153846154 2.1528455000079703
490000 121.96153846153847 0.05650666541788421 24.381789807692307 0.4951923076923077 45.301282057692305 45.30769230769231 4.019230769230769 41.28846153846154 2.2697643999999855
492000 121.96153846153847 0.05650666541788421 24.381789807692307 0.4951923076923077 45.301282057692305 45.30769230769231 4.019230769230769 41.28846153846154 2.0117615000053775
494000 121.96153846153847 0.05650666541788421 24.381789807692307 0.4951923076923077 45.301282057692305 45.30769230769231 4.019230769230769 41.28846153846154 2.0630896000075154
496000 121.96153846153847 0.05650666541788421 24.381789807692307 0.4951923076923077 45.301282057692305 45.30769230769231 4.019230769230769 41.28846153846154 2.321125700007542
498000 121.96153846153847 0.05650666541788421 24.381789807692307 0.4951923076923077 45.301282057692305 45.30769230769231 4.019230769230769 41.28846153846154 2.004361400002381
500000 121.96153846153847 0.05650666541788421 24.381789807692307 0.4951923076923077 45.301282057692305 45.30769230769231 4.019230769230769 41.28846153846154 1.9438182000012603
