2000 2.2115384615384617 -0.018758761508206635 35.561170249999996 0.13942307692307693 45.301282057692305 45.30769230769231 2.1346153846153846 43.17307692307692 0.7985015000012936
4000 3.480769230769231 0.0009874044707501506 35.42788676923077 0.15224358974358973 45.301282057692305 45.30769230769231 1.7884615384615385 43.51923076923077 0.7699228999990737
6000 4.0 -0.018313318624711142 35.790013384615385 0.11217948717948717 45.301282057692305 45.30769230769231 1.7884615384615385 43.51923076923077 0.8998273000033805
8000 1.2692307692307692 -0.018940396087068097 36.659201846153834 0.11217948717948717 45.301282057692305 45.30769230769231 1.7884615384615385 43.51923076923077 0.8889866000099573
10000 1.4230769230769231 0.00029060012959522926 36.36828259615384 0.07692307692307693 45.301282057692305 45.30769230769231 2.019230769230769 43.28846153846154 1.0637887000048067
12000 1.9807692307692308 0.0005407286873435024 35.72701842307692 0.12820512820512822 45.301282057692305 45.30769230769231 3.6923076923076925 41.61538461538461 1.124915599997621
14000 2.7115384615384617 0.0008131151708918782 34.96163328846154 0.1618589743589744 45.301282057692305 45.30769230769231 4.0 41.30769230769231 1.1842727000039304
16000 3.3846153846153846 0.0009898823826572554 34.55500859615385 0.15544871794871792 45.301282057692305 45.30769230769231 4.153846153846154 41.15384615384615 1.2839673999988008
18000 1.0961538461538463 0.00023083132599667665 36.64701238461537 0.07532051282051282 45.301282057692305 45.30769230769231 2.480769230769231 42.82692307692308 1.377011800010223
20000 2.5576923076923075 -0.01843285392147292 35.02082044230769 0.15384615384615385 45.301282057692305 45.30769230769231 3.6153846153846154 41.69230769230769 1.793458300002385
22000 4.538461538461538 0.0016619585709359984 34.11643999999999 0.17467948717948717 45.301282057692305 45.30769230769231 4.384615384615385 40.92307692307692 2.0180044999870006
24000 2.326923076923077 0.0006894710542774914 35.59350928846154 0.1266025641025641 45.301282057692305 45.30769230769231 3.6538461538461537 41.65384615384615 2.0963710000069113
26000 1.7307692307692308 0.0004661571016254097 36.43215353846155 0.09455128205128203 45.301282057692305 45.30769230769231 1.7884615384615385 43.51923076923077 1.9278924000100233
28000 2.673076923076923 0.0008869188378706505 36.03599821153846 0.11858974358974358 45.301282057692305 45.30769230769231 1.7884615384615385 43.51923076923077 1.9008597000065492
30000 1.8461538461538463 0.0004642560475008649 36.55854896153845 0.10096153846153848 45.301282057692305 45.30769230769231 1.7884615384615385 43.51923076923077 2.2627651000075275
32000 1.8269230769230769 0.00035801465863443245 36.32714865384616 0.14262820512820512 45.301282057692305 45.30769230769231 1.7884615384615385 43.51923076923077 2.2703233000065666
34000 2.6923076923076925 0.0007386113073048516 36.12404228846155 0.125 45.301282057692305 45.30769230769231 1.7884615384615385 43.51923076923077 2.224043200010783
36000 2.6923076923076925 0.0005130054662080308 35.99007696153846 0.14262820512820512 45.301282057692305 45.30769230769231 1.7884615384615385 43.51923076923077 2.099571900005685
38000 3.3076923076923075 0.0006373741364765754 35.42570775 0.1378205128205128 45.301282057692305 45.30769230769231 1.7884615384615385 43.51923076923077 2.123240099987015
40000 3.9423076923076925 0.000879530833190196 34.73152911538461 0.15224358974358973 45.301282057692305 45.30769230769231 1.7884615384615385 43.51923076923077 2.3207824999990407
42000 4.019230769230769 0.001381121095496213 35.06256580769231 0.1778846153846154 45.301282057692305 45.30769230769231 1.7884615384615385 43.51923076923077 2.219930600011139
44000 2.980769230769231 0.001080567589461953 35.66683813461539 0.11698717948717949 45.301282057692305 45.30769230769231 1.7884615384615385 43.51923076923077 2.151346900005592
46000 2.730769230769231 0.0009367565055929931 35.54103675 0.1394230769230769 45.301282057692305 45.30769230769231 1.7884615384615385 43.51923076923077 2.1786217000044417
48000 4.076923076923077 -0.017990131394960737 35.173409923076925 0.18269230769230768 45.301282057692305 45.30769230769231 1.7884615384615385 43.51923076923077 2.0641123999957927
50000 3.576923076923077 -0.018159496648367125 35.9255915 0.12179487179487179 45.301282057692305 45.30769230769231 1.7884615384615385 43.51923076923077 2.4025392000039574
52000 3.326923076923077 -0.018419642901489404 36.53670313461539 0.10737179487179487 45.301282057692305 45.30769230769231 1.7884615384615385 43.51923076923077 2.135724100007792
54000 2.8846153846153846 -0.018288829089060234 36.09178507692309 0.11217948717948717 45.301282057692305 45.30769230769231 1.7884615384615385 43.51923076923077 2.1068024999985937
56000 3.2115384615384617 -0.037699882897722053 35.602834980769224 0.1282051282051282 45.301282057692305 45.30769230769231 2.0576923076923075 43.25 2.3305741000076523
58000 2.6346153846153846 0.0008018642593158756 36.081582519230764 0.1169871794871795 45.301282057692305 45.30769230769231 1.7884615384615385 43.51923076923077 2.2558144999929937
60000 1.7692307692307692 -0.09578688135232237 36.83660465384616 0.09134615384615384 45.301282057692305 45.30769230769231 1.7884615384615385 43.51923076923077 2.1776102000003448
62000 1.6346153846153846 -0.09580004290420799 36.52810309615384 0.10256410256410257 45.301282057692305 45.30769230769231 1.7884615384615385 43.51923076923077 2.1510294000036083
64000 2.269230769230769 0.0006786869762736227 36.13771803846154 0.11057692307692307 45.301282057692305 45.30769230769231 1.7884615384615385 43.51923076923077 2.1268620000046212
66000 2.0 -0.09570572152003111 36.67292953846153 0.10897435897435898 45.301282057692305 45.30769230769231 1.7884615384615385 43.51923076923077 2.0655954999965616
68000 1.6923076923076923 -0.038066669252992506 36.48414678846154 0.10416666666666667 45.301282057692305 45.30769230769231 1.7884615384615385 43.51923076923077 2.2772001000121236
70000 2.2884615384615383 -0.07633771019866374 36.59563294230769 0.1201923076923077 45.301282057692305 45.30769230769231 2.5576923076923075 42.75 2.4771438000025228
72000 3.0 -0.0759156899747524 36.37577948076922 0.1137820512820513 45.301282057692305 45.30769230769231 2.923076923076923 42.38461538461539 2.205528199992841
74000 5.826923076923077 0.0018192976401720329 35.21585659615384 0.16987179487179485 45.301282057692305 45.30769230769231 5.230769230769231 40.07692307692308 2.061839100002544
76000 2.230769230769231 0.0006220286118683409 36.52276101923077 0.09935897435897437 45.301282057692305 45.30769230769231 1.7884615384615385 43.51923076923077 2.114767600010964
78000 6.8076923076923075 0.0022874567623607056 35.31587440384615 0.1346153846153846 45.301282057692305 45.30769230769231 2.1346153846153846 43.17307692307692 2.2114901000022655
80000 7.403846153846154 0.002683169708046985 34.75828984615384 0.15705128205128205 45.301282057692305 45.30769230769231 4.019230769230769 41.28846153846154 2.32776400000148
82000 6.076923076923077 0.002706603154421414 34.49324169230769 0.18910256410256407 45.301282057692305 45.30769230769231 4.826923076923077 40.48076923076923 2.526909899999737
84000 6.211538461538462 0.0026012012679529632 34.57710896153845 0.17147435897435898 45.301282057692305 45.30769230769231 4.423076923076923 40.88461538461539 2.203985299987835
86000 5.923076923076923 0.0029681989193718335 34.73617530769231 0.15865384615384615 45.301282057692305 45.30769230769231 5.173076923076923 40.13461538461539 2.4168471000011778
88000 5.038461538461538 0.002228224277035389 35.33654640384616 0.14903846153846154 45.301282057692305 45.30769230769231 4.173076923076923 41.13461538461539 2.2375561999942875
90000 5.076923076923077 0.00224494857745016 35.00310976923077 0.15544871794871792 45.301282057692305 45.30769230769231 4.961538461538462 40.34615384615385 2.4616087000031257
92000 2.25 0.0010001895880590726 36.67365692307692 0.1169871794871795 45.301282057692305 45.30769230769231 2.230769230769231 43.07692307692308 2.349986400004127
94000 1.8076923076923077 -0.03796893948488632 35.96779298076922 0.12500000000000003 45.301282057692305 45.30769230769231 1.7884615384615385 43.51923076923077 2.265189300000202
96000 2.8076923076923075 0.0010296967375882237 35.937093 0.12980769230769232 45.301282057692305 45.30769230769231 2.9038461538461537 42.40384615384615 2.6271825000003446
98000 2.1346153846153846 0.0006012942198982561 36.044723711538474 0.10576923076923078 45.301282057692305 45.30769230769231 1.7884615384615385 43.51923076923077 2.1949459000024945
100000 6.153846153846154 -0.30618002388885085 34.78329882692307 0.15064102564102566 45.301282057692305 45.30769230769231 1.7884615384615385 43.51923076923077 2.4361520999955246
102000 6.711538461538462 -0.34474346899701985 34.41369388461539 0.14903846153846154 45.301282057692305 45.30769230769231 1.7884615384615385 43.51923076923077 2.288586900001974
104000 5.596153846153846 -0.34454050153037163 34.82085961538462 0.15224358974358976 45.301282057692305 45.30769230769231 1.7884615384615385 43.51923076923077 2.2047305000014603
106000 6.269230769230769 -0.34472819734726473 34.54460032692308 0.16506410256410253 45.301282057692305 45.30769230769231 2.0 43.30769230769231 2.615614499998628
108000 6.230769230769231 -0.3639884721894834 34.64011363461538 0.1346153846153846 45.301282057692305 45.30769230769231 1.9038461538461537 43.40384615384615 2.1397069999948144
110000 5.4423076923076925 -0.4027134644559458 34.66705448076924 0.14102564102564102 45.301282057692305 45.30769230769231 2.1923076923076925 43.11538461538461 2.1096324999962235
112000 7.884615384615385 -0.4019148061076994 33.497867750000005 0.23076923076923078 45.301282057692305 45.30769230769231 4.615384615384615 40.69230769230769 2.1150315000122646
114000 7.3076923076923075 -0.5175275767837898 34.20998526923078 0.18910256410256412 45.301282057692305 45.30769230769231 3.076923076923077 42.23076923076923 2.1301103999867337
116000 7.115384615384615 -0.4788899968894898 34.46370163461539 0.1842948717948718 45.301282057692305 45.30769230769231 2.5961538461538463 42.71153846153846 2.207581599999685
118000 13.596153846153847 -0.186452722675984 33.372026692307706 0.2275641025641026 45.301282057692305 45.30769230769231 5.153846153846154 40.15384615384615 2.050430999996024
120000 7.4423076923076925 -0.4788141613111487 34.128010942307704 0.19070512820512822 45.301282057692305 45.30769230769231 3.3076923076923075 42.0 2.0380233000032604
122000 17.423076923076923 -0.08871193179591236 32.161772076923086 0.29006410256410253 45.301282057692305 45.30769230769231 6.134615384615385 39.17307692307692 2.0725744999945164
124000 19.25 -0.04945080999588531 31.771109615384617 0.28205128205128205 45.301282057692305 45.30769230769231 6.8076923076923075 38.5 2.262139300000854
126000 39.51923076923077 0.02127292460215507 30.978635480769235 0.3189102564102564 45.301282057692305 45.30769230769231 7.423076923076923 37.88461538461539 2.2166666999983136
128000 50.51923076923077 0.02670502645615449 30.454240211538465 0.33653846153846156 45.301282057692305 45.30769230769231 7.480769230769231 37.82692307692308 2.023596600003657
130000 49.11538461538461 -0.016307951269346612 30.747113096153857 0.30608974358974356 45.301282057692305 45.30769230769231 7.096153846153846 38.21153846153846 2.1561737000010908
132000 49.5 0.02604582060023264 30.33411982692308 0.3349358974358974 45.301282057692305 45.30769230769231 7.480769230769231 37.82692307692308 2.123647499989602
134000 46.44230769230769 0.02171909904986337 30.698667846153853 0.32211538461538464 45.301282057692305 45.30769230769231 7.653846153846154 37.65384615384615 2.4951635000034003
136000 44.63461538461539 0.02184579217243909 30.700886211538464 0.3076923076923077 45.301282057692305 45.30769230769231 7.711538461538462 37.59615384615385 2.2567467000044417
138000 56.75 0.02500427799676958 30.17850475000001 0.34615384615384615 45.301282057692305 45.30769230769231 7.269230769230769 38.03846153846154 2.430305399990175
140000 52.48076923076923 0.02403814652458367 30.89934451923077 0.31891025641025644 45.301282057692305 45.30769230769231 7.269230769230769 38.03846153846154 2.139787799998885
142000 52.07692307692308 0.025100542674682327 30.480657615384622 0.27724358974358976 45.301282057692305 45.30769230769231 7.365384615384615 37.94230769230769 2.2614853999984916
144000 47.11538461538461 0.020023768320483106 30.75391513461539 0.3125 45.301282057692305 45.30769230769231 7.0 38.30769230769231 2.3349806999904104
146000 46.82692307692308 -0.037576997180283886 30.92388100000001 0.28365384615384615 45.301282057692305 45.30769230769231 6.461538461538462 38.84615384615385 2.230353000006289
148000 47.51923076923077 -0.037600776596679715 30.858425615384622 0.30288461538461536 45.301282057692305 45.30769230769231 6.4423076923076925 38.86538461538461 2.2921481000084896
150000 48.48076923076923 0.021401242072462787 30.568432615384616 0.31410256410256415 45.301282057692305 45.30769230769231 6.5 38.80769230769231 2.670122099996661
152000 50.46153846153846 -0.09316854844099251 30.673334769230774 0.32051282051282054 45.301282057692305 45.30769230769231 4.5576923076923075 40.75 2.378772399999434
154000 53.11538461538461 -0.13116680308406223 30.65878867307692 0.2948717948717949 45.301282057692305 45.30769230769231 4.076923076923077 41.23076923076923 2.0985709999949904
156000 56.38461538461539 -0.05188148827999131 30.244355442307697 0.31891025641025644 45.301282057692305 45.30769230769231 4.461538461538462 40.84615384615385 2.1487158999952953
158000 64.23076923076923 0.010947566118365474 27.785523269230776 0.36538461538461536 45.301282057692305 45.30769230769231 3.7884615384615383 41.51923076923077 2.5030782999965595
160000 68.86538461538461 0.030790966785200578 27.652151673076943 0.40865384615384615 45.301282057692305 45.30769230769231 4.134615384615385 41.17307692307692 2.193514899990987
162000 68.15384615384616 0.02880470311489983 27.773275750000018 0.3798076923076923 45.301282057692305 45.30769230769231 5.538461538461538 39.76923076923077 2.3519634999975096
164000 75.32692307692308 0.033259403606915136 26.63899471153848 0.4150641025641026 45.301282057692305 45.30769230769231 4.096153846153846 41.21153846153846 2.2409240000124555
166000 75.84615384615384 0.033533554941160275 26.639956288461555 0.41987179487179493 45.301282057692305 45.30769230769231 4.230769230769231 41.07692307692308 2.1800069000018993
168000 79.57692307692308 0.037651185967289245 25.91705621153848 0.4439102564102564 45.301282057692305 45.30769230769231 3.480769230769231 41.82692307692308 2.1052778999874135
170000 79.57692307692308 0.03765081621583402 25.91705621153848 0.4439102564102564 45.301282057692305 45.30769230769231 3.480769230769231 41.82692307692308 2.202869800006738
172000 79.57692307692308 0.0376495819524803 25.91705621153848 0.4439102564102564 45.301282057692305 45.30769230769231 3.480769230769231 41.82692307692308 2.1485932000068715
174000 78.21153846153847 0.03619917331754659 26.084293076923093 0.43429487179487186 45.301282057692305 45.30769230769231 3.6346153846153846 41.67307692307692 2.1341079999983776
176000 96.86538461538461 0.045687282451501214 25.16974450000001 0.4823717948717948 45.301282057692305 45.30769230769231 3.3846153846153846 41.92307692307692 2.4478191999951378
178000 101.3076923076923 0.043328206384622175 26.10428884615385 0.4599358974358974 45.301282057692305 45.30769230769231 3.1346153846153846 42.17307692307692 2.171894800005248
180000 106.96153846153847 0.04666414782542932 25.563690269230772 0.46153846153846156 45.301282057692305 45.30769230769231 3.1346153846153846 42.17307692307692 2.263122599993949
182000 113.88461538461539 0.05222660733599997 24.563689673076926 0.5240384615384616 45.301282057692305 45.30769230769231 3.1346153846153846 42.17307692307692 2.0859416000021156
184000 113.88461538461539 0.05225291139534446 24.563689673076926 0.5240384615384616 45.301282057692305 45.30769230769231 3.1346153846153846 42.17307692307692 2.1710573000018485
186000 113.88461538461539 0.05225291139534446 24.563689673076926 0.5240384615384616 45.301282057692305 45.30769230769231 3.1346153846153846 42.17307692307692 2.1556549000088125
188000 113.88461538461539 0.05225291139534446 24.563689673076926 0.5240384615384616 45.301282057692305 45.30769230769231 3.1346153846153846 42.17307692307692 2.3489062000007834
190000 113.88461538461539 0.05225291139534446 24.563689673076926 0.5240384615384616 45.301282057692305 45.30769230769231 3.1346153846153846 42.17307692307692 2.2246921000041766
192000 113.88461538461539 0.05225291139534446 24.563689673076926 0.5240384615384616 45.301282057692305 45.30769230769231 3.1346153846153846 42.17307692307692 2.1051805000024615
194000 113.88461538461539 0.05225291139534446 24.563689673076926 0.5240384615384616 45.301282057692305 45.30769230769231 3.1346153846153846 42.17307692307692 2.1725268000009237
196000 113.88461538461539 0.05225291139534446 24.563689673076926 0.5240384615384616 45.301282057692305 45.30769230769231 3.1346153846153846 42.17307692307692 2.1407890999980737
198000 113.88461538461539 0.05225291139534446 24.563689673076926 0.5240384615384616 45.301282057692305 45.30769230769231 3.1346153846153846 42.17307692307692 2.154714000003878
200000 113.88461538461539 0.05225291139534446 24.563689673076926 0.5240384615384616 45.301282057692305 45.30769230769231 3.1346153846153846 42.17307692307692 2.112728199994308
202000 113.88461538461539 0.05225291139534446 24.563689673076926 0.5240384615384616 45.301282057692305 45.30769230769231 3.1346153846153846 42.17307692307692 2.1803542999987258
204000 113.88461538461539 0.05225291139534446 24.563689673076926 0.5240384615384616 45.301282057692305 45.30769230769231 3.1346153846153846 42.17307692307692 2.373385999992024
206000 113.88461538461539 0.05225291139534446 24.563689673076926 0.5240384615384616 45.301282057692305 45.30769230769231 3.1346153846153846 42.17307692307692 2.3559821999951964
208000 113.88461538461539 0.05225291139534446 24.563689673076926 0.5240384615384616 45.301282057692305 45.30769230769231 3.1346153846153846 42.17307692307692 2.139308500001789
210000 113.88461538461539 0.05225291139534446 24.563689673076926 0.5240384615384616 45.301282057692305 45.30769230769231 3.1346153846153846 42.17307692307692 2.5377762999996776
212000 113.88461538461539 0.05225291139534446 24.563689673076926 0.5240384615384616 45.301282057692305 45.30769230769231 3.1346153846153846 42.17307692307692 2.1387018999957945
214000 113.88461538461539 0.05225291139534446 24.563689673076926 0.5240384615384616 45.301282057692305 45.30769230769231 3.1346153846153846 42.17307692307692 2.1123279000021284
216000 113.88461538461539 0.05225291139534446 24.563689673076926 0.5240384615384616 45.301282057692305 45.30769230769231 3.1346153846153846 42.17307692307692 2.1036868999945
218000 113.88461538461539 0.05225291139534446 24.563689673076926 0.5240384615384616 45.301282057692305 45.30769230769231 3.1346153846153846 42.17307692307692 2.089724899997236
220000 113.88461538461539 0.05225291139534446 24.563689673076926 0.5240384615384616 45.301282057692305 45.30769230769231 3.1346153846153846 42.17307692307692 2.201012499994249
222000 113.88461538461539 0.05225291139534446 24.563689673076926 0.5240384615384616 45.301282057692305 45.30769230769231 3.1346153846153846 42.17307692307692 2.2315386999980547
224000 113.88461538461539 0.05225291139534446 24.563689673076926 0.5240384615384616 45.301282057692305 45.30769230769231 3.1346153846153846 42.17307692307692 2.1677224000013666
226000 113.88461538461539 0.05225291139534446 24.563689673076926 0.5240384615384616 45.301282057692305 45.30769230769231 3.1346153846153846 42.17307692307692 2.1170697000052314
228000 113.88461538461539 0.05225291139534446 24.563689673076926 0.5240384615384616 45.301282057692305 45.30769230769231 3.1346153846153846 42.17307692307692 2.0476718000136316
230000 113.88461538461539 0.05225291139534446 24.563689673076926 0.5240384615384616 45.301282057692305 45.30769230769231 3.1346153846153846 42.17307692307692 2.1434447999927215
232000 113.88461538461539 0.05225291139534446 24.563689673076926 0.5240384615384616 45.301282057692305 45.30769230769231 3.1346153846153846 42.17307692307692 2.0584823000099277
234000 113.88461538461539 0.05225291139534446 24.563689673076926 0.5240384615384616 45.301282057692305 45.30769230769231 3.1346153846153846 42.17307692307692 2.340009399995324
236000 113.88461538461539 0.05225291139534446 24.563689673076926 0.5240384615384616 45.301282057692305 45.30769230769231 3.1346153846153846 42.17307692307692 2.0931292999885045
238000 113.88461538461539 0.05225291139534446 24.563689673076926 0.5240384615384616 45.301282057692305 45.30769230769231 3.1346153846153846 42.17307692307692 2.1275273999926867
240000 113.88461538461539 0.05225291139534446 24.563689673076926 0.5240384615384616 45.301282057692305 45.30769230769231 3.1346153846153846 42.17307692307692 2.196191800001543
242000 113.88461538461539 0.05225291139534446 24.563689673076926 0.5240384615384616 45.301282057692305 45.30769230769231 3.1346153846153846 42.17307692307692 2.4108485000033397
244000 113.88461538461539 0.05225291139534446 24.563689673076926 0.5240384615384616 45.301282057692305 45.30769230769231 3.1346153846153846 42.17307692307692 2.228157999998075
246000 113.88461538461539 0.05225291139534446 24.563689673076926 0.5240384615384616 45.301282057692305 45.30769230769231 3.1346153846153846 42.17307692307692 2.3275292000034824
248000 113.88461538461539 0.05225291139534446 24.563689673076926 0.5240384615384616 45.301282057692305 45.30769230769231 3.1346153846153846 42.17307692307692 2.4081002000020817
250000 113.88461538461539 0.05225291139534446 24.563689673076926 0.5240384615384616 45.301282057692305 45.30769230769231 3.1346153846153846 42.17307692307692 2.2407741000060923
252000 113.88461538461539 0.05225291139534446 24.563689673076926 0.5240384615384616 45.301282057692305 45.30769230769231 3.1346153846153846 42.17307692307692 2.119425400000182
254000 113.88461538461539 0.05225291139534446 24.563689673076926 0.5240384615384616 45.301282057692305 45.30769230769231 3.1346153846153846 42.17307692307692 2.263631299996632
256000 113.88461538461539 0.05225291139534446 24.563689673076926 0.5240384615384616 45.301282057692305 45.30769230769231 3.1346153846153846 42.17307692307692 2.250620799997705
258000 113.88461538461539 0.05225291139534446 24.563689673076926 0.5240384615384616 45.301282057692305 45.30769230769231 3.1346153846153846 42.17307692307692 2.218422999998438
260000 113.88461538461539 0.05225291139534446 24.563689673076926 0.5240384615384616 45.301282057692305 45.30769230769231 3.1346153846153846 42.17307692307692 2.2365186999959406
262000 113.88461538461539 0.05225291139534446 24.563689673076926 0.5240384615384616 45.301282057692305 45.30769230769231 3.1346153846153846 42.17307692307692 2.2433574000024237
264000 113.88461538461539 0.05225291139534446 24.563689673076926 0.5240384615384616 45.301282057692305 45.30769230769231 3.1346153846153846 42.17307692307692 2.228159499994945
266000 113.88461538461539 0.05225291139534446 24.563689673076926 0.5240384615384616 45.301282057692305 45.30769230769231 3.1346153846153846 42.17307692307692 2.3124219000019366
268000 113.88461538461539 0.05225291139534446 24.563689673076926 0.5240384615384616 45.301282057692305 45.30769230769231 3.1346153846153846 42.17307692307692 2.2790146000043023
270000 113.88461538461539 0.05225291139534446 24.563689673076926 0.5240384615384616 45.301282057692305 45.30769230769231 3.1346153846153846 42.17307692307692 2.1275279999972554
272000 113.88461538461539 0.05225291139534446 24.563689673076926 0.5240384615384616 45.301282057692305 45.30769230769231 3.1346153846153846 42.17307692307692 2.0717631000006804
274000 113.88461538461539 0.05225291139534446 24.563689673076926 0.5240384615384616 45.301282057692305 45.30769230769231 3.1346153846153846 42.17307692307692 2.25526040000841
276000 113.88461538461539 0.05225291139534446 24.563689673076926 0.5240384615384616 45.301282057692305 45.30769230769231 3.1346153846153846 42.17307692307692 2.1593157000024803
278000 113.88461538461539 0.05225291139534446 24.563689673076926 0.5240384615384616 45.301282057692305 45.30769230769231 3.1346153846153846 42.17307692307692 2.1321001000032993
280000 113.88461538461539 0.05225291139534446 24.563689673076926 0.5240384615384616 45.301282057692305 45.30769230769231 3.1346153846153846 42.17307692307692 2.2195579999970505
282000 113.88461538461539 0.05225291139534446 24.563689673076926 0.5240384615384616 45.301282057692305 45.30769230769231 3.1346153846153846 42.17307692307692 2.389212399997632
284000 113.88461538461539 0.05225291139534446 24.563689673076926 0.5240384615384616 45.301282057692305 45.30769230769231 3.1346153846153846 42.17307692307692 2.2165440999960992
286000 113.88461538461539 0.05225291139534446 24.563689673076926 0.5240384615384616 45.301282057692305 45.30769230769231 3.1346153846153846 42.17307692307692 2.2880041000025813
288000 113.88461538461539 0.05225291139534446 24.563689673076926 0.5240384615384616 45.301282057692305 45.30769230769231 3.1346153846153846 42.17307692307692 2.308802800005651
290000 113.88461538461539 0.05225291139534446 24.563689673076926 0.5240384615384616 45.301282057692305 45.30769230769231 3.1346153846153846 42.17307692307692 2.266741599989473
292000 113.88461538461539 0.05225291139534446 24.563689673076926 0.5240384615384616 45.301282057692305 45.30769230769231 3.1346153846153846 42.17307692307692 2.2205947999900673
294000 113.88461538461539 0.05225291139534446 24.563689673076926 0.5240384615384616 45.301282057692305 45.30769230769231 3.1346153846153846 42.17307692307692 2.0695630999980494
296000 113.88461538461539 0.05225291139534446 24.563689673076926 0.5240384615384616 45.301282057692305 45.30769230769231 3.1346153846153846 42.17307692307692 2.1188407000008738
298000 113.88461538461539 0.05225291139534446 24.563689673076926 0.5240384615384616 45.301282057692305 45.30769230769231 3.1346153846153846 42.17307692307692 2.143508400011342
300000 113.88461538461539 0.05225291139534446 24.563689673076926 0.5240384615384616 45.301282057692305 45.30769230769231 3.1346153846153846 42.17307692307692 2.1604473999905167
302000 113.88461538461539 0.05225291139534446 24.563689673076926 0.5240384615384616 45.301282057692305 45.30769230769231 3.1346153846153846 42.17307692307692 2.108909600006882
304000 113.88461538461539 0.05225291139534446 24.563689673076926 0.5240384615384616 45.301282057692305 45.30769230769231 3.1346153846153846 42.17307692307692 2.2479659999953583
306000 113.88461538461539 0.05225291139534446 24.563689673076926 0.5240384615384616 45.301282057692305 45.30769230769231 3.1346153846153846 42.17307692307692 2.2576817000081064
308000 113.88461538461539 0.05225291139534446 24.563689673076926 0.5240384615384616 45.301282057692305 45.30769230769231 3.1346153846153846 42.17307692307692 2.1989450999972178
310000 113.88461538461539 0.05225291139534446 24.563689673076926 0.5240384615384616 45.301282057692305 45.30769230769231 3.1346153846153846 42.17307692307692 2.2090716999955475
312000 113.88461538461539 0.05225291139534446 24.563689673076926 0.5240384615384616 45.301282057692305 45.30769230769231 3.1346153846153846 42.17307692307692 2.216134799993597
314000 113.88461538461539 0.05225291139534446 24.563689673076926 0.5240384615384616 45.301282057692305 45.30769230769231 3.1346153846153846 42.17307692307692 2.334220100005041
316000 113.88461538461539 0.05225291139534446 24.563689673076926 0.5240384615384616 45.301282057692305 45.30769230769231 3.1346153846153846 42.17307692307692 2.1965624000004027
318000 113.88461538461539 0.05225291139534446 24.563689673076926 0.5240384615384616 45.301282057692305 45.30769230769231 3.1346153846153846 42.17307692307692 2.0825612000044202
320000 113.88461538461539 0.05225291139534446 24.563689673076926 0.5240384615384616 45.301282057692305 45.30769230769231 3.1346153846153846 42.17307692307692 2.2316108999948483
322000 113.88461538461539 0.05225291139534446 24.563689673076926 0.5240384615384616 45.301282057692305 45.30769230769231 3.1346153846153846 42.17307692307692 2.2300335000036284
324000 113.88461538461539 0.05225291139534446 24.563689673076926 0.5240384615384616 45.301282057692305 45.30769230769231 3.1346153846153846 42.17307692307692 2.1404960000072606
326000 113.88461538461539 0.05225291139534446 24.563689673076926 0.5240384615384616 45.301282057692305 45.30769230769231 3.1346153846153846 42.17307692307692 2.112806900011492
328000 113.88461538461539 0.05225291139534446 24.563689673076926 0.5240384615384616 45.301282057692305 45.30769230769231 3.1346153846153846 42.17307692307692 2.3470536999957403
330000 113.88461538461539 0.05225291139534446 24.563689673076926 0.5240384615384616 45.301282057692305 45.30769230769231 3.1346153846153846 42.17307692307692 2.164023500008625
332000 113.88461538461539 0.05225291139534446 24.563689673076926 0.5240384615384616 45.301282057692305 45.30769230769231 3.1346153846153846 42.17307692307692 2.1489926999929594
334000 113.88461538461539 0.052523320613352034 24.563689673076926 0.5240384615384616 45.301282057692305 45.30769230769231 3.1346153846153846 42.17307692307692 2.3128980999899795
336000 113.88461538461539 0.052523320613352034 24.563689673076926 0.5240384615384616 45.301282057692305 45.30769230769231 3.1346153846153846 42.17307692307692 2.3121732999861706
338000 113.88461538461539 0.05225291139534446 24.563689673076926 0.5240384615384616 45.301282057692305 45.30769230769231 3.1346153846153846 42.17307692307692 2.1585756999993464
340000 113.88461538461539 0.05225291139534446 24.563689673076926 0.5240384615384616 45.301282057692305 45.30769230769231 3.1346153846153846 42.17307692307692 2.196706999995513
342000 113.88461538461539 0.05225291139534446 24.563689673076926 0.5240384615384616 45.301282057692305 45.30769230769231 3.1346153846153846 42.17307692307692 2.1833554999902844
344000 113.88461538461539 0.05225291139534446 24.563689673076926 0.5240384615384616 45.301282057692305 45.30769230769231 3.1346153846153846 42.17307692307692 2.2403094000037527
346000 113.88461538461539 0.05225291139534446 24.563689673076926 0.5240384615384616 45.301282057692305 45.30769230769231 3.1346153846153846 42.17307692307692 2.160171299998183
348000 109.25 0.0490788869922381 25.082920730769235 0.5144230769230769 45.301282057692305 45.30769230769231 3.1346153846153846 42.17307692307692 2.1932038000086322
350000 109.25 0.0490788869922381 25.082920730769235 0.5144230769230769 45.301282057692305 45.30769230769231 3.1346153846153846 42.17307692307692 2.1475393999862717
352000 112.61538461538461 0.05037826049000061 24.749587211538465 0.5240384615384616 45.301282057692305 45.30769230769231 3.1346153846153846 42.17307692307692 2.081949600004009
354000 112.61538461538461 0.05037826049000061 24.749587211538465 0.5240384615384616 45.301282057692305 45.30769230769231 3.1346153846153846 42.17307692307692 2.3501495999953477
356000 113.88461538461539 0.05225291139534446 24.563689673076926 0.5240384615384616 45.301282057692305 45.30769230769231 3.1346153846153846 42.17307692307692 2.2530919999990147
358000 113.88461538461539 0.05225291139534446 24.563689673076926 0.5240384615384616 45.301282057692305 45.30769230769231 3.1346153846153846 42.17307692307692 2.218981999991229
360000 113.88461538461539 0.05225291139534446 24.563689673076926 0.5240384615384616 45.301282057692305 45.30769230769231 3.1346153846153846 42.17307692307692 2.2007977000030223
362000 113.88461538461539 0.05225291139534446 24.563689673076926 0.5240384615384616 45.301282057692305 45.30769230769231 3.1346153846153846 42.17307692307692 2.1630848000058904
364000 113.88461538461539 0.05225291139534446 24.563689673076926 0.5240384615384616 45.301282057692305 45.30769230769231 3.1346153846153846 42.17307692307692 2.2213411000120686
366000 113.88461538461539 0.05225291139534446 24.563689673076926 0.5240384615384616 45.301282057692305 45.30769230769231 3.1346153846153846 42.17307692307692 2.161090299996431
368000 113.88461538461539 0.052523320613352034 24.563689673076926 0.5240384615384616 45.301282057692305 45.30769230769231 3.1346153846153846 42.17307692307692 2.2041858000011416
370000 113.88461538461539 0.05249701655400755 24.563689673076926 0.5240384615384616 45.301282057692305 45.30769230769231 3.1346153846153846 42.17307692307692 2.1190460000070743
372000 113.88461538461539 0.05225291139534446 24.563689673076926 0.5240384615384616 45.301282057692305 45.30769230769231 3.1346153846153846 42.17307692307692 2.3215023999946425
374000 113.88461538461539 0.05225291139534446 24.563689673076926 0.5240384615384616 45.301282057692305 45.30769230769231 3.1346153846153846 42.17307692307692 2.384617400006391
376000 113.88461538461539 0.05225291139534446 24.563689673076926 0.5240384615384616 45.301282057692305 45.30769230769231 3.1346153846153846 42.17307692307692 2.1715206999942893
378000 113.88461538461539 0.05225291139534446 24.563689673076926 0.5240384615384616 45.301282057692305 45.30769230769231 3.1346153846153846 42.17307692307692 2.4806122000009054
380000 113.88461538461539 0.05225291139534446 24.563689673076926 0.5240384615384616 45.301282057692305 45.30769230769231 3.1346153846153846 42.17307692307692 2.134413299994776
382000 113.88461538461539 0.05225291139534446 24.563689673076926 0.5240384615384616 45.301282057692305 45.30769230769231 3.1346153846153846 42.17307692307692 2.145394599996507
384000 113.88461538461539 0.05225291139534446 24.563689673076926 0.5240384615384616 45.301282057692305 45.30769230769231 3.1346153846153846 42.17307692307692 2.338787200002116
386000 113.88461538461539 0.05225291139534446 24.563689673076926 0.5240384615384616 45.301282057692305 45.30769230769231 3.1346153846153846 42.17307692307692 2.103640600005747
388000 113.88461538461539 0.05225291139534446 24.563689673076926 0.5240384615384616 45.301282057692305 45.30769230769231 3.1346153846153846 42.17307692307692 2.247734300006414
390000 113.88461538461539 0.05225291139534446 24.563689673076926 0.5240384615384616 45.301282057692305 45.30769230769231 3.1346153846153846 42.17307692307692 2.223586299995077
392000 113.88461538461539 0.05225291139534446 24.563689673076926 0.5240384615384616 45.301282057692305 45.30769230769231 3.1346153846153846 42.17307692307692 2.15530349999608
394000 113.88461538461539 0.05225291139534446 24.563689673076926 0.5240384615384616 45.301282057692305 45.30769230769231 3.1346153846153846 42.17307692307692 2.5089854999969248
396000 113.88461538461539 0.05225291139534446 24.563689673076926 0.5240384615384616 45.301282057692305 45.30769230769231 3.1346153846153846 42.17307692307692 2.189150200007134
398000 113.88461538461539 0.05225291139534446 24.563689673076926 0.5240384615384616 45.301282057692305 45.30769230769231 3.1346153846153846 42.17307692307692 2.1377750000101514
400000 113.88461538461539 0.05225291139534446 24.563689673076926 0.5240384615384616 45.301282057692305 45.30769230769231 3.1346153846153846 42.17307692307692 2.123532300000079
402000 113.88461538461539 0.05225291139534446 24.563689673076926 0.5240384615384616 45.301282057692305 45.30769230769231 3.1346153846153846 42.17307692307692 2.2555586000089534
404000 113.88461538461539 0.05225291139534446 24.563689673076926 0.5240384615384616 45.301282057692305 45.30769230769231 3.1346153846153846 42.17307692307692 2.1138057000061963
406000 113.88461538461539 0.05225291139534446 24.563689673076926 0.5240384615384616 45.301282057692305 45.30769230769231 3.1346153846153846 42.17307692307692 2.229371200010064
408000 113.88461538461539 0.05225291139534446 24.563689673076926 0.5240384615384616 45.301282057692305 45.30769230769231 3.1346153846153846 42.17307692307692 2.162419800006319
410000 113.88461538461539 0.05225291139534446 24.563689673076926 0.5240384615384616 45.301282057692305 45.30769230769231 3.1346153846153846 42.17307692307692 2.153831999996328
412000 113.88461538461539 0.05225291139534446 24.563689673076926 0.5240384615384616 45.301282057692305 45.30769230769231 3.1346153846153846 42.17307692307692 2.350345200000447
414000 113.88461538461539 0.05225291139534446 24.563689673076926 0.5240384615384616 45.301282057692305 45.30769230769231 3.1346153846153846 42.17307692307692 2.1415736000053585
416000 113.88461538461539 0.05225291139534446 24.563689673076926 0.5240384615384616 45.301282057692305 45.30769230769231 3.1346153846153846 42.17307692307692 2.10339180000301
418000 113.88461538461539 0.05225291139534446 24.563689673076926 0.5240384615384616 45.301282057692305 45.30769230769231 3.1346153846153846 42.17307692307692 2.5484482000028947
420000 113.88461538461539 0.05225291139534446 24.563689673076926 0.5240384615384616 45.301282057692305 45.30769230769231 3.1346153846153846 42.17307692307692 2.2212531000113813
422000 113.88461538461539 0.05225291139534446 24.563689673076926 0.5240384615384616 45.301282057692305 45.30769230769231 3.1346153846153846 42.17307692307692 2.298982699998305
424000 113.88461538461539 0.05225291139534446 24.563689673076926 0.5240384615384616 45.301282057692305 45.30769230769231 3.1346153846153846 42.17307692307692 2.2862669000023743
426000 113.88461538461539 0.05225291139534446 24.563689673076926 0.5240384615384616 45.301282057692305 45.30769230769231 3.1346153846153846 42.17307692307692 2.0953765000012936
428000 113.88461538461539 0.05225291139534446 24.563689673076926 0.5240384615384616 45.301282057692305 45.30769230769231 3.1346153846153846 42.17307692307692 2.2171237000002293
430000 113.88461538461539 0.05287434641100553 24.563689673076926 0.5240384615384616 45.301282057692305 45.30769230769231 3.1346153846153846 42.17307692307692 2.209717699995963
432000 113.88461538461539 0.05423109437169737 24.563689673076926 0.5240384615384616 45.301282057692305 45.30769230769231 3.1346153846153846 42.17307692307692 2.2107405999995535
434000 113.88461538461539 0.05423109437169737 24.563689673076926 0.5240384615384616 45.301282057692305 45.30769230769231 3.1346153846153846 42.17307692307692 2.110085100008291
436000 113.88461538461539 0.05423109437169737 24.563689673076926 0.5240384615384616 45.301282057692305 45.30769230769231 3.1346153846153846 42.17307692307692 2.234547999993083
438000 113.88461538461539 0.05423109437169737 24.563689673076926 0.5240384615384616 45.301282057692305 45.30769230769231 3.1346153846153846 42.17307692307692 2.25167070000316
440000 113.88461538461539 0.05423109437169737 24.563689673076926 0.5240384615384616 45.301282057692305 45.30769230769231 3.1346153846153846 42.17307692307692 2.1299594000010984
442000 113.88461538461539 0.05225291139534446 24.563689673076926 0.5240384615384616 45.301282057692305 45.30769230769231 3.1346153846153846 42.17307692307692 2.2578195999958552
444000 113.88461538461539 0.052523320613352034 24.563689673076926 0.5240384615384616 45.301282057692305 45.30769230769231 3.1346153846153846 42.17307692307692 2.1854406999918865
446000 113.88461538461539 0.052523320613352034 24.563689673076926 0.5240384615384616 45.301282057692305 45.30769230769231 3.1346153846153846 42.17307692307692 2.110676500000409
448000 113.88461538461539 0.05225291139534446 24.563689673076926 0.5240384615384616 45.301282057692305 45.30769230769231 3.1346153846153846 42.17307692307692 2.240864399995189
450000 113.88461538461539 0.05225291139534446 24.563689673076926 0.5240384615384616 45.301282057692305 45.30769230769231 3.1346153846153846 42.17307692307692 2.170282799997949
452000 113.88461538461539 0.053891653654851254 24.563689673076926 0.5240384615384616 45.301282057692305 45.30769230769231 3.1346153846153846 42.17307692307692 2.1546900999965146
454000 113.88461538461539 0.052523320613352034 24.563689673076926 0.5240384615384616 45.301282057692305 45.30769230769231 3.1346153846153846 42.17307692307692 2.070009000002756
456000 113.88461538461539 0.052523320613352034 24.563689673076926 0.5240384615384616 45.301282057692305 45.30769230769231 3.1346153846153846 42.17307692307692 2.159976800001459
458000 113.88461538461539 0.05225291139534446 24.563689673076926 0.5240384615384616 45.301282057692305 45.30769230769231 3.1346153846153846 42.17307692307692 1.9955518999922788
460000 113.88461538461539 0.05225291139534446 24.563689673076926 0.5240384615384616 45.301282057692305 45.30769230769231 3.1346153846153846 42.17307692307692 2.209199000004446
462000 113.88461538461539 0.05225291139534446 24.563689673076926 0.5240384615384616 45.301282057692305 45.30769230769231 3.1346153846153846 42.17307692307692 2.139966099988669
464000 113.88461538461539 0.05225291139534446 24.563689673076926 0.5240384615384616 45.301282057692305 45.30769230769231 3.1346153846153846 42.17307692307692 2.1770477000100072
466000 113.88461538461539 0.05225291139534446 24.563689673076926 0.5240384615384616 45.301282057692305 45.30769230769231 3.1346153846153846 42.17307692307692 2.167735900002299
468000 113.88461538461539 0.05225291139534446 24.563689673076926 0.5240384615384616 45.301282057692305 45.30769230769231 3.1346153846153846 42.17307692307692 2.2062234000040917
470000 113.88461538461539 0.05225291139534446 24.563689673076926 0.5240384615384616 45.301282057692305 45.30769230769231 3.1346153846153846 42.17307692307692 2.127565599992522
472000 113.88461538461539 0.05225291139534446 24.563689673076926 0.5240384615384616 45.301282057692305 45.30769230769231 3.1346153846153846 42.17307692307692 2.2419835000036983
474000 113.88461538461539 0.05225291139534446 24.563689673076926 0.5240384615384616 45.301282057692305 45.30769230769231 3.1346153846153846 42.17307692307692 2.149488499999279
476000 113.88461538461539 0.05225291139534446 24.563689673076926 0.5240384615384616 45.301282057692305 45.30769230769231 3.1346153846153846 42.17307692307692 2.1873001999920234
478000 113.88461538461539 0.05225291139534446 24.563689673076926 0.5240384615384616 45.301282057692305 45.30769230769231 3.1346153846153846 42.17307692307692 2.2570273999881465
480000 113.88461538461539 0.05225291139534446 24.563689673076926 0.5240384615384616 45.301282057692305 45.30769230769231 3.1346153846153846 42.17307692307692 2.105648899989319
482000 113.88461538461539 0.05225291139534446 24.563689673076926 0.5240384615384616 45.301282057692305 45.30769230769231 3.1346153846153846 42.17307692307692 2.080515800000285
484000 113.88461538461539 0.05225291139534446 24.563689673076926 0.5240384615384616 45.301282057692305 45.30769230769231 3.1346153846153846 42.17307692307692 2.44908310000028
486000 113.88461538461539 0.05225291139534446 24.563689673076926 0.5240384615384616 45.301282057692305 45.30769230769231 3.1346153846153846 42.17307692307692 2.180741300006048
488000 113.88461538461539 0.05225291139534446 24.563689673076926 0.5240384615384616 45.301282057692305 45.30769230769231 3.1346153846153846 42.17307692307692 2.1147775999997975
490000 113.88461538461539 0.05225291139534446 24.563689673076926 0.5240384615384616 45.301282057692305 45.30769230769231 3.1346153846153846 42.17307692307692 2.179741100000683
492000 113.88461538461539 0.05225291139534446 24.563689673076926 0.5240384615384616 45.301282057692305 45.30769230769231 3.1346153846153846 42.17307692307692 2.471208499991917
494000 113.88461538461539 0.05225291139534446 24.563689673076926 0.5240384615384616 45.301282057692305 45.30769230769231 3.1346153846153846 42.17307692307692 2.2664125000010245
496000 113.88461538461539 0.05225291139534446 24.563689673076926 0.5240384615384616 45.301282057692305 45.30769230769231 3.1346153846153846 42.17307692307692 2.1903809000068577
498000 113.88461538461539 0.05225291139534446 24.563689673076926 0.5240384615384616 45.301282057692305 45.30769230769231 3.1346153846153846 42.17307692307692 2.0515178999921773
500000 113.88461538461539 0.05225291139534446 24.563689673076926 0.5240384615384616 45.301282057692305 45.30769230769231 3.1346153846153846 42.17307692307692 1.9614055999991251
