2000 2.3076923076923075 0.0004445079607820147 109.3076923076923 0.08653846153846154 135.8653846153846 45.28846153846154 1.2307692307692308 44.05769230769231 1.01129310001852
4000 4.403846153846154 0.0008044421930373438 108.8076923076923 0.08974358974358973 135.8653846153846 45.28846153846154 1.1923076923076923 44.09615384615385 1.3255452999728732
6000 1.8653846153846154 0.000367798959919919 110.1923076923077 0.07532051282051282 135.8653846153846 45.28846153846154 1.1923076923076923 44.09615384615385 1.4027066000271589
8000 2.4615384615384617 0.0005261045484593484 108.0 0.1137820512820513 135.8653846153846 45.28846153846154 1.3076923076923077 43.98076923076923 1.541394500003662
10000 2.2115384615384617 0.00034008906373880624 108.1923076923077 0.1362179487179487 135.8653846153846 45.28846153846154 1.2692307692307692 44.01923076923077 1.7270489999791607
12000 3.019230769230769 0.00060140870075103 107.71153846153847 0.1330128205128205 135.8653846153846 45.28846153846154 1.5 43.78846153846154 1.6919161999830976
14000 2.173076923076923 0.00023123356523113193 109.40384615384616 0.07371794871794872 135.8653846153846 45.28846153846154 1.1923076923076923 44.09615384615385 1.9209102999884635
16000 1.7115384615384615 0.0002166465949657782 109.73076923076923 0.0689102564102564 135.8653846153846 45.28846153846154 1.1923076923076923 44.09615384615385 2.213961700035725
18000 2.25 0.00039628904303826574 107.75 0.1330128205128205 135.8653846153846 45.28846153846154 1.1923076923076923 44.09615384615385 1.9788299000356346
20000 1.75 0.00021855612756651 109.34615384615384 0.09294871794871797 135.8653846153846 45.28846153846154 1.1923076923076923 44.09615384615385 2.3606721999822184
22000 1.7884615384615385 0.00024624438360672707 109.23076923076923 0.08333333333333334 135.8653846153846 45.28846153846154 1.1923076923076923 44.09615384615385 2.1400260000373237
24000 1.5769230769230769 0.0002139797449073697 110.84615384615384 0.04326923076923077 135.8653846153846 45.28846153846154 1.1923076923076923 44.09615384615385 2.694951099983882
26000 2.480769230769231 0.0005542061243434046 107.86538461538461 0.1394230769230769 135.8653846153846 45.28846153846154 1.5 43.78846153846154 3.175300700007938
28000 2.5 0.00048075924534153873 106.28846153846153 0.15384615384615383 135.8653846153846 45.28846153846154 1.4615384615384615 43.82692307692308 3.127803999988828
30000 1.8269230769230769 0.00015138704590297815 109.1923076923077 0.1121794871794872 135.8653846153846 45.28846153846154 1.5 43.78846153846154 2.911726600024849
32000 1.5576923076923077 0.00018407826251186122 110.01923076923077 0.10416666666666666 135.8653846153846 45.28846153846154 1.1923076923076923 44.09615384615385 2.9683171999640763
34000 1.7307692307692308 0.0002737309767343877 110.38461538461539 0.10416666666666666 135.8653846153846 45.28846153846154 1.3076923076923077 43.98076923076923 2.8087485000141896
36000 2.2115384615384617 0.0004873404940410191 108.90384615384616 0.1282051282051282 135.8653846153846 45.28846153846154 1.4615384615384615 43.82692307692308 2.7906206999905407
38000 2.4423076923076925 0.0004762462243986242 106.63461538461539 0.12980769230769232 135.8653846153846 45.28846153846154 1.1923076923076923 44.09615384615385 2.9832453999551944
40000 4.4423076923076925 0.0011382849450071598 103.84615384615384 0.16025641025641024 135.8653846153846 45.28846153846154 1.1923076923076923 44.09615384615385 2.931854300026316
42000 2.6923076923076925 0.0004589454331276194 108.21153846153847 0.11698717948717946 135.8653846153846 45.28846153846154 1.1923076923076923 44.09615384615385 2.935128799988888
44000 2.423076923076923 0.0002994952914258751 109.13461538461539 0.08333333333333334 135.8653846153846 45.28846153846154 1.1923076923076923 44.09615384615385 3.2991326000192203
46000 2.576923076923077 0.0004775367568315251 108.25 0.07371794871794872 135.8653846153846 45.28846153846154 1.1923076923076923 44.09615384615385 2.922597599972505
48000 4.0 0.0007166067440309622 104.32692307692308 0.1346153846153846 135.8653846153846 45.28846153846154 1.1923076923076923 44.09615384615385 2.662930199992843
50000 3.730769230769231 0.0006505224627422278 102.59615384615384 0.17147435897435892 135.8653846153846 45.28846153846154 1.1923076923076923 44.09615384615385 2.6368597999680787
52000 3.7115384615384617 0.0008251880673639631 103.4423076923077 0.15544871794871792 135.8653846153846 45.28846153846154 1.1923076923076923 44.09615384615385 2.8323601000010967
54000 4.6923076923076925 0.000720758110367299 102.61538461538461 0.16826923076923078 135.8653846153846 45.28846153846154 1.1923076923076923 44.09615384615385 2.643762300023809
56000 4.153846153846154 0.0008256563824415303 103.07692307692308 0.14262820512820512 135.8653846153846 45.28846153846154 1.1923076923076923 44.09615384615385 2.80977549997624
58000 6.019230769230769 0.0006107920867110335 102.40384615384616 0.15544871794871792 135.8653846153846 45.28846153846154 1.1923076923076923 44.09615384615385 2.727769300050568
60000 6.346153846153846 0.000675893605888548 101.59615384615384 0.18910256410256412 135.8653846153846 45.28846153846154 1.1923076923076923 44.09615384615385 2.679982099973131
62000 8.576923076923077 0.0015444270855662233 99.40384615384616 0.20512820512820512 135.8653846153846 45.28846153846154 1.1923076923076923 44.09615384615385 2.7612884999834932
64000 3.923076923076923 0.000547845438157049 103.6923076923077 0.15865384615384615 135.8653846153846 45.28846153846154 1.1923076923076923 44.09615384615385 2.878360499977134
66000 5.25 0.0015386826074618993 103.01923076923077 0.14423076923076922 135.8653846153846 45.28846153846154 1.1923076923076923 44.09615384615385 2.788901599997189
68000 5.6923076923076925 0.0014081599141333365 103.96153846153847 0.11698717948717949 135.8653846153846 45.28846153846154 1.1923076923076923 44.09615384615385 2.8617337999748997
70000 5.980769230769231 0.0009334194451826522 103.0 0.125 135.8653846153846 45.28846153846154 1.1923076923076923 44.09615384615385 2.5972727999906056
72000 4.711538461538462 0.0009822148045959356 104.48076923076923 0.11698717948717949 135.8653846153846 45.28846153846154 1.1923076923076923 44.09615384615385 2.7789744999608956
74000 5.288461538461538 0.0012130565864209406 103.98076923076923 0.1378205128205128 135.8653846153846 45.28846153846154 1.1923076923076923 44.09615384615385 2.744381600001361
76000 4.0 0.0011306087933636091 106.0576923076923 0.12980769230769232 135.8653846153846 45.28846153846154 1.1923076923076923 44.09615384615385 2.7033175000105985
78000 4.961538461538462 0.001319603593249157 104.3076923076923 0.1346153846153846 135.8653846153846 45.28846153846154 1.1923076923076923 44.09615384615385 2.622025199991185
80000 6.480769230769231 0.0018551406255268017 104.36538461538461 0.11057692307692307 135.8653846153846 45.28846153846154 1.1923076923076923 44.09615384615385 2.9574185999808833
82000 9.038461538461538 0.002527123566220177 101.86538461538461 0.16025641025641024 135.8653846153846 45.28846153846154 1.1923076923076923 44.09615384615385 2.857172999996692
84000 23.903846153846153 0.004375996280086032 91.15384615384616 0.27884615384615385 135.8653846153846 45.28846153846154 1.1923076923076923 44.09615384615385 2.7563546000164934
86000 25.76923076923077 0.005313083448305198 86.84615384615384 0.32051282051282054 135.8653846153846 45.28846153846154 1.1923076923076923 44.09615384615385 2.8321514000417665
88000 37.59615384615385 0.006440640261592971 84.25 0.3525641025641026 135.8653846153846 45.28846153846154 1.1923076923076923 44.09615384615385 2.7193694000015967
90000 46.09615384615385 0.008261510195959061 83.15384615384616 0.3285256410256411 135.8653846153846 45.28846153846154 1.1923076923076923 44.09615384615385 2.6332998999860138
92000 48.17307692307692 0.009326408199140115 83.07692307692308 0.3285256410256411 135.8653846153846 45.28846153846154 1.1923076923076923 44.09615384615385 2.6771443000179715
94000 38.09615384615385 0.0039572014874639785 84.48076923076923 0.33814102564102566 135.8653846153846 45.28846153846154 1.1923076923076923 44.09615384615385 2.761694199987687
96000 38.21153846153846 0.003995794574461944 84.46153846153847 0.33814102564102566 135.8653846153846 45.28846153846154 1.1923076923076923 44.09615384615385 2.830014100007247
98000 38.13461538461539 0.004045962253772027 84.4423076923077 0.33814102564102566 135.8653846153846 45.28846153846154 1.1923076923076923 44.09615384615385 2.701744800026063
100000 38.61538461538461 0.004126086941738376 84.36538461538461 0.3317307692307692 135.8653846153846 45.28846153846154 1.1923076923076923 44.09615384615385 3.025055300036911
102000 37.82692307692308 0.003934908575009133 84.28846153846153 0.3317307692307692 135.8653846153846 45.28846153846154 1.1923076923076923 44.09615384615385 2.6331341000040993
104000 41.36538461538461 0.005094732436402678 84.0576923076923 0.3317307692307692 135.8653846153846 45.28846153846154 1.1923076923076923 44.09615384615385 2.748568900045939
106000 46.90384615384615 0.008015578680868597 83.42307692307692 0.3381410256410256 135.8653846153846 45.28846153846154 1.1923076923076923 44.09615384615385 2.7051755000138655
108000 77.86538461538461 0.023490207446472903 76.98076923076923 0.3894230769230769 135.8653846153846 45.28846153846154 1.1923076923076923 44.09615384615385 2.8503402000060305
110000 74.84615384615384 0.023345025132986256 77.32692307692308 0.3798076923076923 135.8653846153846 45.28846153846154 1.2115384615384615 44.07692307692308 2.813933899975382
112000 77.21153846153847 0.02355442838105267 77.01923076923077 0.3798076923076923 135.8653846153846 45.28846153846154 1.1923076923076923 44.09615384615385 2.7995649999938905
114000 79.76923076923077 0.0244676280814247 76.96153846153847 0.3798076923076923 135.8653846153846 45.28846153846154 1.1923076923076923 44.09615384615385 2.7659108000225388
116000 82.48076923076923 0.023165718441647495 76.84615384615384 0.3974358974358974 135.8653846153846 45.28846153846154 1.1923076923076923 44.09615384615385 2.8014302999945357
118000 84.65384615384616 0.02379953485898271 76.71153846153847 0.3974358974358974 135.8653846153846 45.28846153846154 1.1923076923076923 44.09615384615385 2.7401662000338547
120000 85.23076923076923 0.026151966654855478 75.6923076923077 0.43108974358974356 135.8653846153846 45.28846153846154 1.1923076923076923 44.09615384615385 2.852013800002169
122000 86.73076923076923 0.027067829408781996 75.38461538461539 0.43108974358974356 135.8653846153846 45.28846153846154 1.1923076923076923 44.09615384615385 2.8096844000392593
124000 94.15384615384616 0.03312748174449144 74.40384615384616 0.43749999999999994 135.8653846153846 45.28846153846154 1.1923076923076923 44.09615384615385 2.6619574000360444
126000 102.78846153846153 0.03486797726729997 74.17307692307692 0.4230769230769231 135.8653846153846 45.28846153846154 1.1923076923076923 44.09615384615385 2.595943399996031
128000 107.40384615384616 0.0349809323237731 74.01923076923077 0.42948717948717946 135.8653846153846 45.28846153846154 1.1923076923076923 44.09615384615385 2.95813939999789
130000 111.28846153846153 0.03698141384154081 73.71153846153847 0.43429487179487175 135.8653846153846 45.28846153846154 1.1923076923076923 44.09615384615385 2.8340980000211857
132000 112.65384615384616 0.037450042945567745 73.63461538461539 0.4439102564102564 135.8653846153846 45.28846153846154 1.1923076923076923 44.09615384615385 2.638813700003084
134000 111.8076923076923 0.03860735578438032 73.59615384615384 0.4487179487179487 135.8653846153846 45.28846153846154 1.1923076923076923 44.09615384615385 2.9724658000050113
136000 112.88461538461539 0.036117661243982774 73.5576923076923 0.4487179487179487 135.8653846153846 45.28846153846154 1.1923076923076923 44.09615384615385 2.885981899977196
138000 112.88461538461539 0.03643404476300951 73.5576923076923 0.4487179487179487 135.8653846153846 45.28846153846154 1.1923076923076923 44.09615384615385 3.218233300023712
140000 115.0576923076923 0.03760357399317957 73.40384615384616 0.453525641025641 135.8653846153846 45.28846153846154 1.1923076923076923 44.09615384615385 2.668898000032641
142000 115.0576923076923 0.037580799780400506 73.40384615384616 0.453525641025641 135.8653846153846 45.28846153846154 1.1923076923076923 44.09615384615385 2.660857000038959
144000 116.51923076923077 0.03804379944411705 73.25 0.453525641025641 135.8653846153846 45.28846153846154 1.1923076923076923 44.09615384615385 2.7639631000347435
146000 116.51923076923077 0.038370492586291494 73.25 0.453525641025641 135.8653846153846 45.28846153846154 1.1923076923076923 44.09615384615385 2.666070799983572
148000 116.51923076923077 0.03759396202539167 73.25 0.453525641025641 135.8653846153846 45.28846153846154 1.1923076923076923 44.09615384615385 2.7111413999809884
150000 116.51923076923077 0.03737200075568952 73.25 0.453525641025641 135.8653846153846 45.28846153846154 1.1923076923076923 44.09615384615385 2.7306687000091188
152000 116.51923076923077 0.03737200075568952 73.25 0.453525641025641 135.8653846153846 45.28846153846154 1.1923076923076923 44.09615384615385 2.6576385000371374
154000 116.51923076923077 0.039471340855903266 73.25 0.453525641025641 135.8653846153846 45.28846153846154 1.1923076923076923 44.09615384615385 2.769269999989774
156000 116.51923076923077 0.040254001708603465 73.25 0.453525641025641 135.8653846153846 45.28846153846154 1.1923076923076923 44.09615384615385 2.60238820000086
158000 116.51923076923077 0.0407095869035807 73.25 0.453525641025641 135.8653846153846 45.28846153846154 1.1923076923076923 44.09615384615385 2.757024699996691
160000 116.51923076923077 0.0395835827568158 73.25 0.453525641025641 135.8653846153846 45.28846153846154 1.1923076923076923 44.09615384615385 2.8179406999843195
162000 116.51923076923077 0.03940078820171573 73.25 0.453525641025641 135.8653846153846 45.28846153846154 1.1923076923076923 44.09615384615385 2.715779800026212
164000 116.51923076923077 0.03858002250727534 73.25 0.453525641025641 135.8653846153846 45.28846153846154 1.1923076923076923 44.09615384615385 2.7574367999914102
166000 116.51923076923077 0.03784254872178003 73.25 0.453525641025641 135.8653846153846 45.28846153846154 1.1923076923076923 44.09615384615385 2.6553442000295036
168000 116.51923076923077 0.037774143316033466 73.25 0.453525641025641 135.8653846153846 45.28846153846154 1.1923076923076923 44.09615384615385 2.8701451999950223
170000 116.51923076923077 0.038860332801228276 73.25 0.453525641025641 135.8653846153846 45.28846153846154 1.1923076923076923 44.09615384615385 2.7539039000403136
172000 116.51923076923077 0.03848774782448014 73.25 0.453525641025641 135.8653846153846 45.28846153846154 1.1923076923076923 44.09615384615385 2.6771104999934323
174000 116.51923076923077 0.03888823689587219 73.25 0.453525641025641 135.8653846153846 45.28846153846154 1.1923076923076923 44.09615384615385 2.7205377999925986
176000 116.51923076923077 0.039419040636386724 73.25 0.453525641025641 135.8653846153846 45.28846153846154 1.1923076923076923 44.09615384615385 2.7915899999788962
178000 116.51923076923077 0.03927590506253587 73.25 0.453525641025641 135.8653846153846 45.28846153846154 1.1923076923076923 44.09615384615385 2.7381011999677867
180000 116.51923076923077 0.03895534514462783 73.25 0.453525641025641 135.8653846153846 45.28846153846154 1.1923076923076923 44.09615384615385 2.7222096999757923
182000 116.51923076923077 0.03960859893417683 73.25 0.453525641025641 135.8653846153846 45.28846153846154 1.1923076923076923 44.09615384615385 2.7016740000108257
184000 116.51923076923077 0.04047088463931185 73.25 0.453525641025641 135.8653846153846 45.28846153846154 1.1923076923076923 44.09615384615385 2.7968880000407808
186000 116.51923076923077 0.040678853026130196 73.25 0.453525641025641 135.8653846153846 45.28846153846154 1.1923076923076923 44.09615384615385 2.8420276999822818
188000 116.51923076923077 0.03956082049276834 73.25 0.453525641025641 135.8653846153846 45.28846153846154 1.1923076923076923 44.09615384615385 2.790635099983774
190000 114.53846153846153 0.03933803503644781 73.40384615384616 0.4439102564102564 135.8653846153846 45.28846153846154 1.1923076923076923 44.09615384615385 2.763279300008435
192000 116.51923076923077 0.04053278186293114 73.25 0.453525641025641 135.8653846153846 45.28846153846154 1.1923076923076923 44.09615384615385 2.6930368000175804
194000 116.51923076923077 0.04104745907697722 73.25 0.453525641025641 135.8653846153846 45.28846153846154 1.1923076923076923 44.09615384615385 2.852096499991603
196000 116.51923076923077 0.04059734405115005 73.25 0.453525641025641 135.8653846153846 45.28846153846154 1.1923076923076923 44.09615384615385 2.8941877000033855
198000 116.51923076923077 0.04005625953246614 73.25 0.453525641025641 135.8653846153846 45.28846153846154 1.1923076923076923 44.09615384615385 2.797199000022374
200000 116.51923076923077 0.03902081004326417 73.25 0.453525641025641 135.8653846153846 45.28846153846154 1.1923076923076923 44.09615384615385 2.869054300012067
202000 116.51923076923077 0.03890672097616739 73.25 0.453525641025641 135.8653846153846 45.28846153846154 1.1923076923076923 44.09615384615385 2.846389700018335
204000 116.51923076923077 0.03890672097616739 73.25 0.453525641025641 135.8653846153846 45.28846153846154 1.1923076923076923 44.09615384615385 2.8749785000109114
206000 116.51923076923077 0.03889976778649347 73.25 0.453525641025641 135.8653846153846 45.28846153846154 1.1923076923076923 44.09615384615385 2.723931899992749
208000 116.51923076923077 0.03855737430258684 73.25 0.453525641025641 135.8653846153846 45.28846153846154 1.1923076923076923 44.09615384615385 2.60829309996916
210000 116.51923076923077 0.04071353650419353 73.25 0.453525641025641 135.8653846153846 45.28846153846154 1.1923076923076923 44.09615384615385 3.035070700047072
212000 116.51923076923077 0.039975601105565625 73.25 0.453525641025641 135.8653846153846 45.28846153846154 1.1923076923076923 44.09615384615385 3.074310099997092
214000 116.51923076923077 0.04020416757410972 73.25 0.453525641025641 135.8653846153846 45.28846153846154 1.1923076923076923 44.09615384615385 2.6832796999951825
216000 116.51923076923077 0.04020416757410972 73.25 0.453525641025641 135.8653846153846 45.28846153846154 1.1923076923076923 44.09615384615385 2.8602906999876723
218000 116.51923076923077 0.03959084936973059 73.25 0.453525641025641 135.8653846153846 45.28846153846154 1.1923076923076923 44.09615384615385 2.817344299983233
220000 116.51923076923077 0.03849471695468753 73.25 0.453525641025641 135.8653846153846 45.28846153846154 1.1923076923076923 44.09615384615385 2.6498108999803662
222000 116.51923076923077 0.03875886019655365 73.25 0.453525641025641 135.8653846153846 45.28846153846154 1.1923076923076923 44.09615384615385 2.7049384000129066
224000 116.51923076923077 0.03805198275850191 73.25 0.453525641025641 135.8653846153846 45.28846153846154 1.1923076923076923 44.09615384615385 2.685416999971494
226000 122.48076923076923 0.04300765917136386 72.5576923076923 0.45032051282051283 135.8653846153846 45.28846153846154 1.1923076923076923 44.09615384615385 2.991842799994629
228000 133.8653846153846 0.04869692722359325 71.86538461538461 0.451923076923077 135.8653846153846 45.28846153846154 1.1923076923076923 44.09615384615385 2.7658041000249796
230000 132.26923076923077 0.04861326848310906 71.98076923076923 0.451923076923077 135.8653846153846 45.28846153846154 1.1923076923076923 44.09615384615385 2.659657300042454
232000 135.8653846153846 0.04905041252334633 71.61538461538461 0.44391025641025644 135.8653846153846 45.28846153846154 1.1923076923076923 44.09615384615385 2.715690299984999
234000 139.42307692307693 0.04851541107092294 71.23076923076923 0.4727564102564103 135.8653846153846 45.28846153846154 1.1923076923076923 44.09615384615385 2.8199182000244036
236000 139.07692307692307 0.04741431665204627 71.1923076923077 0.4791666666666667 135.8653846153846 45.28846153846154 1.1923076923076923 44.09615384615385 2.796706199995242
238000 149.32692307692307 0.05111767468838612 71.07692307692308 0.483974358974359 135.8653846153846 45.28846153846154 1.6153846153846154 43.67307692307692 2.698230199981481
240000 149.32692307692307 0.05111767468838612 71.07692307692308 0.483974358974359 135.8653846153846 45.28846153846154 1.6153846153846154 43.67307692307692 2.7237119999481365
242000 149.32692307692307 0.05111767468838612 71.07692307692308 0.483974358974359 135.8653846153846 45.28846153846154 1.6153846153846154 43.67307692307692 2.797273200005293
244000 149.55769230769232 0.052183025399224765 71.11538461538461 0.4775641025641026 135.8653846153846 45.28846153846154 1.6153846153846154 43.67307692307692 2.831341799988877
246000 149.55769230769232 0.052183025399224765 71.11538461538461 0.4775641025641026 135.8653846153846 45.28846153846154 1.6153846153846154 43.67307692307692 2.842036999994889
248000 150.69230769230768 0.052248734485235 71.03846153846153 0.483974358974359 135.8653846153846 45.28846153846154 1.6153846153846154 43.67307692307692 2.692756299977191
250000 147.55769230769232 0.052065330407229195 70.88461538461539 0.4919871794871795 135.8653846153846 45.28846153846154 1.1923076923076923 44.09615384615385 2.8044049000018276
252000 148.07692307692307 0.051298632201875055 70.8076923076923 0.4871794871794872 135.8653846153846 45.28846153846154 1.1923076923076923 44.09615384615385 2.765824999951292
254000 148.07692307692307 0.051298632201875055 70.8076923076923 0.4871794871794872 135.8653846153846 45.28846153846154 1.1923076923076923 44.09615384615385 2.907380099990405
256000 148.07692307692307 0.051298632201875055 70.8076923076923 0.4871794871794872 135.8653846153846 45.28846153846154 1.1923076923076923 44.09615384615385 2.6877655999851413
258000 148.98076923076923 0.051938367769128274 70.73076923076923 0.4871794871794872 135.8653846153846 45.28846153846154 1.1923076923076923 44.09615384615385 2.7250974000198767
260000 150.09615384615384 0.052005703869031035 70.65384615384616 0.4935897435897436 135.8653846153846 45.28846153846154 1.1923076923076923 44.09615384615385 2.6811049000243656
262000 150.09615384615384 0.052005703869031035 70.65384615384616 0.4935897435897436 135.8653846153846 45.28846153846154 1.1923076923076923 44.09615384615385 2.6977075000177138
264000 150.09615384615384 0.052005703869031035 70.65384615384616 0.4935897435897436 135.8653846153846 45.28846153846154 1.1923076923076923 44.09615384615385 2.6436054999940097
266000 150.09615384615384 0.05162103204564247 70.65384615384616 0.4935897435897436 135.8653846153846 45.28846153846154 1.1923076923076923 44.09615384615385 2.7654567999998108
268000 150.09615384615384 0.05162103204564247 70.65384615384616 0.4935897435897436 135.8653846153846 45.28846153846154 1.1923076923076923 44.09615384615385 2.981806299998425
270000 155.0 0.053794331167078734 70.38461538461539 0.4935897435897436 135.8653846153846 45.28846153846154 1.1923076923076923 44.09615384615385 2.7679983000271022
272000 155.69230769230768 0.05305056150059603 70.15384615384616 0.4935897435897436 135.8653846153846 45.28846153846154 1.1923076923076923 44.09615384615385 2.817099500040058
274000 155.69230769230768 0.05373353685835302 70.15384615384616 0.4935897435897436 135.8653846153846 45.28846153846154 1.1923076923076923 44.09615384615385 2.919340199965518
276000 163.42307692307693 0.05658178652510059 69.96153846153847 0.48557692307692313 135.8653846153846 45.28846153846154 1.5961538461538463 43.69230769230769 2.815233699977398
278000 177.67307692307693 0.06130665219460088 69.6923076923077 0.4903846153846155 135.8653846153846 45.28846153846154 2.1923076923076925 43.09615384615385 2.8031219000113197
280000 177.67307692307693 0.06130665219460088 69.6923076923077 0.4903846153846155 135.8653846153846 45.28846153846154 2.1923076923076925 43.09615384615385 2.91641940001864
282000 169.1346153846154 0.05672556838530684 69.98076923076923 0.48076923076923084 135.8653846153846 45.28846153846154 2.1923076923076925 43.09615384615385 2.6998553999583237
284000 181.32692307692307 0.06348655438058773 69.57692307692308 0.4903846153846155 135.8653846153846 45.28846153846154 2.3461538461538463 42.94230769230769 2.8110730000189506
286000 177.55769230769232 0.06173800045140476 69.63461538461539 0.4903846153846155 135.8653846153846 45.28846153846154 2.3653846153846154 42.92307692307692 2.813410600007046
288000 178.57692307692307 0.06482747425345352 69.5576923076923 0.4903846153846155 135.8653846153846 45.28846153846154 2.519230769230769 42.76923076923077 2.815555899986066
290000 178.03846153846155 0.06377735088689633 69.59615384615384 0.4903846153846155 135.8653846153846 45.28846153846154 2.3653846153846154 42.92307692307692 2.75500559998909
292000 178.03846153846155 0.06377735088689633 69.59615384615384 0.4903846153846155 135.8653846153846 45.28846153846154 2.3653846153846154 42.92307692307692 2.9497456999961287
294000 183.96153846153845 0.065807085482223 69.40384615384616 0.4887820512820513 135.8653846153846 45.28846153846154 2.826923076923077 42.46153846153846 2.6683271000511013
296000 194.92307692307693 0.07275507711867875 69.11538461538461 0.4983974358974359 135.8653846153846 45.28846153846154 3.25 42.03846153846154 2.818762799957767
298000 207.32692307692307 0.07987102142377532 68.76923076923077 0.5272435897435898 135.8653846153846 45.28846153846154 4.846153846153846 40.44230769230769 2.6609794000396505
300000 212.73076923076923 0.08115800067153754 68.59615384615384 0.5272435897435898 135.8653846153846 45.28846153846154 5.019230769230769 40.26923076923077 2.7594710999983363
302000 208.80769230769232 0.07858073339692948 68.67307692307692 0.5208333333333333 135.8653846153846 45.28846153846154 5.653846153846154 39.63461538461539 3.025019599997904
304000 210.48076923076923 0.07994093109355431 68.67307692307692 0.516025641025641 135.8653846153846 45.28846153846154 6.115384615384615 39.17307692307692 2.6982776999939233
306000 213.8846153846154 0.08008696632497368 68.5576923076923 0.516025641025641 135.8653846153846 45.28846153846154 6.461538461538462 38.82692307692308 2.6944178999983706
308000 221.19230769230768 0.0845794325445465 68.34615384615384 0.532051282051282 135.8653846153846 45.28846153846154 6.8076923076923075 38.48076923076923 2.9299916999880224
310000 220.90384615384616 0.08407854875123093 68.36538461538461 0.5256410256410257 135.8653846153846 45.28846153846154 6.826923076923077 38.46153846153846 3.2433393000392243
312000 212.25 0.07982418011458656 68.5576923076923 0.5112179487179487 135.8653846153846 45.28846153846154 6.961538461538462 38.32692307692308 2.745101899956353
314000 216.1153846153846 0.08148618238545416 68.40384615384616 0.5224358974358974 135.8653846153846 45.28846153846154 6.8076923076923075 38.48076923076923 2.8694253000430763
316000 219.3846153846154 0.08412323333645831 68.4423076923077 0.5272435897435896 135.8653846153846 45.28846153846154 6.519230769230769 38.76923076923077 3.0822316000121646
318000 218.51923076923077 0.08366264141147656 68.59615384615384 0.5272435897435896 135.8653846153846 45.28846153846154 6.538461538461538 38.75 2.9416029999847524
320000 218.32692307692307 0.08377264492102289 68.40384615384616 0.5128205128205128 135.8653846153846 45.28846153846154 6.673076923076923 38.61538461538461 2.696587599988561
322000 218.32692307692307 0.08377264492102289 68.40384615384616 0.5128205128205128 135.8653846153846 45.28846153846154 6.673076923076923 38.61538461538461 2.8332127000321634
324000 217.96153846153845 0.0835869991230942 68.51923076923077 0.5128205128205128 135.8653846153846 45.28846153846154 6.538461538461538 38.75 2.7318087000166997
326000 218.6153846153846 0.08382669948297693 68.53846153846153 0.5176282051282051 135.8653846153846 45.28846153846154 6.711538461538462 38.57692307692308 2.6375877000391483
328000 219.57692307692307 0.08432909079154588 68.40384615384616 0.5176282051282051 135.8653846153846 45.28846153846154 6.673076923076923 38.61538461538461 2.7775990999653004
330000 217.59615384615384 0.0824866027953981 68.4423076923077 0.5128205128205128 135.8653846153846 45.28846153846154 6.519230769230769 38.76923076923077 2.7939684000448324
332000 218.19230769230768 0.08272554313740997 68.4423076923077 0.5176282051282051 135.8653846153846 45.28846153846154 6.673076923076923 38.61538461538461 2.718604599998798
334000 218.28846153846155 0.082062083835276 68.40384615384616 0.5176282051282051 135.8653846153846 45.28846153846154 6.673076923076923 38.61538461538461 2.786278600047808
336000 220.32692307692307 0.08268316705889434 68.32692307692308 0.5080128205128205 135.8653846153846 45.28846153846154 6.826923076923077 38.46153846153846 2.7582659000181593
338000 220.76923076923077 0.0830447399092987 68.38461538461539 0.5080128205128205 135.8653846153846 45.28846153846154 6.846153846153846 38.44230769230769 2.665499099995941
340000 219.94230769230768 0.0825069389126715 68.38461538461539 0.49198717948717946 135.8653846153846 45.28846153846154 7.038461538461538 38.25 2.6966984000173397
342000 220.48076923076923 0.08270603621797032 68.40384615384616 0.5016025641025641 135.8653846153846 45.28846153846154 6.865384615384615 38.42307692307692 3.119431999977678
344000 219.94230769230768 0.0825069389126715 68.38461538461539 0.49198717948717946 135.8653846153846 45.28846153846154 7.038461538461538 38.25 2.956151399994269
346000 217.67307692307693 0.08131739475433013 68.53846153846153 0.4823717948717948 135.8653846153846 45.28846153846154 7.1923076923076925 38.09615384615385 2.808444599970244
348000 218.32692307692307 0.08223231945837867 68.67307692307692 0.4983974358974359 135.8653846153846 45.28846153846154 7.6923076923076925 37.59615384615385 2.8430469000013545
350000 221.30769230769232 0.08286208844884345 68.78846153846153 0.5032051282051282 135.8653846153846 45.28846153846154 8.26923076923077 37.01923076923077 2.747490999987349
352000 221.30769230769232 0.08286208844884345 68.78846153846153 0.5032051282051282 135.8653846153846 45.28846153846154 8.26923076923077 37.01923076923077 2.916954199958127
354000 224.15384615384616 0.08449999185265049 68.5576923076923 0.5032051282051282 135.8653846153846 45.28846153846154 8.26923076923077 37.01923076923077 2.7702784999855794
356000 223.76923076923077 0.08398256121123868 68.57692307692308 0.5032051282051282 135.8653846153846 45.28846153846154 8.25 37.03846153846154 2.7806961000314914
358000 218.42307692307693 0.08138608831672053 68.65384615384616 0.4887820512820513 135.8653846153846 45.28846153846154 8.403846153846153 36.88461538461539 2.9252224000520073
360000 215.69230769230768 0.0818610616922544 69.01923076923077 0.4887820512820513 135.8653846153846 45.28846153846154 8.307692307692308 36.98076923076923 2.6353236000286415
362000 216.84615384615384 0.0820868172958885 68.9423076923077 0.4887820512820513 135.8653846153846 45.28846153846154 8.26923076923077 37.01923076923077 2.868519900017418
364000 221.6153846153846 0.08303378202582395 68.6923076923077 0.4983974358974359 135.8653846153846 45.28846153846154 8.51923076923077 36.76923076923077 2.849314499995671
366000 224.80769230769232 0.0841070955273466 68.59615384615384 0.4887820512820513 135.8653846153846 45.28846153846154 8.576923076923077 36.71153846153846 2.7278703000047244
368000 223.76923076923077 0.0839208911141871 68.65384615384616 0.4887820512820513 135.8653846153846 45.28846153846154 8.596153846153847 36.69230769230769 2.7303804000257514
370000 218.34615384615384 0.08230417664230169 69.09615384615384 0.4983974358974359 135.8653846153846 45.28846153846154 9.0 36.28846153846154 2.938938000006601
372000 218.34615384615384 0.08260848575757139 69.09615384615384 0.4983974358974359 135.8653846153846 45.28846153846154 9.0 36.28846153846154 2.8821145000401884
374000 218.34615384615384 0.08260848575757139 69.09615384615384 0.4983974358974359 135.8653846153846 45.28846153846154 9.0 36.28846153846154 2.760024600022007
376000 218.51923076923077 0.08261735522949674 69.03846153846153 0.5080128205128205 135.8653846153846 45.28846153846154 8.98076923076923 36.30769230769231 2.738976199994795
378000 218.8846153846154 0.08280587603448755 68.98076923076923 0.5080128205128205 135.8653846153846 45.28846153846154 8.961538461538462 36.32692307692308 2.6839579999796115
380000 218.8846153846154 0.08280587603448755 68.98076923076923 0.5080128205128205 135.8653846153846 45.28846153846154 8.961538461538462 36.32692307692308 2.756157300027553
382000 221.17307692307693 0.08361317020968771 68.82692307692308 0.4983974358974359 135.8653846153846 45.28846153846154 8.961538461538462 36.32692307692308 3.0888387999730185
384000 221.17307692307693 0.08361317020968771 68.82692307692308 0.4983974358974359 135.8653846153846 45.28846153846154 8.961538461538462 36.32692307692308 2.8553300999919884
386000 220.6346153846154 0.08311147081750188 68.9423076923077 0.4887820512820513 135.8653846153846 45.28846153846154 9.0 36.28846153846154 2.7150223000207916
388000 220.6346153846154 0.08341577993277158 68.9423076923077 0.4887820512820513 135.8653846153846 45.28846153846154 9.0 36.28846153846154 2.712909599998966
390000 220.6346153846154 0.08341577993277158 68.9423076923077 0.4887820512820513 135.8653846153846 45.28846153846154 9.0 36.28846153846154 2.7636892000446096
392000 221.0 0.08360430073776239 68.88461538461539 0.4887820512820513 135.8653846153846 45.28846153846154 8.98076923076923 36.30769230769231 3.0111381000024267
394000 221.01923076923077 0.08367497392099607 68.84615384615384 0.4887820512820513 135.8653846153846 45.28846153846154 8.98076923076923 36.30769230769231 2.650599099986721
396000 220.6346153846154 0.08341577993277158 68.9423076923077 0.4887820512820513 135.8653846153846 45.28846153846154 9.0 36.28846153846154 2.798736699973233
398000 221.09615384615384 0.08484716494050397 69.07692307692308 0.5032051282051282 135.8653846153846 45.28846153846154 9.057692307692308 36.23076923076923 2.765466800017748
400000 221.09615384615384 0.08484716494050397 69.07692307692308 0.5032051282051282 135.8653846153846 45.28846153846154 9.057692307692308 36.23076923076923 2.644957299984526
402000 220.28846153846155 0.08402913138182143 69.0576923076923 0.5032051282051282 135.8653846153846 45.28846153846154 9.038461538461538 36.25 2.928974900045432
404000 217.3846153846154 0.08202424192420864 69.13461538461539 0.4935897435897436 135.8653846153846 45.28846153846154 9.038461538461538 36.25 2.7421787999919616
406000 217.8653846153846 0.08189591265888749 69.07692307692308 0.483974358974359 135.8653846153846 45.28846153846154 9.01923076923077 36.26923076923077 2.733339100028388
408000 217.8653846153846 0.08133805095765201 69.07692307692308 0.483974358974359 135.8653846153846 45.28846153846154 9.01923076923077 36.26923076923077 2.8521270000492223
410000 217.05769230769232 0.08161319712401596 69.01923076923077 0.4791666666666667 135.8653846153846 45.28846153846154 8.884615384615385 36.40384615384615 2.6594010000117123
412000 217.1346153846154 0.08134826992170163 69.11538461538461 0.4887820512820513 135.8653846153846 45.28846153846154 8.903846153846153 36.38461538461539 2.8510367999551818
414000 217.8653846153846 0.08189591265888749 69.07692307692308 0.483974358974359 135.8653846153846 45.28846153846154 9.01923076923077 36.26923076923077 2.716025100031402
416000 220.76923076923077 0.08285653163477068 69.0 0.4935897435897436 135.8653846153846 45.28846153846154 9.01923076923077 36.26923076923077 2.841382300015539
418000 217.8653846153846 0.08133805095765201 69.07692307692308 0.483974358974359 135.8653846153846 45.28846153846154 9.01923076923077 36.26923076923077 2.756202900025528
420000 220.76923076923077 0.08285653163477068 69.0 0.4935897435897436 135.8653846153846 45.28846153846154 9.01923076923077 36.26923076923077 2.8471438999986276
422000 217.8653846153846 0.08123898184986343 69.07692307692308 0.483974358974359 135.8653846153846 45.28846153846154 9.01923076923077 36.26923076923077 2.804833600006532
424000 217.8653846153846 0.08123898184986343 69.07692307692308 0.483974358974359 135.8653846153846 45.28846153846154 9.01923076923077 36.26923076923077 3.010391800024081
426000 217.3846153846154 0.08119533459579055 69.13461538461539 0.4935897435897436 135.8653846153846 45.28846153846154 9.038461538461538 36.25 2.850046999985352
428000 217.8653846153846 0.08123898184986343 69.07692307692308 0.483974358974359 135.8653846153846 45.28846153846154 9.01923076923077 36.26923076923077 2.717447799979709
430000 217.8653846153846 0.08133805095765201 69.07692307692308 0.483974358974359 135.8653846153846 45.28846153846154 9.01923076923077 36.26923076923077 2.7047872999683022
432000 222.25 0.08359575827563753 68.84615384615384 0.5000000000000001 135.8653846153846 45.28846153846154 8.98076923076923 36.30769230769231 2.7648365999921225
434000 222.53846153846155 0.08437825224106608 68.82692307692308 0.5064102564102564 135.8653846153846 45.28846153846154 8.961538461538462 36.32692307692308 2.7853251000051387
436000 222.53846153846155 0.08382039053983062 68.82692307692308 0.5064102564102564 135.8653846153846 45.28846153846154 8.961538461538462 36.32692307692308 2.531679500010796
438000 222.53846153846155 0.08382039053983062 68.82692307692308 0.5064102564102564 135.8653846153846 45.28846153846154 8.961538461538462 36.32692307692308 2.460170799982734
440000 222.90384615384616 0.0837139621043406 68.76923076923077 0.5064102564102564 135.8653846153846 45.28846153846154 8.942307692307692 36.34615384615385 2.5096824999782257
442000 222.32692307692307 0.08332029587499998 68.78846153846153 0.5 135.8653846153846 45.28846153846154 9.076923076923077 36.21153846153846 2.252656000026036
444000 222.5 0.08347129436020784 68.73076923076923 0.5096153846153846 135.8653846153846 45.28846153846154 9.057692307692308 36.23076923076923 2.4034510000492446
446000 222.5 0.08347129436020784 68.73076923076923 0.5096153846153846 135.8653846153846 45.28846153846154 9.057692307692308 36.23076923076923 2.271099100005813
448000 222.21153846153845 0.08334573120380331 68.75 0.5032051282051282 135.8653846153846 45.28846153846154 9.076923076923077 36.21153846153846 2.11296840000432
450000 222.5 0.08347129436020784 68.73076923076923 0.5096153846153846 135.8653846153846 45.28846153846154 9.057692307692308 36.23076923076923 2.3251323999720626
452000 222.5 0.08347129436020784 68.73076923076923 0.5096153846153846 135.8653846153846 45.28846153846154 9.057692307692308 36.23076923076923 2.131544500007294
454000 222.19230769230768 0.08358859453495718 68.8076923076923 0.5032051282051282 135.8653846153846 45.28846153846154 9.096153846153847 36.19230769230769 2.1729851000127383
456000 221.94230769230768 0.08338745367624978 68.78846153846153 0.4983974358974359 135.8653846153846 45.28846153846154 8.961538461538462 36.32692307692308 2.051750900049228
458000 221.94230769230768 0.08338745367624978 68.78846153846153 0.4983974358974359 135.8653846153846 45.28846153846154 8.961538461538462 36.32692307692308 2.084909399971366
460000 221.94230769230768 0.0828295919750143 68.78846153846153 0.4983974358974359 135.8653846153846 45.28846153846154 8.961538461538462 36.32692307692308 1.7464082000078633
462000 221.94230769230768 0.0828295919750143 68.78846153846153 0.4983974358974359 135.8653846153846 45.28846153846154 8.961538461538462 36.32692307692308 1.975831699965056
464000 222.19230769230768 0.0830307328337217 68.8076923076923 0.5032051282051282 135.8653846153846 45.28846153846154 9.096153846153847 36.19230769230769 1.8194109000032768
466000 222.19230769230768 0.0830307328337217 68.8076923076923 0.5032051282051282 135.8653846153846 45.28846153846154 9.096153846153847 36.19230769230769 1.8050860000075772
468000 222.5 0.08291343265897237 68.73076923076923 0.5096153846153846 135.8653846153846 45.28846153846154 9.057692307692308 36.23076923076923 1.9683156000101008
470000 222.5 0.08307561276095955 68.73076923076923 0.5096153846153846 135.8653846153846 45.28846153846154 9.057692307692308 36.23076923076923 1.7752847000374459
472000 222.5 0.08291343265897237 68.73076923076923 0.5096153846153846 135.8653846153846 45.28846153846154 9.057692307692308 36.23076923076923 1.797926599974744
474000 222.5 0.08307561276095955 68.73076923076923 0.5096153846153846 135.8653846153846 45.28846153846154 9.057692307692308 36.23076923076923 1.8414127000141889
476000 222.5 0.08307561276095955 68.73076923076923 0.5096153846153846 135.8653846153846 45.28846153846154 9.057692307692308 36.23076923076923 1.693138899980113
478000 222.5 0.08363347446219503 68.73076923076923 0.5096153846153846 135.8653846153846 45.28846153846154 9.057692307692308 36.23076923076923 1.7422547000460327
480000 222.5 0.08307561276095955 68.73076923076923 0.5096153846153846 135.8653846153846 45.28846153846154 9.057692307692308 36.23076923076923 1.719472799974028
482000 222.5 0.08347129436020784 68.73076923076923 0.5096153846153846 135.8653846153846 45.28846153846154 9.057692307692308 36.23076923076923 1.7297558999853209
484000 222.5 0.08347129436020784 68.73076923076923 0.5096153846153846 135.8653846153846 45.28846153846154 9.057692307692308 36.23076923076923 1.6274665999808349
486000 222.5 0.08347129436020784 68.73076923076923 0.5096153846153846 135.8653846153846 45.28846153846154 9.057692307692308 36.23076923076923 1.6310544000007212
488000 222.5 0.08347129436020784 68.73076923076923 0.5096153846153846 135.8653846153846 45.28846153846154 9.057692307692308 36.23076923076923 1.8139143000007607
490000 226.71153846153845 0.08484861698751091 68.59615384615384 0.5192307692307692 135.8653846153846 45.28846153846154 9.038461538461538 36.25 1.511983299977146
492000 226.46153846153845 0.08408961442756804 68.57692307692308 0.5144230769230769 135.8653846153846 45.28846153846154 8.903846153846153 36.38461538461539 1.5443215999985114
494000 226.46153846153845 0.08408961442756804 68.57692307692308 0.5144230769230769 135.8653846153846 45.28846153846154 8.903846153846153 36.38461538461539 1.503532400005497
496000 222.25 0.08327015350150044 68.71153846153847 0.5048076923076923 135.8653846153846 45.28846153846154 8.923076923076923 36.36538461538461 1.529144299973268
498000 222.5 0.08347129436020784 68.73076923076923 0.5096153846153846 135.8653846153846 45.28846153846154 9.057692307692308 36.23076923076923 1.5110263000242412
500000 226.71153846153845 0.08484861698751091 68.59615384615384 0.5192307692307692 135.8653846153846 45.28846153846154 9.038461538461538 36.25 1.53845029999502
