2000 5.1875 0.0004945846608481785 36.248501562499996 0.03125 45.3125 45.3125 2.5 42.8125 0.26064230000338284
4000 8.0625 0.0002656312868633649 35.447266125 0.015625 45.3125 45.3125 2.5 42.8125 0.28696620000118855
6000 8.375 -0.061822528884315366 35.355155875 0.109375 45.3125 45.3125 2.5 42.8125 0.30701309999858495
8000 20.75 0.002762249764084428 33.9481715625 0.08333333333333333 45.3125 45.3125 2.8125 42.5 0.3411139000018011
10000 8.4375 0.0009046464771136461 35.021822 0.09375 45.3125 45.3125 2.5 42.8125 0.4056888999984949
12000 9.1875 0.0010174887401948073 35.7500441875 0.020833333333333332 45.3125 45.3125 2.5 42.8125 0.479653700000199
14000 9.6875 0.0008771149414680004 35.50793349999999 0.078125 45.3125 45.3125 2.5 42.8125 0.5263669999985723
16000 9.0 0.0010110020280683495 35.151259312499995 0.015625 45.3125 45.3125 2.5 42.8125 0.5774988999983179
18000 10.3125 0.0019045983659467193 35.0262593125 0.0 45.3125 45.3125 2.5 42.8125 0.5661087000044063
20000 17.4375 0.003183526752313032 32.981601000000005 0.22395833333333334 45.3125 45.3125 2.5 42.8125 0.6073506000029738
22000 25.3125 0.002482338136813685 32.271864625 0.21354166666666669 45.3125 45.3125 4.6875 40.625 0.5715829999971902
24000 34.5 0.006065583051611861 32.498498624999996 0.18749999999999997 45.3125 45.3125 3.25 42.0625 0.6220111000002362
26000 38.25 0.005251747842730228 30.4593193125 0.296875 45.3125 45.3125 3.375 41.9375 0.8399795000004815
28000 37.75 0.002500394690252914 30.350233499999998 0.2604166666666667 45.3125 45.3125 2.75 42.5625 0.8471829000045545
30000 30.6875 0.006173950530848497 31.811461125000005 0.23958333333333334 45.3125 45.3125 2.5 42.8125 1.100342300000193
32000 25.25 0.005754108002409259 32.022400125 0.27083333333333337 45.3125 45.3125 2.5 42.8125 0.8347641000000294
34000 10.4375 0.0012294850703663898 33.35091243749999 0.140625 45.3125 45.3125 2.5 42.8125 0.8713317000001553
36000 45.0625 0.010222073692345356 31.783973062499996 0.17708333333333334 45.3125 45.3125 2.5 42.8125 0.844314599999052
38000 39.6875 -0.05471099976792723 31.440801562500003 0.28125 45.3125 45.3125 3.3125 42.0 0.8667984999992768
40000 30.1875 0.006555879786875393 31.6690998125 0.3229166666666667 45.3125 45.3125 2.6875 42.625 0.8253091000005952
42000 51.5625 0.009161379285250069 30.2897598125 0.21354166666666666 45.3125 45.3125 3.125 42.1875 0.8680641999962972
44000 29.6875 0.00366036214185838 30.895662250000004 0.27604166666666663 45.3125 45.3125 3.0 42.3125 0.8490472999983467
46000 43.9375 0.006256830320069128 29.7078720625 0.375 45.3125 45.3125 3.0 42.3125 0.9296906999952625
48000 45.125 0.006699419694634716 29.956136062500004 0.39583333333333337 45.3125 45.3125 3.0 42.3125 1.0198500000042259
50000 83.5625 0.025555231033039413 27.278087000000003 0.39583333333333337 45.3125 45.3125 2.625 42.6875 0.8173343999951612
52000 98.5625 0.025333675699228602 25.700346999999997 0.44791666666666663 45.3125 45.3125 2.5625 42.75 0.9784647999986191
54000 155.5 -0.02415800614145545 26.537961125 0.3958333333333333 45.3125 45.3125 3.4375 41.875 0.855040900001768
56000 149.125 0.035462858659495625 25.812751562500004 0.35416666666666663 45.3125 45.3125 3.0 42.3125 0.8118797999995877
58000 73.625 0.018494413197255546 28.134665687500004 0.2552083333333333 45.3125 45.3125 2.6875 42.625 0.8489138000004459
60000 82.25 0.020759782149337765 27.002720625000002 0.36979166666666663 45.3125 45.3125 2.5 42.8125 0.890432599997439
62000 92.3125 0.020167103702164835 26.15896975 0.39062499999999994 45.3125 45.3125 2.5 42.8125 0.8100735999978497
64000 85.6875 0.018787273695636972 26.627720062499996 0.40624999999999994 45.3125 45.3125 2.5 42.8125 0.8375034999990021
66000 84.5 0.01876385003151882 25.940219624999997 0.4427083333333333 45.3125 45.3125 2.5 42.8125 0.8423116000049049
68000 180.375 0.04822204393355012 24.132252687500003 0.4895833333333333 45.3125 45.3125 3.0 42.3125 0.9621631000045454
70000 157.3125 0.036834621246976125 25.10640375 0.44791666666666663 45.3125 45.3125 2.75 42.5625 0.8146563999980572
72000 155.5625 0.038703805234327794 24.559914125 0.4375 45.3125 45.3125 2.5625 42.75 1.0458176000029198
74000 192.5625 0.045089801103710546 24.4968354375 0.47916666666666663 45.3125 45.3125 2.625 42.6875 0.7883911000026274
76000 189.25 0.043720604126753604 23.538501625000002 0.4739583333333333 45.3125 45.3125 2.625 42.6875 0.7896034000004875
78000 195.5625 0.05038418414176611 23.530206625 0.4427083333333333 45.3125 45.3125 2.5 42.8125 0.848641000004136
80000 195.5625 0.050248534926751756 23.530206625 0.4427083333333333 45.3125 45.3125 2.5 42.8125 0.8208457000000635
82000 195.5625 0.050248534926751756 23.530206625 0.4427083333333333 45.3125 45.3125 2.5 42.8125 0.9156510000029812
84000 196.8125 0.052027377157840976 23.526734375 0.4270833333333333 45.3125 45.3125 2.5 42.8125 0.9224889999968582
86000 195.5625 0.050248534926751756 23.530206625 0.4427083333333333 45.3125 45.3125 2.5 42.8125 0.8862140999990515
88000 202.0 0.05400811608737119 23.31869025 0.40625 45.3125 45.3125 2.5 42.8125 0.7957219000018085
90000 202.0 0.05577792350280185 23.31869025 0.40625 45.3125 45.3125 2.5 42.8125 0.8576524000018253
92000 202.0 0.05577254732387789 23.31869025 0.40625 45.3125 45.3125 2.5 42.8125 0.8534782999995514
94000 202.0 0.05577254732387789 23.31869025 0.40625 45.3125 45.3125 2.5 42.8125 0.8545511999982409
96000 202.0 0.05400811608737119 23.31869025 0.40625 45.3125 45.3125 2.5 42.8125 0.8148667999994359
98000 276.125 0.07638588589050002 22.3354186875 0.421875 45.3125 45.3125 6.25 39.0625 0.8534548999959952
100000 278.8125 0.07733783220912833 22.231252187499994 0.421875 45.3125 45.3125 6.6875 38.625 0.943919299999834
102000 278.8125 0.07733783220912833 22.231252187499994 0.421875 45.3125 45.3125 6.6875 38.625 0.9362647000016295
104000 291.75 0.08025384512774687 22.279030937499996 0.46874999999999994 45.3125 45.3125 9.0 36.3125 0.9831695000029868
106000 291.75 0.08025384512774687 22.279030937499996 0.46874999999999994 45.3125 45.3125 9.0 36.3125 1.1294978000005358
108000 318.0 0.0909709385464539 22.133197999999993 0.48958333333333326 45.3125 45.3125 9.9375 35.375 0.9811212000058731
110000 318.0 0.0909709385464539 22.133197999999993 0.48958333333333326 45.3125 45.3125 9.9375 35.375 1.0951157000017702
112000 336.25 0.10998882519610295 21.221739125 0.515625 45.3125 45.3125 9.9375 35.375 0.9822196000022814
114000 336.25 0.10998882519610295 21.221739125 0.515625 45.3125 45.3125 9.9375 35.375 1.0435207999980776
116000 336.25 0.10998882519610295 21.221739125 0.515625 45.3125 45.3125 9.9375 35.375 1.0182979000019259
118000 336.25 0.10998882519610295 21.221739125 0.515625 45.3125 45.3125 9.9375 35.375 1.0147558000026038
120000 336.25 0.10998882519610295 21.221739125 0.515625 45.3125 45.3125 9.9375 35.375 0.9780046999949263
122000 336.25 0.10998882519610295 21.221739125 0.515625 45.3125 45.3125 9.9375 35.375 0.9864941999985604
124000 336.25 0.10998882519610295 21.221739125 0.515625 45.3125 45.3125 9.9375 35.375 1.0907045999992988
126000 336.25 0.10998882519610295 21.221739125 0.515625 45.3125 45.3125 9.9375 35.375 0.9815987999973004
128000 336.25 0.10998882519610295 21.221739125 0.515625 45.3125 45.3125 9.9375 35.375 1.0263039999990724
130000 331.9375 0.10983854567943976 21.263405812499997 0.515625 45.3125 45.3125 9.9375 35.375 0.9856352999995579
132000 331.9375 0.10983854567943976 21.263405812499997 0.515625 45.3125 45.3125 9.9375 35.375 1.1138015000033192
134000 331.9375 0.10983854567943976 21.263405812499997 0.515625 45.3125 45.3125 9.9375 35.375 1.0776530999937677
136000 331.9375 0.10983854567943976 21.263405812499997 0.515625 45.3125 45.3125 9.9375 35.375 0.9963093999976991
138000 331.9375 0.10983854567943976 21.263405812499997 0.515625 45.3125 45.3125 9.9375 35.375 0.9828680000064196
140000 331.9375 0.10983854567943976 21.263405812499997 0.515625 45.3125 45.3125 9.9375 35.375 1.024923500001023
142000 331.9375 0.10983854567943976 21.263405812499997 0.515625 45.3125 45.3125 9.9375 35.375 0.9057542999944417
144000 331.9375 0.10983854567943976 21.263405812499997 0.515625 45.3125 45.3125 9.9375 35.375 0.9552047000033781
146000 331.9375 0.10983854567943976 21.263405812499997 0.515625 45.3125 45.3125 9.9375 35.375 0.9736818000019412
148000 331.9375 0.10983854567943976 21.263405812499997 0.515625 45.3125 45.3125 9.9375 35.375 0.897518099998706
150000 331.9375 0.10983854567943976 21.263405812499997 0.515625 45.3125 45.3125 9.9375 35.375 0.981604000000516
152000 331.9375 0.10983854567943976 21.263405812499997 0.515625 45.3125 45.3125 9.9375 35.375 0.966381199999887
154000 331.9375 0.10983854567943976 21.263405812499997 0.515625 45.3125 45.3125 9.9375 35.375 1.001540199998999
156000 331.9375 0.10983854567943976 21.263405812499997 0.515625 45.3125 45.3125 9.9375 35.375 1.077279000004637
158000 311.6875 0.10269048070984604 21.305072499999998 0.515625 45.3125 45.3125 9.9375 35.375 0.9928115000002435
160000 311.6875 0.10269048070984604 21.305072499999998 0.515625 45.3125 45.3125 9.9375 35.375 1.019893900003808
162000 343.25 0.11861215426113633 21.950616812499998 0.5364583333333334 45.3125 45.3125 9.9375 35.375 1.1360027999980957
164000 363.5 0.12576021923073005 21.908950125 0.5364583333333334 45.3125 45.3125 9.9375 35.375 0.9852898000026471
166000 363.5 0.12576021923073005 21.908950125 0.5364583333333334 45.3125 45.3125 9.9375 35.375 0.8671762000012677
168000 343.25 0.11861215426113633 21.950616812499998 0.5364583333333334 45.3125 45.3125 9.9375 35.375 0.7873130000007222
170000 343.25 0.11861215426113633 21.950616812499998 0.5364583333333334 45.3125 45.3125 9.9375 35.375 0.7859059000038542
172000 343.25 0.11861215426113633 21.950616812499998 0.5364583333333334 45.3125 45.3125 9.9375 35.375 0.965747400005057
174000 342.75 0.1180342041829754 21.992283500000003 0.5364583333333334 45.3125 45.3125 9.9375 35.375 0.7867963999960921
176000 342.75 0.1180342041829754 21.992283500000003 0.5364583333333334 45.3125 45.3125 9.9375 35.375 0.7955584000010276
178000 342.75 0.1180342041829754 21.992283500000003 0.5364583333333334 45.3125 45.3125 9.9375 35.375 0.8390434999964782
180000 342.75 0.1180342041829754 21.992283500000003 0.5364583333333334 45.3125 45.3125 9.9375 35.375 0.7976292999956058
182000 342.75 0.1180342041829754 21.992283500000003 0.5364583333333334 45.3125 45.3125 9.9375 35.375 0.6473121000017272
184000 342.75 0.11616739677084716 21.992283500000003 0.5364583333333334 45.3125 45.3125 9.9375 35.375 0.7233291000011377
186000 291.375 0.09877303065009224 21.967690125 0.49999999999999994 45.3125 45.3125 12.375 32.9375 0.6499481999999261
188000 291.375 0.096906223237964 21.967690125 0.49999999999999994 45.3125 45.3125 12.375 32.9375 0.679819500001031
190000 289.75 0.09807806249074782 21.931810812499997 0.49999999999999994 45.3125 45.3125 12.875 32.4375 0.593061100000341
192000 314.625 0.10908251613107382 21.8918798125 0.5208333333333333 45.3125 45.3125 12.25 33.0625 0.8987907999980962
194000 281.375 0.09892230691585255 22.100213125 0.49999999999999994 45.3125 45.3125 11.8125 33.5 0.5995421999978134
196000 284.75 0.09665090671595611 22.2631175625 0.49999999999999994 45.3125 45.3125 10.6875 34.625 0.6261082999990322
198000 282.5625 0.10091737368393802 22.34847675 0.5208333333333333 45.3125 45.3125 11.375 33.9375 0.6389220000128262
200000 291.125 0.1041543399271658 22.360339562500002 0.5364583333333334 45.3125 45.3125 10.4375 34.875 0.6251225000014529
202000 285.625 0.1015943628756315 22.339506625000002 0.5677083333333334 45.3125 45.3125 11.125 34.1875 0.6263002000050619
204000 287.0 0.10415235649837747 22.27903225 0.5677083333333334 45.3125 45.3125 11.375 33.9375 0.6099939999985509
206000 293.9375 0.1063618476268648 22.230421 0.5677083333333334 45.3125 45.3125 11.1875 34.125 0.6712928000051761
208000 326.6875 0.11199226986268339 21.987075625 0.5364583333333334 45.3125 45.3125 10.6875 34.625 0.6756943999935174
210000 327.9375 0.11376861316600047 22.0061726875 0.5364583333333334 45.3125 45.3125 10.4375 34.875 0.6137432999967132
212000 327.9375 0.11754140429257026 22.0061726875 0.5364583333333334 45.3125 45.3125 10.4375 34.875 0.6037919999944279
214000 327.9375 0.11754140429257026 22.0061726875 0.5364583333333334 45.3125 45.3125 10.4375 34.875 0.6364926999958698
216000 285.0625 0.10457768059851251 22.579089625 0.515625 45.3125 45.3125 10.0 35.3125 0.6582645000016782
218000 285.0625 0.10457768059851251 22.579089625 0.515625 45.3125 45.3125 10.0 35.3125 0.6032329999870853
220000 327.9375 0.11754140429257026 22.0061726875 0.5364583333333334 45.3125 45.3125 10.4375 34.875 0.585622799990233
222000 327.9375 0.11693687870578849 22.0061726875 0.5364583333333334 45.3125 45.3125 10.4375 34.875 0.6051080000033835
224000 332.0 0.12085190075510625 21.8953511875 0.5677083333333334 45.3125 45.3125 10.9375 34.375 0.6348645999969449
226000 332.0 0.12017854621462616 21.8953511875 0.5677083333333334 45.3125 45.3125 10.9375 34.375 0.6307081999984803
228000 330.625 0.11768938154557854 21.955825562500003 0.5677083333333334 45.3125 45.3125 10.6875 34.625 0.6905819999956293
230000 330.625 0.11768938154557854 21.955825562500003 0.5677083333333334 45.3125 45.3125 10.6875 34.625 0.7157812000077683
232000 327.9375 0.1138366030875276 22.0061726875 0.5364583333333334 45.3125 45.3125 10.4375 34.875 0.789116500003729
234000 327.9375 0.1145099576280077 22.0061726875 0.5364583333333334 45.3125 45.3125 10.4375 34.875 0.6235653000039747
236000 332.0 0.12017854621462616 21.8953511875 0.5677083333333334 45.3125 45.3125 10.9375 34.375 0.6181559999968158
238000 332.0 0.12085190075510625 21.8953511875 0.5677083333333334 45.3125 45.3125 10.9375 34.375 0.6452309000014793
240000 332.0 0.12024737516832448 21.8953511875 0.5677083333333334 45.3125 45.3125 10.9375 34.375 0.603537500006496
242000 293.6875 0.10873969319758224 22.1766011875 0.546875 45.3125 45.3125 10.5 34.8125 0.5857003999990411
244000 293.6875 0.10793096468883248 22.1766011875 0.546875 45.3125 45.3125 10.5 34.8125 0.6932451000029687
246000 289.125 0.10632332117311048 22.468268125 0.546875 45.3125 45.3125 10.5 34.8125 0.639904799987562
248000 289.125 0.10632332117311048 22.468268125 0.546875 45.3125 45.3125 10.5 34.8125 0.637860599992564
250000 289.4375 0.10656744588472529 22.4786848125 0.546875 45.3125 45.3125 10.5 34.8125 0.5828413999988697
252000 289.4375 0.10643207191645562 22.4786848125 0.546875 45.3125 45.3125 10.5 34.8125 0.6246156999986852
254000 332.0 0.11876529211909465 21.8953511875 0.5677083333333334 45.3125 45.3125 10.9375 34.375 0.6453177000075812
256000 332.0 0.11957402062784439 21.8953511875 0.5677083333333334 45.3125 45.3125 10.9375 34.375 0.6380788999958895
258000 332.0 0.12024737516832448 21.8953511875 0.5677083333333334 45.3125 45.3125 10.9375 34.375 0.604614899988519
260000 331.9375 0.1202277746285169 21.8536845 0.5677083333333334 45.3125 45.3125 10.9375 34.375 0.6061675000091782
262000 331.375 0.11939809491911331 21.8120178125 0.5677083333333334 45.3125 45.3125 10.9375 34.375 0.6298014000058174
264000 364.875 0.1338102882020722 21.692225999999998 0.5677083333333334 45.3125 45.3125 10.8125 34.5 0.6391464000043925
266000 364.875 0.1338102882020722 21.692225999999998 0.5677083333333334 45.3125 45.3125 10.8125 34.5 0.7607702999957837
268000 364.875 0.1338102882020722 21.692225999999998 0.5677083333333334 45.3125 45.3125 10.8125 34.5 0.5965058000001591
270000 362.5 0.13100160222846818 21.7009064375 0.5364583333333334 45.3125 45.3125 10.5625 34.75 0.6718200999894179
272000 362.5 0.1303282476879881 21.7009064375 0.5364583333333334 45.3125 45.3125 10.5625 34.75 0.6202107999997679
274000 362.5 0.13014837720497766 21.7009064375 0.5364583333333334 45.3125 45.3125 10.5625 34.75 0.6699344999942696
276000 362.5 0.13014837720497766 21.7009064375 0.5364583333333334 45.3125 45.3125 10.5625 34.75 0.6376936000015121
278000 362.5 0.13014837720497766 21.7009064375 0.5364583333333334 45.3125 45.3125 10.5625 34.75 0.651696400003857
280000 362.5 0.1301766458955816 21.7009064375 0.5364583333333334 45.3125 45.3125 10.5625 34.75 0.6530077000061283
282000 362.5 0.1303282476879881 21.7009064375 0.5364583333333334 45.3125 45.3125 10.5625 34.75 0.7358273999998346
284000 365.0 0.13302317277690004 21.673128874999996 0.5677083333333334 45.3125 45.3125 10.9375 34.375 0.6710759000125108
286000 365.0 0.13320304325991048 21.673128874999996 0.5677083333333334 45.3125 45.3125 10.9375 34.375 0.643926000004285
288000 365.0 0.13291501689889243 21.673128874999996 0.5677083333333334 45.3125 45.3125 10.9375 34.375 0.6145028000028105
290000 365.0 0.13291501689889243 21.673128874999996 0.5677083333333334 45.3125 45.3125 10.9375 34.375 0.6110179999959655
292000 362.0625 0.13176256590692667 21.6314621875 0.5520833333333334 45.3125 45.3125 10.9375 34.375 0.8881422999984352
294000 362.0625 0.13176256590692667 21.6314621875 0.5520833333333334 45.3125 45.3125 10.9375 34.375 0.7694774000119651
296000 362.0625 0.13176256590692667 21.6314621875 0.5520833333333334 45.3125 45.3125 10.9375 34.375 0.596587099993485
298000 365.0 0.13173260716172713 21.673128874999996 0.5677083333333334 45.3125 45.3125 10.9375 34.375 0.6845698000106495
300000 362.0625 0.12959146292930013 21.6314621875 0.5520833333333334 45.3125 45.3125 10.9375 34.375 0.7437927999999374
302000 362.0625 0.13176256590692667 21.6314621875 0.5520833333333334 45.3125 45.3125 10.9375 34.375 0.6038477000111016
304000 365.0 0.13291501689889243 21.673128874999996 0.5677083333333334 45.3125 45.3125 10.9375 34.375 0.8337767999910284
306000 359.6875 0.12895387993332266 21.640142625 0.5208333333333333 45.3125 45.3125 10.6875 34.625 0.5918260000034934
308000 362.625 0.1279352279476619 21.681809312499997 0.5364583333333334 45.3125 45.3125 10.6875 34.625 0.590725799993379
310000 365.0 0.13074391392126591 21.673128874999996 0.5677083333333334 45.3125 45.3125 10.9375 34.375 0.6505699999979697
312000 365.0 0.13074391392126591 21.673128874999996 0.5677083333333334 45.3125 45.3125 10.9375 34.375 0.6901176000101259
314000 362.625 0.13010633092528842 21.681809312499997 0.5364583333333334 45.3125 45.3125 10.6875 34.625 0.6205379000020912
316000 362.625 0.13028620140829886 21.681809312499997 0.5364583333333334 45.3125 45.3125 10.6875 34.625 0.6004823999974178
318000 365.0 0.13124431297139041 21.673128874999996 0.5677083333333334 45.3125 45.3125 10.9375 34.375 0.6747332999948412
320000 365.0 0.13124431297139041 21.673128874999996 0.5677083333333334 45.3125 45.3125 10.9375 34.375 0.6862416999938432
322000 362.0625 0.13220627662092513 21.6314621875 0.5520833333333334 45.3125 45.3125 10.9375 34.375 0.679252700007055
324000 362.0625 0.1146447297515709 21.6314621875 0.5520833333333334 45.3125 45.3125 10.9375 34.375 0.6434065999928862
326000 365.0 0.1162975797936612 21.673128874999996 0.5677083333333334 45.3125 45.3125 10.9375 34.375 0.8123768999939784
328000 362.0625 0.11514512880169542 21.6314621875 0.5520833333333334 45.3125 45.3125 10.9375 34.375 0.6207992999989074
330000 362.0625 0.10630224656322548 21.6314621875 0.5520833333333334 45.3125 45.3125 10.9375 34.375 0.6438248999911593
332000 362.0625 0.10630224656322548 21.6314621875 0.5520833333333334 45.3125 45.3125 10.9375 34.375 0.6157304999942426
334000 374.9375 0.1198616897870803 21.589795499999997 0.5520833333333334 45.3125 45.3125 10.9375 34.375 0.6157970000058413
336000 374.9375 0.1198616897870803 21.589795499999997 0.5520833333333334 45.3125 45.3125 10.9375 34.375 0.6269494000007398
338000 374.9375 0.11101880754861036 21.589795499999997 0.5520833333333334 45.3125 45.3125 10.9375 34.375 0.6094681999966269
340000 373.8125 0.11106386092554812 21.666184187499997 0.53125 45.3125 45.3125 10.4375 34.875 0.6854592000017874
342000 373.8125 0.11106386092554812 21.666184187499997 0.53125 45.3125 45.3125 10.4375 34.875 0.7819302000134485
344000 374.9375 0.11086720575620386 21.589795499999997 0.5520833333333334 45.3125 45.3125 10.9375 34.375 0.6505002999911085
346000 374.9375 0.11151920659873488 21.589795499999997 0.5520833333333334 45.3125 45.3125 10.9375 34.375 0.6615380000002915
348000 374.9375 0.11151920659873488 21.589795499999997 0.5520833333333334 45.3125 45.3125 10.9375 34.375 0.6843572999932803
350000 377.875 0.11350874903875538 21.631462187499995 0.5677083333333334 45.3125 45.3125 10.9375 34.375 0.8284247999981744
352000 377.875 0.11252005579829416 21.631462187499995 0.5677083333333334 45.3125 45.3125 10.9375 34.375 0.619188500000746
354000 377.875 0.11252005579829416 21.631462187499995 0.5677083333333334 45.3125 45.3125 10.9375 34.375 0.6459683000139194
356000 377.875 0.11252005579829416 21.631462187499995 0.5677083333333334 45.3125 45.3125 10.9375 34.375 0.6407628000015393
358000 377.875 0.11386592584708316 21.631462187499995 0.5677083333333334 45.3125 45.3125 10.9375 34.375 0.6291289999935543
360000 377.875 0.11379014091973658 21.631462187499995 0.5677083333333334 45.3125 45.3125 10.9375 34.375 0.7913769000006141
362000 377.75 0.11379981624876481 21.650559312499997 0.5677083333333334 45.3125 45.3125 10.8125 34.5 0.5962836999970023
364000 377.75 0.11379981624876481 21.650559312499997 0.5677083333333334 45.3125 45.3125 10.8125 34.5 0.728803699996206
366000 363.8125 0.10872521107739094 21.656346624999998 0.5677083333333334 45.3125 45.3125 11.1875 34.125 0.6468119000055594
368000 363.8125 0.10872521107739094 21.656346624999998 0.5677083333333334 45.3125 45.3125 11.1875 34.125 0.6284983999939868
370000 363.8125 0.10786763521893865 21.656346624999998 0.5677083333333334 45.3125 45.3125 11.1875 34.125 0.7098791000025813
372000 376.6875 0.11314128359057407 21.614679937499996 0.5677083333333334 45.3125 45.3125 11.1875 34.125 0.6776212000113446
374000 370.6875 0.1020854854037976 21.644193749999996 0.5677083333333334 45.3125 45.3125 11.0 34.3125 0.6248392999987118
376000 370.25 0.10175798269263449 21.625096687499994 0.5677083333333334 45.3125 45.3125 11.25 34.0625 0.6184875999897486
378000 375.75 0.10858370272031038 21.533082874999998 0.5677083333333334 45.3125 45.3125 11.5 33.8125 0.686235500004841
380000 375.0 0.10602504848369247 21.513985812499996 0.5677083333333334 45.3125 45.3125 11.75 33.5625 0.6377328999951715
382000 387.875 0.1107982978052034 21.472319124999995 0.5677083333333334 45.3125 45.3125 11.75 33.5625 1.0402662999986205
384000 387.875 0.1107982978052034 21.472319124999995 0.5677083333333334 45.3125 45.3125 11.75 33.5625 0.6526111999992281
386000 386.4375 0.11005879136618918 21.464796062499996 0.5677083333333334 45.3125 45.3125 11.875 33.4375 0.6816545000037877
388000 386.4375 0.11021039315859568 21.464796062499996 0.5677083333333334 45.3125 45.3125 11.875 33.4375 0.7282580000028247
390000 373.5625 0.10543714383708476 21.506462749999997 0.5677083333333334 45.3125 45.3125 11.875 33.4375 0.6645718999934616
392000 373.5625 0.10444845059662354 21.506462749999997 0.5677083333333334 45.3125 45.3125 11.875 33.4375 0.7549352000060026
394000 373.5625 0.10543714383708476 21.506462749999997 0.5677083333333334 45.3125 45.3125 11.875 33.4375 0.8280479000095511
396000 373.5625 0.10429684880421704 21.506462749999997 0.5677083333333334 45.3125 45.3125 11.875 33.4375 0.632410100006382
398000 373.5625 0.10429684880421704 21.506462749999997 0.5677083333333334 45.3125 45.3125 11.875 33.4375 0.6527405000088038
400000 373.5625 0.10429684880421704 21.506462749999997 0.5677083333333334 45.3125 45.3125 11.875 33.4375 0.6948897999973269
402000 373.5625 0.10429684880421704 21.506462749999997 0.5677083333333334 45.3125 45.3125 11.875 33.4375 0.622123900000588
404000 373.5625 0.10528554204467826 21.506462749999997 0.5677083333333334 45.3125 45.3125 11.875 33.4375 0.6585901000071317
406000 364.0625 0.10183005989657952 21.923129625 0.546875 45.3125 45.3125 11.875 33.4375 0.6895640000002459
408000 373.5625 0.10429684880421704 21.506462749999997 0.5677083333333334 45.3125 45.3125 11.875 33.4375 0.6394122999918181
410000 371.6875 0.10356696791602078 21.756462875 0.546875 45.3125 45.3125 11.875 33.4375 0.6619904999970458
412000 381.5 0.10394536882014634 21.464796062499996 0.5677083333333334 45.3125 45.3125 11.875 33.4375 0.7395609999948647
414000 381.5 0.10350165810614786 21.464796062499996 0.5677083333333334 45.3125 45.3125 11.875 33.4375 0.6888915000017732
416000 381.5 0.10484752815493686 21.464796062499996 0.5677083333333334 45.3125 45.3125 11.875 33.4375 0.6643381000030786
418000 381.5 0.10350165810614786 21.464796062499996 0.5677083333333334 45.3125 45.3125 11.875 33.4375 0.7112095000047702
420000 381.5 0.10350165810614786 21.464796062499996 0.5677083333333334 45.3125 45.3125 11.875 33.4375 0.6264844000106677
422000 381.5 0.10350165810614786 21.464796062499996 0.5677083333333334 45.3125 45.3125 11.875 33.4375 0.8035294000001159
424000 372.875 0.10070978048918787 21.61062925 0.5520833333333334 45.3125 45.3125 11.4375 33.875 0.6106372000067495
426000 381.5 0.10484752815493686 21.464796062499996 0.5677083333333334 45.3125 45.3125 11.875 33.4375 0.7707255999994231
428000 372.875 0.10063399556184126 21.61062925 0.5520833333333334 45.3125 45.3125 11.4375 33.875 0.6216703000100097
430000 381.8125 0.105033136340435 21.50299025 0.5677083333333334 45.3125 45.3125 11.5 33.8125 0.6739152999944054
432000 381.9375 0.10608793917921458 21.483893124999998 0.5677083333333334 45.3125 45.3125 11.625 33.6875 0.6658118000050308
434000 381.8125 0.10602182958089622 21.50299025 0.5677083333333334 45.3125 45.3125 11.5 33.8125 0.6301241000037408
436000 381.5 0.10583622139539808 21.464796062499996 0.5677083333333334 45.3125 45.3125 11.875 33.4375 0.6061942999949679
438000 372.875 0.10070978048918787 21.61062925 0.5520833333333334 45.3125 45.3125 11.4375 33.875 0.6912680000095861
440000 372.875 0.10070978048918787 21.61062925 0.5520833333333334 45.3125 45.3125 11.4375 33.875 0.6290120999910869
442000 373.3125 0.10103728320035098 21.6297263125 0.5520833333333334 45.3125 45.3125 11.1875 34.125 0.7070617999997921
444000 371.375 0.09637823250274145 21.6322889375 0.5520833333333334 45.3125 45.3125 10.625 34.6875 0.6575829000066733
446000 373.5 0.10162843891395601 21.60715675 0.5520833333333334 45.3125 45.3125 11.0625 34.25 0.6338927999895532
448000 373.5 0.10162843891395601 21.60715675 0.5520833333333334 45.3125 45.3125 11.0625 34.25 0.6062456999934511
450000 371.6875 0.09703549781466488 21.59062225 0.5520833333333334 45.3125 45.3125 10.625 34.6875 0.6529764000006253
452000 373.5 0.10162843891395601 21.60715675 0.5520833333333334 45.3125 45.3125 11.0625 34.25 0.6043032000015955
454000 371.6875 0.09703549781466488 21.59062225 0.5520833333333334 45.3125 45.3125 10.625 34.6875 0.6773236000008183
456000 371.6875 0.09711128274201147 21.59062225 0.5520833333333334 45.3125 45.3125 10.625 34.6875 0.6721014000067953
458000 371.6875 0.09711128274201147 21.59062225 0.5520833333333334 45.3125 45.3125 10.625 34.6875 0.673274600005243
460000 371.6875 0.09703549781466488 21.59062225 0.5520833333333334 45.3125 45.3125 10.625 34.6875 0.6046491000015521
462000 382.125 0.10675487982016624 21.4613235625 0.5677083333333334 45.3125 45.3125 11.5 33.8125 0.659797600004822
464000 362.875 0.09451643443504368 21.6253443125 0.5520833333333334 45.3125 45.3125 10.1875 35.125 0.6573186999885365
466000 362.875 0.09451643443504368 21.6253443125 0.5520833333333334 45.3125 45.3125 10.1875 35.125 0.6178113999922061
468000 362.875 0.09451643443504368 21.6253443125 0.5520833333333334 45.3125 45.3125 10.1875 35.125 0.6329315999901155
470000 362.875 0.09451643443504368 21.6253443125 0.5520833333333334 45.3125 45.3125 10.1875 35.125 0.7068126999947708
472000 362.875 0.09451643443504368 21.6253443125 0.5520833333333334 45.3125 45.3125 10.1875 35.125 0.6473433999926783
474000 371.5 0.0996428753412539 21.479511125000002 0.5677083333333334 45.3125 45.3125 10.625 34.6875 0.603831700005685
476000 371.5 0.0996428753412539 21.479511125000002 0.5677083333333334 45.3125 45.3125 10.625 34.6875 0.6765023000043584
478000 371.1875 0.09890982510198389 21.521177812500003 0.5677083333333334 45.3125 45.3125 10.625 34.6875 0.5819932000013068
480000 371.5 0.0996428753412539 21.479511125000002 0.5677083333333334 45.3125 45.3125 10.625 34.6875 0.7990929999941727
482000 373.0 0.10350276620127502 21.537712312500002 0.5677083333333334 45.3125 45.3125 11.0625 34.25 0.6507378000096651
484000 371.5 0.0996428753412539 21.479511125000002 0.5677083333333334 45.3125 45.3125 10.625 34.6875 0.586531399996602
486000 371.1875 0.09890982510198389 21.521177812500003 0.5677083333333334 45.3125 45.3125 10.625 34.6875 0.619673099994543
488000 371.5 0.09855072863411395 21.479511125000002 0.5677083333333334 45.3125 45.3125 10.625 34.6875 0.5700664000032702
490000 371.5 0.0996428753412539 21.479511125000002 0.5677083333333334 45.3125 45.3125 10.625 34.6875 0.6149122000060743
492000 362.875 0.09317056438625466 21.6253443125 0.5520833333333334 45.3125 45.3125 10.1875 35.125 0.6660053999949014
494000 371.5 0.0996428753412539 21.479511125000002 0.5677083333333334 45.3125 45.3125 10.625 34.6875 0.6204720999958226
496000 370.1875 0.09912854622065742 21.4812471875 0.5520833333333334 45.3125 45.3125 10.4375 34.875 0.5835889000009047
498000 370.1875 0.09912854622065742 21.4812471875 0.5520833333333334 45.3125 45.3125 10.4375 34.875 0.8317996999976458
500000 378.8125 0.10425498712686765 21.335414 0.5677083333333334 45.3125 45.3125 10.875 34.4375 0.6207525999925565
