2000 4.625 0.0005029727352559809 37.1317175 0.078125 45.3125 45.3125 2.5 42.8125 0.5753706000032253
4000 9.75 0.0020135825635059323 35.8615553125 0.09375 45.3125 45.3125 2.5 42.8125 0.5760994000011124
6000 12.3125 0.0026470925956074173 34.148540562499996 0.11979166666666666 45.3125 45.3125 2.5 42.8125 0.6284453000043868
8000 18.5 0.0038972172519223308 34.61674068749999 0.18229166666666666 45.3125 45.3125 2.5 42.8125 0.5547786000024644
10000 14.75 0.0036799519210104544 34.401951624999995 0.15104166666666666 45.3125 45.3125 2.5 42.8125 0.6582959000006667
12000 15.9375 0.0029053640097202035 34.9851166875 0.11979166666666666 45.3125 45.3125 2.5 42.8125 0.8887460999976611
14000 7.4375 0.0003365106164495905 35.336113000000005 0.11979166666666666 45.3125 45.3125 2.5 42.8125 0.8939354999965872
16000 11.25 0.0016685564116167997 35.392813062500004 0.078125 45.3125 45.3125 2.5 42.8125 0.9788938999990933
18000 8.0625 0.0011767434828677463 35.7244455625 0.078125 45.3125 45.3125 2.5 42.8125 0.7852744999981951
20000 5.1875 0.00013753093750807694 36.121372375 0.078125 45.3125 45.3125 2.5 42.8125 0.7778733999948599
22000 14.0 0.0031511820409141932 34.513753625 0.09375 45.3125 45.3125 2.5 42.8125 0.8045315999988816
24000 6.875 -0.12453491745778089 36.5229911875 0.08333333333333333 45.3125 45.3125 2.5 42.8125 0.7793740999986767
26000 4.375 0.0003355139414316569 36.557587125000005 0.08333333333333333 45.3125 45.3125 2.5 42.8125 0.7747812000015983
28000 5.5625 0.0004680670501514795 36.514212562500006 0.13020833333333331 45.3125 45.3125 2.5 42.8125 0.7455310000004829
30000 8.1875 0.001308326967198429 35.330472562500006 0.09895833333333333 45.3125 45.3125 2.5 42.8125 0.8694018999958644
32000 11.5 -0.24846827189839868 34.8611195625 0.057291666666666664 45.3125 45.3125 2.5 42.8125 0.7388484999974025
34000 6.3125 -0.2497180516083162 35.10960362499999 0.078125 45.3125 45.3125 2.5 42.8125 0.7352307000037399
36000 9.75 -0.2473428392909791 34.6578403125 0.11979166666666666 45.3125 45.3125 2.5 42.8125 0.742591000001994
38000 48.875 -0.2365764244253961 33.43270537499999 0.10937499999999999 45.3125 45.3125 2.5 42.8125 0.7423750999951153
40000 73.6875 0.00886103615599552 28.838311312500007 0.24479166666666669 45.3125 45.3125 2.5 42.8125 0.7903808999981266
42000 89.375 0.01183097414252775 28.9845278125 0.24479166666666669 45.3125 45.3125 2.5 42.8125 0.7608758999995189
44000 72.9375 0.009161753394312671 28.942477812499998 0.2604166666666667 45.3125 45.3125 2.5 42.8125 0.810606099999859
46000 41.0 0.0018105096515817186 32.986919375 0.11979166666666666 45.3125 45.3125 2.5 42.8125 0.8019244000024628
48000 90.8125 0.019555679349579563 28.905355687500002 0.21875 45.3125 45.3125 2.5 42.8125 0.8769006000002264
50000 101.6875 0.019330125138254894 26.981049687499997 0.3125 45.3125 45.3125 2.5 42.8125 0.8892645000014454
52000 117.125 0.021866269778622646 25.689382375 0.36458333333333337 45.3125 45.3125 2.5 42.8125 0.8305880999978399
54000 110.0625 0.015130748225645984 25.556049 0.34375 45.3125 45.3125 2.5 42.8125 0.792243600000802
56000 115.875 -0.23237112648911576 25.249485687499995 0.38020833333333326 45.3125 45.3125 2.5 42.8125 0.8107106000024942
58000 137.4375 -0.03834121451143226 24.771428750000002 0.3958333333333333 45.3125 45.3125 2.5 42.8125 0.9657606999971904
60000 199.8125 -0.07301616983953378 23.230718562499998 0.4375 45.3125 45.3125 2.5 42.8125 0.7826675000032992
62000 118.3125 -0.04345084391937027 25.083929 0.375 45.3125 45.3125 2.5 42.8125 0.8574566000024788
64000 109.125 -0.043020206932504385 25.375643562500002 0.35416666666666663 45.3125 45.3125 2.5 42.8125 0.9503136000057566
66000 119.0625 -0.04312059866952242 25.471708125000003 0.36458333333333326 45.3125 45.3125 2.5 42.8125 0.858244700000796
68000 207.4375 0.04887556833387533 23.761722312500005 0.41666666666666663 45.3125 45.3125 2.5 42.8125 0.9939701000039349
70000 212.125 0.04828995032383501 23.564384375000003 0.4322916666666667 45.3125 45.3125 2.5 42.8125 0.8851327000011224
72000 211.1875 0.04801453541098856 23.684755125000002 0.4166666666666667 45.3125 45.3125 2.9375 42.375 0.8906406000023708
74000 211.1875 0.04801453541098856 23.684755125000002 0.4166666666666667 45.3125 45.3125 2.9375 42.375 0.8308725000024424
76000 211.1875 0.04801453541098856 23.684755125000002 0.4166666666666667 45.3125 45.3125 2.9375 42.375 1.0213657999993302
78000 302.125 0.06016588734889591 22.6060100625 0.4583333333333333 45.3125 45.3125 2.9375 42.375 0.8475871999980882
80000 301.75 0.06002461094898846 22.689343437500003 0.4583333333333333 45.3125 45.3125 2.9375 42.375 1.101890199999616
82000 329.6875 0.07549691043536133 22.155682187500002 0.4895833333333333 45.3125 45.3125 3.9375 41.375 1.005095300002722
84000 424.6875 0.12285172226203425 22.01408825 0.4270833333333333 45.3125 45.3125 9.0 36.3125 0.9893364000017755
86000 424.6875 0.12285172226203425 22.01408825 0.4270833333333333 45.3125 45.3125 9.0 36.3125 0.9272443000008934
88000 424.5 0.12251792349143337 22.083532750000003 0.4270833333333333 45.3125 45.3125 9.25 36.0625 0.8391467000037665
90000 424.5 0.12251792349143337 22.083532750000003 0.4270833333333333 45.3125 45.3125 9.25 36.0625 0.866327600000659
92000 427.375 0.12955860195676094 21.709982374999996 0.4583333333333333 45.3125 45.3125 9.25 36.0625 0.8564750000005006
94000 480.0625 0.15596219030860328 21.439149375 0.47916666666666663 45.3125 45.3125 10.1875 35.125 1.0410350999954971
96000 480.0625 0.15596219030860328 21.439149375 0.47916666666666663 45.3125 45.3125 10.1875 35.125 0.993869400001131
98000 480.0625 0.15596219030860328 21.439149375 0.47916666666666663 45.3125 45.3125 10.1875 35.125 0.9485122999976738
100000 490.8125 0.15965602001432258 21.355815999999997 0.5 45.3125 45.3125 10.1875 35.125 0.9126266000021133
102000 490.8125 0.15965602001432258 21.355815999999997 0.5 45.3125 45.3125 10.1875 35.125 1.0273080000042683
104000 490.8125 0.15965602001432258 21.355815999999997 0.5 45.3125 45.3125 10.1875 35.125 1.1800856000045314
106000 495.25 0.16819344962836302 21.022481624999998 0.5260416666666666 45.3125 45.3125 9.9375 35.375 1.0125254000013229
108000 495.25 0.16819344962836302 21.022481624999998 0.5260416666666666 45.3125 45.3125 9.9375 35.375 1.0932943000007072
110000 495.25 0.16819344962836302 21.022481624999998 0.5260416666666666 45.3125 45.3125 9.9375 35.375 0.967424900001788
112000 495.25 0.16819344962836302 21.022481624999998 0.5260416666666666 45.3125 45.3125 9.9375 35.375 1.1633555000007618
114000 495.25 0.16819344962836302 21.022481624999998 0.5260416666666666 45.3125 45.3125 9.9375 35.375 1.001848499996413
116000 495.25 0.16819344962836302 21.022481624999998 0.5260416666666666 45.3125 45.3125 9.9375 35.375 0.9636519999985467
118000 495.25 0.16819344962836302 21.022481624999998 0.5260416666666666 45.3125 45.3125 9.9375 35.375 1.1192666999995708
120000 494.3125 0.16648204653017784 21.039551000000003 0.5260416666666666 45.3125 45.3125 9.9375 35.375 0.9899158999978681
122000 494.3125 0.16648204653017784 21.039551000000003 0.5260416666666666 45.3125 45.3125 9.9375 35.375 1.098173600003065
124000 492.0625 0.16673510754552792 20.879825937499998 0.5052083333333333 45.3125 45.3125 9.9375 35.375 1.0551484000025084
126000 488.625 0.1619676209098114 21.004825999999998 0.5208333333333333 45.3125 45.3125 9.9375 35.375 1.1487161999975797
128000 488.625 0.1619676209098114 21.004825999999998 0.5208333333333333 45.3125 45.3125 9.9375 35.375 0.9446214999989024
130000 488.625 0.1619676209098114 21.004825999999998 0.5208333333333333 45.3125 45.3125 9.9375 35.375 0.9673435000004247
132000 488.625 0.1619676209098114 21.004825999999998 0.5208333333333333 45.3125 45.3125 9.9375 35.375 1.0531128000002354
134000 506.6875 0.1691580477232439 21.088159375 0.5625 45.3125 45.3125 9.9375 35.375 0.984847700005048
136000 506.6875 0.1691580477232439 21.088159375 0.5625 45.3125 45.3125 9.9375 35.375 1.0412186999965343
138000 506.6875 0.1691580477232439 21.088159375 0.5625 45.3125 45.3125 9.9375 35.375 1.0317374999940512
140000 506.6875 0.1691580477232439 21.088159375 0.5625 45.3125 45.3125 9.9375 35.375 0.9792877999934717
142000 506.6875 0.1691580477232439 21.088159375 0.5625 45.3125 45.3125 9.9375 35.375 1.225972099993669
144000 506.6875 0.1691580477232439 21.088159375 0.5625 45.3125 45.3125 9.9375 35.375 0.9821398000058252
146000 506.6875 0.1691580477232439 21.088159375 0.5625 45.3125 45.3125 9.9375 35.375 1.2168133000013768
148000 488.625 0.1619676209098114 21.004825999999998 0.5208333333333333 45.3125 45.3125 9.9375 35.375 1.1436343000023044
150000 488.625 0.1619676209098114 21.004825999999998 0.5208333333333333 45.3125 45.3125 9.9375 35.375 0.995192299997143
152000 506.6875 0.1691580477232439 21.088159375 0.5625 45.3125 45.3125 9.9375 35.375 0.8425610999984201
154000 506.6875 0.1691580477232439 21.088159375 0.5625 45.3125 45.3125 9.9375 35.375 0.8346691999977338
156000 506.6875 0.1691580477232439 21.088159375 0.5625 45.3125 45.3125 9.9375 35.375 0.8044103000065661
158000 488.625 0.1619676209098114 21.004825999999998 0.5208333333333333 45.3125 45.3125 9.9375 35.375 0.8749603000032948
160000 488.625 0.1619676209098114 21.004825999999998 0.5208333333333333 45.3125 45.3125 9.9375 35.375 0.8141006000005291
162000 488.625 0.1619676209098114 21.004825999999998 0.5208333333333333 45.3125 45.3125 9.9375 35.375 0.7799984000012046
164000 488.625 0.1619676209098114 21.004825999999998 0.5208333333333333 45.3125 45.3125 9.9375 35.375 0.801023100000748
166000 488.625 0.1619676209098114 21.004825999999998 0.5208333333333333 45.3125 45.3125 9.9375 35.375 0.8280986000027042
168000 488.625 0.1619676209098114 21.004825999999998 0.5208333333333333 45.3125 45.3125 9.9375 35.375 0.8203967000008561
170000 488.625 0.1619676209098114 21.004825999999998 0.5208333333333333 45.3125 45.3125 9.9375 35.375 0.7092143000045326
172000 488.625 0.1619676209098114 21.004825999999998 0.5208333333333333 45.3125 45.3125 9.9375 35.375 0.6399786000038148
174000 488.625 0.1619676209098114 21.004825999999998 0.5208333333333333 45.3125 45.3125 9.9375 35.375 0.5777813000022434
176000 488.625 0.1619676209098114 21.004825999999998 0.5208333333333333 45.3125 45.3125 9.9375 35.375 0.6592479000028106
178000 488.625 0.1619676209098114 21.004825999999998 0.5208333333333333 45.3125 45.3125 9.9375 35.375 0.6230328000019654
180000 506.6875 0.1691580477232439 21.088159375 0.5625 45.3125 45.3125 9.9375 35.375 0.5910235999981523
182000 506.6875 0.1691580477232439 21.088159375 0.5625 45.3125 45.3125 9.9375 35.375 0.6889153000010992
184000 506.6875 0.1691580477232439 21.088159375 0.5625 45.3125 45.3125 9.9375 35.375 0.6026416000095196
186000 506.6875 0.1691580477232439 21.088159375 0.5625 45.3125 45.3125 9.9375 35.375 0.6300974999903701
188000 488.625 0.1619676209098114 21.004825999999998 0.5208333333333333 45.3125 45.3125 9.9375 35.375 0.627664100000402
190000 488.625 0.1619676209098114 21.004825999999998 0.5208333333333333 45.3125 45.3125 9.9375 35.375 0.7514713999989908
192000 506.6875 0.1679856720445039 21.088159375 0.5625 45.3125 45.3125 9.9375 35.375 0.6261876999924425
194000 506.6875 0.1679856720445039 21.088159375 0.5625 45.3125 45.3125 9.9375 35.375 0.6518398999905912
196000 506.6875 0.1691580477232439 21.088159375 0.5625 45.3125 45.3125 9.9375 35.375 0.6261818999919342
198000 488.625 0.1619676209098114 21.004825999999998 0.5208333333333333 45.3125 45.3125 9.9375 35.375 0.5950983999937307
200000 488.625 0.1619676209098114 21.004825999999998 0.5208333333333333 45.3125 45.3125 9.9375 35.375 0.5979888000001665
202000 488.625 0.1619676209098114 21.004825999999998 0.5208333333333333 45.3125 45.3125 9.9375 35.375 0.6322838000050979
204000 488.625 0.1619676209098114 21.004825999999998 0.5208333333333333 45.3125 45.3125 9.9375 35.375 0.5872822000092128
206000 488.625 0.1619676209098114 21.004825999999998 0.5208333333333333 45.3125 45.3125 9.9375 35.375 0.5859885999961989
208000 506.6875 0.1691580477232439 21.088159375 0.5625 45.3125 45.3125 9.9375 35.375 0.674084700003732
210000 506.6875 0.1438097434323087 21.088159375 0.5625 45.3125 45.3125 9.9375 35.375 0.6257378000009339
212000 506.6875 0.1438097434323087 21.088159375 0.5625 45.3125 45.3125 9.9375 35.375 0.6501543999911519
214000 506.6875 0.1438097434323087 21.088159375 0.5625 45.3125 45.3125 9.9375 35.375 0.6258230000094045
216000 506.6875 0.1438097434323087 21.088159375 0.5625 45.3125 45.3125 9.9375 35.375 0.6461179000034463
218000 506.6875 0.1438097434323087 21.088159375 0.5625 45.3125 45.3125 9.9375 35.375 0.6209977999969851
220000 506.6875 0.1438097434323087 21.088159375 0.5625 45.3125 45.3125 9.9375 35.375 0.5914378000015859
222000 506.6875 0.1438097434323087 21.088159375 0.5625 45.3125 45.3125 9.9375 35.375 0.6191397000075085
224000 506.6875 0.1438097434323087 21.088159375 0.5625 45.3125 45.3125 9.9375 35.375 0.6913997999945423
226000 506.6875 0.1438097434323087 21.088159375 0.5625 45.3125 45.3125 9.9375 35.375 0.617782499990426
228000 506.6875 0.1438097434323087 21.088159375 0.5625 45.3125 45.3125 9.9375 35.375 0.611829100002069
230000 506.6875 0.1438097434323087 21.088159375 0.5625 45.3125 45.3125 9.9375 35.375 0.6559997000003932
232000 506.6875 0.1438097434323087 21.088159375 0.5625 45.3125 45.3125 9.9375 35.375 0.753304300000309
234000 506.6875 0.1438097434323087 21.088159375 0.5625 45.3125 45.3125 9.9375 35.375 0.7110318000050029
236000 506.6875 0.1438097434323087 21.088159375 0.5625 45.3125 45.3125 9.9375 35.375 0.6088799999997718
238000 506.6875 0.1438097434323087 21.088159375 0.5625 45.3125 45.3125 9.9375 35.375 0.7869678999995813
240000 506.6875 0.1438097434323087 21.088159375 0.5625 45.3125 45.3125 9.9375 35.375 0.6942625999945449
242000 506.6875 0.1438097434323087 21.088159375 0.5625 45.3125 45.3125 9.9375 35.375 0.6221083999989787
244000 506.6875 0.1438097434323087 21.088159375 0.5625 45.3125 45.3125 9.9375 35.375 0.6233589999901596
246000 506.6875 0.1438097434323087 21.088159375 0.5625 45.3125 45.3125 9.9375 35.375 0.6067259999981616
248000 506.6875 0.1438097434323087 21.088159375 0.5625 45.3125 45.3125 9.9375 35.375 0.6055160999967484
250000 506.6875 0.1438097434323087 21.088159375 0.5625 45.3125 45.3125 9.9375 35.375 0.6082751000067219
252000 539.8125 0.1601575178123888 21.002807625000003 0.5833333333333333 45.3125 45.3125 11.0 34.3125 0.6792342999979155
254000 539.8125 0.1601575178123888 21.002807625000003 0.5833333333333333 45.3125 45.3125 11.0 34.3125 0.6313821000076132
256000 539.8125 0.1601575178123888 21.002807625000003 0.5833333333333333 45.3125 45.3125 11.0 34.3125 0.5880559000070207
258000 539.8125 0.1601575178123888 21.002807625000003 0.5833333333333333 45.3125 45.3125 11.0 34.3125 0.6108023999986472
260000 539.8125 0.1601575178123888 21.002807625000003 0.5833333333333333 45.3125 45.3125 11.0 34.3125 0.61186920000182
262000 539.8125 0.1601575178123888 21.002807625000003 0.5833333333333333 45.3125 45.3125 11.0 34.3125 0.6098872000002302
264000 539.8125 0.1601575178123888 21.002807625000003 0.5833333333333333 45.3125 45.3125 11.0 34.3125 0.5914485999965109
266000 539.8125 0.1601575178123888 21.002807625000003 0.5833333333333333 45.3125 45.3125 11.0 34.3125 0.6785252999980003
268000 539.8125 0.1601575178123888 21.002807625000003 0.5833333333333333 45.3125 45.3125 11.0 34.3125 0.6394384000013815
270000 533.0625 0.16321037715724884 20.98041325 0.5416666666666666 45.3125 45.3125 11.5 33.8125 0.6429172999924049
272000 533.0625 0.16321037715724884 20.98041325 0.5416666666666666 45.3125 45.3125 11.5 33.8125 0.6152272000035737
274000 533.0625 0.16321037715724884 20.98041325 0.5416666666666666 45.3125 45.3125 11.5 33.8125 0.7305408999964129
276000 533.0625 0.16321037715724884 20.98041325 0.5416666666666666 45.3125 45.3125 11.5 33.8125 0.6072002000000793
278000 533.0625 0.16321037715724884 20.98041325 0.5416666666666666 45.3125 45.3125 11.5 33.8125 0.596768700008397
280000 533.0625 0.16321037715724884 20.98041325 0.5416666666666666 45.3125 45.3125 11.5 33.8125 0.6309476999886101
282000 533.0625 0.16321037715724884 20.98041325 0.5416666666666666 45.3125 45.3125 11.5 33.8125 0.633647499998915
284000 533.0625 0.16321037715724884 20.98041325 0.5416666666666666 45.3125 45.3125 11.5 33.8125 0.6165951000002678
286000 533.0625 0.16321037715724884 20.98041325 0.5416666666666666 45.3125 45.3125 11.5 33.8125 0.6657612999988487
288000 533.0625 0.16321037715724884 20.98041325 0.5416666666666666 45.3125 45.3125 11.5 33.8125 0.6239968000008957
290000 533.0625 0.16321037715724884 20.98041325 0.5416666666666666 45.3125 45.3125 11.5 33.8125 0.6479790000012144
292000 533.0625 0.16321037715724884 20.98041325 0.5416666666666666 45.3125 45.3125 11.5 33.8125 0.6665041000087513
294000 533.0625 0.16321037715724884 20.98041325 0.5416666666666666 45.3125 45.3125 11.5 33.8125 0.6379646999994293
296000 533.0625 0.16321037715724884 20.98041325 0.5416666666666666 45.3125 45.3125 11.5 33.8125 0.6039582999947015
298000 533.0625 0.16321037715724884 20.98041325 0.5416666666666666 45.3125 45.3125 11.5 33.8125 0.6099690000119153
300000 533.0625 0.16321037715724884 20.98041325 0.5416666666666666 45.3125 45.3125 11.5 33.8125 0.6005632000014884
302000 533.0625 0.16321037715724884 20.98041325 0.5416666666666666 45.3125 45.3125 11.5 33.8125 0.6966072999930475
304000 533.0625 0.16321037715724884 20.98041325 0.5416666666666666 45.3125 45.3125 11.5 33.8125 0.5904769999906421
306000 533.0625 0.16321037715724884 20.98041325 0.5416666666666666 45.3125 45.3125 11.5 33.8125 0.6085676999937277
308000 533.0625 0.16321037715724884 20.98041325 0.5416666666666666 45.3125 45.3125 11.5 33.8125 0.6198433999961708
310000 533.0625 0.16321037715724884 20.98041325 0.5416666666666666 45.3125 45.3125 11.5 33.8125 0.6734034999972209
312000 533.0625 0.16321037715724884 20.98041325 0.5416666666666666 45.3125 45.3125 11.5 33.8125 0.6510412999923574
314000 533.0625 0.16321037715724884 20.98041325 0.5416666666666666 45.3125 45.3125 11.5 33.8125 0.5972723999875598
316000 533.0625 0.16321037715724884 20.98041325 0.5416666666666666 45.3125 45.3125 11.5 33.8125 0.5986764999979641
318000 533.0625 0.16321037715724884 20.98041325 0.5416666666666666 45.3125 45.3125 11.5 33.8125 0.6186308000033023
320000 533.0625 0.16321037715724884 20.98041325 0.5416666666666666 45.3125 45.3125 11.5 33.8125 0.647190399991814
322000 533.0625 0.16321037715724884 20.98041325 0.5416666666666666 45.3125 45.3125 11.5 33.8125 0.6267872000025818
324000 533.0625 0.16321037715724884 20.98041325 0.5416666666666666 45.3125 45.3125 11.5 33.8125 0.7908386000053724
326000 533.0625 0.16321037715724884 20.98041325 0.5416666666666666 45.3125 45.3125 11.5 33.8125 0.6074986999883549
328000 533.0625 0.16321037715724884 20.98041325 0.5416666666666666 45.3125 45.3125 11.5 33.8125 0.6236670999933267
330000 533.0625 0.16321037715724884 20.98041325 0.5416666666666666 45.3125 45.3125 11.5 33.8125 0.5678565999987768
332000 533.0625 0.16321037715724884 20.98041325 0.5416666666666666 45.3125 45.3125 11.5 33.8125 0.745376100006979
334000 533.0625 0.16321037715724884 20.98041325 0.5416666666666666 45.3125 45.3125 11.5 33.8125 0.6400239000067813
336000 533.0625 0.16321037715724884 20.98041325 0.5416666666666666 45.3125 45.3125 11.5 33.8125 0.5873415999958524
338000 533.0625 0.16321037715724884 20.98041325 0.5416666666666666 45.3125 45.3125 11.5 33.8125 0.7567855999950552
340000 533.0625 0.16321037715724884 20.98041325 0.5416666666666666 45.3125 45.3125 11.5 33.8125 0.6441986999998335
342000 533.0625 0.16321037715724884 20.98041325 0.5416666666666666 45.3125 45.3125 11.5 33.8125 0.5932783000025665
344000 533.0625 0.16321037715724884 20.98041325 0.5416666666666666 45.3125 45.3125 11.5 33.8125 0.7692250000109198
346000 533.0625 0.16321037715724884 20.98041325 0.5416666666666666 45.3125 45.3125 11.5 33.8125 0.8008535999979358
348000 533.0625 0.16321037715724884 20.98041325 0.5416666666666666 45.3125 45.3125 11.5 33.8125 0.8082221999939065
350000 533.0625 0.16321037715724884 20.98041325 0.5416666666666666 45.3125 45.3125 11.5 33.8125 0.7278223999892361
352000 533.0625 0.16321037715724884 20.98041325 0.5416666666666666 45.3125 45.3125 11.5 33.8125 0.6384590000088792
354000 533.0625 0.16321037715724884 20.98041325 0.5416666666666666 45.3125 45.3125 11.5 33.8125 0.6315674999932526
356000 533.0625 0.16321037715724884 20.98041325 0.5416666666666666 45.3125 45.3125 11.5 33.8125 0.6177849999949103
358000 533.0625 0.16321037715724884 20.98041325 0.5416666666666666 45.3125 45.3125 11.5 33.8125 0.7853600999951595
360000 533.0625 0.16321037715724884 20.98041325 0.5416666666666666 45.3125 45.3125 11.5 33.8125 0.6429961999965599
362000 533.0625 0.16321037715724884 20.98041325 0.5416666666666666 45.3125 45.3125 11.5 33.8125 0.6287117000028957
364000 533.0625 0.16321037715724884 20.98041325 0.5416666666666666 45.3125 45.3125 11.5 33.8125 0.6487386999942828
366000 533.0625 0.16321037715724884 20.98041325 0.5416666666666666 45.3125 45.3125 11.5 33.8125 0.6164793999923859
368000 533.0625 0.16321037715724884 20.98041325 0.5416666666666666 45.3125 45.3125 11.5 33.8125 0.6515779000037583
370000 533.0625 0.16321037715724884 20.98041325 0.5416666666666666 45.3125 45.3125 11.5 33.8125 0.759903399986797
372000 533.0625 0.16321037715724884 20.98041325 0.5416666666666666 45.3125 45.3125 11.5 33.8125 0.6534970999928191
374000 533.0625 0.16321037715724884 20.98041325 0.5416666666666666 45.3125 45.3125 11.5 33.8125 0.6301401999953669
376000 533.0625 0.16321037715724884 20.98041325 0.5416666666666666 45.3125 45.3125 11.5 33.8125 0.5948682999878656
378000 533.0625 0.16321037715724884 20.98041325 0.5416666666666666 45.3125 45.3125 11.5 33.8125 0.6843024000118021
380000 533.0625 0.16321037715724884 20.98041325 0.5416666666666666 45.3125 45.3125 11.5 33.8125 0.6795723999966867
382000 533.0625 0.16321037715724884 20.98041325 0.5416666666666666 45.3125 45.3125 11.5 33.8125 0.6534377000061795
384000 533.0625 0.16321037715724884 20.98041325 0.5416666666666666 45.3125 45.3125 11.5 33.8125 0.6570191000064369
386000 533.0625 0.16321037715724884 20.98041325 0.5416666666666666 45.3125 45.3125 11.5 33.8125 0.6390784999966854
388000 533.0625 0.16321037715724884 20.98041325 0.5416666666666666 45.3125 45.3125 11.5 33.8125 0.6456779000000097
390000 533.0625 0.16321037715724884 20.98041325 0.5416666666666666 45.3125 45.3125 11.5 33.8125 0.6587474000116345
392000 533.0625 0.16321037715724884 20.98041325 0.5416666666666666 45.3125 45.3125 11.5 33.8125 0.6434158999909414
394000 533.0625 0.16321037715724884 20.98041325 0.5416666666666666 45.3125 45.3125 11.5 33.8125 0.6231486000033328
396000 533.0625 0.16321037715724884 20.98041325 0.5416666666666666 45.3125 45.3125 11.5 33.8125 0.6470793000044068
398000 533.0625 0.16321037715724884 20.98041325 0.5416666666666666 45.3125 45.3125 11.5 33.8125 0.714619299993501
400000 533.0625 0.16321037715724884 20.98041325 0.5416666666666666 45.3125 45.3125 11.5 33.8125 0.6743382999993628
402000 533.0625 0.16321037715724884 20.98041325 0.5416666666666666 45.3125 45.3125 11.5 33.8125 0.5941190000012284
404000 533.0625 0.16321037715724884 20.98041325 0.5416666666666666 45.3125 45.3125 11.5 33.8125 0.8092439000029117
406000 533.0625 0.16321037715724884 20.98041325 0.5416666666666666 45.3125 45.3125 11.5 33.8125 0.633853999999701
408000 533.0625 0.1662938400557828 20.98041325 0.5416666666666666 45.3125 45.3125 11.5 33.8125 0.6854241999972146
410000 533.0625 0.16321037715724884 20.98041325 0.5416666666666666 45.3125 45.3125 11.5 33.8125 0.6996163000003435
412000 533.0625 0.16321037715724884 20.98041325 0.5416666666666666 45.3125 45.3125 11.5 33.8125 0.5933260999881895
414000 533.0625 0.16321037715724884 20.98041325 0.5416666666666666 45.3125 45.3125 11.5 33.8125 0.7393188999994891
416000 533.0625 0.16321037715724884 20.98041325 0.5416666666666666 45.3125 45.3125 11.5 33.8125 0.639601600007154
418000 533.0625 0.1662938400557828 20.98041325 0.5416666666666666 45.3125 45.3125 11.5 33.8125 0.6279370999982348
420000 533.0625 0.1662938400557828 20.98041325 0.5416666666666666 45.3125 45.3125 11.5 33.8125 0.7343770000006771
422000 533.0625 0.1662938400557828 20.98041325 0.5416666666666666 45.3125 45.3125 11.5 33.8125 0.6863439000007929
424000 533.0625 0.1662938400557828 20.98041325 0.5416666666666666 45.3125 45.3125 11.5 33.8125 0.6107880999916233
426000 533.0625 0.16321037715724884 20.98041325 0.5416666666666666 45.3125 45.3125 11.5 33.8125 0.6541721999965375
428000 533.0625 0.16321037715724884 20.98041325 0.5416666666666666 45.3125 45.3125 11.5 33.8125 0.5848545000044396
430000 533.0625 0.16321037715724884 20.98041325 0.5416666666666666 45.3125 45.3125 11.5 33.8125 0.6457166000036523
432000 533.0625 0.16321037715724884 20.98041325 0.5416666666666666 45.3125 45.3125 11.5 33.8125 0.618456199998036
434000 533.0625 0.16321037715724884 20.98041325 0.5416666666666666 45.3125 45.3125 11.5 33.8125 0.7676780999900075
436000 533.0625 0.16321037715724884 20.98041325 0.5416666666666666 45.3125 45.3125 11.5 33.8125 0.7725137999950675
438000 533.0625 0.16321037715724884 20.98041325 0.5416666666666666 45.3125 45.3125 11.5 33.8125 0.6753438000014285
440000 533.0625 0.16321037715724884 20.98041325 0.5416666666666666 45.3125 45.3125 11.5 33.8125 0.6489931999967666
442000 533.0625 0.16321037715724884 20.98041325 0.5416666666666666 45.3125 45.3125 11.5 33.8125 0.6823481999890646
444000 533.0625 0.16321037715724884 20.98041325 0.5416666666666666 45.3125 45.3125 11.5 33.8125 0.6559097999997903
446000 533.0625 0.16321037715724884 20.98041325 0.5416666666666666 45.3125 45.3125 11.5 33.8125 0.6891086999967229
448000 533.0625 0.16321037715724884 20.98041325 0.5416666666666666 45.3125 45.3125 11.5 33.8125 0.6642548999952851
450000 533.0625 0.16321037715724884 20.98041325 0.5416666666666666 45.3125 45.3125 11.5 33.8125 0.8192143999913242
452000 533.0625 0.16321037715724884 20.98041325 0.5416666666666666 45.3125 45.3125 11.5 33.8125 0.7442314999934752
454000 533.0625 0.16321037715724884 20.98041325 0.5416666666666666 45.3125 45.3125 11.5 33.8125 0.7264470999944024
456000 533.0625 0.16321037715724884 20.98041325 0.5416666666666666 45.3125 45.3125 11.5 33.8125 0.6654796999937389
458000 533.0625 0.16321037715724884 20.98041325 0.5416666666666666 45.3125 45.3125 11.5 33.8125 0.654456799995387
460000 533.0625 0.16321037715724884 20.98041325 0.5416666666666666 45.3125 45.3125 11.5 33.8125 0.6481073000031756
462000 533.0625 0.16321037715724884 20.98041325 0.5416666666666666 45.3125 45.3125 11.5 33.8125 0.7406312999955844
464000 533.0625 0.16321037715724884 20.98041325 0.5416666666666666 45.3125 45.3125 11.5 33.8125 0.6553655000025174
466000 533.0625 0.16321037715724884 20.98041325 0.5416666666666666 45.3125 45.3125 11.5 33.8125 0.6566699999966659
468000 533.0625 0.16321037715724884 20.98041325 0.5416666666666666 45.3125 45.3125 11.5 33.8125 0.6489064000052167
470000 533.0625 0.16321037715724884 20.98041325 0.5416666666666666 45.3125 45.3125 11.5 33.8125 0.6524827999965055
472000 533.0625 0.16321037715724884 20.98041325 0.5416666666666666 45.3125 45.3125 11.5 33.8125 0.6612107999972068
474000 533.0625 0.16321037715724884 20.98041325 0.5416666666666666 45.3125 45.3125 11.5 33.8125 0.6982050000078743
476000 533.0625 0.16321037715724884 20.98041325 0.5416666666666666 45.3125 45.3125 11.5 33.8125 0.666903999997885
478000 533.0625 0.16321037715724884 20.98041325 0.5416666666666666 45.3125 45.3125 11.5 33.8125 0.7771058000071207
480000 533.0625 0.16321037715724884 20.98041325 0.5416666666666666 45.3125 45.3125 11.5 33.8125 0.7111737000086578
482000 533.0625 0.16321037715724884 20.98041325 0.5416666666666666 45.3125 45.3125 11.5 33.8125 0.6501066000055289
484000 533.0625 0.16321037715724884 20.98041325 0.5416666666666666 45.3125 45.3125 11.5 33.8125 0.671864200005075
486000 533.0625 0.16321037715724884 20.98041325 0.5416666666666666 45.3125 45.3125 11.5 33.8125 0.5907650999870384
488000 533.0625 0.16321037715724884 20.98041325 0.5416666666666666 45.3125 45.3125 11.5 33.8125 0.5359680999972625
490000 533.0625 0.16321037715724884 20.98041325 0.5416666666666666 45.3125 45.3125 11.5 33.8125 0.5193883000029018
492000 533.0625 0.16321037715724884 20.98041325 0.5416666666666666 45.3125 45.3125 11.5 33.8125 0.5090137999941362
494000 533.0625 0.16321037715724884 20.98041325 0.5416666666666666 45.3125 45.3125 11.5 33.8125 0.463978900006623
496000 533.0625 0.16321037715724884 20.98041325 0.5416666666666666 45.3125 45.3125 11.5 33.8125 0.43444639998779166
498000 533.0625 0.16321037715724884 20.98041325 0.5416666666666666 45.3125 45.3125 11.5 33.8125 0.355722300009802
500000 533.0625 0.16321037715724884 20.98041325 0.5416666666666666 45.3125 45.3125 11.5 33.8125 0.31372259999625385
