2000 2.6875 4.0711053536592365e-05 39.8337270625 0.0 45.3125 45.3125 2.3125 43.0 0.5975716999964789
4000 7.9375 0.0015075930041883057 36.504160625 0.1875 45.3125 45.3125 2.3125 43.0 0.6932731999986572
6000 3.25 0.0004319580115680498 38.0326878125 0.10937499999999999 45.3125 45.3125 2.3125 43.0 0.7814859000063734
8000 4.875 -0.37449275123629266 36.6489544375 0.234375 45.3125 45.3125 2.8125 42.5 0.5652061000000685
10000 5.5625 0.00101092833262146 35.8083273125 0.265625 45.3125 45.3125 2.3125 43.0 0.8972803999931784
12000 5.5625 -0.6249083794311476 35.859370375 0.22916666666666669 45.3125 45.3125 2.875 42.4375 0.5815744999999879
14000 16.0625 0.002542378178382875 32.962492499999996 0.2916666666666667 45.3125 45.3125 2.3125 43.0 0.6380761000036728
16000 10.125 0.0027582253886167295 35.910411625 0.09895833333333333 45.3125 45.3125 2.3125 43.0 0.7526586999883875
18000 7.5 -0.6873977882871254 36.657286937500004 0.15625 45.3125 45.3125 3.9375 41.375 0.596321999997599
20000 5.375 -0.5624280393964345 37.219787375 0.13541666666666666 45.3125 45.3125 3.5625 41.75 0.5633009000011953
22000 5.4375 -0.3114352849468459 37.334369187499995 0.15104166666666666 45.3125 45.3125 3.5625 41.75 0.6073450999974739
24000 4.3125 0.0006389394760025859 38.62603625 0.15104166666666666 45.3125 45.3125 2.3125 43.0 0.6469949000020279
26000 2.8125 0.00021321758168889137 37.399995687499995 0.057291666666666664 45.3125 45.3125 2.3125 43.0 0.6953232000087155
28000 3.0 0.00016910033481059422 38.024996125 0.05208333333333333 45.3125 45.3125 2.3125 43.0 0.5967941999988398
30000 3.0625 9.846608640351751e-05 37.83005599999999 0.06770833333333333 45.3125 45.3125 2.3125 43.0 0.6189225999987684
32000 10.75 0.0013141418047474477 36.506242500000006 0.13020833333333331 45.3125 45.3125 2.3125 43.0 0.6106864000030328
34000 17.875 0.0017184213950987026 34.099990875 0.19270833333333334 45.3125 45.3125 2.3125 43.0 0.6047994999971706
36000 11.1875 0.00023881803932895686 36.6812450625 0.046875 45.3125 45.3125 2.75 42.5625 0.7039520000107586
38000 8.8125 0.0011350264827480454 36.55832643750001 0.09895833333333333 45.3125 45.3125 3.125 42.1875 0.6216082000028109
40000 11.125 0.00266437966083036 37.25416231250001 0.046875 45.3125 45.3125 3.125 42.1875 0.6323081000009552
42000 4.3125 0.0002609245613457397 38.399995874999995 0.03645833333333333 45.3125 45.3125 3.5 41.8125 0.6500845999980811
44000 4.0 0.0006765110883464522 38.01457981249999 0.06770833333333333 45.3125 45.3125 3.25 42.0625 0.6334787999949185
46000 5.375 0.0009883158924453564 37.464578499999995 0.08854166666666666 45.3125 45.3125 4.0 41.3125 0.6415913000091678
48000 3.5625 3.4694211099314275e-05 38.358329000000005 0.05208333333333333 45.3125 45.3125 3.375 41.9375 0.6080975999939255
50000 6.9375 -0.43610622578907404 36.334368562499996 0.140625 45.3125 45.3125 3.6875 41.625 0.829414399995585
52000 7.75 0.0013885583948333243 36.037493375 0.07291666666666666 45.3125 45.3125 3.9375 41.375 0.6370421999890823
54000 6.9375 0.0008629097722012887 36.44671974999999 0.10416666666666666 45.3125 45.3125 2.9375 42.375 0.5921397999918554
56000 13.125 -0.5597022451450759 35.167702687500004 0.19791666666666666 45.3125 45.3125 3.9375 41.375 0.49104710000392515
58000 14.0 0.002026941883994535 33.7041580625 0.1875 45.3125 45.3125 2.6875 42.625 0.5945923999970546
60000 5.1875 0.0007872200882205872 35.432831375 0.125 45.3125 45.3125 2.3125 43.0 0.7155356000002939
62000 8.0 0.0012803547302764162 35.34548 0.2604166666666667 45.3125 45.3125 2.3125 43.0 0.6050783999962732
64000 10.3125 0.0018324793533736874 35.0999935 0.21875 45.3125 45.3125 2.3125 43.0 0.7118372999975691
66000 9.5625 0.0013679193636771654 36.360409374999996 0.13020833333333331 45.3125 45.3125 2.3125 43.0 0.759491299992078
68000 9.75 0.000801635315439633 36.256242750000006 0.18229166666666666 45.3125 45.3125 2.3125 43.0 0.7096138000051724
70000 9.25 0.0006877022874647582 35.0270749375 0.16145833333333331 45.3125 45.3125 2.3125 43.0 0.6431319999974221
72000 8.25 0.0012449528889384046 36.2958271875 0.140625 45.3125 45.3125 2.4375 42.875 0.5960068999993382
74000 7.125 0.0017922968700702494 37.19895218750001 0.171875 45.3125 45.3125 3.25 42.0625 0.6290189999999711
76000 10.5625 0.0018750271093391437 35.21080787500001 0.22395833333333334 45.3125 45.3125 3.25 42.0625 0.7473422000039136
78000 10.25 0.0016352039772234404 35.157284374999996 0.2604166666666667 45.3125 45.3125 3.25 42.0625 0.6029424000007566
80000 11.8125 0.0015307408501672548 35.1463711875 0.19270833333333334 45.3125 45.3125 3.25 42.0625 0.7265447999961907
82000 10.0 0.00019178949200337483 36.69895156250001 0.171875 45.3125 45.3125 3.25 42.0625 0.6210344999999506
84000 16.5625 0.0029113345159219924 35.12152174999999 0.265625 45.3125 45.3125 4.5 40.8125 0.6086240000004182
86000 13.625 0.0015031340504161345 35.190269875 0.19270833333333334 45.3125 45.3125 3.3125 42.0 0.6239006999967387
88000 14.25 0.0026296139345945656 34.74552925 0.22916666666666669 45.3125 45.3125 3.3125 42.0 0.598379200004274
90000 14.25 0.0027763150531640037 34.87747362499999 0.21354166666666669 45.3125 45.3125 3.4375 41.875 0.6691809000039939
92000 11.8125 0.001834789948036622 34.8566400625 0.19270833333333334 45.3125 45.3125 3.3125 42.0 0.6353775000025053
94000 14.6875 0.002444115542010329 35.3090215 0.2864583333333333 45.3125 45.3125 3.8125 41.5 0.7965934000094421
96000 16.75 0.0033849267226436796 34.820479625000004 0.19270833333333334 45.3125 45.3125 3.5 41.8125 0.7333395000023302
98000 20.25 0.003451576557282966 34.21527087500001 0.23958333333333334 45.3125 45.3125 3.625 41.6875 0.6615403000032529
100000 19.6875 0.0014802014101985609 34.1902690625 0.21354166666666666 45.3125 45.3125 2.5 42.8125 0.6141787000087788
102000 27.875 0.0035752344450498057 33.777074500000005 0.22916666666666666 45.3125 45.3125 2.3125 43.0 0.6360836999956518
104000 31.5625 0.004053527900889522 32.620823875 0.234375 45.3125 45.3125 2.9375 42.375 0.5738897999981418
106000 31.3125 0.0053868079776316306 32.7041573125 0.234375 45.3125 45.3125 2.8125 42.5 0.6558325000078185
108000 29.5 0.004113563624369958 32.912490749999996 0.234375 45.3125 45.3125 3.0 42.3125 0.7347728000022471
110000 17.4375 0.0036176084891417506 35.42707825 0.20833333333333337 45.3125 45.3125 5.0 40.3125 0.7771256999985781
112000 11.6875 0.0021526049715669673 35.139579125000004 0.16666666666666666 45.3125 45.3125 4.25 41.0625 0.6538481000025058
114000 13.25 0.0014870249279864448 34.5833284375 0.203125 45.3125 45.3125 4.5625 40.75 0.8228027000004658
116000 12.8125 0.0015997732798537188 34.74582643750001 0.23958333333333334 45.3125 45.3125 3.375 41.9375 0.6363596000010148
118000 18.0 0.004184554177495631 34.3499933125 0.109375 45.3125 45.3125 2.6875 42.625 0.7412779000005685
120000 19.875 0.001272222574108066 33.72499206250001 0.24479166666666666 45.3125 45.3125 2.6875 42.625 0.762519700001576
122000 17.9375 0.0019303309287392232 34.1833245625 0.3072916666666667 45.3125 45.3125 2.4375 42.875 0.7274687000026461
124000 20.0 0.004196186724474214 32.672907187499995 0.28125 45.3125 45.3125 2.5 42.8125 0.6638757000037003
126000 13.4375 0.0016909431210315252 33.349991125 0.21354166666666669 45.3125 45.3125 2.625 42.6875 0.6195450000086566
128000 15.0625 0.0018701747283784652 32.099991375 0.25 45.3125 45.3125 2.5 42.8125 0.6740347000013571
130000 18.0 0.0028420484913789373 32.641657125 0.265625 45.3125 45.3125 2.5625 42.75 0.6183716000086861
132000 12.875 0.001235444483027275 33.933324875 0.20833333333333334 45.3125 45.3125 2.9375 42.375 0.5976473000046099
134000 18.3125 -0.43561943390853686 34.37603574999999 0.15625 45.3125 45.3125 3.5625 41.75 0.6249260000040522
136000 24.6875 0.005056984103103554 33.078118625 0.2760416666666667 45.3125 45.3125 3.125 42.1875 0.5782971999869915
138000 27.5 0.006256490757268129 29.7864489375 0.3333333333333333 45.3125 45.3125 3.125 42.1875 0.6277669999981299
140000 30.0625 0.004632961494000067 29.380198687500005 0.3697916666666667 45.3125 45.3125 3.125 42.1875 0.5812355999951251
142000 29.9375 0.0035135018997844904 29.272759625 0.390625 45.3125 45.3125 2.9375 42.375 0.60442870001134
144000 65.25 -0.17253148710086502 27.619782499999996 0.4583333333333333 45.3125 45.3125 3.3125 42.0 0.7031504000042332
146000 28.0625 0.007251158869094067 30.287689000000004 0.38541666666666663 45.3125 45.3125 2.375 42.9375 0.6025919999956386
148000 31.875 0.006960073435760766 29.3883825 0.34375 45.3125 45.3125 2.375 42.9375 0.6834462999977404
150000 37.0 0.007698718525891838 29.0374884375 0.3854166666666667 45.3125 45.3125 2.375 42.9375 0.634731300000567
152000 38.1875 0.0073136212027493566 29.0166550625 0.3541666666666667 45.3125 45.3125 2.3125 43.0 0.6274161000037566
154000 35.5 0.003948345400992536 29.0624885 0.3541666666666667 45.3125 45.3125 2.3125 43.0 0.7090505000087433
156000 49.5625 0.010361949973289968 28.482132125 0.3541666666666667 45.3125 45.3125 2.3125 43.0 0.6173494999966351
158000 24.0 0.002258156651891746 30.060258125000004 0.375 45.3125 45.3125 2.3125 43.0 0.7827939999988303
160000 25.9375 -0.436486435105922 30.6058959375 0.30729166666666663 45.3125 45.3125 3.1875 42.125 0.6044391999894287
162000 44.9375 -0.36863935634951994 29.248254312499995 0.3489583333333333 45.3125 45.3125 3.125 42.1875 0.658677200000966
164000 30.0 -0.18172414421863234 29.5861040625 0.39062499999999994 45.3125 45.3125 3.125 42.1875 0.7252155000023777
166000 41.8125 0.003809807977800403 28.168936937499993 0.34895833333333337 45.3125 45.3125 2.375 42.9375 0.6316903999977512
168000 51.375 0.011778580089902195 29.242549249999996 0.34375 45.3125 45.3125 2.3125 43.0 0.7293415999884019
170000 12.8125 0.0022770289605418374 32.573802375 0.22395833333333334 45.3125 45.3125 2.3125 43.0 0.644074100011494
172000 23.75 0.006139351091412254 33.039426625 0.1875 45.3125 45.3125 2.3125 43.0 0.612823200004641
174000 27.0 0.007093583809455439 31.9769260625 0.22395833333333334 45.3125 45.3125 2.3125 43.0 0.6549038999946788
176000 32.875 0.009695183133485568 30.511151562499993 0.28124999999999994 45.3125 45.3125 2.3125 43.0 0.6168486999958986
178000 51.375 0.013225641967206951 28.896567187499993 0.34375 45.3125 45.3125 2.3125 43.0 0.6402354000019841
180000 78.5 0.02033101901865223 27.940268312499995 0.3125 45.3125 45.3125 4.375 40.9375 0.698622299998533
182000 98.75 0.022439302359402818 27.95531237499999 0.3645833333333333 45.3125 45.3125 2.8125 42.5 0.6291113999905065
184000 104.375 0.025129696483797363 28.996979749999994 0.3229166666666667 45.3125 45.3125 2.875 42.4375 0.6077599999989616
186000 145.8125 0.040198678895074884 26.3864469375 0.4635416666666667 45.3125 45.3125 3.1875 42.125 0.6552991999924416
188000 148.5 0.039301429824380195 25.9483691875 0.47395833333333337 45.3125 45.3125 2.8125 42.5 0.6226713999931235
190000 127.0 0.03391789720137722 25.903808125 0.46875000000000006 45.3125 45.3125 2.4375 42.875 0.6191113000095356
192000 154.6875 0.04329824618102534 25.8100565625 0.48958333333333337 45.3125 45.3125 2.4375 42.875 0.5872492999915266
194000 107.0 0.02485628566716999 26.287488625 0.42708333333333337 45.3125 45.3125 2.5 42.8125 0.6097728000022471
196000 129.0625 0.03428109071059533 25.788065625 0.4270833333333333 45.3125 45.3125 2.4375 42.875 0.845772600005148
198000 140.1875 0.03706285815024407 26.12602875 0.4479166666666667 45.3125 45.3125 2.375 42.9375 0.6123038999940036
200000 106.6875 0.025841180904810163 26.24582025 0.4635416666666667 45.3125 45.3125 2.3125 43.0 0.6318938000040362
202000 106.75 0.026429019359494994 26.24582025 0.4479166666666667 45.3125 45.3125 2.3125 43.0 0.7005154999933438
204000 110.6875 0.027640471971372232 25.8708200625 0.4270833333333333 45.3125 45.3125 2.3125 43.0 0.6769223000010243
206000 110.375 0.027141117201601127 25.84998675 0.4270833333333333 45.3125 45.3125 2.375 42.9375 0.6411461999960011
208000 196.875 0.05754979250228902 24.7828596875 0.42708333333333337 45.3125 45.3125 2.5 42.8125 0.6544343999994453
210000 157.5 -0.08109507615189465 23.91248981249999 0.5260416666666667 45.3125 45.3125 2.5625 42.75 0.6116892999998527
212000 168.0 0.05115157287541376 24.0028825 0.5468749999999999 45.3125 45.3125 2.625 42.6875 0.677592399995774
214000 169.4375 0.0516739330615195 24.023137125 0.5052083333333333 45.3125 45.3125 2.6875 42.625 0.6009619000105886
216000 218.5 0.06838738907379659 23.8605201875 0.4739583333333333 45.3125 45.3125 2.8125 42.5 0.6974517000053311
218000 214.25 0.06683137868280681 23.3310063125 0.53125 45.3125 45.3125 2.8125 42.5 0.705163899998297
220000 216.625 0.06892957240608255 23.2060064375 0.53125 45.3125 45.3125 2.875 42.4375 0.6432792999985395
222000 213.75 0.0665958404297306 23.289339875 0.53125 45.3125 45.3125 3.3125 42.0 0.6040788999962388
224000 207.8125 0.06403087811249339 23.1747563125 0.5104166666666666 45.3125 45.3125 3.125 42.1875 0.7893905000091763
226000 242.8125 0.07907398070242584 23.0480228125 0.5208333333333333 45.3125 45.3125 6.625 38.6875 0.6463562999997521
228000 242.8125 0.07907234992631507 23.07869425 0.5052083333333333 45.3125 45.3125 7.125 38.1875 0.7410696000006283
230000 252.5625 0.0620856229037661 23.287028250000002 0.546875 45.3125 45.3125 8.0 37.3125 0.6047343000100227
232000 261.375 0.06630393697151907 22.724528062500003 0.5625 45.3125 45.3125 8.4375 36.875 0.7380182000051718
234000 254.25 0.06371413961022825 22.9953619375 0.546875 45.3125 45.3125 9.25 36.0625 0.6349461000063457
236000 268.25 0.07035556687841167 22.486102625 0.59375 45.3125 45.3125 9.25 36.0625 0.7396368000045186
238000 290.125 0.08149758909684782 22.4398063125 0.578125 45.3125 45.3125 9.25 36.0625 0.623120000003837
240000 363.5625 0.09563884678284093 22.1782311875 0.5989583333333333 45.3125 45.3125 8.9375 36.375 0.6702332999993814
242000 277.3125 0.07197938880476541 22.706008499999996 0.5989583333333333 45.3125 45.3125 7.75 37.5625 0.7338503999926616
244000 372.1875 0.09844329542847943 21.986100874999998 0.5989583333333333 45.3125 45.3125 8.0625 37.25 0.7167011999990791
246000 384.375 0.10156051943779985 21.143508062499997 0.5989583333333333 45.3125 45.3125 8.875 36.4375 0.6859178000013344
248000 380.0 0.09885651586546627 21.430546375 0.5833333333333333 45.3125 45.3125 9.25 36.0625 0.6874076999956742
250000 378.625 0.09802677669534088 21.597213124999996 0.5833333333333333 45.3125 45.3125 9.25 36.0625 0.8336150000104681
252000 391.625 0.09933977445741503 21.6018426875 0.5833333333333333 45.3125 45.3125 9.25 36.0625 0.6265805000002729
254000 380.25 0.09723782460540085 21.643509374999997 0.5833333333333333 45.3125 45.3125 9.25 36.0625 0.7331124000047566
256000 398.625 0.10144445207371743 21.560176 0.5833333333333333 45.3125 45.3125 9.25 36.0625 0.5851599000015995
258000 398.625 0.10144445207371743 21.560176 0.5833333333333333 45.3125 45.3125 9.25 36.0625 0.6517120000062278
260000 425.0625 0.11529484269721958 21.414342625 0.5989583333333333 45.3125 45.3125 9.25 36.0625 0.6443444000033196
262000 444.5 0.12169911648897529 21.289343125 0.6145833333333333 45.3125 45.3125 9.6875 35.625 0.6312519000057364
264000 444.5 0.12169911648897529 21.289343125 0.6145833333333333 45.3125 45.3125 9.6875 35.625 0.6934837000007974
266000 444.5 0.12169911648897529 21.289343125 0.6145833333333333 45.3125 45.3125 9.6875 35.625 0.6424854999931995
268000 444.5 0.12169911648897529 21.289343125 0.6145833333333333 45.3125 45.3125 9.6875 35.625 0.7005489000002854
270000 444.5 0.12169911648897529 21.289343125 0.6145833333333333 45.3125 45.3125 9.6875 35.625 0.753566100000171
272000 452.75 0.13475334630891253 21.1539264375 0.6145833333333333 45.3125 45.3125 9.6875 35.625 0.5935784000030253
274000 452.75 0.13475334630891253 21.1539264375 0.6145833333333333 45.3125 45.3125 9.6875 35.625 0.638196899992181
276000 452.75 0.13475334630891253 21.1539264375 0.6145833333333333 45.3125 45.3125 9.6875 35.625 0.6494109999912325
278000 452.75 0.13475334630891253 21.1539264375 0.6145833333333333 45.3125 45.3125 9.6875 35.625 0.7114578000037
280000 452.75 0.13475334630891253 21.1539264375 0.6145833333333333 45.3125 45.3125 9.6875 35.625 0.6557900000043446
282000 452.75 0.13475334630891253 21.1539264375 0.6145833333333333 45.3125 45.3125 9.6875 35.625 0.7270840999990469
284000 452.75 0.13475334630891253 21.1539264375 0.6145833333333333 45.3125 45.3125 9.6875 35.625 0.6369102000026032
286000 452.75 0.13475334630891253 21.1539264375 0.6145833333333333 45.3125 45.3125 9.6875 35.625 0.8008791000029305
288000 452.75 0.13475334630891253 21.1539264375 0.6145833333333333 45.3125 45.3125 9.6875 35.625 0.7030842999956803
290000 452.75 0.13475334630891253 21.1539264375 0.6145833333333333 45.3125 45.3125 9.6875 35.625 0.6140853999968385
292000 452.25 0.13511427143641783 21.1296208125 0.6145833333333333 45.3125 45.3125 9.6875 35.625 0.605791699999827
294000 452.75 0.13475334630891253 21.1539264375 0.6145833333333333 45.3125 45.3125 9.6875 35.625 0.854543499997817
296000 452.75 0.13475334630891253 21.1539264375 0.6145833333333333 45.3125 45.3125 9.6875 35.625 0.635303400005796
298000 452.75 0.13475334630891253 21.1539264375 0.6145833333333333 45.3125 45.3125 9.6875 35.625 0.8337387000065064
300000 452.75 0.13475334630891253 21.1539264375 0.6145833333333333 45.3125 45.3125 9.6875 35.625 0.6484685999894282
302000 452.75 0.13475334630891253 21.1539264375 0.6145833333333333 45.3125 45.3125 9.6875 35.625 0.6181902000098489
304000 453.5625 0.13538096038549824 21.105894000000003 0.6145833333333333 45.3125 45.3125 9.25 36.0625 0.6158507000072859
306000 453.5625 0.13538096038549824 21.105894000000003 0.6145833333333333 45.3125 45.3125 9.25 36.0625 0.6590446000045631
308000 453.5625 0.13693467701045672 21.105894000000003 0.6145833333333333 45.3125 45.3125 9.25 36.0625 0.7079690999962622
310000 453.5625 0.13693467701045672 21.105894000000003 0.6145833333333333 45.3125 45.3125 9.25 36.0625 0.637333500009845
312000 453.5625 0.13538096038549824 21.105894000000003 0.6145833333333333 45.3125 45.3125 9.25 36.0625 0.7604521000030218
314000 453.5625 0.13538096038549824 21.105894000000003 0.6145833333333333 45.3125 45.3125 9.25 36.0625 0.7779022000031546
316000 453.5625 0.13538096038549824 21.105894000000003 0.6145833333333333 45.3125 45.3125 9.25 36.0625 0.7297423999989405
318000 453.5625 0.13693467701045672 21.105894000000003 0.6145833333333333 45.3125 45.3125 9.25 36.0625 0.6249735000019427
320000 453.5625 0.13693467701045672 21.105894000000003 0.6145833333333333 45.3125 45.3125 9.25 36.0625 0.7479758999979822
322000 453.5625 0.13693467701045672 21.105894000000003 0.6145833333333333 45.3125 45.3125 9.25 36.0625 0.6717514000047231
324000 452.75 0.13630706293387101 21.1539264375 0.6145833333333333 45.3125 45.3125 9.6875 35.625 0.7116405999986455
326000 452.75 0.13630706293387101 21.1539264375 0.6145833333333333 45.3125 45.3125 9.6875 35.625 0.6170411000057356
328000 452.75 0.13630706293387101 21.1539264375 0.6145833333333333 45.3125 45.3125 9.6875 35.625 0.7412978999927873
330000 452.75 0.13630706293387101 21.1539264375 0.6145833333333333 45.3125 45.3125 9.6875 35.625 0.8011729999998352
332000 452.75 0.13630706293387101 21.1539264375 0.6145833333333333 45.3125 45.3125 9.6875 35.625 0.6598321999917971
334000 452.75 0.13630706293387101 21.1539264375 0.6145833333333333 45.3125 45.3125 9.6875 35.625 0.7305393999995431
336000 453.5625 0.13693467701045672 21.105894000000003 0.6145833333333333 45.3125 45.3125 9.25 36.0625 0.895447900009458
338000 453.5625 0.13538096038549824 21.105894000000003 0.6145833333333333 45.3125 45.3125 9.25 36.0625 0.7970888999989256
340000 453.5625 0.13538096038549824 21.105894000000003 0.6145833333333333 45.3125 45.3125 9.25 36.0625 0.715730199997779
342000 453.5625 0.13693467701045672 21.105894000000003 0.6145833333333333 45.3125 45.3125 9.25 36.0625 0.6209737000026507
344000 452.75 0.13630706293387101 21.1539264375 0.6145833333333333 45.3125 45.3125 9.6875 35.625 0.6777585000090767
346000 452.75 0.13630706293387101 21.1539264375 0.6145833333333333 45.3125 45.3125 9.6875 35.625 0.7914618000068003
348000 452.75 0.13475334630891253 21.1539264375 0.6145833333333333 45.3125 45.3125 9.6875 35.625 0.6558430000004591
350000 452.75 0.13475334630891253 21.1539264375 0.6145833333333333 45.3125 45.3125 9.6875 35.625 0.6417153000074904
352000 452.75 0.13630706293387101 21.1539264375 0.6145833333333333 45.3125 45.3125 9.6875 35.625 0.8361868999927538
354000 453.5625 0.13538096038549824 21.105894000000003 0.6145833333333333 45.3125 45.3125 9.25 36.0625 0.6491036000079475
356000 452.75 0.13475334630891253 21.1539264375 0.6145833333333333 45.3125 45.3125 9.6875 35.625 0.6039544999948703
358000 452.75 0.13475334630891253 21.1539264375 0.6145833333333333 45.3125 45.3125 9.6875 35.625 0.7676886999979615
360000 448.875 0.1326170315940064 21.1539264375 0.5989583333333333 45.3125 45.3125 9.6875 35.625 0.6009845000080531
362000 448.875 0.13417074821896485 21.1539264375 0.5989583333333333 45.3125 45.3125 9.6875 35.625 0.6625564999994822
364000 452.75 0.13638226986987012 21.1539264375 0.6145833333333333 45.3125 45.3125 9.6875 35.625 0.6374786000087624
366000 452.75 0.13475334630891253 21.1539264375 0.6145833333333333 45.3125 45.3125 9.6875 35.625 0.6258256000000983
368000 452.75 0.13475334630891253 21.1539264375 0.6145833333333333 45.3125 45.3125 9.6875 35.625 0.6239500000083353
370000 449.6875 0.1332446456705921 21.105894000000003 0.5989583333333333 45.3125 45.3125 9.25 36.0625 0.6032793999911519
372000 449.6875 0.1332446456705921 21.105894000000003 0.5989583333333333 45.3125 45.3125 9.25 36.0625 0.8010231000080239
374000 453.5625 0.13538096038549824 21.105894000000003 0.6145833333333333 45.3125 45.3125 9.25 36.0625 0.6466680000012275
376000 453.5625 0.13538096038549824 21.105894000000003 0.6145833333333333 45.3125 45.3125 9.25 36.0625 0.6109626999968896
378000 453.5625 0.13538096038549824 21.105894000000003 0.6145833333333333 45.3125 45.3125 9.25 36.0625 0.6217536000040127
380000 453.5625 0.13538096038549824 21.105894000000003 0.6145833333333333 45.3125 45.3125 9.25 36.0625 0.7126095999992685
382000 453.5625 0.13538096038549824 21.105894000000003 0.6145833333333333 45.3125 45.3125 9.25 36.0625 0.6057088999950793
384000 453.5625 0.13700988394645583 21.105894000000003 0.6145833333333333 45.3125 45.3125 9.25 36.0625 0.629146999999648
386000 449.6875 0.1332446456705921 21.105894000000003 0.5989583333333333 45.3125 45.3125 9.25 36.0625 0.6423324999923352
388000 449.6875 0.1332446456705921 21.105894000000003 0.5989583333333333 45.3125 45.3125 9.25 36.0625 0.7925822999968659
390000 452.75 0.13475334630891253 21.1539264375 0.6145833333333333 45.3125 45.3125 9.6875 35.625 0.6795818999962648
392000 453.5625 0.13538096038549824 21.105894000000003 0.6145833333333333 45.3125 45.3125 9.25 36.0625 0.6367471000121441
394000 453.5625 0.13538096038549824 21.105894000000003 0.6145833333333333 45.3125 45.3125 9.25 36.0625 0.6243906999879982
396000 452.75 0.13630706293387101 21.1539264375 0.6145833333333333 45.3125 45.3125 9.6875 35.625 0.6058121000096435
398000 453.5625 0.13538096038549824 21.105894000000003 0.6145833333333333 45.3125 45.3125 9.25 36.0625 0.6197813000035239
400000 453.5625 0.13538096038549824 21.105894000000003 0.6145833333333333 45.3125 45.3125 9.25 36.0625 0.644714499998372
402000 452.25 0.12838926549992505 21.1296208125 0.6145833333333333 45.3125 45.3125 9.6875 35.625 0.6186425000050804
404000 452.25 0.12838926549992505 21.1296208125 0.6145833333333333 45.3125 45.3125 9.6875 35.625 0.6864178999967407
406000 452.25 0.12838926549992505 21.1296208125 0.6145833333333333 45.3125 45.3125 9.6875 35.625 0.6270012000022689
408000 452.25 0.12838926549992505 21.1296208125 0.6145833333333333 45.3125 45.3125 9.6875 35.625 0.6413706000021193
410000 452.25 0.12838926549992505 21.1296208125 0.6145833333333333 45.3125 45.3125 9.6875 35.625 0.6312220999971032
412000 452.25 0.12838926549992505 21.1296208125 0.6145833333333333 45.3125 45.3125 9.6875 35.625 0.6542666000023019
414000 452.25 0.12838926549992505 21.1296208125 0.6145833333333333 45.3125 45.3125 9.6875 35.625 0.7041344000026584
416000 453.5625 0.1286559544490055 21.105894000000003 0.6145833333333333 45.3125 45.3125 9.25 36.0625 0.6849272000108613
418000 452.25 0.12838926549992505 21.1296208125 0.6145833333333333 45.3125 45.3125 9.6875 35.625 0.6216315999918152
420000 453.5625 0.1286559544490055 21.105894000000003 0.6145833333333333 45.3125 45.3125 9.25 36.0625 0.6194331000006059
422000 433.625 0.11696620753441712 21.210060687500004 0.6145833333333333 45.3125 45.3125 9.375 35.9375 0.6312199000094552
424000 433.625 0.11696620753441712 21.210060687500004 0.6145833333333333 45.3125 45.3125 9.375 35.9375 0.6630360999988625
426000 433.625 0.11696620753441712 21.210060687500004 0.6145833333333333 45.3125 45.3125 9.375 35.9375 0.6295634999987669
428000 433.625 0.11696620753441712 21.210060687500004 0.6145833333333333 45.3125 45.3125 9.375 35.9375 0.7593084999971325
430000 433.625 0.12369121347090989 21.210060687500004 0.6145833333333333 45.3125 45.3125 9.375 35.9375 0.6996960999967996
432000 433.625 0.12369121347090989 21.210060687500004 0.6145833333333333 45.3125 45.3125 9.375 35.9375 0.6383132000046317
434000 433.625 0.12369121347090989 21.210060687500004 0.6145833333333333 45.3125 45.3125 9.375 35.9375 0.6121599999896716
436000 433.625 0.11696620753441712 21.210060687500004 0.6145833333333333 45.3125 45.3125 9.375 35.9375 0.6373472999985097
438000 433.625 0.12369121347090989 21.210060687500004 0.6145833333333333 45.3125 45.3125 9.375 35.9375 0.6236668999918038
440000 433.625 0.12369121347090989 21.210060687500004 0.6145833333333333 45.3125 45.3125 9.375 35.9375 0.5937015999952564
442000 433.625 0.11696620753441712 21.210060687500004 0.6145833333333333 45.3125 45.3125 9.375 35.9375 0.5982730000105221
444000 433.625 0.11696620753441712 21.210060687500004 0.6145833333333333 45.3125 45.3125 9.375 35.9375 0.6503519999969285
446000 433.625 0.1185199241593756 21.210060687500004 0.6145833333333333 45.3125 45.3125 9.375 35.9375 0.6323146000067936
448000 433.625 0.1185199241593756 21.210060687500004 0.6145833333333333 45.3125 45.3125 9.375 35.9375 0.6001356999913696
450000 433.625 0.11696620753441712 21.210060687500004 0.6145833333333333 45.3125 45.3125 9.375 35.9375 0.6396242999908281
452000 433.625 0.11696620753441712 21.210060687500004 0.6145833333333333 45.3125 45.3125 9.375 35.9375 0.6840853999892715
454000 433.625 0.11696620753441712 21.210060687500004 0.6145833333333333 45.3125 45.3125 9.375 35.9375 0.5995360999950208
456000 453.5625 0.1286559544490055 21.105894000000003 0.6145833333333333 45.3125 45.3125 9.25 36.0625 0.6109873999957927
458000 433.625 0.11696620753441712 21.210060687500004 0.6145833333333333 45.3125 45.3125 9.375 35.9375 0.6910305000055814
460000 453.5625 0.1286559544490055 21.105894000000003 0.6145833333333333 45.3125 45.3125 9.25 36.0625 0.6085416999994777
462000 453.5625 0.1286559544490055 21.105894000000003 0.6145833333333333 45.3125 45.3125 9.25 36.0625 0.5797470000106841
464000 453.5625 0.1286559544490055 21.105894000000003 0.6145833333333333 45.3125 45.3125 9.25 36.0625 0.6487656999961473
466000 453.5625 0.1286559544490055 21.105894000000003 0.6145833333333333 45.3125 45.3125 9.25 36.0625 0.6415969999943627
468000 453.5625 0.1286559544490055 21.105894000000003 0.6145833333333333 45.3125 45.3125 9.25 36.0625 0.6499841999902856
470000 453.5625 0.1286559544490055 21.105894000000003 0.6145833333333333 45.3125 45.3125 9.25 36.0625 0.6141760000027716
472000 453.5625 0.1286559544490055 21.105894000000003 0.6145833333333333 45.3125 45.3125 9.25 36.0625 0.6057789999904344
474000 453.5625 0.1286559544490055 21.105894000000003 0.6145833333333333 45.3125 45.3125 9.25 36.0625 0.6168565000116359
476000 453.5625 0.1286559544490055 21.105894000000003 0.6145833333333333 45.3125 45.3125 9.25 36.0625 0.5981312000076286
478000 453.5625 0.1286559544490055 21.105894000000003 0.6145833333333333 45.3125 45.3125 9.25 36.0625 0.7025796999951126
480000 453.5625 0.1286559544490055 21.105894000000003 0.6145833333333333 45.3125 45.3125 9.25 36.0625 0.7335754000087036
482000 453.5625 0.1286559544490055 21.105894000000003 0.6145833333333333 45.3125 45.3125 9.25 36.0625 0.6291175999940606
484000 453.5625 0.1286559544490055 21.105894000000003 0.6145833333333333 45.3125 45.3125 9.25 36.0625 0.9101760999910766
486000 453.5625 0.1286559544490055 21.105894000000003 0.6145833333333333 45.3125 45.3125 9.25 36.0625 0.6130171999975573
488000 453.5625 0.1286559544490055 21.105894000000003 0.6145833333333333 45.3125 45.3125 9.25 36.0625 0.739680300001055
490000 453.5625 0.1286559544490055 21.105894000000003 0.6145833333333333 45.3125 45.3125 9.25 36.0625 0.5483664999919711
492000 453.5625 0.1286559544490055 21.105894000000003 0.6145833333333333 45.3125 45.3125 9.25 36.0625 0.5066482999973232
494000 453.5625 0.1286559544490055 21.105894000000003 0.6145833333333333 45.3125 45.3125 9.25 36.0625 0.49872609999147244
496000 453.5625 0.1286559544490055 21.105894000000003 0.6145833333333333 45.3125 45.3125 9.25 36.0625 0.5207964000001084
498000 453.5625 0.1286559544490055 21.105894000000003 0.6145833333333333 45.3125 45.3125 9.25 36.0625 0.5280498000065563
500000 453.5625 0.1286559544490055 21.105894000000003 0.6145833333333333 45.3125 45.3125 9.25 36.0625 0.41407539999636356
