2000 1.8461538461538463 0.00027443646852002554 36.567581326923076 0.07532051282051282 45.301282057692305 45.30769230769231 1.0384615384615385 44.26923076923077 0.8314477000021725
4000 1.1923076923076923 -0.1921800210655838 36.025052211538465 0.17628205128205124 45.301282057692305 45.30769230769231 1.0384615384615385 44.26923076923077 0.8777791999964393
6000 2.4038461538461537 -0.037853378872483884 35.43820126923076 0.16346153846153846 45.301282057692305 45.30769230769231 1.0384615384615385 44.26923076923077 0.8382042000012007
8000 3.230769230769231 -0.018312631000778887 34.78773017307692 0.17307692307692307 45.301282057692305 45.30769230769231 1.1153846153846154 44.19230769230769 0.9981111000015517
10000 3.5576923076923075 -0.018553052389013423 35.112675980769225 0.15224358974358973 45.301282057692305 45.30769230769231 1.0384615384615385 44.26923076923077 0.8967485000030138
12000 3.4038461538461537 -0.018305865878112396 34.77293109615385 0.1362179487179487 45.301282057692305 45.30769230769231 1.0384615384615385 44.26923076923077 0.904677400001674
14000 2.269230769230769 0.0006027952876878477 35.644663942307695 0.10416666666666666 45.301282057692305 45.30769230769231 1.0384615384615385 44.26923076923077 0.8918628999963403
16000 2.519230769230769 0.0004765287122471924 34.952365211538456 0.1137820512820513 45.301282057692305 45.30769230769231 1.0384615384615385 44.26923076923077 0.9097732999944128
18000 1.4230769230769231 0.00029948462537504486 35.79512407692309 0.11057692307692306 45.301282057692305 45.30769230769231 1.0384615384615385 44.26923076923077 0.966724100006104
20000 2.2115384615384617 0.00034447032806543396 34.4735188076923 0.125 45.301282057692305 45.30769230769231 1.0384615384615385 44.26923076923077 1.0806935000000522
22000 1.4615384615384615 0.00016744982456159876 35.1465975576923 0.14102564102564102 45.301282057692305 45.30769230769231 1.0384615384615385 44.26923076923077 1.1466434999965713
24000 11.711538461538462 0.002077592140548719 33.141200000000005 0.16666666666666666 45.301282057692305 45.30769230769231 1.0384615384615385 44.26923076923077 1.1188783999969019
26000 13.634615384615385 -0.09019148258904638 33.998540134615375 0.19230769230769232 45.301282057692305 45.30769230769231 1.0384615384615385 44.26923076923077 1.3390842000007979
28000 22.0 -0.06470871137366595 32.35134509615385 0.2131410256410257 45.301282057692305 45.30769230769231 1.0384615384615385 44.26923076923077 1.232511499998509
30000 27.423076923076923 -0.07449344024940127 31.20818169230768 0.23717948717948723 45.301282057692305 45.30769230769231 1.0384615384615385 44.26923076923077 1.188692000003357
32000 32.01923076923077 -0.053606413961652104 30.76010473076921 0.25641025641025644 45.301282057692305 45.30769230769231 1.0384615384615385 44.26923076923077 1.3979345000043395
34000 11.711538461538462 0.0019753631147927777 34.355945403846164 0.15064102564102563 45.301282057692305 45.30769230769231 1.0769230769230769 44.23076923076923 1.622329300000274
36000 21.26923076923077 -0.03406681120194804 32.13334290384614 0.20993589743589747 45.301282057692305 45.30769230769231 1.0384615384615385 44.26923076923077 1.5523482999997213
38000 17.057692307692307 0.0038373039887062395 32.52902117307691 0.1955128205128205 45.301282057692305 45.30769230769231 1.0384615384615385 44.26923076923077 1.4684252000006381
40000 11.307692307692308 0.00160073822796863 34.224904519230776 0.15384615384615383 45.301282057692305 45.30769230769231 1.0384615384615385 44.26923076923077 1.3865004999970552
42000 30.46153846153846 -0.010471642711837453 31.024746461538463 0.2676282051282052 45.301282057692305 45.30769230769231 1.0384615384615385 44.26923076923077 1.335542999993777
44000 28.923076923076923 -0.011006229591418327 31.28030213461538 0.25000000000000006 45.301282057692305 45.30769230769231 1.0384615384615385 44.26923076923077 1.8274975000022096
46000 31.942307692307693 0.01001000848338107 31.591680211538474 0.24839743589743593 45.301282057692305 45.30769230769231 1.0384615384615385 44.26923076923077 2.393621399998665
48000 34.19230769230769 0.011424045059604485 31.18719309615386 0.2676282051282052 45.301282057692305 45.30769230769231 1.0769230769230769 44.23076923076923 2.0227209000004223
50000 35.03846153846154 0.011799641226773004 30.595846307692316 0.27724358974358976 45.301282057692305 45.30769230769231 1.0769230769230769 44.23076923076923 2.7297233999997843
52000 25.23076923076923 0.007463454892215785 32.06043092307693 0.25641025641025644 45.301282057692305 45.30769230769231 1.0769230769230769 44.23076923076923 3.3932894000026863
54000 25.346153846153847 0.007507581233355534 32.40658503846154 0.21474358974358976 45.301282057692305 45.30769230769231 1.1730769230769231 44.13461538461539 2.853215499999351
