2000 1.6923076923076923 0.0003988204179877178 36.598452461538464 0.06891025641025642 45.301282057692305 45.30769230769231 2.6923076923076925 42.61538461538461 2.741860699999961
4000 2.6153846153846154 0.0006836673487533884 36.527043423076925 0.08493589743589744 45.301282057692305 45.30769230769231 2.6346153846153846 42.67307692307692 2.854287799999952
6000 3.3846153846153846 0.0003957120074023734 36.23494401923077 0.1490384615384615 45.301282057692305 45.30769230769231 3.173076923076923 42.13461538461539 2.751150800000005
8000 5.288461538461538 0.000835626969294069 35.277423326923085 0.16506410256410253 45.301282057692305 45.30769230769231 2.8076923076923075 42.5 2.837312900000029
10000 4.865384615384615 0.0006089207255723604 35.259795076923076 0.11698717948717949 45.301282057692305 45.30769230769231 2.8076923076923075 42.5 2.854360999999926
12000 3.4423076923076925 0.0006865626027085647 34.741525807692305 0.18749999999999997 45.301282057692305 45.30769230769231 2.7884615384615383 42.51923076923077 2.552861699999994
14000 7.076923076923077 0.0013979365207905314 32.90540955769232 0.16666666666666666 45.301282057692305 45.30769230769231 2.7115384615384617 42.59615384615385 3.061815499999966
16000 5.961538461538462 0.0011019478720011703 33.4892785576923 0.22275641025641024 45.301282057692305 45.30769230769231 2.7884615384615383 42.51923076923077 2.854369399999996
18000 3.75 0.000587375643270423 34.26716253846154 0.17948717948717946 45.301282057692305 45.30769230769231 2.7884615384615383 42.51923076923077 2.723015999999916
20000 4.865384615384615 0.0010113244812794263 33.75818888461538 0.1346153846153846 45.301282057692305 45.30769230769231 2.826923076923077 42.48076923076923 2.8394737999999506
22000 3.5384615384615383 0.0010030206394649372 34.6828745576923 0.1474358974358974 45.301282057692305 45.30769230769231 2.826923076923077 42.48076923076923 2.599435500000027
24000 3.4038461538461537 0.0008889012537511684 34.557766192307696 0.16506410256410253 45.301282057692305 45.30769230769231 2.7884615384615383 42.51923076923077 2.630951200000027
26000 3.269230769230769 -0.018557024434110676 35.11011996153846 0.1746794871794872 45.301282057692305 45.30769230769231 3.173076923076923 42.13461538461539 2.700088899999855
28000 2.076923076923077 -0.13430747728503875 35.70210548076922 0.14583333333333331 45.301282057692305 45.30769230769231 2.980769230769231 42.32692307692308 2.7228909999998905
30000 2.269230769230769 0.00036151033292263456 35.09205980769231 0.1474358974358974 45.301282057692305 45.30769230769231 3.0576923076923075 42.25 2.9052008999999543
32000 2.5 0.0005255967134848823 35.35274363461538 0.1426282051282051 45.301282057692305 45.30769230769231 2.826923076923077 42.48076923076923 2.840412299999798
34000 2.7115384615384617 0.0005680168066875794 35.42485690384616 0.16506410256410253 45.301282057692305 45.30769230769231 2.8076923076923075 42.5 2.6933065000000624
36000 4.730769230769231 0.0015271120035481327 35.07576723076923 0.14423076923076922 45.301282057692305 45.30769230769231 2.8653846153846154 42.44230769230769 2.845714300000054
38000 6.846153846153846 0.0012458585426272418 33.92727461538462 0.1490384615384615 45.301282057692305 45.30769230769231 3.173076923076923 42.13461538461539 2.7265845999997964
40000 7.346153846153846 0.001896108795240972 33.91062607692307 0.1378205128205128 45.301282057692305 45.30769230769231 3.0384615384615383 42.26923076923077 2.571196699999973
42000 8.173076923076923 0.002200261468776078 33.71457730769231 0.14583333333333331 45.301282057692305 45.30769230769231 3.019230769230769 42.28846153846154 2.6863751999999295
44000 5.865384615384615 0.0013699105648567662 34.97122232692307 0.15064102564102563 45.301282057692305 45.30769230769231 2.8076923076923075 42.5 2.7207762000000457
46000 5.8076923076923075 0.0011888424376047901 34.50728296153846 0.15224358974358976 45.301282057692305 45.30769230769231 2.826923076923077 42.48076923076923 2.7764477000000625
48000 5.3076923076923075 0.0013543023850959798 35.034112250000014 0.15064102564102563 45.301282057692305 45.30769230769231 3.1538461538461537 42.15384615384615 2.691186400000106
50000 6.384615384615385 0.0016030927525402605 34.10407423076924 0.16025641025641024 45.301282057692305 45.30769230769231 2.6346153846153846 42.67307692307692 2.6953404000000774
52000 6.384615384615385 0.0016938332678359041 34.56314155769231 0.16185897435897434 45.301282057692305 45.30769230769231 3.3653846153846154 41.94230769230769 2.8347510000000966
54000 5.038461538461538 0.0015447323720558222 34.75206290384615 0.1506410256410256 45.301282057692305 45.30769230769231 2.8653846153846154 42.44230769230769 2.817208500000106
56000 4.538461538461538 0.000949583600974861 35.13990451923076 0.1298076923076923 45.301282057692305 45.30769230769231 3.25 42.05769230769231 2.8074518999999327
58000 6.134615384615385 0.0019642016098464768 34.65288459615385 0.16185897435897434 45.301282057692305 45.30769230769231 3.3846153846153846 41.92307692307692 2.7045660999999654
60000 8.365384615384615 -0.017343869784994935 33.250516692307706 0.16987179487179485 45.301282057692305 45.30769230769231 3.1923076923076925 42.11538461538461 2.7082101000000876
62000 4.788461538461538 -0.037566475682245054 34.13039159615384 0.14262820512820512 45.301282057692305 45.30769230769231 3.3653846153846154 41.94230769230769 2.678254299999935
64000 6.538461538461538 -0.01705376302683872 33.731425500000014 0.1346153846153846 45.301282057692305 45.30769230769231 2.6538461538461537 42.65384615384615 2.7454899999997906
66000 3.5576923076923075 0.0007503093909105317 34.898896403846166 0.1282051282051282 45.301282057692305 45.30769230769231 2.826923076923077 42.48076923076923 3.013999099999637
68000 3.7884615384615383 0.0006304131745206579 35.39335746153846 0.10897435897435896 45.301282057692305 45.30769230769231 2.9615384615384617 42.34615384615385 2.982184100000268
70000 4.4423076923076925 0.0011474524778188613 34.76634486538462 0.1362179487179487 45.301282057692305 45.30769230769231 3.2115384615384617 42.09615384615385 2.579938399999719
72000 5.5 -0.21055036081847703 34.02094415384616 0.1875 45.301282057692305 45.30769230769231 2.6346153846153846 42.67307692307692 2.8234004999999343
74000 4.173076923076923 -0.6529094064300998 35.78002757692308 0.10737179487179487 45.301282057692305 45.30769230769231 2.769230769230769 42.53846153846154 2.0306823000000804
76000 4.826923076923077 -0.5756457779333639 35.6446444423077 0.10096153846153845 45.301282057692305 45.30769230769231 3.25 42.05769230769231 2.4251565999998093
78000 8.73076923076923 -0.17039621612461392 34.04768246153846 0.13782051282051283 45.301282057692305 45.30769230769231 3.4423076923076925 41.86538461538461 2.748237599999811
80000 11.23076923076923 0.0025110570135895263 33.672572230769234 0.19391025641025642 45.301282057692305 45.30769230769231 2.8076923076923075 42.5 2.945103999999901
82000 8.942307692307692 -0.0942268233991037 34.04070007692307 0.1955128205128205 45.301282057692305 45.30769230769231 2.8076923076923075 42.5 2.6129392000002554
84000 5.769230769230769 0.0006196760131765694 34.54574150000001 0.15224358974358973 45.301282057692305 45.30769230769231 2.6538461538461537 42.65384615384615 2.61353680000002
86000 7.384615384615385 -0.01806920550413001 34.34627626923076 0.15705128205128205 45.301282057692305 45.30769230769231 2.673076923076923 42.63461538461539 2.6160131999999976
88000 3.5961538461538463 -0.5765190559751613 36.317152192307695 0.07211538461538461 45.301282057692305 45.30769230769231 2.6346153846153846 42.67307692307692 2.541261100000156
90000 4.365384615384615 -0.1147934844568786 35.66125778846154 0.10256410256410256 45.301282057692305 45.30769230769231 2.6346153846153846 42.67307692307692 2.5952070000003005
92000 4.980769230769231 0.0016384471534047788 34.87726680769231 0.14102564102564102 45.301282057692305 45.30769230769231 2.6346153846153846 42.67307692307692 3.0692392999999356
94000 10.192307692307692 0.0026389992961884648 33.04464009615385 0.20192307692307696 45.301282057692305 45.30769230769231 2.6346153846153846 42.67307692307692 2.7220170000000508
96000 5.038461538461538 -0.652971891669601 35.61202161538461 0.09615384615384616 45.301282057692305 45.30769230769231 2.673076923076923 42.63461538461539 2.1144919999997
98000 3.0576923076923075 -0.13416201365209957 35.80811426923077 0.08173076923076923 45.301282057692305 45.30769230769231 2.6346153846153846 42.67307692307692 2.895875899999737
100000 9.653846153846153 0.0031843441663185063 33.627375442307695 0.19230769230769232 45.301282057692305 45.30769230769231 3.3653846153846154 41.94230769230769 2.6590680999997858
102000 8.711538461538462 0.0028658208184245823 33.26368211538461 0.24839743589743593 45.301282057692305 45.30769230769231 2.75 42.55769230769231 2.839916599999924
104000 7.673076923076923 -0.34441058153410253 34.051917826923074 0.17147435897435892 45.301282057692305 45.30769230769231 2.8461538461538463 42.46153846153846 2.5936234000000695
106000 9.096153846153847 -0.2679295933490339 33.58610655769231 0.16185897435897434 45.301282057692305 45.30769230769231 2.8076923076923075 42.5 2.8349624000002223
108000 6.519230769230769 -0.6144196862756902 34.91383894230769 0.09615384615384613 45.301282057692305 45.30769230769231 2.8076923076923075 42.5 2.24082240000007
110000 6.865384615384615 -0.5375459100991293 35.13499163461539 0.11378205128205127 45.301282057692305 45.30769230769231 2.8076923076923075 42.5 2.3239796999996543
112000 7.25 -0.17152959405878485 33.777756903846154 0.12499999999999999 45.301282057692305 45.30769230769231 2.8076923076923075 42.5 2.7181676000000152
114000 14.865384615384615 -0.20948105183031185 28.965118423076927 0.266025641025641 45.301282057692305 45.30769230769231 2.826923076923077 42.48076923076923 2.5381162999997287
116000 16.03846153846154 -0.07373726811994238 28.889619211538463 0.24839743589743593 45.301282057692305 45.30769230769231 2.826923076923077 42.48076923076923 2.702184799999941
118000 11.096153846153847 -0.306358228741382 30.24075938461539 0.2435897435897436 45.301282057692305 45.30769230769231 2.826923076923077 42.48076923076923 2.580600599999798
120000 8.51923076923077 -0.3064518122529464 33.32035828846155 0.1314102564102564 45.301282057692305 45.30769230769231 2.75 42.55769230769231 2.3840546999999788
122000 16.653846153846153 -0.034754919816512436 30.520495596153847 0.25480769230769235 45.301282057692305 45.30769230769231 3.4423076923076925 41.86538461538461 2.7988522000000557
124000 18.115384615384617 -0.2657873711551245 30.532786903846155 0.2756410256410256 45.301282057692305 45.30769230769231 4.038461538461538 41.26923076923077 2.8010800000001836
126000 21.153846153846153 -0.2847459075211346 30.926369403846156 0.24839743589743593 45.301282057692305 45.30769230769231 3.923076923076923 41.38461538461539 2.6866516999998566
128000 15.076923076923077 -0.45872043097575843 31.515893903846152 0.217948717948718 45.301282057692305 45.30769230769231 4.1923076923076925 41.11538461538461 2.628772200000185
130000 17.423076923076923 0.005810136394952924 31.211828673076923 0.22916666666666666 45.301282057692305 45.30769230769231 3.769230769230769 41.53846153846154 2.7883325999996487
132000 22.115384615384617 0.008703357764868035 31.877762 0.2403846153846154 45.301282057692305 45.30769230769231 3.2884615384615383 42.01923076923077 2.732978600000024
134000 26.307692307692307 -0.030531713458022483 29.989871499999996 0.27884615384615385 45.301282057692305 45.30769230769231 3.8461538461538463 41.46153846153846 2.8114510000000337
136000 25.21153846153846 0.00832551467529513 30.1744764423077 0.2516025641025641 45.301282057692305 45.30769230769231 3.019230769230769 42.28846153846154 2.7261364999999387
138000 59.67307692307692 0.019710258556490636 26.070006826923077 0.39903846153846156 45.301282057692305 45.30769230769231 2.7884615384615383 42.51923076923077 2.793578599999819
140000 65.9423076923077 0.020202216101586536 25.575689519230767 0.38141025641025644 45.301282057692305 45.30769230769231 2.769230769230769 42.53846153846154 2.703573199999937
142000 30.115384615384617 -0.04884277526716777 28.097059615384616 0.32532051282051283 45.301282057692305 45.30769230769231 2.673076923076923 42.63461538461539 2.759761900000285
144000 29.23076923076923 -0.2994389692346993 28.17789961538461 0.3269230769230769 45.301282057692305 45.30769230769231 2.6538461538461537 42.65384615384615 2.761092700000063
146000 30.48076923076923 -0.27897736543368973 27.99520661538461 0.31570512820512825 45.301282057692305 45.30769230769231 2.730769230769231 42.57692307692308 2.616235200000119
148000 34.51923076923077 -0.02538748084923574 27.96048442307692 0.3173076923076923 45.301282057692305 45.30769230769231 2.7884615384615383 42.51923076923077 2.6580549000000246
150000 50.17307692307692 -0.062222307624154864 26.323196999999997 0.4022435897435897 45.301282057692305 45.30769230769231 2.7115384615384617 42.59615384615385 2.7048288999999386
152000 58.84615384615385 0.013721669841873523 25.396281192307693 0.4262820512820513 45.301282057692305 45.30769230769231 3.826923076923077 41.48076923076923 2.6904850000000806
154000 54.61538461538461 0.011628733229937151 25.574256846153844 0.41025641025641024 45.301282057692305 45.30769230769231 4.0 41.30769230769231 2.6393576999998913
156000 57.21153846153846 0.013209946919983387 25.497599942307694 0.41987179487179493 45.301282057692305 45.30769230769231 3.769230769230769 41.53846153846154 2.656659799999943
158000 53.0 0.012359644482267028 25.998935269230767 0.3926282051282052 45.301282057692305 45.30769230769231 4.0576923076923075 41.25 2.857626699999855
160000 45.23076923076923 0.007741786762894088 26.235261673076916 0.3910256410256411 45.301282057692305 45.30769230769231 3.7115384615384617 41.59615384615385 2.806612899999891
162000 48.30769230769231 0.007867695586914324 26.070105249999997 0.39743589743589747 45.301282057692305 45.30769230769231 3.4423076923076925 41.86538461538461 2.647688300000482
164000 54.38461538461539 0.016604647295342466 25.987210442307685 0.40544871794871795 45.301282057692305 45.30769230769231 3.4038461538461537 41.90384615384615 2.6945857999999134
166000 53.75 0.016353130839585065 25.711638346153848 0.41666666666666663 45.301282057692305 45.30769230769231 3.826923076923077 41.48076923076923 2.7582462999998825
168000 77.13461538461539 0.0067626403442606845 25.54611707692308 0.4198717948717948 45.301282057692305 45.30769230769231 3.5576923076923075 41.75 2.64043700000002
170000 95.59615384615384 0.03202349259706262 25.283294711538467 0.4663461538461538 45.301282057692305 45.30769230769231 3.423076923076923 41.88461538461539 2.629723100000774
172000 95.3076923076923 0.03115821171034809 25.3291654423077 0.4647435897435897 45.301282057692305 45.30769230769231 3.4038461538461537 41.90384615384615 2.7236512999998013
174000 119.75 0.023297570808648263 24.471703038461538 0.4807692307692307 45.301282057692305 45.30769230769231 3.1538461538461537 42.15384615384615 2.588724799999909
176000 124.1923076923077 0.04507206406747989 23.99840390384616 0.49999999999999994 45.301282057692305 45.30769230769231 3.019230769230769 42.28846153846154 2.64482020000014
178000 128.48076923076923 0.04473371094999797 24.002856211538464 0.5080128205128205 45.301282057692305 45.30769230769231 2.9423076923076925 42.36538461538461 2.7027115000000776
180000 138.07692307692307 0.04850529549415669 23.58092159615385 0.5512820512820513 45.301282057692305 45.30769230769231 2.7115384615384617 42.59615384615385 3.1906118000006245
182000 141.51923076923077 0.052402086850733345 23.358444730769232 0.5480769230769231 45.301282057692305 45.30769230769231 2.673076923076923 42.63461538461539 2.916317500000332
184000 140.92307692307693 0.05109215251137625 23.413109942307695 0.5480769230769231 45.301282057692305 45.30769230769231 2.6923076923076925 42.61538461538461 2.7762001000000964
186000 157.75 0.060818996756474245 22.912226961538465 0.5625 45.301282057692305 45.30769230769231 2.769230769230769 42.53846153846154 2.7246752999999444
188000 158.78846153846155 0.05945828199936214 22.905994730769233 0.5625 45.301282057692305 45.30769230769231 2.75 42.55769230769231 2.693734100000256
190000 152.67307692307693 0.05615298438003004 23.02173471153846 0.5272435897435896 45.301282057692305 45.30769230769231 2.6923076923076925 42.61538461538461 2.620159999999487
192000 153.75 0.05546715988765511 23.140501711538466 0.5128205128205128 45.301282057692305 45.30769230769231 2.673076923076923 42.63461538461539 2.8546642000001157
194000 144.23076923076923 0.048417402436214514 23.426465173076924 0.5384615384615384 45.301282057692305 45.30769230769231 2.673076923076923 42.63461538461539 2.747204299999794
196000 136.94230769230768 0.04506108132599983 23.64212801923077 0.5224358974358974 45.301282057692305 45.30769230769231 2.673076923076923 42.63461538461539 2.675848500000029
198000 138.1153846153846 0.04579898094763535 23.623711692307698 0.532051282051282 45.301282057692305 45.30769230769231 2.673076923076923 42.63461538461539 2.6406644000007873
200000 139.01923076923077 0.04610660107775075 23.570292807692304 0.532051282051282 45.301282057692305 45.30769230769231 2.6538461538461537 42.65384615384615 2.755545699999857
202000 152.90384615384616 0.056013202029230755 23.095125038461543 0.4967948717948717 45.301282057692305 45.30769230769231 2.6538461538461537 42.65384615384615 2.670359200000348
204000 154.98076923076923 0.057287014588896894 22.994520942307695 0.501602564102564 45.301282057692305 45.30769230769231 2.6538461538461537 42.65384615384615 2.8973221999995076
206000 161.05769230769232 0.06170333248562143 22.863467500000006 0.5128205128205128 45.301282057692305 45.30769230769231 2.6538461538461537 42.65384615384615 2.7267664999999397
208000 161.3846153846154 0.0631659572312188 22.825005942307694 0.5128205128205128 45.301282057692305 45.30769230769231 2.6538461538461537 42.65384615384615 2.6286986000004617
210000 165.15384615384616 0.06457007710128153 22.775652557692315 0.5288461538461537 45.301282057692305 45.30769230769231 2.673076923076923 42.63461538461539 2.7435488000000987
212000 170.07692307692307 0.06350188636360996 22.806635634615393 0.5480769230769231 45.301282057692305 45.30769230769231 2.730769230769231 42.57692307692308 2.7079566999991584
214000 172.17307692307693 0.06399909935821496 22.806637365384624 0.5576923076923077 45.301282057692305 45.30769230769231 2.7884615384615383 42.51923076923077 2.9796887000002243
216000 172.32692307692307 0.06392374073039184 22.804500557692315 0.5576923076923077 45.301282057692305 45.30769230769231 2.769230769230769 42.53846153846154 2.74542990000009
218000 172.1153846153846 0.06344709995025422 22.821060826923084 0.5641025641025641 45.301282057692305 45.30769230769231 2.8076923076923075 42.5 3.060614400000304
220000 172.44230769230768 0.0661451478948268 22.782599269230772 0.5641025641025641 45.301282057692305 45.30769230769231 2.8076923076923075 42.5 2.6993406000001414
222000 172.55769230769232 0.06660566651261797 22.793282980769238 0.5641025641025641 45.301282057692305 45.30769230769231 2.7884615384615383 42.51923076923077 2.8106761999997616
224000 172.46153846153845 0.06678376761577512 22.846703134615385 0.5641025641025641 45.301282057692305 45.30769230769231 2.8076923076923075 42.5 2.6361560999994254
226000 172.46153846153845 0.06642647742287991 22.846703134615385 0.5641025641025641 45.301282057692305 45.30769230769231 2.8076923076923075 42.5 2.6852552000000287
228000 172.75 0.06678770611349916 22.82106209615385 0.5641025641025641 45.301282057692305 45.30769230769231 2.8076923076923075 42.5 2.6776350000000093
230000 172.59615384615384 0.06509088479080004 22.82319890384616 0.5641025641025641 45.301282057692305 45.30769230769231 2.826923076923077 42.48076923076923 2.7921094000002995
232000 171.78846153846155 0.06562799115225221 22.885166019230777 0.5576923076923077 45.301282057692305 45.30769230769231 2.826923076923077 42.48076923076923 2.8614865999998074
234000 172.32692307692307 0.06526478421723007 22.901726269230775 0.5512820512820512 45.301282057692305 45.30769230769231 2.8653846153846154 42.44230769230769 2.9979260000000068
236000 172.32692307692307 0.06602807810860176 22.901726269230775 0.5512820512820512 45.301282057692305 45.30769230769231 2.8653846153846154 42.44230769230769 2.900713299999552
238000 172.3846153846154 0.06556489773365384 22.88676761538462 0.5512820512820512 45.301282057692305 45.30769230769231 2.826923076923077 42.48076923076923 2.7694901999993817
240000 172.48076923076923 0.0654967257083843 22.899589461538465 0.5512820512820512 45.301282057692305 45.30769230769231 2.8461538461538463 42.46153846153846 2.892965500000173
242000 172.32692307692307 0.06507836871492936 22.901726269230775 0.5512820512820512 45.301282057692305 45.30769230769231 2.8653846153846154 42.44230769230769 2.8713348999999653
244000 173.3846153846154 0.06351558943342711 22.850444192307695 0.5576923076923076 45.301282057692305 45.30769230769231 2.8653846153846154 42.44230769230769 2.760855300000003
246000 173.3846153846154 0.0635612551250957 22.850444192307695 0.5576923076923076 45.301282057692305 45.30769230769231 2.8653846153846154 42.44230769230769 2.7712860999999975
248000 173.09615384615384 0.06349552236720551 22.87608523076923 0.5576923076923076 45.301282057692305 45.30769230769231 2.8653846153846154 42.44230769230769 2.7041411999998672
250000 173.3846153846154 0.06349160347764063 22.850444192307695 0.5576923076923076 45.301282057692305 45.30769230769231 2.8653846153846154 42.44230769230769 2.872321099999681
252000 172.1346153846154 0.0647719919685816 22.83762234615385 0.5512820512820512 45.301282057692305 45.30769230769231 2.8461538461538463 42.46153846153846 2.7122904999996535
254000 173.3846153846154 0.06644809977852996 22.81198130769231 0.5576923076923076 45.301282057692305 45.30769230769231 2.8461538461538463 42.46153846153846 2.822652400000152
256000 173.3846153846154 0.06556035289664804 22.81198130769231 0.5576923076923076 45.301282057692305 45.30769230769231 2.8461538461538463 42.46153846153846 2.702356400000099
258000 173.3846153846154 0.06483029988410877 22.81198130769231 0.5576923076923076 45.301282057692305 45.30769230769231 2.8461538461538463 42.46153846153846 2.8065176000000065
260000 173.28846153846155 0.06344286908563251 22.83762234615385 0.5576923076923076 45.301282057692305 45.30769230769231 2.8461538461538463 42.46153846153846 2.8379546999995
262000 173.3846153846154 0.0648561441160969 22.81198130769231 0.5576923076923076 45.301282057692305 45.30769230769231 2.8461538461538463 42.46153846153846 3.102458499999557
264000 173.48076923076923 0.06494376006814419 22.824803153846155 0.5576923076923076 45.301282057692305 45.30769230769231 2.8653846153846154 42.44230769230769 2.6750512999997227
266000 173.3846153846154 0.06178004663551285 22.844674980769234 0.5576923076923076 45.301282057692305 45.30769230769231 2.8653846153846154 42.44230769230769 2.834266099999695
268000 173.59615384615384 0.06243482629801595 22.858777903846153 0.5528846153846153 45.301282057692305 45.30769230769231 2.8653846153846154 42.44230769230769 2.8336373000001913
270000 173.5 0.06426732363192847 22.845956057692312 0.5528846153846153 45.301282057692305 45.30769230769231 2.8461538461538463 42.46153846153846 2.6647518999998283
272000 175.80769230769232 0.06503354563978875 22.795172019230773 0.5657051282051282 45.301282057692305 45.30769230769231 2.9615384615384617 42.34615384615385 2.6449423000003662
274000 175.8653846153846 0.06316113579824449 22.7823515 0.5657051282051282 45.301282057692305 45.30769230769231 2.9615384615384617 42.34615384615385 2.6256808999996792
276000 175.8653846153846 0.06441549606628663 22.7823515 0.5657051282051282 45.301282057692305 45.30769230769231 2.9615384615384617 42.34615384615385 2.5664655999999013
278000 181.3846153846154 0.06883201257702244 22.582282634615385 0.5753205128205128 45.301282057692305 45.30769230769231 3.673076923076923 41.63461538461539 2.9280065999992075
280000 194.42307692307693 0.07307403135129867 22.28029157692308 0.5464743589743588 45.301282057692305 45.30769230769231 4.711538461538462 40.59615384615385 2.7549769999995988
282000 196.19230769230768 0.07456062745958668 22.240405538461538 0.5464743589743588 45.301282057692305 45.30769230769231 4.711538461538462 40.59615384615385 2.7924926000005144
284000 196.98076923076923 0.07749857011565366 22.222955403846154 0.5464743589743588 45.301282057692305 45.30769230769231 4.711538461538462 40.59615384615385 2.9412664000001314
286000 203.55769230769232 0.08131113968357583 22.153582865384617 0.5464743589743588 45.301282057692305 45.30769230769231 4.75 40.55769230769231 2.8181909000004453
288000 201.78846153846155 0.07992113616993621 22.193468903846153 0.5464743589743588 45.301282057692305 45.30769230769231 4.75 40.55769230769231 3.154506300000321
290000 206.73076923076923 0.08220782851453802 22.261133442307695 0.5416666666666665 45.301282057692305 45.30769230769231 4.75 40.55769230769231 2.7687178999995012
292000 198.73076923076923 0.07791413167485764 22.373774673076927 0.5352564102564101 45.301282057692305 45.30769230769231 4.865384615384615 40.44230769230769 2.62132180000026
294000 198.5 0.0783745236195744 22.231039653846157 0.5416666666666665 45.301282057692305 45.30769230769231 4.961538461538462 40.34615384615385 2.8960508999998638
296000 204.94230769230768 0.08137793502048639 22.16658213461539 0.5464743589743588 45.301282057692305 45.30769230769231 4.865384615384615 40.44230769230769 2.819479599999795
298000 219.96153846153845 0.08830417950640292 22.07591578846154 0.533653846153846 45.301282057692305 45.30769230769231 5.5576923076923075 39.75 2.700209800000266
300000 218.6153846153846 0.0870839009780935 22.107183230769234 0.533653846153846 45.301282057692305 45.30769230769231 5.346153846153846 39.96153846153846 2.7340174999999363
302000 198.5 0.07724982725997355 22.274487634615387 0.5464743589743588 45.301282057692305 45.30769230769231 4.961538461538462 40.34615384615385 2.7936696999995547
304000 202.98076923076923 0.08033015417778064 22.233961423076927 0.5144230769230768 45.301282057692305 45.30769230769231 5.423076923076923 39.88461538461539 2.745429399999921
306000 201.84615384615384 0.07931443950807848 22.105505788461535 0.5144230769230768 45.301282057692305 45.30769230769231 5.288461538461538 40.01923076923077 2.913323099999616
308000 203.92307692307693 0.08054786142149552 22.005448230769225 0.5400641025641024 45.301282057692305 45.30769230769231 5.5576923076923075 39.75 2.8038360999998986
310000 194.21153846153845 0.07522178301176906 22.156148115384617 0.5496794871794871 45.301282057692305 45.30769230769231 5.3076923076923075 40.0 2.874373500000729
312000 202.51923076923077 0.07990230730130328 22.236205019230773 0.533653846153846 45.301282057692305 45.30769230769231 5.403846153846154 39.90384615384615 2.9019360000002052
314000 211.90384615384616 0.0782713917489597 22.136861115384615 0.5464743589743588 45.301282057692305 45.30769230769231 5.615384615384615 39.69230769230769 2.862464199999522
316000 220.42307692307693 0.08366973061764665 22.038523461538464 0.5400641025641024 45.301282057692305 45.30769230769231 5.538461538461538 39.76923076923077 2.9087685000004058
318000 222.1346153846154 0.08468430643124233 22.022319788461537 0.5464743589743588 45.301282057692305 45.30769230769231 5.6923076923076925 39.61538461538461 2.6672710000002553
320000 229.17307692307693 0.08586099239335562 22.034332346153846 0.5528846153846152 45.301282057692305 45.30769230769231 5.673076923076923 39.63461538461539 3.0061417999995683
322000 225.25 0.08315404441440848 22.00491446153846 0.5576923076923076 45.301282057692305 45.30769230769231 5.5576923076923075 39.75 2.7796840000000884
324000 231.92307692307693 0.08308889549929252 21.8906763076923 0.5448717948717948 45.301282057692305 45.30769230769231 5.596153846153846 39.71153846153846 2.7992843000001812
326000 249.73076923076923 0.08991801455263726 21.558595403846148 0.5432692307692306 45.301282057692305 45.30769230769231 6.365384615384615 38.94230769230769 3.0340958999995564
328000 287.84615384615387 0.10705248200225324 21.332778499999996 0.5528846153846152 45.301282057692305 45.30769230769231 7.673076923076923 37.63461538461539 2.5901145999996515
330000 345.5 0.13550548433804244 21.14919221153846 0.5801282051282051 45.301282057692305 45.30769230769231 9.634615384615385 35.67307692307692 2.928965999999491
332000 366.0 0.15150665230196153 21.04349017307692 0.5753205128205128 45.301282057692305 45.30769230769231 10.038461538461538 35.26923076923077 2.666229999999814
334000 370.28846153846155 0.15014116572010835 21.076966749999997 0.5753205128205128 45.301282057692305 45.30769230769231 10.134615384615385 35.17307692307692 2.6434503999998924
336000 366.0192307692308 0.14729324754715784 21.19698107692307 0.5705128205128205 45.301282057692305 45.30769230769231 10.134615384615385 35.17307692307692 2.7100571999999374
338000 371.3269230769231 0.1512320211751311 21.108661230769222 0.5705128205128205 45.301282057692305 45.30769230769231 10.134615384615385 35.17307692307692 2.6798478000000614
340000 371.3269230769231 0.1512320211751311 21.108661230769222 0.5705128205128205 45.301282057692305 45.30769230769231 10.134615384615385 35.17307692307692 2.714043500000116
342000 371.09615384615387 0.15045146280690064 21.125042653846148 0.5705128205128205 45.301282057692305 45.30769230769231 10.192307692307692 35.11538461538461 2.8286133000001428
344000 371.09615384615387 0.15045146280690064 21.125042653846148 0.5705128205128205 45.301282057692305 45.30769230769231 10.192307692307692 35.11538461538461 3.129192999999759
346000 383.8076923076923 0.1583458978130188 21.1287835 0.5705128205128205 45.301282057692305 45.30769230769231 10.557692307692308 34.75 2.6384914000009303
348000 392.5576923076923 0.16310627276931122 21.044370653846155 0.5705128205128205 45.301282057692305 45.30769230769231 10.807692307692308 34.5 2.6537633999996615
350000 390.4807692307692 0.16046488529048716 21.061049153846156 0.5705128205128205 45.301282057692305 45.30769230769231 10.711538461538462 34.59615384615385 2.74801380000099
352000 392.5576923076923 0.16310627276931122 21.044370653846155 0.5705128205128205 45.301282057692305 45.30769230769231 10.807692307692308 34.5 2.6851021999991644
354000 399.7307692307692 0.16674331456118205 21.018729653846155 0.5705128205128205 45.301282057692305 45.30769230769231 10.884615384615385 34.42307692307692 2.7807235999989643
356000 399.7307692307692 0.16674331456118205 21.018729653846155 0.5705128205128205 45.301282057692305 45.30769230769231 10.884615384615385 34.42307692307692 2.6662866000006034
358000 399.7307692307692 0.16674331456118205 21.018729653846155 0.5705128205128205 45.301282057692305 45.30769230769231 10.884615384615385 34.42307692307692 2.7989864999999554
360000 399.7307692307692 0.16674331456118205 21.018729653846155 0.5705128205128205 45.301282057692305 45.30769230769231 10.884615384615385 34.42307692307692 2.6131335999998555
362000 399.7307692307692 0.16674331456118205 21.018729653846155 0.5705128205128205 45.301282057692305 45.30769230769231 10.884615384615385 34.42307692307692 2.8967293000005157
364000 399.86538461538464 0.1670425484331697 21.024338653846158 0.5801282051282051 45.301282057692305 45.30769230769231 10.961538461538462 34.34615384615385 2.8627699999997276
366000 399.86538461538464 0.1670425484331697 21.024338653846158 0.5801282051282051 45.301282057692305 45.30769230769231 10.961538461538462 34.34615384615385 2.8212311000006594
368000 399.86538461538464 0.1670425484331697 21.024338653846158 0.5801282051282051 45.301282057692305 45.30769230769231 10.961538461538462 34.34615384615385 3.041509300001053
370000 399.46153846153845 0.16745317051668882 21.066540865384617 0.5801282051282051 45.301282057692305 45.30769230769231 10.961538461538462 34.34615384615385 3.060932000000321
372000 399.9230769230769 0.16717732195158128 21.031817942307693 0.5801282051282051 45.301282057692305 45.30769230769231 10.961538461538462 34.34615384615385 2.7921927999996115
374000 399.86538461538464 0.1670425484331697 21.024338653846158 0.5801282051282051 45.301282057692305 45.30769230769231 10.961538461538462 34.34615384615385 2.9529280999995535
376000 400.0576923076923 0.16734406059070014 21.024338653846158 0.5801282051282051 45.301282057692305 45.30769230769231 10.961538461538462 34.34615384615385 2.8412312000000384
378000 402.3076923076923 0.16900159459667913 21.04410363461539 0.5897435897435896 45.301282057692305 45.30769230769231 10.961538461538462 34.34615384615385 2.780379100000573
380000 402.2692307692308 0.16856267928259014 21.024338653846158 0.5897435897435896 45.301282057692305 45.30769230769231 10.961538461538462 34.34615384615385 2.8203666000008525
382000 400.0576923076923 0.16734406059070014 21.024338653846158 0.5801282051282051 45.301282057692305 45.30769230769231 10.961538461538462 34.34615384615385 2.866010499999902
384000 399.86538461538464 0.1670425484331697 21.024338653846158 0.5801282051282051 45.301282057692305 45.30769230769231 10.961538461538462 34.34615384615385 3.0503136000006634
386000 400.0576923076923 0.16734406059070014 21.024338653846158 0.5801282051282051 45.301282057692305 45.30769230769231 10.961538461538462 34.34615384615385 2.7630100999995193
388000 400.0576923076923 0.16734406059070014 21.024338653846158 0.5801282051282051 45.301282057692305 45.30769230769231 10.961538461538462 34.34615384615385 2.787669700001061
390000 401.03846153846155 0.16840496307801772 21.016860000000005 0.5801282051282051 45.301282057692305 45.30769230769231 10.961538461538462 34.34615384615385 2.874974699998347
392000 402.9230769230769 0.1693547732154523 21.016860000000005 0.5897435897435896 45.301282057692305 45.30769230769231 10.961538461538462 34.34615384615385 2.735321299998759
394000 405.11538461538464 0.17089894628755806 21.024338653846158 0.5961538461538461 45.301282057692305 45.30769230769231 10.961538461538462 34.34615384615385 2.718892400000186
396000 406.61538461538464 0.17207420527725154 21.024338653846158 0.5961538461538461 45.301282057692305 45.30769230769231 10.961538461538462 34.34615384615385 2.7498371999990923
398000 404.96153846153845 0.17155800666324636 21.035022423076928 0.5961538461538461 45.301282057692305 45.30769230769231 10.961538461538462 34.34615384615385 2.768285400001332
400000 406.03846153846155 0.17281926654591498 21.036624980769236 0.5961538461538461 45.301282057692305 45.30769230769231 10.961538461538462 34.34615384615385 2.789970200001335
402000 406.2307692307692 0.1728179752429044 21.027543769230775 0.5961538461538461 45.301282057692305 45.30769230769231 10.961538461538462 34.34615384615385 2.7600268999995023
404000 406.78846153846155 0.17276590507953254 21.016860000000005 0.5961538461538461 45.301282057692305 45.30769230769231 10.961538461538462 34.34615384615385 2.9419031999987055
406000 406.78846153846155 0.17276590507953254 21.016860000000005 0.5961538461538461 45.301282057692305 45.30769230769231 10.961538461538462 34.34615384615385 2.7493629999989935
408000 407.03846153846155 0.17318717792794097 21.027543769230775 0.5961538461538461 45.301282057692305 45.30769230769231 10.961538461538462 34.34615384615385 2.820617299999867
410000 407.8076923076923 0.1741193663498377 21.016860000000005 0.5961538461538461 45.301282057692305 45.30769230769231 10.961538461538462 34.34615384615385 2.779271499999595
412000 407.59615384615387 0.1731351077645691 21.016860000000005 0.5961538461538461 45.301282057692305 45.30769230769231 10.961538461538462 34.34615384615385 2.669790899999498
414000 406.78846153846155 0.17276590507953254 21.016860000000005 0.5961538461538461 45.301282057692305 45.30769230769231 10.961538461538462 34.34615384615385 2.707712100000208
416000 406.78846153846155 0.17276590507953254 21.016860000000005 0.5961538461538461 45.301282057692305 45.30769230769231 10.961538461538462 34.34615384615385 3.0244547000002058
418000 406.78846153846155 0.17276590507953254 21.016860000000005 0.5961538461538461 45.301282057692305 45.30769230769231 10.961538461538462 34.34615384615385 2.849334999998973
420000 406.78846153846155 0.17276590507953254 21.016860000000005 0.5961538461538461 45.301282057692305 45.30769230769231 10.961538461538462 34.34615384615385 2.752782899999147
422000 407.59615384615387 0.1731351077645691 21.016860000000005 0.5961538461538461 45.301282057692305 45.30769230769231 10.961538461538462 34.34615384615385 3.0307957000004535
424000 407.59615384615387 0.1731351077645691 21.016860000000005 0.5961538461538461 45.301282057692305 45.30769230769231 10.961538461538462 34.34615384615385 2.9076537000000826
426000 406.0576923076923 0.17245547878852802 21.035022423076928 0.5913461538461539 45.301282057692305 45.30769230769231 10.961538461538462 34.34615384615385 2.8186461000004783
428000 408.0769230769231 0.17467494063609884 21.04997976923077 0.5913461538461539 45.301282057692305 45.30769230769231 10.961538461538462 34.34615384615385 2.903987400000915
430000 408.5192307692308 0.1746505457963975 21.06386871153846 0.5913461538461539 45.301282057692305 45.30769230769231 10.961538461538462 34.34615384615385 2.6939423000003444
432000 408.65384615384613 0.17509231953613516 21.077223461538463 0.5913461538461539 45.301282057692305 45.30769230769231 10.961538461538462 34.34615384615385 2.8194294000004447
434000 411.6923076923077 0.17628719506841398 21.071881596153847 0.5913461538461539 45.301282057692305 45.30769230769231 10.961538461538462 34.34615384615385 2.7113343000000896
436000 413.0769230769231 0.1771791888516801 21.054787538461543 0.5913461538461539 45.301282057692305 45.30769230769231 10.961538461538462 34.34615384615385 2.7963209000008646
438000 412.96153846153845 0.17690094272580553 21.047308250000007 0.5913461538461539 45.301282057692305 45.30769230769231 10.961538461538462 34.34615384615385 2.7417272000002413
440000 413.75 0.1772340363442309 21.039829596153854 0.5913461538461539 45.301282057692305 45.30769230769231 10.961538461538462 34.34615384615385 2.6112771999996767
442000 418.4807692307692 0.17942985915703022 21.0184626923077 0.5961538461538461 45.301282057692305 45.30769230769231 10.961538461538462 34.34615384615385 2.6372678999996424
444000 413.75 0.1772340363442309 21.039829596153854 0.5913461538461539 45.301282057692305 45.30769230769231 10.961538461538462 34.34615384615385 2.772354599999744
446000 413.75 0.1772340363442309 21.039829596153854 0.5913461538461539 45.301282057692305 45.30769230769231 10.961538461538462 34.34615384615385 2.638906300000599
448000 412.96153846153845 0.17690094272580553 21.047308250000007 0.5913461538461539 45.301282057692305 45.30769230769231 10.961538461538462 34.34615384615385 2.80903059999946
450000 412.2307692307692 0.17628738064938806 21.05692365384616 0.5913461538461539 45.301282057692305 45.30769230769231 10.961538461538462 34.34615384615385 2.6834655000002385
452000 411.6923076923077 0.17628719506841398 21.071881596153847 0.5913461538461539 45.301282057692305 45.30769230769231 10.961538461538462 34.34615384615385 2.5717162000000826
454000 410.40384615384613 0.1756860084611569 21.070279038461543 0.5913461538461539 45.301282057692305 45.30769230769231 10.961538461538462 34.34615384615385 2.6453776999987895
456000 407.86538461538464 0.1743343298984333 21.071347365384618 0.5913461538461539 45.301282057692305 45.30769230769231 10.961538461538462 34.34615384615385 2.7403523000011774
458000 407.86538461538464 0.1743343298984333 21.071347365384618 0.5913461538461539 45.301282057692305 45.30769230769231 10.961538461538462 34.34615384615385 2.4920300000012503
460000 407.86538461538464 0.1743343298984333 21.071347365384618 0.5913461538461539 45.301282057692305 45.30769230769231 10.961538461538462 34.34615384615385 2.3996553999986645
462000 405.28846153846155 0.17240161344770982 21.1034 0.5913461538461539 45.301282057692305 45.30769230769231 10.961538461538462 34.34615384615385 2.341691899999205
464000 405.3076923076923 0.17260974593069012 21.110878653846154 0.5913461538461539 45.301282057692305 45.30769230769231 10.961538461538462 34.34615384615385 2.5164837000011175
466000 406.11538461538464 0.17299816331189502 21.115152192307697 0.5913461538461539 45.301282057692305 45.30769230769231 10.961538461538462 34.34615384615385 2.1963625000007596
468000 406.11538461538464 0.17299816331189502 21.115152192307697 0.5913461538461539 45.301282057692305 45.30769230769231 10.961538461538462 34.34615384615385 1.8975009999994654
470000 405.9230769230769 0.1712493592000936 21.12423340384616 0.5913461538461539 45.301282057692305 45.30769230769231 10.961538461538462 34.34615384615385 1.9929195000004256
472000 405.5192307692308 0.17109762031560077 21.139191980769233 0.5913461538461539 45.301282057692305 45.30769230769231 10.961538461538462 34.34615384615385 1.7071171999996295
474000 407.63461538461536 0.17336506737038782 21.11141288461539 0.5913461538461539 45.301282057692305 45.30769230769231 10.961538461538462 34.34615384615385 1.7681106
476000 404.3076923076923 0.1698562015291078 21.146671269230772 0.5849358974358974 45.301282057692305 45.30769230769231 10.961538461538462 34.34615384615385 1.6725679999999556
478000 404.3076923076923 0.1698562015291078 21.146671269230772 0.5849358974358974 45.301282057692305 45.30769230769231 10.961538461538462 34.34615384615385 1.6408496999993076
480000 404.3076923076923 0.1698562015291078 21.146671269230772 0.5849358974358974 45.301282057692305 45.30769230769231 10.961538461538462 34.34615384615385 1.684032200000729
482000 404.3076923076923 0.1698562015291078 21.146671269230772 0.5849358974358974 45.301282057692305 45.30769230769231 10.961538461538462 34.34615384615385 1.6028674000008323
484000 403.9230769230769 0.17113703619880882 21.146671269230772 0.5849358974358974 45.301282057692305 45.30769230769231 10.961538461538462 34.34615384615385 1.7912796000000526
486000 406.0192307692308 0.17224376504830335 21.133850750000004 0.5849358974358974 45.301282057692305 45.30769230769231 10.961538461538462 34.34615384615385 1.4393173000007664
488000 406.0192307692308 0.17224376504830335 21.133850750000004 0.5849358974358974 45.301282057692305 45.30769230769231 10.961538461538462 34.34615384615385 1.43555539999943
490000 411.8076923076923 0.1741685789272476 21.141328134615385 0.5849358974358974 45.301282057692305 45.30769230769231 10.942307692307692 34.36538461538461 1.4377217999990535
492000 411.8076923076923 0.17700920184887267 21.141328134615385 0.5849358974358974 45.301282057692305 45.30769230769231 10.942307692307692 34.36538461538461 1.2621359999993729
494000 411.8076923076923 0.1741685789272476 21.141328134615385 0.5849358974358974 45.301282057692305 45.30769230769231 10.942307692307692 34.36538461538461 1.2338233000009495
496000 411.8076923076923 0.17700920184887267 21.141328134615385 0.5849358974358974 45.301282057692305 45.30769230769231 10.942307692307692 34.36538461538461 1.2329596999989008
498000 411.4230769230769 0.17665760169791656 21.141328134615385 0.5849358974358974 45.301282057692305 45.30769230769231 10.942307692307692 34.36538461538461 1.1973576999989746
500000 411.4230769230769 0.1738169787762915 21.141328134615385 0.5849358974358974 45.301282057692305 45.30769230769231 10.942307692307692 34.36538461538461 1.2008581000009144
