2000 0.8518518518518519 -0.8147953392433854 129.55555555555554 0.038580246913580245 135.5185185185185 45.333333333333336 0.0 45.333333333333336 0.8021812001243234
4000 3.9074074074074074 -0.5364731367425807 127.81481481481481 0.11882716049382715 135.5185185185185 45.333333333333336 0.0 45.333333333333336 0.8703502002172172
6000 0.7777777777777778 -0.9629615671562559 129.90740740740742 0.035493827160493825 135.5185185185185 45.333333333333336 0.0 45.333333333333336 0.7698172000236809
8000 0.7592592592592593 -1.0 129.25925925925927 0.08641975308641976 135.5185185185185 45.333333333333336 0.0 45.333333333333336 0.7606792999431491
10000 0.7592592592592593 -0.9814811756918971 129.2037037037037 0.08641975308641976 135.5185185185185 45.333333333333336 0.0 45.333333333333336 0.7811585003510118
12000 3.8703703703703702 0.0009923744515811345 125.87037037037037 0.279320987654321 135.5185185185185 45.333333333333336 0.0 45.333333333333336 1.3948882999829948
14000 3.611111111111111 0.000738578168789326 126.25925925925925 0.22993827160493827 135.5185185185185 45.333333333333336 0.0 45.333333333333336 1.3045349000021815
16000 4.092592592592593 0.0006433820215240809 126.87037037037037 0.18672839506172836 135.5185185185185 45.333333333333336 0.0 45.333333333333336 1.3354730997234583
18000 2.7962962962962963 -0.46248866079278306 127.16666666666667 0.14969135802469133 135.5185185185185 45.333333333333336 0.0 45.333333333333336 1.3079845001921058
20000 4.5 -0.05459296106693072 126.68518518518519 0.2175925925925926 135.5185185185185 45.333333333333336 0.0 45.333333333333336 1.3552194000221789
22000 3.6296296296296298 0.0012934575532433429 126.9074074074074 0.1743827160493827 135.5185185185185 45.333333333333336 0.0 45.333333333333336 1.3248626003041863
24000 2.925925925925926 0.0007447490983019593 126.48148148148148 0.18518518518518517 135.5185185185185 45.333333333333336 0.0 45.333333333333336 1.4385727001354098
26000 3.8703703703703702 -0.03596157062702759 126.48148148148148 0.19444444444444445 135.5185185185185 45.333333333333336 0.0 45.333333333333336 1.4320703004486859
28000 4.12962962962963 -0.8331962870731298 126.66666666666667 0.18364197530864199 135.5185185185185 45.333333333333336 0.0 45.333333333333336 1.3359016999602318
30000 2.3518518518518516 -0.22176147078013178 127.01851851851852 0.20216049382716048 135.5185185185185 45.333333333333336 0.0 45.333333333333336 1.356950200162828
32000 2.5185185185185186 -0.24021917988344355 127.18518518518519 0.22530864197530867 135.5185185185185 45.333333333333336 0.0 45.333333333333336 1.2909355000592768
34000 3.5555555555555554 0.001206328177111895 127.14814814814815 0.12499999999999999 135.5185185185185 45.333333333333336 0.0 45.333333333333336 1.4443566002883017
36000 4.148148148148148 0.0011377270163175155 126.83333333333333 0.14969135802469133 135.5185185185185 45.333333333333336 0.0 45.333333333333336 1.3471420002169907
38000 4.296296296296297 -0.14746599211585806 127.07407407407408 0.16203703703703706 135.5185185185185 45.333333333333336 0.0 45.333333333333336 1.3120352001860738
40000 6.037037037037037 0.0010087412772899836 126.51851851851852 0.18827160493827158 135.5185185185185 45.333333333333336 0.0 45.333333333333336 1.2913827002048492
42000 5.222222222222222 0.0005590348695194177 126.48148148148148 0.18981481481481477 135.5185185185185 45.333333333333336 0.0 45.333333333333336 1.3423498999327421
44000 4.444444444444445 0.0007038577455358434 126.88888888888889 0.17746913580246915 135.5185185185185 45.333333333333336 0.0 45.333333333333336 1.4525350998155773
46000 5.574074074074074 0.0012811075441989171 125.75925925925925 0.23919753086419757 135.5185185185185 45.333333333333336 0.0 45.333333333333336 1.3531125001609325
48000 4.481481481481482 0.0006117461234121054 126.0 0.20524691358024696 135.5185185185185 45.333333333333336 0.0 45.333333333333336 1.3932366999797523
50000 3.7777777777777777 0.00040025385590486417 126.88888888888889 0.18364197530864196 135.5185185185185 45.333333333333336 0.0 45.333333333333336 1.3686655000783503
52000 5.907407407407407 0.0012306946949401118 126.48148148148148 0.20679012345679015 135.5185185185185 45.333333333333336 0.018518518518518517 45.31481481481482 1.438413799740374
54000 6.111111111111111 0.0013187233210656356 126.29629629629629 0.23765432098765432 135.5185185185185 45.333333333333336 0.0 45.333333333333336 1.399466299917549
56000 5.333333333333333 0.0008503228572644979 126.87037037037037 0.19598765432098766 135.5185185185185 45.333333333333336 0.018518518518518517 45.31481481481482 1.4778273003175855
58000 7.333333333333333 0.0020417345064775963 126.27777777777777 0.2638888888888889 135.5185185185185 45.333333333333336 0.018518518518518517 45.31481481481482 1.3812985997647047
60000 7.222222222222222 0.002108920516492039 126.29629629629629 0.25925925925925924 135.5185185185185 45.333333333333336 0.018518518518518517 45.31481481481482 1.4442291003651917
62000 11.185185185185185 0.0022384691322292487 123.5925925925926 0.3256172839506173 135.5185185185185 45.333333333333336 0.018518518518518517 45.31481481481482 1.3209675000980496
64000 17.5 0.006026670201951856 121.75925925925925 0.396604938271605 135.5185185185185 45.333333333333336 0.018518518518518517 45.31481481481482 1.3710421002469957
66000 13.37037037037037 -0.21782031676214852 124.20370370370371 0.28086419753086417 135.5185185185185 45.333333333333336 0.0 45.333333333333336 1.2879852997139096
68000 15.907407407407407 -0.21703629717354714 123.87037037037037 0.3117283950617284 135.5185185185185 45.333333333333336 0.0 45.333333333333336 1.3079154998995364
70000 14.925925925925926 -0.38404808118357137 124.05555555555556 0.29012345679012347 135.5185185185185 45.333333333333336 0.0 45.333333333333336 1.286184400320053
72000 10.314814814814815 -0.21948479481567845 126.44444444444444 0.16049382716049382 135.5185185185185 45.333333333333336 0.0 45.333333333333336 1.2332288003526628
74000 9.24074074074074 -0.3123686941164268 125.27777777777777 0.24845679012345678 135.5185185185185 45.333333333333336 0.0 45.333333333333336 1.3737833998166025
76000 17.703703703703702 -0.29158130717986863 123.4074074074074 0.3441358024691358 135.5185185185185 45.333333333333336 0.0 45.333333333333336 1.386308700311929
78000 10.074074074074074 -0.4045141757066183 125.81481481481481 0.18364197530864196 135.5185185185185 45.333333333333336 0.0 45.333333333333336 1.4168843999505043
80000 4.537037037037037 0.0009618169209205702 127.25925925925925 0.1450617283950617 135.5185185185185 45.333333333333336 0.0 45.333333333333336 1.4593175002373755
82000 4.666666666666667 0.0008276724719401503 126.85185185185185 0.1558641975308642 135.5185185185185 45.333333333333336 0.0 45.333333333333336 1.4417527997866273
84000 4.111111111111111 0.0008396979978959001 127.38888888888889 0.12499999999999999 135.5185185185185 45.333333333333336 0.0 45.333333333333336 1.540860699955374
86000 6.388888888888889 0.0017714972402898465 126.0925925925926 0.21296296296296297 135.5185185185185 45.333333333333336 0.0 45.333333333333336 1.519689400214702
88000 8.074074074074074 -0.01611667495183893 125.27777777777777 0.2175925925925926 135.5185185185185 45.333333333333336 0.0 45.333333333333336 1.5102190002799034
90000 5.351851851851852 0.001764338179720804 126.61111111111111 0.1574074074074074 135.5185185185185 45.333333333333336 0.0 45.333333333333336 1.6438549002632499
92000 9.833333333333334 -0.09007864331378862 125.24074074074075 0.2962962962962963 135.5185185185185 45.333333333333336 0.0 45.333333333333336 1.617749100085348
94000 9.74074074074074 -1.0 124.55555555555556 0.31944444444444453 135.5185185185185 45.333333333333336 0.0 45.333333333333336 1.1572267999872565
96000 9.018518518518519 -1.0 124.83333333333333 0.3148148148148149 135.5185185185185 45.333333333333336 0.0 45.333333333333336 1.2330498998053372
98000 9.74074074074074 -1.0 124.55555555555556 0.31944444444444453 135.5185185185185 45.333333333333336 0.0 45.333333333333336 1.0875947996973991
100000 14.87037037037037 -1.0 123.61111111111111 0.36574074074074076 135.5185185185185 45.333333333333336 0.0 45.333333333333336 1.431440900079906
102000 14.87037037037037 -1.0 123.61111111111111 0.36574074074074076 135.5185185185185 45.333333333333336 0.0 45.333333333333336 1.3477165000513196
104000 14.87037037037037 -1.0 123.61111111111111 0.36574074074074076 135.5185185185185 45.333333333333336 0.0 45.333333333333336 1.48814250016585
106000 14.87037037037037 -1.0 123.61111111111111 0.36574074074074076 135.5185185185185 45.333333333333336 0.0 45.333333333333336 1.4347407002933323
108000 14.87037037037037 -1.0 123.61111111111111 0.36574074074074076 135.5185185185185 45.333333333333336 0.0 45.333333333333336 1.3611825001426041
110000 10.814814814814815 0.001646156626632121 123.96296296296296 0.35956790123456794 135.5185185185185 45.333333333333336 0.0 45.333333333333336 1.5164904003031552
112000 8.925925925925926 0.0021968480705220556 124.87037037037037 0.2978395061728395 135.5185185185185 45.333333333333336 0.0 45.333333333333336 1.4296633997000754
114000 14.87037037037037 -1.0 123.61111111111111 0.36574074074074076 135.5185185185185 45.333333333333336 0.0 45.333333333333336 1.4001313000917435
116000 10.685185185185185 -1.0 124.4074074074074 0.31481481481481477 135.5185185185185 45.333333333333336 0.0 45.333333333333336 1.4225444998592138
118000 22.01851851851852 -0.5876196131139813 123.46296296296296 0.38425925925925924 135.5185185185185 45.333333333333336 0.0 45.333333333333336 1.4445810001343489
120000 11.0 -0.888287827586066 124.38888888888889 0.3240740740740741 135.5185185185185 45.333333333333336 0.0 45.333333333333336 1.058913900051266
122000 9.74074074074074 -1.0 124.55555555555556 0.31944444444444453 135.5185185185185 45.333333333333336 0.0 45.333333333333336 1.2286415002308786
124000 14.87037037037037 -1.0 123.61111111111111 0.36574074074074076 135.5185185185185 45.333333333333336 0.0 45.333333333333336 1.453271099831909
126000 9.333333333333334 -0.6649119371349221 124.92592592592592 0.30709876543209874 135.5185185185185 45.333333333333336 0.0 45.333333333333336 1.1525047002360225
128000 10.314814814814815 -0.8873159558920095 124.48148148148148 0.3240740740740741 135.5185185185185 45.333333333333336 0.0 45.333333333333336 1.1431769002228975
130000 9.814814814814815 -0.8136629890042848 124.81481481481481 0.31018518518518523 135.5185185185185 45.333333333333336 0.0 45.333333333333336 1.108704200014472
132000 9.037037037037036 -0.9442283130942281 124.9074074074074 0.3194444444444444 135.5185185185185 45.333333333333336 0.0 45.333333333333336 1.0861106999218464
134000 10.88888888888889 -0.7208537805937347 125.11111111111111 0.29012345679012347 135.5185185185185 45.333333333333336 0.0 45.333333333333336 1.1780309998430312
136000 23.666666666666668 -0.009403058065109172 122.70370370370371 0.353395061728395 135.5185185185185 45.333333333333336 0.0 45.333333333333336 1.5472110002301633
138000 12.703703703703704 -0.08915675619757708 124.22222222222223 0.30401234567901236 135.5185185185185 45.333333333333336 0.0 45.333333333333336 1.4757942999713123
140000 13.574074074074074 -0.23771125093411125 124.18518518518519 0.26851851851851855 135.5185185185185 45.333333333333336 0.0 45.333333333333336 1.3850814001634717
142000 11.944444444444445 0.003092623438889477 124.46296296296296 0.2345679012345679 135.5185185185185 45.333333333333336 0.0 45.333333333333336 1.3855192000046372
144000 8.907407407407407 0.001686052920599892 124.68518518518519 0.3117283950617284 135.5185185185185 45.333333333333336 0.0 45.333333333333336 1.361947299912572
146000 6.907407407407407 0.0008233506938214846 125.16666666666667 0.25771604938271603 135.5185185185185 45.333333333333336 0.0 45.333333333333336 1.4121630997397006
148000 7.2407407407407405 0.0016276650802870116 125.27777777777777 0.24228395061728392 135.5185185185185 45.333333333333336 0.0 45.333333333333336 1.4374513998627663
150000 4.2407407407407405 0.0015686824756912373 126.57407407407408 0.15277777777777773 135.5185185185185 45.333333333333336 0.0 45.333333333333336 1.7617832999676466
152000 3.074074074074074 0.0007838792384304455 127.14814814814815 0.16512345679012344 135.5185185185185 45.333333333333336 0.0 45.333333333333336 1.484892999753356
154000 4.148148148148148 0.0010683209775672565 127.31481481481481 0.16666666666666666 135.5185185185185 45.333333333333336 0.0 45.333333333333336 1.4732272997498512
156000 4.12962962962963 0.0007098610985806692 127.24074074074075 0.16820987654320985 135.5185185185185 45.333333333333336 0.0 45.333333333333336 1.411071099806577
158000 3.6666666666666665 0.001045423365307009 127.46296296296296 0.18827160493827158 135.5185185185185 45.333333333333336 0.0 45.333333333333336 1.5239784000441432
160000 4.87037037037037 0.0014489331649968583 127.07407407407408 0.1728395061728395 135.5185185185185 45.333333333333336 0.0 45.333333333333336 1.433383600320667
162000 4.685185185185185 0.0014331814126360481 126.72222222222223 0.18981481481481483 135.5185185185185 45.333333333333336 0.0 45.333333333333336 1.3923454000614583
164000 7.074074074074074 0.0020906751018586944 125.51851851851852 0.20833333333333334 135.5185185185185 45.333333333333336 0.018518518518518517 45.31481481481482 1.5412886999547482
166000 9.592592592592593 0.0027004432101597514 126.24074074074075 0.18518518518518517 135.5185185185185 45.333333333333336 0.0 45.333333333333336 1.3916772999800742
168000 5.018518518518518 0.001273394805954843 126.70370370370371 0.22067901234567902 135.5185185185185 45.333333333333336 0.018518518518518517 45.31481481481482 1.4199263998307288
170000 8.481481481481481 0.003244248078957881 125.25925925925925 0.3209876543209877 135.5185185185185 45.333333333333336 0.0 45.333333333333336 1.4145337003283203
172000 7.611111111111111 0.0026653028836435997 125.18518518518519 0.3287037037037038 135.5185185185185 45.333333333333336 0.0 45.333333333333336 1.5017772000283003
174000 18.962962962962962 0.007785355199450639 123.98148148148148 0.375 135.5185185185185 45.333333333333336 0.0 45.333333333333336 1.618904999922961
176000 12.555555555555555 -0.7773471075916412 124.16666666666667 0.20679012345679013 135.5185185185185 45.333333333333336 0.0 45.333333333333336 1.4215913000516593
178000 11.24074074074074 -0.90656773089349 124.25925925925925 0.2037037037037037 135.5185185185185 45.333333333333336 0.0 45.333333333333336 1.0507346000522375
180000 6.907407407407407 0.0018347676145273062 125.48148148148148 0.27006172839506176 135.5185185185185 45.333333333333336 0.0 45.333333333333336 1.4887423999607563
182000 6.055555555555555 0.002235248167572692 125.5 0.3287037037037038 135.5185185185185 45.333333333333336 0.0 45.333333333333336 1.4927634000778198
184000 3.074074074074074 -0.03613158847633736 127.05555555555556 0.22530864197530864 135.5185185185185 45.333333333333336 0.018518518518518517 45.31481481481482 1.3917891001328826
186000 16.537037037037038 -0.05045152457244324 124.81481481481481 0.2762345679012346 135.5185185185185 45.333333333333336 0.018518518518518517 45.31481481481482 1.4386040000244975
188000 10.055555555555555 -0.052933945892907425 125.68518518518519 0.23611111111111113 135.5185185185185 45.333333333333336 0.018518518518518517 45.31481481481482 1.3993477998301387
190000 12.833333333333334 -0.013439052069349845 125.24074074074075 0.21759259259259262 135.5185185185185 45.333333333333336 0.0 45.333333333333336 1.533682500012219
192000 25.11111111111111 -0.4206675823904155 123.44444444444444 0.3688271604938272 135.5185185185185 45.333333333333336 0.0 45.333333333333336 1.4104776000604033
194000 34.01851851851852 -0.3989778633849252 122.62962962962963 0.34876543209876537 135.5185185185185 45.333333333333336 0.0 45.333333333333336 1.3087194003164768
196000 98.0925925925926 -0.0660715950786357 118.46296296296296 0.5478395061728395 135.5185185185185 45.333333333333336 0.0 45.333333333333336 1.4218668998219073
198000 63.18518518518518 -0.058702741605628286 119.87037037037037 0.4799382716049382 135.5185185185185 45.333333333333336 0.0 45.333333333333336 1.452965899836272
200000 73.77777777777777 0.012699944644221573 119.07407407407408 0.5570987654320988 135.5185185185185 45.333333333333336 0.0 45.333333333333336 1.438894100021571
202000 52.51851851851852 0.014879748093188292 122.55555555555556 0.39969135802469136 135.5185185185185 45.333333333333336 0.0 45.333333333333336 1.5198890999890864
204000 67.62962962962963 0.015553654468772346 119.72222222222223 0.5385802469135802 135.5185185185185 45.333333333333336 0.0 45.333333333333336 1.458740099798888
206000 71.70370370370371 0.01773215416011609 119.61111111111111 0.5385802469135802 135.5185185185185 45.333333333333336 0.0 45.333333333333336 1.5182119999080896
208000 86.51851851851852 0.011691987877832629 119.12962962962963 0.5771604938271605 135.5185185185185 45.333333333333336 0.0 45.333333333333336 1.6014217003248632
210000 81.74074074074075 0.009300686139117154 118.96296296296296 0.5632716049382716 135.5185185185185 45.333333333333336 0.0 45.333333333333336 1.5847420999780297
212000 76.24074074074075 0.005348712308518736 119.16666666666667 0.5694444444444444 135.5185185185185 45.333333333333336 0.0 45.333333333333336 1.5077202999964356
214000 75.66666666666667 0.0050361381197094315 119.16666666666667 0.5632716049382716 135.5185185185185 45.333333333333336 0.0 45.333333333333336 1.4511432000435889
216000 80.27777777777777 0.008551923045290115 119.11111111111111 0.5694444444444444 135.5185185185185 45.333333333333336 0.0 45.333333333333336 1.5770753999240696
218000 134.9814814814815 0.036393190791345745 118.33333333333333 0.6203703703703702 135.5185185185185 45.333333333333336 0.0 45.333333333333336 1.5144107998348773
220000 140.62962962962962 0.040019947129083355 118.22222222222223 0.6203703703703702 135.5185185185185 45.333333333333336 0.0 45.333333333333336 1.4760866998694837
222000 140.62962962962962 0.040019947129083355 118.22222222222223 0.6203703703703702 135.5185185185185 45.333333333333336 0.0 45.333333333333336 1.4885573000647128
224000 140.62962962962962 0.040019947129083355 118.22222222222223 0.6203703703703702 135.5185185185185 45.333333333333336 0.0 45.333333333333336 1.4269269001670182
226000 222.77777777777777 0.08505029329915913 116.88888888888889 0.6141975308641975 135.5185185185185 45.333333333333336 0.0 45.333333333333336 1.5981761999428272
228000 234.77777777777777 0.0920221894350192 116.62962962962963 0.6141975308641975 135.5185185185185 45.333333333333336 0.0 45.333333333333336 1.4547163001261652
230000 234.77777777777777 0.0920221894350192 116.62962962962963 0.6141975308641975 135.5185185185185 45.333333333333336 0.0 45.333333333333336 1.3943385002203286
232000 234.77777777777777 0.0920221894350192 116.62962962962963 0.6141975308641975 135.5185185185185 45.333333333333336 0.0 45.333333333333336 1.443729099817574
234000 234.77777777777777 0.0920221894350192 116.62962962962963 0.6141975308641975 135.5185185185185 45.333333333333336 0.0 45.333333333333336 1.469101999886334
236000 234.77777777777777 0.0920221894350192 116.62962962962963 0.6141975308641975 135.5185185185185 45.333333333333336 0.0 45.333333333333336 1.4219352998770773
238000 234.96296296296296 0.09212003698176173 116.62962962962963 0.6141975308641975 135.5185185185185 45.333333333333336 0.0 45.333333333333336 1.479956700000912
240000 239.5 0.09266476946725291 117.20370370370371 0.6188271604938272 135.5185185185185 45.333333333333336 0.0 45.333333333333336 1.475715999957174
242000 239.5 0.09266476946725291 117.20370370370371 0.6188271604938272 135.5185185185185 45.333333333333336 0.0 45.333333333333336 1.3855288000777364
244000 239.5 0.09266476946725291 117.20370370370371 0.6188271604938272 135.5185185185185 45.333333333333336 0.0 45.333333333333336 1.4484176002442837
246000 239.5 0.09266476946725291 117.20370370370371 0.6188271604938272 135.5185185185185 45.333333333333336 0.0 45.333333333333336 1.4185061999596655
248000 239.5 0.09266476946725291 117.20370370370371 0.6188271604938272 135.5185185185185 45.333333333333336 0.0 45.333333333333336 1.4448279002681375
250000 239.5 0.09266476946725291 117.20370370370371 0.6188271604938272 135.5185185185185 45.333333333333336 0.0 45.333333333333336 1.5451858998276293
252000 239.5 0.09266476946725291 117.20370370370371 0.6188271604938272 135.5185185185185 45.333333333333336 0.0 45.333333333333336 1.5160300000570714
254000 239.5 0.09266476946725291 117.20370370370371 0.6188271604938272 135.5185185185185 45.333333333333336 0.0 45.333333333333336 1.5200954000465572
256000 239.5 0.09266476946725291 117.20370370370371 0.6188271604938272 135.5185185185185 45.333333333333336 0.0 45.333333333333336 1.455918099731207
258000 239.5 0.09266476946725291 117.20370370370371 0.6188271604938272 135.5185185185185 45.333333333333336 0.0 45.333333333333336 1.4084418001584709
260000 239.5 0.09266476946725291 117.20370370370371 0.6188271604938272 135.5185185185185 45.333333333333336 0.0 45.333333333333336 1.4423243002966046
262000 239.5 0.09266476946725291 117.20370370370371 0.6188271604938272 135.5185185185185 45.333333333333336 0.0 45.333333333333336 1.4566152999177575
264000 239.5 0.09266476946725291 117.20370370370371 0.6188271604938272 135.5185185185185 45.333333333333336 0.0 45.333333333333336 1.4995244001038373
266000 239.5 0.09266476946725291 117.20370370370371 0.6188271604938272 135.5185185185185 45.333333333333336 0.0 45.333333333333336 1.4515359001234174
268000 239.5 0.09266476946725291 117.20370370370371 0.6188271604938272 135.5185185185185 45.333333333333336 0.0 45.333333333333336 1.4455393999814987
270000 239.5 0.09266476946725291 117.20370370370371 0.6188271604938272 135.5185185185185 45.333333333333336 0.0 45.333333333333336 1.5036581000313163
272000 239.5 0.09266476946725291 117.20370370370371 0.6188271604938272 135.5185185185185 45.333333333333336 0.0 45.333333333333336 1.473495100159198
274000 239.5 0.09266476946725291 117.20370370370371 0.6188271604938272 135.5185185185185 45.333333333333336 0.0 45.333333333333336 1.4994828002527356
276000 239.5 0.09266476946725291 117.20370370370371 0.6188271604938272 135.5185185185185 45.333333333333336 0.0 45.333333333333336 1.4514525001868606
278000 239.5 0.09266476946725291 117.20370370370371 0.6188271604938272 135.5185185185185 45.333333333333336 0.0 45.333333333333336 1.4051675996743143
280000 239.5 0.09266476946725291 117.20370370370371 0.6188271604938272 135.5185185185185 45.333333333333336 0.0 45.333333333333336 1.48585609998554
282000 239.5 0.09266476946725291 117.20370370370371 0.6188271604938272 135.5185185185185 45.333333333333336 0.0 45.333333333333336 1.4507280001416802
284000 239.5 0.09266476946725291 117.20370370370371 0.6188271604938272 135.5185185185185 45.333333333333336 0.0 45.333333333333336 1.488845500163734
286000 239.5 0.09266476946725291 117.20370370370371 0.6188271604938272 135.5185185185185 45.333333333333336 0.0 45.333333333333336 1.4324104995466769
288000 239.5 0.09266476946725291 117.20370370370371 0.6188271604938272 135.5185185185185 45.333333333333336 0.0 45.333333333333336 1.4363680998794734
290000 239.5 0.09266476946725291 117.20370370370371 0.6188271604938272 135.5185185185185 45.333333333333336 0.0 45.333333333333336 1.4452043999917805
292000 239.5 0.09266476946725291 117.20370370370371 0.6188271604938272 135.5185185185185 45.333333333333336 0.0 45.333333333333336 1.4379698000848293
294000 239.5 0.09266476946725291 117.20370370370371 0.6188271604938272 135.5185185185185 45.333333333333336 0.0 45.333333333333336 1.4135495997034013
296000 239.5 0.09266476946725291 117.20370370370371 0.6188271604938272 135.5185185185185 45.333333333333336 0.0 45.333333333333336 1.4180542002432048
298000 239.5 0.09266476946725291 117.20370370370371 0.6188271604938272 135.5185185185185 45.333333333333336 0.0 45.333333333333336 1.3790460997261107
300000 239.5 0.09266476946725291 117.20370370370371 0.6188271604938272 135.5185185185185 45.333333333333336 0.0 45.333333333333336 1.4028948000632226
302000 239.5 0.09266476946725291 117.20370370370371 0.6188271604938272 135.5185185185185 45.333333333333336 0.0 45.333333333333336 1.417693399824202
304000 239.5 0.09266476946725291 117.20370370370371 0.6188271604938272 135.5185185185185 45.333333333333336 0.0 45.333333333333336 1.3519103000871837
306000 239.5 0.09266476946725291 117.20370370370371 0.6188271604938272 135.5185185185185 45.333333333333336 0.0 45.333333333333336 1.4562221001833677
308000 239.5 0.09266476946725291 117.20370370370371 0.6188271604938272 135.5185185185185 45.333333333333336 0.0 45.333333333333336 1.4221637998707592
310000 239.5 0.09266476946725291 117.20370370370371 0.6188271604938272 135.5185185185185 45.333333333333336 0.0 45.333333333333336 1.4141924995929003
312000 239.5 0.09266476946725291 117.20370370370371 0.6188271604938272 135.5185185185185 45.333333333333336 0.0 45.333333333333336 1.4967094999738038
314000 239.5 0.09266476946725291 117.20370370370371 0.6188271604938272 135.5185185185185 45.333333333333336 0.0 45.333333333333336 1.4127324996516109
316000 239.5 0.09266476946725291 117.20370370370371 0.6188271604938272 135.5185185185185 45.333333333333336 0.0 45.333333333333336 1.469690699595958
318000 239.5 0.09266476946725291 117.20370370370371 0.6188271604938272 135.5185185185185 45.333333333333336 0.0 45.333333333333336 1.4957865998148918
320000 239.5 0.09266476946725291 117.20370370370371 0.6188271604938272 135.5185185185185 45.333333333333336 0.0 45.333333333333336 1.463423399720341
322000 239.5 0.09266476946725291 117.20370370370371 0.6188271604938272 135.5185185185185 45.333333333333336 0.0 45.333333333333336 1.4389450000599027
324000 239.5 0.09266476946725291 117.20370370370371 0.6188271604938272 135.5185185185185 45.333333333333336 0.0 45.333333333333336 1.443741699680686
326000 239.5 0.09266476946725291 117.20370370370371 0.6188271604938272 135.5185185185185 45.333333333333336 0.0 45.333333333333336 1.4458479997701943
328000 239.5 0.09266476946725291 117.20370370370371 0.6188271604938272 135.5185185185185 45.333333333333336 0.0 45.333333333333336 1.4062806000001729
330000 239.5 0.09266476946725291 117.20370370370371 0.6188271604938272 135.5185185185185 45.333333333333336 0.0 45.333333333333336 1.4284144002012908
332000 223.6851851851852 -0.17444554935097475 117.42592592592592 0.6080246913580247 135.5185185185185 45.333333333333336 0.0 45.333333333333336 1.5596157000400126
334000 239.5 0.09266476946725291 117.20370370370371 0.6188271604938272 135.5185185185185 45.333333333333336 0.0 45.333333333333336 1.4253814001567662
336000 239.5 0.09266476946725291 117.20370370370371 0.6188271604938272 135.5185185185185 45.333333333333336 0.0 45.333333333333336 1.3646753998473287
338000 239.5 0.09266476946725291 117.20370370370371 0.6188271604938272 135.5185185185185 45.333333333333336 0.0 45.333333333333336 1.5070006996393204
340000 239.5 0.09266476946725291 117.20370370370371 0.6188271604938272 135.5185185185185 45.333333333333336 0.0 45.333333333333336 1.3851401000283659
342000 239.5 0.09266476946725291 117.20370370370371 0.6188271604938272 135.5185185185185 45.333333333333336 0.0 45.333333333333336 1.4284648997709155
344000 239.5 0.09266476946725291 117.20370370370371 0.6188271604938272 135.5185185185185 45.333333333333336 0.0 45.333333333333336 1.3999461000785232
346000 239.5 0.09266476946725291 117.20370370370371 0.6188271604938272 135.5185185185185 45.333333333333336 0.0 45.333333333333336 1.3993134000338614
348000 239.5 0.09266476946725291 117.20370370370371 0.6188271604938272 135.5185185185185 45.333333333333336 0.0 45.333333333333336 1.5315807000733912
350000 239.5 0.09266476946725291 117.20370370370371 0.6188271604938272 135.5185185185185 45.333333333333336 0.0 45.333333333333336 1.416956900153309
352000 239.5 0.09266476946725291 117.20370370370371 0.6188271604938272 135.5185185185185 45.333333333333336 0.0 45.333333333333336 1.4193774000741541
354000 239.5 0.09266476946725291 117.20370370370371 0.6188271604938272 135.5185185185185 45.333333333333336 0.0 45.333333333333336 1.5182964000850916
356000 239.5 0.09266476946725291 117.20370370370371 0.6188271604938272 135.5185185185185 45.333333333333336 0.0 45.333333333333336 1.349362500011921
358000 239.5 0.09266476946725291 117.20370370370371 0.6188271604938272 135.5185185185185 45.333333333333336 0.0 45.333333333333336 1.3987976997159421
360000 239.5 0.09266476946725291 117.20370370370371 0.6188271604938272 135.5185185185185 45.333333333333336 0.0 45.333333333333336 1.4876609998755157
362000 239.5 0.09266476946725291 117.20370370370371 0.6188271604938272 135.5185185185185 45.333333333333336 0.0 45.333333333333336 1.4550439999438822
364000 239.5 0.09266476946725291 117.20370370370371 0.6188271604938272 135.5185185185185 45.333333333333336 0.0 45.333333333333336 1.441338500007987
366000 239.5 0.09266476946725291 117.20370370370371 0.6188271604938272 135.5185185185185 45.333333333333336 0.0 45.333333333333336 1.4284161999821663
368000 239.5 0.09266476946725291 117.20370370370371 0.6188271604938272 135.5185185185185 45.333333333333336 0.0 45.333333333333336 1.4636979000642896
370000 239.5 0.09266476946725291 117.20370370370371 0.6188271604938272 135.5185185185185 45.333333333333336 0.0 45.333333333333336 1.3612930998206139
372000 239.5 0.09266476946725291 117.20370370370371 0.6188271604938272 135.5185185185185 45.333333333333336 0.0 45.333333333333336 1.4262860999442637
374000 239.5 0.09266476946725291 117.20370370370371 0.6188271604938272 135.5185185185185 45.333333333333336 0.0 45.333333333333336 1.4076491999439895
376000 239.5 0.09266476946725291 117.20370370370371 0.6188271604938272 135.5185185185185 45.333333333333336 0.0 45.333333333333336 1.5131033998914063
378000 239.5 0.09266476946725291 117.20370370370371 0.6188271604938272 135.5185185185185 45.333333333333336 0.0 45.333333333333336 1.4475639997981489
380000 239.5 0.09266476946725291 117.20370370370371 0.6188271604938272 135.5185185185185 45.333333333333336 0.0 45.333333333333336 1.3863762998953462
382000 239.5 0.09266476946725291 117.20370370370371 0.6188271604938272 135.5185185185185 45.333333333333336 0.0 45.333333333333336 1.5206423001363873
384000 239.5 0.09266476946725291 117.20370370370371 0.6188271604938272 135.5185185185185 45.333333333333336 0.0 45.333333333333336 1.5151738999411464
386000 239.5 0.09266476946725291 117.20370370370371 0.6188271604938272 135.5185185185185 45.333333333333336 0.0 45.333333333333336 1.4657975998707116
388000 239.5 0.09266476946725291 117.20370370370371 0.6188271604938272 135.5185185185185 45.333333333333336 0.0 45.333333333333336 1.5132994996383786
390000 239.5 0.09266476946725291 117.20370370370371 0.6188271604938272 135.5185185185185 45.333333333333336 0.0 45.333333333333336 1.4678822001442313
392000 239.5 0.09266476946725291 117.20370370370371 0.6188271604938272 135.5185185185185 45.333333333333336 0.0 45.333333333333336 1.4063861998729408
394000 239.5 0.09266476946725291 117.20370370370371 0.6188271604938272 135.5185185185185 45.333333333333336 0.0 45.333333333333336 1.4363670996390283
396000 239.5 0.09266476946725291 117.20370370370371 0.6188271604938272 135.5185185185185 45.333333333333336 0.0 45.333333333333336 1.441789799835533
398000 239.5 0.09266476946725291 117.20370370370371 0.6188271604938272 135.5185185185185 45.333333333333336 0.0 45.333333333333336 1.4892323999665678
400000 239.5 0.09266476946725291 117.20370370370371 0.6188271604938272 135.5185185185185 45.333333333333336 0.0 45.333333333333336 1.4676401996985078
402000 239.5 0.09266476946725291 117.20370370370371 0.6188271604938272 135.5185185185185 45.333333333333336 0.0 45.333333333333336 1.3965479000471532
404000 239.5 0.09266476946725291 117.20370370370371 0.6188271604938272 135.5185185185185 45.333333333333336 0.0 45.333333333333336 1.4308043997734785
406000 239.5 0.09266476946725291 117.20370370370371 0.6188271604938272 135.5185185185185 45.333333333333336 0.0 45.333333333333336 1.472731199581176
408000 239.5 0.09266476946725291 117.20370370370371 0.6188271604938272 135.5185185185185 45.333333333333336 0.0 45.333333333333336 1.421624599955976
410000 239.5 0.09266476946725291 117.20370370370371 0.6188271604938272 135.5185185185185 45.333333333333336 0.0 45.333333333333336 1.3877591998316348
412000 239.5 0.09266476946725291 117.20370370370371 0.6188271604938272 135.5185185185185 45.333333333333336 0.0 45.333333333333336 1.465738299768418
414000 239.5 0.09266476946725291 117.20370370370371 0.6188271604938272 135.5185185185185 45.333333333333336 0.0 45.333333333333336 1.5500043998472393
416000 239.5 0.09266476946725291 117.20370370370371 0.6188271604938272 135.5185185185185 45.333333333333336 0.0 45.333333333333336 1.4046021001413465
418000 239.5 0.09266476946725291 117.20370370370371 0.6188271604938272 135.5185185185185 45.333333333333336 0.0 45.333333333333336 1.4598330999724567
420000 239.5 0.09266476946725291 117.20370370370371 0.6188271604938272 135.5185185185185 45.333333333333336 0.0 45.333333333333336 1.4546318999491632
422000 239.5 0.09266476946725291 117.20370370370371 0.6188271604938272 135.5185185185185 45.333333333333336 0.0 45.333333333333336 1.5143101001158357
424000 239.5 0.09266476946725291 117.20370370370371 0.6188271604938272 135.5185185185185 45.333333333333336 0.0 45.333333333333336 1.5370108997449279
426000 239.5 0.09266476946725291 117.20370370370371 0.6188271604938272 135.5185185185185 45.333333333333336 0.0 45.333333333333336 1.4638433996587992
428000 239.5 0.09266476946725291 117.20370370370371 0.6188271604938272 135.5185185185185 45.333333333333336 0.0 45.333333333333336 1.5338980997912586
430000 239.5 0.09266476946725291 117.20370370370371 0.6188271604938272 135.5185185185185 45.333333333333336 0.0 45.333333333333336 1.4666423997841775
432000 239.5 0.09266476946725291 117.20370370370371 0.6188271604938272 135.5185185185185 45.333333333333336 0.0 45.333333333333336 1.4283988000825047
434000 239.5 0.09266476946725291 117.20370370370371 0.6188271604938272 135.5185185185185 45.333333333333336 0.0 45.333333333333336 1.4110996001400054
436000 239.5 0.09266476946725291 117.20370370370371 0.6188271604938272 135.5185185185185 45.333333333333336 0.0 45.333333333333336 1.5298262001015246
438000 239.5 0.09266476946725291 117.20370370370371 0.6188271604938272 135.5185185185185 45.333333333333336 0.0 45.333333333333336 1.47994240000844
440000 239.5 0.09266476946725291 117.20370370370371 0.6188271604938272 135.5185185185185 45.333333333333336 0.0 45.333333333333336 1.401082799769938
442000 239.5 0.09266476946725291 117.20370370370371 0.6188271604938272 135.5185185185185 45.333333333333336 0.0 45.333333333333336 1.4516015001572669
444000 239.5 0.09266476946725291 117.20370370370371 0.6188271604938272 135.5185185185185 45.333333333333336 0.0 45.333333333333336 1.4517761999741197
446000 239.5 0.09266476946725291 117.20370370370371 0.6188271604938272 135.5185185185185 45.333333333333336 0.0 45.333333333333336 1.5053034001030028
448000 239.5 0.09266476946725291 117.20370370370371 0.6188271604938272 135.5185185185185 45.333333333333336 0.0 45.333333333333336 1.4763643997721374
450000 239.5 0.09266476946725291 117.20370370370371 0.6188271604938272 135.5185185185185 45.333333333333336 0.0 45.333333333333336 1.429488199763
452000 239.5 0.09266476946725291 117.20370370370371 0.6188271604938272 135.5185185185185 45.333333333333336 0.0 45.333333333333336 1.5083536999300122
454000 239.5 0.09266476946725291 117.20370370370371 0.6188271604938272 135.5185185185185 45.333333333333336 0.0 45.333333333333336 1.5826967000029981
456000 239.5 0.09266476946725291 117.20370370370371 0.6188271604938272 135.5185185185185 45.333333333333336 0.0 45.333333333333336 1.406245999969542
458000 239.5 0.09266476946725291 117.20370370370371 0.6188271604938272 135.5185185185185 45.333333333333336 0.0 45.333333333333336 1.4952511000446975
460000 239.5 0.09266476946725291 117.20370370370371 0.6188271604938272 135.5185185185185 45.333333333333336 0.0 45.333333333333336 1.391398400068283
462000 239.5 0.09266476946725291 117.20370370370371 0.6188271604938272 135.5185185185185 45.333333333333336 0.0 45.333333333333336 1.4396543996408582
464000 239.5 0.09266476946725291 117.20370370370371 0.6188271604938272 135.5185185185185 45.333333333333336 0.0 45.333333333333336 1.3692325996235013
466000 239.5 0.09266476946725291 117.20370370370371 0.6188271604938272 135.5185185185185 45.333333333333336 0.0 45.333333333333336 1.403384800069034
468000 239.5 0.09266476946725291 117.20370370370371 0.6188271604938272 135.5185185185185 45.333333333333336 0.0 45.333333333333336 1.3749893996864557
470000 239.5 0.09266476946725291 117.20370370370371 0.6188271604938272 135.5185185185185 45.333333333333336 0.0 45.333333333333336 1.4809359000064433
472000 239.5 0.09266476946725291 117.20370370370371 0.6188271604938272 135.5185185185185 45.333333333333336 0.0 45.333333333333336 1.4255849001929164
474000 239.5 0.09266476946725291 117.20370370370371 0.6188271604938272 135.5185185185185 45.333333333333336 0.0 45.333333333333336 1.496251500211656
476000 239.5 0.09266476946725291 117.20370370370371 0.6188271604938272 135.5185185185185 45.333333333333336 0.0 45.333333333333336 1.3976229997351766
478000 239.5 0.09266476946725291 117.20370370370371 0.6188271604938272 135.5185185185185 45.333333333333336 0.0 45.333333333333336 1.4662945000454783
480000 239.5 0.09266476946725291 117.20370370370371 0.6188271604938272 135.5185185185185 45.333333333333336 0.0 45.333333333333336 1.4966810997575521
482000 239.5 0.09266476946725291 117.20370370370371 0.6188271604938272 135.5185185185185 45.333333333333336 0.0 45.333333333333336 1.468649699818343
484000 239.5 0.09266476946725291 117.20370370370371 0.6188271604938272 135.5185185185185 45.333333333333336 0.0 45.333333333333336 1.487224300391972
486000 239.5 0.09266476946725291 117.20370370370371 0.6188271604938272 135.5185185185185 45.333333333333336 0.0 45.333333333333336 1.5081064999103546
488000 239.5 0.09266476946725291 117.20370370370371 0.6188271604938272 135.5185185185185 45.333333333333336 0.0 45.333333333333336 1.5048147002235055
490000 239.5 0.09266476946725291 117.20370370370371 0.6188271604938272 135.5185185185185 45.333333333333336 0.0 45.333333333333336 1.2957327999174595
492000 239.5 0.09266476946725291 117.20370370370371 0.6188271604938272 135.5185185185185 45.333333333333336 0.0 45.333333333333336 1.3236932000145316
494000 239.5 0.09266476946725291 117.20370370370371 0.6188271604938272 135.5185185185185 45.333333333333336 0.0 45.333333333333336 1.244227200280875
496000 239.5 0.09266476946725291 117.20370370370371 0.6188271604938272 135.5185185185185 45.333333333333336 0.0 45.333333333333336 1.1314878002740443
498000 239.5 0.09266476946725291 117.20370370370371 0.6188271604938272 135.5185185185185 45.333333333333336 0.0 45.333333333333336 1.106818400323391
500000 239.5 0.09266476946725291 117.20370370370371 0.6188271604938272 135.5185185185185 45.333333333333336 0.0 45.333333333333336 1.0805139997974038
