2000 0.09615384615384616 -0.3076141967318482 38.117505692307695 0.057692307692307696 45.286538461538456 45.30769230769231 0.0 45.30769230769231 1.692187299951911
4000 0.15384615384615385 -0.5384368008391396 37.225761192307694 0.10256410256410256 45.286538461538456 45.30769230769231 0.0 45.30769230769231 1.6581393999513239
6000 0.3076923076923077 -0.24993139111038007 35.83501951923077 0.23237179487179488 45.286538461538456 45.30769230769231 0.0 45.30769230769231 1.9427693000761792
8000 0.5192307692307693 -0.9807692090545299 36.2015785 0.2371794871794872 45.286538461538456 45.30769230769231 0.0 45.30769230769231 2.4967445998918265
10000 0.5384615384615384 -0.749985727442605 35.753741961538466 0.23237179487179488 45.286538461538456 45.30769230769231 0.0 45.30769230769231 2.3279295000247657
12000 0.36538461538461536 -0.07680319198505953 34.26085734615384 0.32532051282051283 45.286538461538456 45.30769230769231 0.0 45.30769230769231 2.9475617998978123
14000 0.36538461538461536 3.264595722191831e-05 34.15157850000001 0.33333333333333337 45.286538461538456 45.30769230769231 0.0 45.30769230769231 2.9201318999985233
16000 0.36538461538461536 7.381139483585092e-05 34.19004003846154 0.3285256410256411 45.286538461538456 45.30769230769231 0.0 45.30769230769231 2.6342022999888286
18000 0.1346153846153846 5.226811589937354e-05 36.84763619230769 0.1330128205128205 45.286538461538456 45.30769230769231 0.0 45.30769230769231 2.6349267999175936
20000 0.11538461538461539 -0.15378731500428225 38.15749196153846 0.07211538461538462 45.286538461538456 45.30769230769231 0.0 45.30769230769231 2.8932983999839053
22000 0.1346153846153846 -0.07671850220899616 37.65524607692308 0.10576923076923075 45.286538461538456 45.30769230769231 0.0 45.30769230769231 2.5744221000932157
24000 0.36538461538461536 -0.018976293193619036 35.76071311538462 0.2403846153846154 45.286538461538456 45.30769230769231 0.0 45.30769230769231 2.7263130999635905
26000 0.17307692307692307 0.00014950728536022824 37.49356338461539 0.08814102564102563 45.286538461538456 45.30769230769231 0.0 45.30769230769231 2.572134199901484
28000 0.09615384615384616 -0.057657056211613 37.85019799999999 0.08173076923076923 45.286538461538456 45.30769230769231 0.0 45.30769230769231 2.804181999992579
30000 0.09615384615384616 -0.03842429228633513 37.84178453846154 0.08173076923076923 45.286538461538456 45.30769230769231 0.0 45.30769230769231 2.9122036999324337
32000 0.11538461538461539 7.469284401043847e-05 38.07481338461538 0.057692307692307696 45.286538461538456 45.30769230769231 0.0 45.30769230769231 3.3257835999829695
34000 0.11538461538461539 -0.07687574720458573 38.014415038461536 0.08493589743589744 45.286538461538456 45.30769230769231 0.0 45.30769230769231 2.798631999990903
36000 0.15384615384615385 -0.1538047337816566 37.91686696153847 0.08333333333333334 45.286538461538456 45.30769230769231 0.0 45.30769230769231 3.0382073000073433
38000 0.15384615384615385 6.052055096971306e-05 37.4976361923077 0.08012820512820513 45.286538461538456 45.30769230769231 0.0 45.30769230769231 3.1227988000027835
40000 0.15384615384615385 -0.17301531480623888 37.40821311538462 0.09134615384615383 45.286538461538456 45.30769230769231 0.0 45.30769230769231 2.7582792999455705
42000 0.11538461538461539 -0.03838568009341947 37.703563384615386 0.10256410256410256 45.286538461538456 45.30769230769231 0.0 45.30769230769231 3.0393698000116274
44000 0.11538461538461539 -0.038400300886730576 37.737217230769225 0.07852564102564102 45.286538461538456 45.30769230769231 0.0 45.30769230769231 2.609240499907173
46000 0.15384615384615385 9.166998019811094e-05 37.630505192307695 0.09775641025641026 45.286538461538456 45.30769230769231 0.0 45.30769230769231 2.936995600000955
48000 0.17307692307692307 7.991022579226889e-05 37.33273234615385 0.1137820512820513 45.286538461538456 45.30769230769231 0.0 45.30769230769231 2.9551316000288352
50000 0.17307692307692307 -0.09608826935601893 37.531482346153844 0.08333333333333333 45.286538461538456 45.30769230769231 0.0 45.30769230769231 2.621735000051558
52000 0.17307692307692307 -0.09609148661495404 37.546386192307686 0.08974358974358974 45.286538461538456 45.30769230769231 0.0 45.30769230769231 2.6444255000678822
54000 0.15384615384615385 9.94862344344476e-05 36.87109773076924 0.1169871794871795 45.286538461538456 45.30769230769231 0.0 45.30769230769231 2.957767599960789
56000 0.1346153846153846 6.250413406758968e-05 37.5101361923077 0.08493589743589744 45.286538461538456 45.30769230769231 0.0 45.30769230769231 3.138137000030838
58000 0.21153846153846154 0.00014664393481492817 37.2178285 0.08974358974358974 45.286538461538456 45.30769230769231 0.0 45.30769230769231 2.9633279000408947
60000 0.21153846153846154 5.649113857215688e-05 36.74417465384616 0.09935897435897435 45.286538461538456 45.30769230769231 0.0 45.30769230769231 2.775655899895355
62000 0.25 -0.03831080796437824 37.413899923076926 0.05448717948717949 45.286538461538456 45.30769230769231 0.0 45.30769230769231 2.6754884999245405
64000 0.1346153846153846 -0.01917077659851961 37.575232346153854 0.07532051282051283 45.286538461538456 45.30769230769231 0.019230769230769232 45.28846153846154 3.166014799964614
66000 0.23076923076923078 -0.05760434074150885 36.76100157692308 0.10096153846153846 45.286538461538456 45.30769230769231 0.0 45.30769230769231 2.724479900090955
68000 0.19230769230769232 0.00010088320199403436 36.66580926923076 0.1185897435897436 45.286538461538456 45.30769230769231 0.0 45.30769230769231 2.869207500014454
70000 0.3269230769230769 0.0001373354341995145 36.9788861923077 0.16506410256410253 45.286538461538456 45.30769230769231 0.0 45.30769230769231 2.7713613000232726
72000 0.21153846153846154 0.00014678513253957298 37.185136192307695 0.15384615384615385 45.286538461538456 45.30769230769231 0.0 45.30769230769231 3.000974199967459
74000 0.3269230769230769 0.00010835540942451613 36.64186696153846 0.17307692307692307 45.286538461538456 45.30769230769231 0.019230769230769232 45.28846153846154 2.7370423999382183
76000 0.28846153846153844 3.0992153510358075e-05 36.630328500000005 0.18108974358974358 45.286538461538456 45.30769230769231 0.019230769230769232 45.28846153846154 2.719241500017233
78000 0.28846153846153844 6.901435021947235e-05 36.84667465384616 0.18108974358974358 45.286538461538456 45.30769230769231 0.019230769230769232 45.28846153846154 2.8102035999763757
80000 0.28846153846153844 3.893432348531175e-05 36.96686696153846 0.14423076923076922 45.286538461538456 45.30769230769231 0.019230769230769232 45.28846153846154 2.723409799975343
82000 0.3076923076923077 0.00010281340035776102 37.28843290384615 0.10897435897435896 45.286538461538456 45.30769230769231 0.019230769230769232 45.28846153846154 2.8709957000100985
84000 0.17307692307692307 9.596772590212469e-05 37.678886192307694 0.09775641025641027 45.286538461538456 45.30769230769231 0.019230769230769232 45.28846153846154 2.681245999992825
86000 0.11538461538461539 4.450706485123756e-05 37.763501576923076 0.11698717948717949 45.286538461538456 45.30769230769231 0.0 45.30769230769231 3.0661738999187946
88000 0.09615384615384616 3.783575685616034e-05 37.95668838461539 0.0592948717948718 45.286538461538456 45.30769230769231 0.0 45.30769230769231 3.0562975000357255
90000 0.11538461538461539 0.00011231738572412304 37.531770807692304 0.1217948717948718 45.286538461538456 45.30769230769231 0.0 45.30769230769231 2.901026799925603
92000 0.25 0.0002483021819652225 36.85138619230769 0.14102564102564102 45.286538461538456 45.30769230769231 0.0 45.30769230769231 2.9194153000134975
94000 0.09615384615384616 7.135418000633688e-05 37.249380692307696 0.13942307692307693 45.286538461538456 45.30769230769231 0.019230769230769232 45.28846153846154 3.252065600012429
96000 0.09615384615384616 -0.3076521037466535 38.21279415384616 0.07852564102564102 45.286538461538456 45.30769230769231 0.0 45.30769230769231 2.559175300062634
98000 0.09615384615384616 -0.26919418674777074 38.36665903846154 0.07692307692307693 45.286538461538456 45.30769230769231 0.0 45.30769230769231 2.818961700075306
100000 0.11538461538461539 -0.3076760725238315 38.25997478846154 0.08814102564102565 45.286538461538456 45.30769230769231 0.0 45.30769230769231 2.8994381999364123
102000 0.19230769230769232 -0.21143214842165972 38.202703 0.09775641025641026 45.286538461538456 45.30769230769231 0.0 45.30769230769231 2.8054063000017777
104000 0.34615384615384615 -0.2307243800379672 37.45661096153846 0.16025641025641024 45.286538461538456 45.30769230769231 0.019230769230769232 45.28846153846154 2.645128699950874
106000 0.3076923076923077 -0.01919543957134552 37.62082800000001 0.10576923076923077 45.286538461538456 45.30769230769231 0.019230769230769232 45.28846153846154 2.6345155000453815
108000 0.3269230769230769 -0.019197570809312333 37.45891865384616 0.13141025641025642 45.286538461538456 45.30769230769231 0.019230769230769232 45.28846153846154 2.6451931999763474
110000 0.36538461538461536 -0.21146538438717588 37.072636192307705 0.14102564102564102 45.286538461538456 45.30769230769231 0.019230769230769232 45.28846153846154 2.936894099926576
112000 0.3269230769230769 -0.09607603124084584 37.27225157692308 0.141025641025641 45.286538461538456 45.30769230769231 0.019230769230769232 45.28846153846154 2.646901899948716
114000 0.28846153846153844 -0.3268309165530457 37.19955926923078 0.1330128205128205 45.286538461538456 45.30769230769231 0.019230769230769232 45.28846153846154 2.446553000016138
116000 0.15384615384615385 -0.03833290787132502 37.27479925000001 0.08173076923076923 45.286538461538456 45.30769230769231 0.0 45.30769230769231 2.698983300011605
118000 0.1346153846153846 -0.09610534556657012 37.36205926923077 0.09935897435897437 45.286538461538456 45.30769230769231 0.0 45.30769230769231 2.730637100059539
120000 0.1346153846153846 -0.36536469475290645 37.37576078846154 0.10096153846153846 45.286538461538456 45.30769230769231 0.0 45.30769230769231 2.600898899952881
122000 0.1346153846153846 -0.5191959684619366 37.53922232692308 0.09455128205128206 45.286538461538456 45.30769230769231 0.0 45.30769230769231 2.8641654000384733
124000 0.1346153846153846 -0.5961399395641797 37.55244388461539 0.13141025641025642 45.286538461538456 45.30769230769231 0.0 45.30769230769231 2.6113606999861076
126000 0.11538461538461539 -0.8653801459156482 38.57111146153846 0.08653846153846152 45.286538461538456 45.30769230769231 0.0 45.30769230769231 2.238277900032699
128000 0.1346153846153846 -0.46150023536600027 37.645328500000005 0.1378205128205128 45.286538461538456 45.30769230769231 0.0 45.30769230769231 2.558566499967128
130000 0.17307692307692307 -0.499958581296295 37.497251576923084 0.10416666666666667 45.286538461538456 45.30769230769231 0.0 45.30769230769231 3.031827999977395
132000 0.38461538461538464 -0.2691407005655894 37.09917465384616 0.16025641025641024 45.286538461538456 45.30769230769231 0.019230769230769232 45.28846153846154 2.5486956000095233
134000 0.36538461538461536 -0.11528965957619933 36.98802080769231 0.14423076923076922 45.286538461538456 45.30769230769231 0.019230769230769232 45.28846153846154 2.7405607000691816
136000 0.3269230769230769 -0.3653436062510926 37.214943884615394 0.1314102564102564 45.286538461538456 45.30769230769231 0.019230769230769232 45.28846153846154 2.981128100072965
138000 0.34615384615384615 -0.03836780705860242 36.287540038461536 0.19230769230769232 45.286538461538456 45.30769230769231 0.019230769230769232 45.28846153846154 2.9895643999334425
140000 0.6153846153846154 0.00021819436124587144 35.89754003846154 0.20352564102564102 45.286538461538456 45.30769230769231 0.019230769230769232 45.28846153846154 3.399934499990195
142000 0.5 0.0002336497167790519 36.004751576923084 0.18749999999999997 45.286538461538456 45.30769230769231 0.019230769230769232 45.28846153846154 2.821368800010532
144000 0.5 0.00017755718098372113 36.04667465384615 0.15224358974358973 45.286538461538456 45.30769230769231 0.019230769230769232 45.28846153846154 2.716910499962978
146000 0.36538461538461536 -0.019114662204868748 35.94571311538462 0.17948717948717946 45.286538461538456 45.30769230769231 0.019230769230769232 45.28846153846154 2.8855454999720678
148000 0.23076923076923078 -0.5384239777967572 37.5615785 0.08814102564102563 45.286538461538456 45.30769230769231 0.0 45.30769230769231 2.9043146000476554
150000 0.23076923076923078 -0.28843482565502926 37.33080926923076 0.10737179487179487 45.286538461538456 45.30769230769231 0.019230769230769232 45.28846153846154 3.1218346999958158
152000 0.28846153846153844 -0.44228827159718354 37.70254003846155 0.10256410256410256 45.286538461538456 45.30769230769231 0.019230769230769232 45.28846153846154 3.290200400049798
154000 0.28846153846153844 -0.03839647170245506 37.17311696153846 0.14903846153846154 45.286538461538456 45.30769230769231 0.019230769230769232 45.28846153846154 2.860298400046304
156000 0.23076923076923078 0.00015748473267477965 36.584751576923075 0.15705128205128208 45.286538461538456 45.30769230769231 0.019230769230769232 45.28846153846154 3.0081234000390396
158000 0.17307692307692307 -0.05757050732657901 36.42321311538461 0.1971153846153846 45.286538461538456 45.30769230769231 0.019230769230769232 45.28846153846154 2.6441320000449196
160000 0.19230769230769232 -0.6730672078923112 37.864511192307695 0.1201923076923077 45.286538461538456 45.30769230769231 0.0 45.30769230769231 2.5313112000003457
162000 0.1346153846153846 -0.5383907269914933 37.13923646153847 0.1618589743589744 45.286538461538456 45.30769230769231 0.0 45.30769230769231 2.389947000076063
164000 0.4423076923076923 0.00012038853370821655 34.51696311538463 0.2916666666666667 45.286538461538456 45.30769230769231 0.0 45.30769230769231 2.594181300024502
166000 0.38461538461538464 -0.019159861446704854 34.709270807692306 0.30128205128205127 45.286538461538456 45.30769230769231 0.0 45.30769230769231 2.733645200030878
168000 0.38461538461538464 -0.15378462969904197 35.304188384615394 0.26121794871794873 45.286538461538456 45.30769230769231 0.0 45.30769230769231 2.77769839996472
170000 0.11538461538461539 -0.4422459447759083 37.521448 0.1650641025641026 45.286538461538456 45.30769230769231 0.0 45.30769230769231 2.6487944000400603
172000 0.11538461538461539 -0.6153298856796003 37.53635184615385 0.171474358974359 45.286538461538456 45.30769230769231 0.0 45.30769230769231 2.1998755999375135
174000 0.17307692307692307 -0.03837712958937672 36.859621076923084 0.157051282051282 45.286538461538456 45.30769230769231 0.0 45.30769230769231 2.6009609000757337
176000 0.17307692307692307 -0.11536266051245003 37.19571311538462 0.08814102564102563 45.286538461538456 45.30769230769231 0.0 45.30769230769231 2.5606730000581592
178000 0.11538461538461539 -0.09608051009925135 37.35404415384615 0.1506410256410256 45.286538461538456 45.30769230769231 0.0 45.30769230769231 2.897180199972354
180000 0.1346153846153846 -0.07689033202375019 37.41558261538461 0.12980769230769226 45.286538461538456 45.30769230769231 0.0 45.30769230769231 2.6990098000969738
182000 0.09615384615384616 -0.5961176431812254 38.497313384615374 0.07852564102564102 45.286538461538456 45.30769230769231 0.0 45.30769230769231 2.4879966999869794
184000 0.09615384615384616 -0.42302679820809114 38.47808261538461 0.09294871794871794 45.286538461538456 45.30769230769231 0.0 45.30769230769231 2.8719526999630034
186000 0.1346153846153846 -0.21144266470975134 37.52231338461538 0.15705128205128205 45.286538461538456 45.30769230769231 0.0 45.30769230769231 2.795416000066325
188000 0.17307692307692307 -0.038386377262186314 37.63653042307693 0.10897435897435896 45.286538461538456 45.30769230769231 0.0 45.30769230769231 2.898460099939257
190000 0.11538461538461539 -0.11532779111273224 37.71702492307692 0.11698717948717946 45.286538461538456 45.30769230769231 0.0 45.30769230769231 2.753320000017993
192000 0.25 -0.03834221197094891 36.742828500000016 0.14423076923076922 45.286538461538456 45.30769230769231 0.0 45.30769230769231 2.894508700002916
194000 0.1346153846153846 -0.13452197169736776 37.11302080769232 0.12339743589743589 45.286538461538456 45.30769230769231 0.0 45.30769230769231 2.5808818000368774
196000 0.1346153846153846 -0.6538300045396497 38.298838115384626 0.09455128205128206 45.286538461538456 45.30769230769231 0.0 45.30769230769231 2.5128610000247136
198000 0.15384615384615385 -0.5192081655448072 37.880424653846156 0.08012820512820513 45.286538461538456 45.30769230769231 0.0 45.30769230769231 2.490169099997729
200000 0.2692307692307692 -0.44224473683350224 37.31311696153846 0.1346153846153846 45.286538461538456 45.30769230769231 0.0 45.30769230769231 2.7036702999612316
202000 0.1346153846153846 -0.30759887371824424 36.24667465384615 0.2419871794871795 45.286538461538456 45.30769230769231 0.0 45.30769230769231 2.390101399971172
204000 0.09615384615384616 -0.49997089493480024 37.1898958076923 0.20673076923076922 45.286538461538456 45.30769230769231 0.0 45.30769230769231 2.474026700016111
206000 0.09615384615384616 -0.34607855227813544 36.79388619230769 0.1971153846153846 45.286538461538456 45.30769230769231 0.0 45.30769230769231 2.770530999987386
208000 0.09615384615384616 -0.42304847194681183 37.59085734615384 0.18429487179487178 45.286538461538456 45.30769230769231 0.0 45.30769230769231 2.6776233999989927
210000 0.09615384615384616 -0.4807463654277532 37.485774923076924 0.1971153846153846 45.286538461538456 45.30769230769231 0.0 45.30769230769231 2.5090838000178337
212000 0.11538461538461539 -0.28842015209983074 37.26225157692308 0.17147435897435898 45.286538461538456 45.30769230769231 0.0 45.30769230769231 2.6468339000130072
214000 0.09615384615384616 -0.30758963146241636 37.418613019230754 0.18429487179487178 45.286538461538456 45.30769230769231 0.0 45.30769230769231 2.5399968000128865
216000 0.11538461538461539 -0.42301032651501624 37.09657849999999 0.18108974358974358 45.286538461538456 45.30769230769231 0.0 45.30769230769231 2.7451929999515414
218000 0.11538461538461539 -0.5960957085382055 37.132363019230766 0.18108974358974358 45.286538461538456 45.30769230769231 0.0 45.30769230769231 2.516128099989146
220000 0.11538461538461539 -0.7884167647567838 37.17983190384616 0.1875 45.286538461538456 45.30769230769231 0.0 45.30769230769231 2.4803047999739647
222000 0.11538461538461539 -0.49991025205818634 36.68664186538461 0.21474358974358973 45.286538461538456 45.30769230769231 0.0 45.30769230769231 2.6858240000437945
224000 0.1346153846153846 -0.3267874921110393 36.730809269230754 0.19551282051282054 45.286538461538456 45.30769230769231 0.0 45.30769230769231 2.5457294000079855
226000 0.1346153846153846 -0.15374236185710055 36.82407849999999 0.18910256410256412 45.286538461538456 45.30769230769231 0.0 45.30769230769231 2.7121700999559835
228000 0.15384615384615385 -0.11529578211957515 37.10965542307692 0.15224358974358973 45.286538461538456 45.30769230769231 0.0 45.30769230769231 2.579911299981177
230000 0.11538461538461539 -0.153788077199113 37.23412657692308 0.16185897435897434 45.286538461538456 45.30769230769231 0.0 45.30769230769231 2.8237866000272334
232000 0.1346153846153846 -0.11532526663045548 37.272443884615384 0.16185897435897434 45.286538461538456 45.30769230769231 0.0 45.30769230769231 2.561472799978219
234000 0.1346153846153846 -0.23069078811690957 37.460184269230766 0.15544871794871792 45.286538461538456 45.30769230769231 0.0 45.30769230769231 2.6214830999961123
236000 0.15384615384615385 -0.15375195059834063 37.030857346153844 0.18910256410256412 45.286538461538456 45.30769230769231 0.0 45.30769230769231 3.02134420000948
238000 0.1346153846153846 -0.19222740454053186 36.87231338461539 0.21634615384615385 45.286538461538456 45.30769230769231 0.0 45.30769230769231 3.0146439999807626
240000 0.15384615384615385 -0.23063969214262195 37.13806888461539 0.19391025641025642 45.286538461538456 45.30769230769231 0.0 45.30769230769231 2.5179243000457063
242000 0.1346153846153846 -0.1345538582341286 36.850761192307694 0.1794871794871795 45.286538461538456 45.30769230769231 0.0 45.30769230769231 2.7141931999940425
244000 0.1346153846153846 -0.21148078536633289 37.04731338461538 0.16346153846153846 45.286538461538456 45.30769230769231 0.0 45.30769230769231 2.6704228000016883
246000 0.11538461538461539 -0.21140237368483727 37.143357346153856 0.17948717948717954 45.286538461538456 45.30769230769231 0.0 45.30769230769231 2.6573864999227226
248000 0.1346153846153846 -0.2498797711804019 37.01955926923077 0.14903846153846154 45.286538461538456 45.30769230769231 0.0 45.30769230769231 2.7123597000027075
250000 0.11538461538461539 -0.3460567871271168 37.133020807692304 0.16666666666666666 45.286538461538456 45.30769230769231 0.0 45.30769230769231 2.6504605000372976
252000 0.21153846153846154 -0.2883004223845131 36.90225157692308 0.19871794871794873 45.286538461538456 45.30769230769231 0.0 45.30769230769231 2.7113246000371873
254000 0.19230769230769232 -0.17292007812412175 36.56186696153847 0.2307692307692308 45.286538461538456 45.30769230769231 0.0 45.30769230769231 2.8046817999565974
256000 0.1346153846153846 -0.09602184574408083 36.4351361923077 0.22435897435897434 45.286538461538456 45.30769230769231 0.0 45.30769230769231 3.3912246000254527
258000 0.1346153846153846 -0.13448353407881583 36.79629003846154 0.1971153846153846 45.286538461538456 45.30769230769231 0.0 45.30769230769231 3.010076200007461
260000 0.17307692307692307 -0.1152312524967948 36.59186696153847 0.1971153846153846 45.286538461538456 45.30769230769231 0.0 45.30769230769231 3.027750000008382
262000 0.15384615384615385 -0.2883262409199646 36.74302080769231 0.19230769230769232 45.286538461538456 45.30769230769231 0.0 45.30769230769231 2.6733349999412894
264000 0.15384615384615385 -0.1728769781115395 36.3501361923077 0.2243589743589744 45.286538461538456 45.30769230769231 0.0 45.30769230769231 2.8591960000339895
266000 0.1346153846153846 -0.1344758721379538 36.36600157692308 0.20833333333333334 45.286538461538456 45.30769230769231 0.0 45.30769230769231 2.6130191000411287
268000 0.15384615384615385 -0.019058138792127456 36.279463115384615 0.21314102564102566 45.286538461538456 45.30769230769231 0.0 45.30769230769231 2.9328754000598565
270000 0.1346153846153846 -0.019174411775712136 36.4601361923077 0.17147435897435898 45.286538461538456 45.30769230769231 0.0 45.30769230769231 2.807739599957131
272000 0.15384615384615385 -0.03831875402320691 36.5126361923077 0.18589743589743588 45.286538461538456 45.30769230769231 0.0 45.30769230769231 2.8407179000787437
274000 0.1346153846153846 5.255661773992735e-05 36.65580926923077 0.1875 45.286538461538456 45.30769230769231 0.0 45.30769230769231 2.6553308999864385
276000 0.1346153846153846 -0.0960747921240083 36.73763619230769 0.16987179487179488 45.286538461538456 45.30769230769231 0.0 45.30769230769231 2.720597399980761
278000 0.1346153846153846 -0.11528140410862239 36.578886192307706 0.14262820512820512 45.286538461538456 45.30769230769231 0.0 45.30769230769231 3.1235133999725804
280000 0.23076923076923078 -0.11525733334367659 36.355809269230775 0.157051282051282 45.286538461538456 45.30769230769231 0.0 45.30769230769231 2.7558754000347108
282000 0.19230769230769232 -0.2114255772531038 36.215424653846156 0.20352564102564102 45.286538461538456 45.30769230769231 0.0 45.30769230769231 2.53454939997755
284000 0.19230769230769232 -0.19220619189516702 35.95100157692308 0.18108974358974358 45.286538461538456 45.30769230769231 0.0 45.30769230769231 2.56612899992615
286000 0.19230769230769232 -0.13450513862132069 35.69585734615384 0.18589743589743593 45.286538461538456 45.30769230769231 0.0 45.30769230769231 2.6820013999240473
288000 0.2692307692307692 -0.115237056347712 35.62590542307692 0.24198717948717954 45.286538461538456 45.30769230769231 0.0 45.30769230769231 2.539305599988438
290000 0.25 -0.21149560259666836 36.25258811538461 0.24839743589743588 45.286538461538456 45.30769230769231 0.0 45.30769230769231 2.7762129999464378
292000 0.23076923076923078 -0.28837455971567916 36.458116961538465 0.2532051282051282 45.286538461538456 45.30769230769231 0.0 45.30769230769231 2.920316500007175
294000 0.23076923076923078 -0.24986444898406862 36.66830926923077 0.19230769230769232 45.286538461538456 45.30769230769231 0.0 45.30769230769231 2.767693999921903
296000 0.1346153846153846 -0.42303867469022804 37.17359773076924 0.14262820512820512 45.286538461538456 45.30769230769231 0.0 45.30769230769231 2.7102400000439957
298000 0.17307692307692307 -0.26911574462069504 37.04802080769231 0.2003205128205128 45.286538461538456 45.30769230769231 0.0 45.30769230769231 2.943374399910681
300000 0.25 -0.28821696942285874 36.7005208076923 0.16826923076923078 45.286538461538456 45.30769230769231 0.0 45.30769230769231 2.7120826999889687
302000 0.1346153846153846 -0.42292194205902633 37.12191503846153 0.1794871794871795 45.286538461538456 45.30769230769231 0.0 45.30769230769231 2.5625636000186205
304000 0.21153846153846154 -0.13447709857928813 36.36701119230769 0.20512820512820512 45.286538461538456 45.30769230769231 0.0 45.30769230769231 3.0439256000099704
306000 0.23076923076923078 -0.11520343628245085 36.3323958076923 0.21153846153846156 45.286538461538456 45.30769230769231 0.0 45.30769230769231 2.5397732999408618
308000 0.19230769230769232 -0.09592488664954295 36.63080926923077 0.20352564102564102 45.286538461538456 45.30769230769231 0.0 45.30769230769231 2.8893675999715924
310000 0.21153846153846154 -0.038319259001463706 36.39282849999999 0.20673076923076922 45.286538461538456 45.30769230769231 0.0 45.30769230769231 2.8068006000248715
312000 0.19230769230769232 -0.09605699164077416 36.638982346153846 0.20352564102564102 45.286538461538456 45.30769230769231 0.0 45.30769230769231 3.1329600000754
314000 0.11538461538461539 -0.38454287934903736 37.33508811538461 0.14903846153846154 45.286538461538456 45.30769230769231 0.0 45.30769230769231 2.709401599946432
316000 0.28846153846153844 -0.2498561441363353 36.79417465384615 0.1618589743589744 45.286538461538456 45.30769230769231 0.0 45.30769230769231 2.904508200008422
318000 0.3076923076923077 -0.07678574299279768 36.578886192307685 0.1955128205128205 45.286538461538456 45.30769230769231 0.0 45.30769230769231 2.9287861000047997
320000 0.25 -0.09604776474295702 36.25665217307692 0.1474358974358974 45.286538461538456 45.30769230769231 0.0 45.30769230769231 3.0461819999618456
322000 0.23076923076923078 -0.07684421235540763 36.757251576923075 0.1266025641025641 45.286538461538456 45.30769230769231 0.0 45.30769230769231 2.769504399970174
324000 0.25 -0.0768305220570711 36.89955926923077 0.14583333333333331 45.286538461538456 45.30769230769231 0.0 45.30769230769231 2.868359199957922
326000 0.23076923076923078 -0.2306750456539835 37.54090542307693 0.10737179487179487 45.286538461538456 45.30769230769231 0.0 45.30769230769231 3.0638835999416187
328000 0.25 -0.2883954271770181 37.20186696153847 0.1298076923076923 45.286538461538456 45.30769230769231 0.0 45.30769230769231 2.7994304999010637
330000 0.25 -0.4229834696385615 37.6278285 0.11217948717948717 45.286538461538456 45.30769230769231 0.0 45.30769230769231 2.9620213999878615
332000 0.2692307692307692 -0.34604565945680726 37.64417465384616 0.1137820512820513 45.286538461538456 45.30769230769231 0.0 45.30769230769231 2.770397900021635
334000 0.25 -0.30760204434334926 37.537059269230774 0.1201923076923077 45.286538461538456 45.30769230769231 0.0 45.30769230769231 2.9993771000299603
336000 0.3076923076923077 -0.3268701382116141 37.418309269230775 0.13942307692307693 45.286538461538456 45.30769230769231 0.0 45.30769230769231 3.0598098000045866
338000 0.21153846153846154 -0.557651189716879 37.84090542307693 0.1201923076923077 45.286538461538456 45.30769230769231 0.0 45.30769230769231 2.6939675000030547
340000 0.19230769230769232 -0.5960895952341635 38.01265098076923 0.09935897435897435 45.286538461538456 45.30769230769231 0.0 45.30769230769231 3.1227513999911025
342000 0.15384615384615385 -0.6345486636272734 38.11498611538462 0.09134615384615384 45.286538461538456 45.30769230769231 0.0 45.30769230769231 2.714535400038585
344000 0.21153846153846154 -0.5383605314130316 37.6042708076923 0.14423076923076922 45.286538461538456 45.30769230769231 0.0 45.30769230769231 2.4366965999361128
346000 0.17307692307692307 -0.6345151360950536 37.62999196153846 0.15064102564102563 45.286538461538456 45.30769230769231 0.0 45.30769230769231 2.674024699954316
348000 0.25 -0.49988567475893136 37.375184269230765 0.14743589743589744 45.286538461538456 45.30769230769231 0.0 45.30769230769231 2.481820100103505
350000 0.3076923076923077 -0.4998247886752942 37.12133811538462 0.16987179487179488 45.286538461538456 45.30769230769231 0.0 45.30769230769231 2.831891900044866
352000 0.3076923076923077 -0.3074830789461975 36.32566503846154 0.20512820512820515 45.286538461538456 45.30769230769231 0.0 45.30769230769231 2.7015344999963418
354000 0.3269230769230769 -0.5382771805674952 36.918068884615394 0.18269230769230768 45.286538461538456 45.30769230769231 0.0 45.30769230769231 2.7411070000380278
356000 0.28846153846153844 -0.5383523812278239 36.886722730769236 0.16666666666666669 45.286538461538456 45.30769230769231 0.0 45.30769230769231 2.663966700085439
358000 0.40384615384615385 -0.40367620615561106 36.279270807692306 0.19871794871794873 45.286538461538456 45.30769230769231 0.0 45.30769230769231 3.411689299973659
360000 0.34615384615384615 -0.40374431413679857 36.22455926923079 0.24038461538461542 45.286538461538456 45.30769230769231 0.0 45.30769230769231 2.7699260000372306
362000 0.40384615384615385 -0.40366431672698605 36.379511192307696 0.21955128205128208 45.286538461538456 45.30769230769231 0.0 45.30769230769231 3.2717185000656173
364000 0.4230769230769231 -0.28826946320224756 36.22085734615385 0.23237179487179488 45.286538461538456 45.30769230769231 0.0 45.30769230769231 2.899432700010948
366000 0.40384615384615385 -0.23062125972190978 36.30484773076923 0.2195512820512821 45.286538461538456 45.30769230769231 0.0 45.30769230769231 2.9121531000128016
368000 0.3269230769230769 -0.057488196696278034 35.914559269230764 0.22916666666666666 45.286538461538456 45.30769230769231 0.0 45.30769230769231 3.077562400023453
370000 0.5 0.0002495694022445807 34.87792465384615 0.2435897435897436 45.286538461538456 45.30769230769231 0.0 45.30769230769231 3.1162826000945643
372000 0.25 -0.019051024803678592 35.55821311538462 0.16826923076923078 45.286538461538456 45.30769230769231 0.0 45.30769230769231 2.9979968999978155
374000 0.34615384615384615 0.00022173080869898439 35.22984773076922 0.203525641025641 45.286538461538456 45.30769230769231 0.0 45.30769230769231 2.7899094000458717
376000 0.34615384615384615 0.00018836702741144865 35.351963115384606 0.22916666666666669 45.286538461538456 45.30769230769231 0.0 45.30769230769231 3.083964499994181
378000 0.38461538461538464 0.00015184665363893586 35.33657849999999 0.20512820512820512 45.286538461538456 45.30769230769231 0.0 45.30769230769231 3.1473151999525726
380000 0.34615384615384615 0.00017258142740308964 34.97927080769231 0.22275641025641027 45.286538461538456 45.30769230769231 0.0 45.30769230769231 3.0616462000180036
382000 0.25 0.0001526362089424316 35.34427080769231 0.20352564102564102 45.286538461538456 45.30769230769231 0.0 45.30769230769231 2.9793640000279993
384000 0.25 0.00017664792267580514 35.49273234615384 0.19230769230769232 45.286538461538456 45.30769230769231 0.0 45.30769230769231 3.1664218999212608
386000 0.19230769230769232 0.00013096605021167463 35.86696311538461 0.16666666666666666 45.286538461538456 45.30769230769231 0.0 45.30769230769231 3.1907108000013977
388000 0.19230769230769232 0.00011835081588973375 35.51725157692307 0.17628205128205127 45.286538461538456 45.30769230769231 0.0 45.30769230769231 3.2187570999376476
390000 0.19230769230769232 0.0001163762955475288 35.70965542307692 0.15544871794871792 45.286538461538456 45.30769230769231 0.0 45.30769230769231 3.146342399995774
392000 0.28846153846153844 0.00015821107996079147 35.3340785 0.15865384615384615 45.286538461538456 45.30769230769231 0.0 45.30769230769231 2.9203724999679253
394000 0.28846153846153844 0.00013794726953463032 35.39946311538461 0.16506410256410253 45.286538461538456 45.30769230769231 0.0 45.30769230769231 2.961479700054042
396000 0.2692307692307692 9.232963862395083e-05 35.40330926923077 0.1987179487179487 45.286538461538456 45.30769230769231 0.0 45.30769230769231 3.0735089000081643
398000 0.34615384615384615 8.881858598952795e-05 35.20484773076923 0.2163461538461538 45.286538461538456 45.30769230769231 0.0 45.30769230769231 2.982132700039074
400000 0.36538461538461536 0.00010278532585337045 34.95715542307693 0.22275641025641027 45.286538461538456 45.30769230769231 0.0 45.30769230769231 2.899102299939841
402000 0.36538461538461536 0.00011064047428351015 34.89754003846154 0.21153846153846154 45.286538461538456 45.30769230769231 0.0 45.30769230769231 3.226736899930984
404000 0.36538461538461536 0.0002120514943550268 34.87157849999999 0.21634615384615385 45.286538461538456 45.30769230769231 0.0 45.30769230769231 3.371672800043598
406000 0.34615384615384615 0.00021166727967379155 34.86484773076922 0.21634615384615385 45.286538461538456 45.30769230769231 0.0 45.30769230769231 3.01518899993971
408000 0.3269230769230769 0.0001519362315116687 34.908116961538454 0.21634615384615385 45.286538461538456 45.30769230769231 0.019230769230769232 45.28846153846154 3.031254900037311
410000 0.3076923076923077 0.00014329570494662756 34.90138619230768 0.21474358974358976 45.286538461538456 45.30769230769231 0.019230769230769232 45.28846153846154 3.2420900999568403
412000 0.3269230769230769 0.0001484868471943268 34.87350157692307 0.21634615384615385 45.286538461538456 45.30769230769231 0.019230769230769232 45.28846153846154 3.6058675000676885
414000 0.3269230769230769 0.0001914220513630788 34.890809269230765 0.22275641025641027 45.286538461538456 45.30769230769231 0.0 45.30769230769231 3.2478434999939054
416000 0.34615384615384615 0.0001822985665851389 34.937924653846146 0.21314102564102566 45.286538461538456 45.30769230769231 0.019230769230769232 45.28846153846154 3.0866989999776706
418000 0.3269230769230769 0.00014547891725133076 34.913886192307686 0.22275641025641027 45.286538461538456 45.30769230769231 0.019230769230769232 45.28846153846154 2.82814400002826
420000 0.34615384615384615 0.00019404991631584637 35.00715542307692 0.21314102564102566 45.286538461538456 45.30769230769231 0.0 45.30769230769231 3.0031495000002906
422000 0.34615384615384615 0.00019808309284067256 34.91100157692307 0.21314102564102566 45.286538461538456 45.30769230769231 0.0 45.30769230769231 2.9305868999799713
424000 0.34615384615384615 -0.019038945087825686 35.10907849999999 0.21314102564102566 45.286538461538456 45.30769230769231 0.0 45.30769230769231 3.0475928999949247
426000 0.28846153846153844 0.00011440238303165282 35.17830926923076 0.21314102564102566 45.286538461538456 45.30769230769231 0.0 45.30769230769231 3.285574599984102
428000 0.3076923076923077 0.0001213093383851998 35.18407849999999 0.21314102564102566 45.286538461538456 45.30769230769231 0.0 45.30769230769231 2.983865699963644
430000 0.3269230769230769 0.0001260825757535439 35.047540038461534 0.21314102564102566 45.286538461538456 45.30769230769231 0.0 45.30769230769231 3.120961399981752
432000 0.3076923076923077 0.00012545432770362552 35.01388619230769 0.20833333333333334 45.286538461538456 45.30769230769231 0.0 45.30769230769231 3.0500239999964833
434000 0.2692307692307692 0.00010792798032612896 35.02446311538461 0.20673076923076922 45.286538461538456 45.30769230769231 0.0 45.30769230769231 3.3066021000267938
436000 0.34615384615384615 -0.038345212223708736 35.31580926923076 0.17467948717948717 45.286538461538456 45.30769230769231 0.0 45.30769230769231 3.0407389000756666
438000 0.5 0.00025441047518780013 35.13023234615384 0.2371794871794872 45.286538461538456 45.30769230769231 0.0 45.30769230769231 3.200202399981208
440000 0.4230769230769231 -0.01899472690708489 35.56638619230769 0.21474358974358973 45.286538461538456 45.30769230769231 0.0 45.30769230769231 2.8991513000801206
442000 0.4230769230769231 0.00019924812060315893 35.30965542307692 0.22115384615384615 45.286538461538456 45.30769230769231 0.0 45.30769230769231 2.9494337000651285
444000 0.5 0.00022062834714432796 35.48080926923077 0.21474358974358973 45.286538461538456 45.30769230769231 0.0 45.30769230769231 3.319137300015427
446000 0.4807692307692308 0.00018194225138344107 35.374078499999996 0.22435897435897434 45.286538461538456 45.30769230769231 0.0 45.30769230769231 2.8157643999438733
448000 0.4807692307692308 0.00021441966579731705 35.5567708076923 0.20673076923076922 45.286538461538456 45.30769230769231 0.0 45.30769230769231 2.9394968000706285
450000 0.4807692307692308 0.00019870501257766092 35.46638619230769 0.22916666666666666 45.286538461538456 45.30769230769231 0.0 45.30769230769231 2.9194097999716178
452000 0.5192307692307693 0.00020253228678210696 35.35580926923076 0.23237179487179488 45.286538461538456 45.30769230769231 0.0 45.30769230769231 2.832397200050764
454000 0.46153846153846156 0.00016938183307388724 35.5115785 0.2387820512820513 45.286538461538456 45.30769230769231 0.0 45.30769230769231 2.8916389999212697
456000 0.4807692307692308 0.00019032810164534492 35.58984773076924 0.22596153846153846 45.286538461538456 45.30769230769231 0.0 45.30769230769231 3.331346399965696
458000 0.4807692307692308 0.00022237540816870145 35.50427080769232 0.22115384615384615 45.286538461538456 45.30769230769231 0.0 45.30769230769231 3.003404999966733
460000 0.4230769230769231 0.0001736667069349601 35.58600157692309 0.21634615384615385 45.286538461538456 45.30769230769231 0.0 45.30769230769231 3.1953781000338495
462000 0.4230769230769231 0.0001689659218247423 35.593693884615384 0.21634615384615385 45.286538461538456 45.30769230769231 0.0 45.30769230769231 3.0392703999532387
464000 0.4423076923076923 0.00015458970301308382 35.72638619230769 0.21794871794871795 45.286538461538456 45.30769230769231 0.0 45.30769230769231 2.8700708999531344
466000 0.46153846153846156 0.00017461921190871572 35.34657850000001 0.20673076923076922 45.286538461538456 45.30769230769231 0.0 45.30769230769231 2.9037161000305787
468000 0.46153846153846156 0.00016706999262890645 35.59946311538462 0.2051282051282051 45.286538461538456 45.30769230769231 0.0 45.30769230769231 2.6366629999829456
470000 0.46153846153846156 0.00016705323899939941 35.58561696153846 0.21634615384615385 45.286538461538456 45.30769230769231 0.0 45.30769230769231 2.431270999950357
472000 0.4423076923076923 0.00016778177282286583 35.01254003846154 0.2371794871794872 45.286538461538456 45.30769230769231 0.0 45.30769230769231 2.550731400027871
474000 0.4807692307692308 0.0001902982763525673 34.93177080769231 0.25801282051282054 45.286538461538456 45.30769230769231 0.0 45.30769230769231 2.3101408999646083
476000 0.46153846153846156 0.00017361964492597663 35.287540038461536 0.24839743589743593 45.286538461538456 45.30769230769231 0.0 45.30769230769231 2.339298199978657
478000 0.46153846153846156 0.00018441512672079193 35.00869388461538 0.2516025641025641 45.286538461538456 45.30769230769231 0.0 45.30769230769231 2.2966273000929505
480000 0.4423076923076923 0.0001673353631317846 35.30004003846154 0.23076923076923078 45.286538461538456 45.30769230769231 0.0 45.30769230769231 2.190638400032185
482000 0.4423076923076923 0.00016048338075995094 35.43465542307693 0.2371794871794872 45.286538461538456 45.30769230769231 0.0 45.30769230769231 2.158691900083795
484000 0.4423076923076923 0.00016768680201247638 35.466386192307695 0.2387820512820513 45.286538461538456 45.30769230769231 0.0 45.30769230769231 2.3045925999758765
486000 0.5576923076923077 0.00021278270199989884 35.31638619230769 0.26121794871794873 45.286538461538456 45.30769230769231 0.0 45.30769230769231 2.294057699968107
488000 0.5 0.00020218574213393034 35.60869388461539 0.2435897435897436 45.286538461538456 45.30769230769231 0.0 45.30769230769231 2.3046525000827387
490000 0.5 0.00020348726313090956 35.552924653846155 0.25000000000000006 45.286538461538456 45.30769230769231 0.0 45.30769230769231 2.279475499992259
492000 0.46153846153846156 0.00015481791634708325 35.676963115384616 0.2355769230769231 45.286538461538456 45.30769230769231 0.0 45.30769230769231 2.316850099945441
494000 0.4423076923076923 0.00017778972291640404 35.590424653846156 0.24519230769230774 45.286538461538456 45.30769230769231 0.0 45.30769230769231 2.539131100056693
496000 0.5 0.00025121016461101696 34.95773234615385 0.27243589743589747 45.286538461538456 45.30769230769231 0.0 45.30769230769231 2.1685891000088304
498000 0.5 0.0002490953330496836 34.795232346153846 0.264423076923077 45.286538461538456 45.30769230769231 0.0 45.30769230769231 1.8642908000620082
500000 0.46153846153846156 0.0002500336749276634 35.14234773076924 0.2580128205128206 45.286538461538456 45.30769230769231 0.0 45.30769230769231 1.5419919999549165
