2000 0.9615384615384616 -0.596075429532574 39.287210769230775 0.0737179487179487 45.286538461538456 45.30769230769231 0.0 45.30769230769231 1.149544000159949
4000 6.576923076923077 -0.20969920994685226 36.25542192307692 0.17948717948717946 45.286538461538456 45.30769230769231 0.0 45.30769230769231 1.3541681999340653
6000 2.423076923076923 -0.9421495840082283 37.77009265384614 0.13782051282051283 45.286538461538456 45.30769230769231 0.0 45.30769230769231 1.2364413999021053
8000 5.346153846153846 -0.19066420322614352 36.73699971153845 0.15384615384615385 45.286538461538456 45.30769230769231 0.0 45.30769230769231 1.413268500007689
10000 7.961538461538462 -0.05617241821752047 35.795465423076934 0.2243589743589743 45.286538461538456 45.30769230769231 0.0 45.30769230769231 1.3890299000777304
12000 6.038461538461538 -0.09532309844723533 36.675689788461554 0.16346153846153846 45.286538461538456 45.30769230769231 0.0 45.30769230769231 1.3813903001137078
14000 5.173076923076923 -0.133761673179094 36.983382096153846 0.16666666666666669 45.286538461538456 45.30769230769231 0.0 45.30769230769231 1.4492877000011504
16000 4.3076923076923075 -0.03782598139920956 36.69808488461538 0.15865384615384615 45.286538461538456 45.30769230769231 0.0 45.30769230769231 1.407664899714291
18000 1.6346153846153846 -1.0 38.30038384615384 0.10256410256410257 45.286538461538456 45.30769230769231 0.0 45.30769230769231 1.1190671999938786
20000 1.6346153846153846 -1.0 38.30038384615384 0.10256410256410257 45.286538461538456 45.30769230769231 0.0 45.30769230769231 1.164850200060755
22000 2.519230769230769 0.00041788444996094024 37.15117055769231 0.12339743589743589 45.286538461538456 45.30769230769231 0.0 45.30769230769231 1.5149298002943397
24000 1.1730769230769231 -1.0 38.6511705576923 0.08493589743589743 45.286538461538456 45.30769230769231 0.0 45.30769230769231 1.3443231000564992
26000 0.9807692307692307 -1.0 38.93480692307691 0.07051282051282051 45.286538461538456 45.30769230769231 0.0 45.30769230769231 1.045850499998778
28000 2.1538461538461537 -1.0 37.15309363461539 0.2003205128205128 45.286538461538456 45.30769230769231 0.0 45.30769230769231 1.2768252999521792
30000 2.019230769230769 -0.15356894794095016 37.53516094230769 0.13942307692307693 45.286538461538456 45.30769230769231 0.019230769230769232 45.28846153846154 1.4633130002766848
32000 1.2307692307692308 -0.42299277580149136 38.109824403846154 0.10737179487179488 45.286538461538456 45.30769230769231 0.0 45.30769230769231 1.522016600240022
34000 2.826923076923077 -0.28780307127825167 37.62091346153848 0.09935897435897435 45.286538461538456 45.30769230769231 0.0 45.30769230769231 1.3675689999945462
36000 2.0961538461538463 -0.057495706867117954 37.793959019230776 0.09134615384615384 45.286538461538456 45.30769230769231 0.0 45.30769230769231 1.4622553996741772
38000 4.653846153846154 -0.21019375426941395 37.39947115384617 0.11698717948717949 45.286538461538456 45.30769230769231 0.0 45.30769230769231 1.3921030997298658
40000 1.75 -0.23057112772583171 38.119920557692325 0.08814102564102565 45.286538461538456 45.30769230769231 0.0 45.30769230769231 1.3075918001122773
42000 2.5384615384615383 -0.018714258612544256 37.77393369230771 0.09455128205128206 45.286538461538456 45.30769230769231 0.0 45.30769230769231 1.2890354003757238
44000 2.019230769230769 0.0004195532446243846 37.93915132692308 0.07852564102564102 45.286538461538456 45.30769230769231 0.0 45.30769230769231 1.2810912001878023
46000 2.3461538461538463 0.00046742994444486135 37.55117055769232 0.09134615384615384 45.286538461538456 45.30769230769231 0.0 45.30769230769231 1.232816900126636
48000 2.7115384615384617 0.0008135883463624928 36.948933692307705 0.16506410256410253 45.286538461538456 45.30769230769231 0.0 45.30769230769231 1.2734866999089718
50000 3.1346153846153846 0.00035140855943634555 37.89387451923076 0.12019230769230768 45.286538461538456 45.30769230769231 0.019230769230769232 45.28846153846154 1.3773345998488367
52000 2.980769230769231 0.0007100552867865661 37.52848990384614 0.11057692307692307 45.286538461538456 45.30769230769231 0.019230769230769232 45.28846153846154 1.3270788001827896
54000 1.7692307692307692 -0.2688964683967525 37.28513346153846 0.1987179487179487 45.286538461538456 45.30769230769231 0.0 45.30769230769231 1.5197275998070836
56000 1.4038461538461537 -0.48057524430853515 37.849535942307696 0.15705128205128208 45.286538461538456 45.30769230769231 0.0 45.30769230769231 1.3287021000869572
58000 2.1346153846153846 -0.4803082759147423 37.636433692307705 0.15224358974358976 45.286538461538456 45.30769230769231 0.0 45.30769230769231 1.164272400084883
60000 3.230769230769231 0.0006602544976996449 37.21864523076923 0.16666666666666666 45.286538461538456 45.30769230769231 0.0 45.30769230769231 1.4983407999388874
62000 2.8461538461538463 0.0006146898310374287 37.64239523076923 0.11378205128205127 45.286538461538456 45.30769230769231 0.0 45.30769230769231 1.4411662998609245
64000 4.461538461538462 0.0008364756324284298 37.76864523076923 0.09294871794871794 45.286538461538456 45.30769230769231 0.0 45.30769230769231 1.5205366997979581
66000 2.230769230769231 -0.17262619839939738 37.524728249999995 0.17948717948717946 45.286538461538456 45.30769230769231 0.019230769230769232 45.28846153846154 1.4074955000542104
68000 4.596153846153846 -0.05684633280355516 37.45261286538462 0.10737179487179487 45.286538461538456 45.30769230769231 0.0 45.30769230769231 1.4558120998553932
70000 13.076923076923077 -0.18732180976517265 36.01166298076923 0.2387820512820513 45.286538461538456 45.30769230769231 0.0 45.30769230769231 1.3655094001442194
72000 5.961538461538462 0.0014825381710072752 37.117676961538464 0.1474358974358974 45.286538461538456 45.30769230769231 0.0 45.30769230769231 1.4889150001108646
74000 6.961538461538462 -0.055518713574547664 37.31690773076923 0.14102564102564102 45.286538461538456 45.30769230769231 0.0 45.30769230769231 1.4307320001535118
76000 3.8461538461538463 -0.15332921832557267 37.353697673076915 0.1266025641025641 45.286538461538456 45.30769230769231 0.0 45.30769230769231 1.3759584999643266
78000 2.8653846153846154 -0.5767461431162616 37.99840921153847 0.10737179487179487 45.286538461538456 45.30769230769231 0.0 45.30769230769231 1.3591141002252698
80000 2.173076923076923 -0.6343686381773629 38.64109278846155 0.08493589743589743 45.286538461538456 45.30769230769231 0.0 45.30769230769231 1.5329952002502978
82000 1.9807692307692308 -0.634274597475074 38.558400480769244 0.11698717948717949 45.286538461538456 45.30769230769231 0.0 45.30769230769231 1.3615782000124454
84000 1.8846153846153846 -0.9229886548936693 38.705515865384626 0.08974358974358973 45.286538461538456 45.30769230769231 0.0 45.30769230769231 1.104125099722296
86000 1.1153846153846154 -0.9230696215187773 38.980515865384625 0.0592948717948718 45.286538461538456 45.30769230769231 0.0 45.30769230769231 1.1850628000684083
88000 6.5 0.002279979337266845 36.43951061538463 0.25961538461538464 45.286538461538456 45.30769230769231 0.0 45.30769230769231 1.4548832001164556
90000 8.403846153846153 -1.0 35.30443528846154 0.27724358974358976 45.286538461538456 45.30769230769231 0.0 45.30769230769231 1.0587521996349096
92000 3.5576923076923075 -0.9807675945345188 37.54584099999999 0.14423076923076922 45.286538461538456 45.30769230769231 0.0 45.30769230769231 1.1510675000026822
94000 9.5 -1.0 35.09481990384616 0.29006410256410253 45.286538461538456 45.30769230769231 0.0 45.30769230769231 1.0409892001189291
96000 8.807692307692308 -0.6893318609094006 36.65609740384615 0.16987179487179488 45.286538461538456 45.30769230769231 0.0 45.30769230769231 1.2499872003681958
98000 6.134615384615385 -0.7475033517221158 37.16917192307692 0.15384615384615383 45.286538461538456 45.30769230769231 0.0 45.30769230769231 1.255713100079447
100000 3.5961538461538463 -0.6149362240156839 37.28499611538461 0.141025641025641 45.286538461538456 45.30769230769231 0.0 45.30769230769231 1.258206699974835
102000 4.461538461538462 -0.48004818129249777 36.531919192307676 0.1971153846153846 45.286538461538456 45.30769230769231 0.0 45.30769230769231 1.3623453001491725
104000 12.0 -0.7300463358934295 34.859924807692316 0.29166666666666663 45.286538461538456 45.30769230769231 0.0 45.30769230769231 1.3237439999356866
106000 7.9423076923076925 -0.42125485585645195 36.012809423076924 0.22916666666666669 45.286538461538456 45.30769230769231 0.0 45.30769230769231 1.3857915000990033
108000 9.403846153846153 -0.22914246173627315 34.90992480769231 0.28365384615384615 45.286538461538456 45.30769230769231 0.0 45.30769230769231 1.2748451996594667
110000 3.8076923076923075 -0.1529475490344518 36.51977632692308 0.17307692307692307 45.286538461538456 45.30769230769231 0.019230769230769232 45.28846153846154 1.4095579995773733
112000 3.9615384615384617 0.0010005881138184362 37.65549748076923 0.11217948717948717 45.286538461538456 45.30769230769231 0.0 45.30769230769231 1.4000877998769283
114000 4.423076923076923 -0.056669352210468434 37.26724884615384 0.16987179487179485 45.286538461538456 45.30769230769231 0.0 45.30769230769231 1.395793099887669
116000 7.865384615384615 -0.1313363305918473 36.60776098076923 0.14423076923076922 45.286538461538456 45.30769230769231 0.0 45.30769230769231 1.3424542997963727
118000 8.134615384615385 -0.2467910496475558 36.32644230769231 0.1346153846153846 45.286538461538456 45.30769230769231 0.0 45.30769230769231 1.5876277997158468
120000 7.0 -1.0 36.28966346153846 0.15705128205128208 45.286538461538456 45.30769230769231 0.0 45.30769230769231 1.6137440004386008
122000 7.230769230769231 -0.9421307926048368 36.35745192307692 0.13782051282051283 45.286538461538456 45.30769230769231 0.0 45.30769230769231 1.2724864999763668
124000 6.923076923076923 -0.9807569904196325 36.378125000000004 0.14423076923076925 45.286538461538456 45.30769230769231 0.0 45.30769230769231 1.3449430000036955
126000 13.51923076923077 -0.9035346761811582 33.775684557692294 0.3076923076923077 45.286538461538456 45.30769230769231 0.0 45.30769230769231 1.3813654999248683
128000 14.346153846153847 -0.8261607710775085 33.87039609615384 0.2932692307692308 45.286538461538456 45.30769230769231 0.0 45.30769230769231 1.3225642000325024
130000 12.634615384615385 -0.8067680252044183 34.91973169230769 0.23878205128205127 45.286538461538456 45.30769230769231 0.0 45.30769230769231 1.303421599790454
132000 10.961538461538462 -0.055211166722117344 36.39908226923077 0.18108974358974358 45.286538461538456 45.30769230769231 0.0 45.30769230769231 1.4156774003058672
134000 8.423076923076923 -0.1524208067981671 37.078574403846154 0.14102564102564102 45.286538461538456 45.30769230769231 0.0 45.30769230769231 1.486305100377649
136000 11.807692307692308 0.0022633832723587054 35.32989523076923 0.2852564102564103 45.286538461538456 45.30769230769231 0.0 45.30769230769231 1.6722869998775423
138000 10.403846153846153 0.001768603113974713 36.3587463076923 0.16987179487179485 45.286538461538456 45.30769230769231 0.0 45.30769230769231 1.5522984000854194
140000 9.76923076923077 0.0012665850060500639 36.44256042307692 0.16025641025641024 45.286538461538456 45.30769230769231 0.0 45.30769230769231 1.5297190002165735
142000 13.961538461538462 -0.01596925643768143 35.53193473076924 0.2243589743589744 45.286538461538456 45.30769230769231 0.0 45.30769230769231 1.5170315997675061
144000 18.403846153846153 -0.40017779755424004 33.88757561538461 0.30128205128205127 45.286538461538456 45.30769230769231 0.0 45.30769230769231 1.4987143999896944
146000 15.596153846153847 -0.07270348882713841 34.444675653846154 0.27884615384615385 45.286538461538456 45.30769230769231 0.019230769230769232 45.28846153846154 1.527631999924779
148000 19.153846153846153 -0.7281609894408749 33.942696442307685 0.2836538461538462 45.286538461538456 45.30769230769231 0.0 45.30769230769231 1.4556246004067361
150000 21.596153846153847 -0.9221682184176004 34.586607500000014 0.27564102564102566 45.286538461538456 45.30769230769231 0.0 45.30769230769231 1.3666932000778615
152000 22.5 -0.7872129800556972 33.836847884615395 0.34615384615384615 45.286538461538456 45.30769230769231 0.0 45.30769230769231 1.373763700015843
154000 25.0 -0.7862680540187852 33.66665557692309 0.3557692307692308 45.286538461538456 45.30769230769231 0.0 45.30769230769231 1.346045000012964
156000 27.25 -0.2076158019247677 33.51280942307694 0.34615384615384615 45.286538461538456 45.30769230769231 0.0 45.30769230769231 1.4743234999477863
158000 26.5 -0.22716063762403552 33.6070401923077 0.35096153846153844 45.286538461538456 45.30769230769231 0.0 45.30769230769231 1.4728137999773026
160000 18.01923076923077 -0.5156371503521805 34.05693461538461 0.28525641025641024 45.286538461538456 45.30769230769231 0.0 45.30769230769231 1.4021426998078823
162000 19.78846153846154 -0.5544770967192871 33.66596567307691 0.28044871794871795 45.286538461538456 45.30769230769231 0.0 45.30769230769231 1.3636930999346077
164000 16.346153846153847 -0.7292356820797697 34.232896134615366 0.2900641025641026 45.286538461538456 45.30769230769231 0.0 45.30769230769231 1.3071854999288917
166000 15.788461538461538 -0.42073979172525094 34.189306423076914 0.2692307692307692 45.286538461538456 45.30769230769231 0.0 45.30769230769231 1.4144801003858447
168000 13.326923076923077 -0.8261403295009712 34.87312051923076 0.2419871794871795 45.286538461538456 45.30769230769231 0.0 45.30769230769231 1.2061751000583172
170000 17.615384615384617 -0.7280637159547065 34.70314517307691 0.2419871794871795 45.286538461538456 45.30769230769231 0.0 45.30769230769231 1.275329400319606
172000 15.576923076923077 -0.613559018939013 34.62021248076922 0.27884615384615385 45.286538461538456 45.30769230769231 0.0 45.30769230769231 1.2977173002436757
174000 13.596153846153847 -0.6912521952268263 34.66791219230769 0.2692307692307692 45.286538461538456 45.30769230769231 0.0 45.30769230769231 1.3619637000374496
176000 15.23076923076923 -0.6330427339983279 34.73412274999999 0.27724358974358976 45.286538461538456 45.30769230769231 0.0 45.30769230769231 1.3288447000086308
178000 12.384615384615385 -0.2263166291785071 35.07614201923077 0.2676282051282051 45.286538461538456 45.30769230769231 0.0 45.30769230769231 1.2942458000034094
180000 25.615384615384617 -0.533174498997748 33.5002605576923 0.34294871794871795 45.286538461538456 45.30769230769231 0.0 45.30769230769231 1.2965788999572396
182000 19.865384615384617 -0.6314966745902331 33.67686311538461 0.2708333333333333 45.286538461538456 45.30769230769231 0.0 45.30769230769231 1.4240652997978032
184000 15.365384615384615 -0.6333789394979747 34.38521990384614 0.26442307692307687 45.286538461538456 45.30769230769231 0.0 45.30769230769231 1.4245054996572435
186000 14.211538461538462 -0.6337407290591871 34.61919424999999 0.27403846153846156 45.286538461538456 45.30769230769231 0.0 45.30769230769231 1.448081400245428
188000 14.615384615384615 -0.24762106702377285 34.56454684615384 0.24519230769230768 45.286538461538456 45.30769230769231 0.0 45.30769230769231 1.4422319997102022
190000 13.73076923076923 -0.5949399518465353 34.46446669230768 0.22596153846153846 45.286538461538456 45.30769230769231 0.0 45.30769230769231 1.3279455001465976
192000 11.884615384615385 -0.5757827790246012 34.851165442307675 0.22275641025641027 45.286538461538456 45.30769230769231 0.0 45.30769230769231 1.4042575000785291
194000 15.365384615384615 -0.41913089019577054 33.92103717307692 0.28685897435897434 45.286538461538456 45.30769230769231 0.0 45.30769230769231 1.2945219003595412
196000 14.461538461538462 -0.378973221091641 34.23156619230769 0.24519230769230768 45.286538461538456 45.30769230769231 0.019230769230769232 45.28846153846154 1.2194437999278307
198000 14.057692307692308 0.005451019591698496 33.99710236538462 0.2516025641025641 45.286538461538456 45.30769230769231 0.019230769230769232 45.28846153846154 1.4584435997530818
200000 11.673076923076923 -0.18882102949668958 34.62049246153846 0.24839743589743588 45.286538461538456 45.30769230769231 0.019230769230769232 45.28846153846154 1.4696704000234604
202000 8.211538461538462 -0.3063510108303341 36.047299 0.1875 45.286538461538456 45.30769230769231 0.0 45.30769230769231 1.3978829002007842
204000 6.423076923076923 -0.17175956370625306 37.054096826923065 0.16826923076923078 45.286538461538456 45.30769230769231 0.0 45.30769230769231 1.3114056000486016
206000 9.115384615384615 -0.15241183890825896 36.049650384615376 0.22916666666666666 45.286538461538456 45.30769230769231 0.0 45.30769230769231 1.3618410001508892
208000 8.25 -0.15163883795640512 35.994755307692316 0.203525641025641 45.286538461538456 45.30769230769231 0.0 45.30769230769231 1.4103900999762118
210000 8.826923076923077 -0.3258674528617242 35.72856940384615 0.22596153846153846 45.286538461538456 45.30769230769231 0.0 45.30769230769231 1.354640199802816
212000 10.653846153846153 -0.28507117707848734 34.70164617307691 0.25320512820512814 45.286538461538456 45.30769230769231 0.019230769230769232 45.28846153846154 1.3889241996221244
214000 11.51923076923077 -0.24640369527430345 34.615428192307675 0.28205128205128205 45.286538461538456 45.30769230769231 0.0 45.30769230769231 1.390362299978733
216000 8.26923076923077 -0.34449078595653115 35.057760634615384 0.23076923076923078 45.286538461538456 45.30769230769231 0.0 45.30769230769231 1.3884549997746944
218000 7.019230769230769 -0.34503152399072273 35.630652730769235 0.2147435897435897 45.286538461538456 45.30769230769231 0.0 45.30769230769231 1.3754122001118958
220000 10.73076923076923 -0.6335169239212258 34.43679917307692 0.2868589743589744 45.286538461538456 45.30769230769231 0.0 45.30769230769231 1.3417098000645638
222000 12.096153846153847 -0.6519214914298757 33.89814532692308 0.2932692307692308 45.286538461538456 45.30769230769231 0.0 45.30769230769231 1.3746996000409126
224000 7.365384615384615 -0.22942863309787323 35.03930657692308 0.23237179487179485 45.286538461538456 45.30769230769231 0.019230769230769232 45.28846153846154 1.5077898004092276
226000 6.480769230769231 -0.13365177407254353 34.93161426923077 0.2676282051282052 45.286538461538456 45.30769230769231 0.0 45.30769230769231 1.592813600320369
228000 7.634615384615385 -0.03730834939273124 34.67872965384616 0.2692307692307692 45.286538461538456 45.30769230769231 0.0 45.30769230769231 1.4922170997597277
230000 10.576923076923077 -0.22850503378706175 34.61110142307692 0.2644230769230769 45.286538461538456 45.30769230769231 0.0 45.30769230769231 1.5088749998249114
232000 10.5 -0.18950090917565987 34.73562061538461 0.2067307692307692 45.286538461538456 45.30769230769231 0.0 45.30769230769231 1.4916036003269255
234000 10.653846153846153 -0.22779689768784686 34.90340911538462 0.2564102564102564 45.286538461538456 45.30769230769231 0.0 45.30769230769231 1.3861270998604596
236000 16.96153846153846 -0.22504725409970755 32.81911426923077 0.32051282051282054 45.286538461538456 45.30769230769231 0.019230769230769232 45.28846153846154 1.2351469001732767
238000 10.384615384615385 -0.22745909211137508 34.31206290384615 0.25801282051282054 45.286538461538456 45.30769230769231 0.019230769230769232 45.28846153846154 1.2687281998805702
240000 11.692307692307692 -0.22817560878824122 34.659338576923076 0.2564102564102564 45.286538461538456 45.30769230769231 0.0 45.30769230769231 1.28748709987849
242000 12.442307692307692 -0.22813811226869635 34.41783219230769 0.2532051282051282 45.286538461538456 45.30769230769231 0.0 45.30769230769231 1.331783200148493
244000 7.826923076923077 -0.05591819149613382 34.82408221153846 0.22275641025641024 45.286538461538456 45.30769230769231 0.0 45.30769230769231 1.3803212000057101
246000 7.403846153846154 -0.03732530964875329 35.015748884615384 0.21474358974358973 45.286538461538456 45.30769230769231 0.019230769230769232 45.28846153846154 1.3658626996912062
248000 7.769230769230769 -0.056337776240332836 34.97151811538461 0.21955128205128205 45.286538461538456 45.30769230769231 0.019230769230769232 45.28846153846154 1.3131786999292672
250000 8.01923076923077 -0.325851004901132 35.02199888461539 0.2163461538461538 45.286538461538456 45.30769230769231 0.0 45.30769230769231 1.3509152000769973
252000 8.461538461538462 -0.15243291183516355 34.80180657692308 0.22115384615384615 45.286538461538456 45.30769230769231 0.0 45.30769230769231 1.445754799991846
254000 8.288461538461538 -0.22908637503863655 34.834819384615386 0.21634615384615385 45.286538461538456 45.30769230769231 0.0 45.30769230769231 1.3959204000420868
256000 9.153846153846153 -0.07523547391537212 34.640268115384615 0.26282051282051283 45.286538461538456 45.30769230769231 0.0 45.30769230769231 1.3098863000050187
258000 8.384615384615385 -0.0945570336090542 34.89507580769231 0.23397435897435898 45.286538461538456 45.30769230769231 0.0 45.30769230769231 1.3842651001177728
260000 10.365384615384615 -0.4200846217413272 34.005171826923075 0.2692307692307692 45.286538461538456 45.30769230769231 0.0 45.30769230769231 1.3244305001571774
262000 19.076923076923077 -0.10932039912594539 32.270396269230766 0.31570512820512825 45.286538461538456 45.30769230769231 0.019230769230769232 45.28846153846154 1.4086795002222061
264000 19.75 0.00643111066379394 32.15562073076923 0.35096153846153844 45.286538461538456 45.30769230769231 0.019230769230769232 45.28846153846154 1.4615064999088645
266000 11.0 0.003979711797730851 34.05742055769231 0.2403846153846154 45.286538461538456 45.30769230769231 0.019230769230769232 45.28846153846154 1.6290793004445732
268000 21.96153846153846 0.006366193076563414 32.23775273076923 0.34134615384615385 45.286538461538456 45.30769230769231 0.019230769230769232 45.28846153846154 1.591786699835211
270000 23.346153846153847 0.0084476874280586 32.220445038461534 0.3605769230769231 45.286538461538456 45.30769230769231 0.019230769230769232 45.28846153846154 1.4698335998691618
272000 30.307692307692307 -0.048555058849655504 31.865797596153843 0.41025641025641024 45.286538461538456 45.30769230769231 0.019230769230769232 45.28846153846154 1.4458297998644412
274000 24.75 -0.030037026085876266 32.295605288461545 0.36858974358974367 45.286538461538456 45.30769230769231 0.019230769230769232 45.28846153846154 1.5890655000694096
276000 21.25 0.007025222616828309 32.41703594230769 0.3269230769230769 45.286538461538456 45.30769230769231 0.019230769230769232 45.28846153846154 1.7656090999953449
278000 15.673076923076923 0.00471376133228798 33.426651326923086 0.3173076923076923 45.286538461538456 45.30769230769231 0.019230769230769232 45.28846153846154 1.701414099894464
280000 10.76923076923077 0.002578054364480607 34.465556634615375 0.27724358974358976 45.286538461538456 45.30769230769231 0.0 45.30769230769231 2.236700000241399
282000 11.961538461538462 -0.015962326140195455 33.784659153846164 0.2916666666666667 45.286538461538456 45.30769230769231 0.019230769230769232 45.28846153846154 1.560935300309211
284000 17.653846153846153 -0.09105279572784378 32.50180651923077 0.3125 45.286538461538456 45.30769230769231 0.019230769230769232 45.28846153846154 1.6699803001247346
286000 14.423076923076923 -0.03479992031596323 33.360588615384614 0.282051282051282 45.286538461538456 45.30769230769231 0.019230769230769232 45.28846153846154 1.5126135000027716
288000 22.865384615384617 0.007489279274686513 31.878056576923072 0.3830128205128206 45.286538461538456 45.30769230769231 0.019230769230769232 45.28846153846154 1.819427500013262
290000 29.884615384615383 0.007850638175159675 31.284146384615383 0.3958333333333333 45.286538461538456 45.30769230769231 0.019230769230769232 45.28846153846154 1.5249009002000093
292000 28.192307692307693 0.004200498841560538 31.23390657692308 0.3637820512820513 45.286538461538456 45.30769230769231 0.019230769230769232 45.28846153846154 1.4096316001378
294000 27.5 0.005929600440189905 31.28482440384615 0.37820512820512814 45.286538461538456 45.30769230769231 0.019230769230769232 45.28846153846154 1.385840400122106
296000 23.51923076923077 0.005694174568745565 31.12905517307693 0.421474358974359 45.286538461538456 45.30769230769231 0.019230769230769232 45.28846153846154 1.3569374000653625
298000 21.173076923076923 0.0034936035678153274 31.545401326923077 0.3669871794871795 45.286538461538456 45.30769230769231 0.019230769230769232 45.28846153846154 1.4047109000384808
300000 25.865384615384617 0.005192868067088575 31.019920557692306 0.38461538461538464 45.286538461538456 45.30769230769231 0.019230769230769232 45.28846153846154 1.4547430998645723
302000 27.076923076923077 0.0039580522576176305 31.089151326923076 0.3830128205128206 45.286538461538456 45.30769230769231 0.019230769230769232 45.28846153846154 1.3348621996119618
304000 38.48076923076923 0.009710130457122778 30.32568978846154 0.4567307692307693 45.286538461538456 45.30769230769231 0.019230769230769232 45.28846153846154 1.5121916998177767
306000 44.01923076923077 0.012973641104993577 30.542997480769223 0.4310897435897436 45.286538461538456 45.30769230769231 0.019230769230769232 45.28846153846154 1.460498200263828
308000 37.13461538461539 0.009339147978243244 30.581459019230763 0.3942307692307692 45.286538461538456 45.30769230769231 0.019230769230769232 45.28846153846154 1.4046184998005629
310000 34.65384615384615 0.007704799594763816 30.648766711538453 0.3942307692307692 45.286538461538456 45.30769230769231 0.019230769230769232 45.28846153846154 1.3555532000027597
312000 34.65384615384615 0.007528387457371394 30.648766711538453 0.3942307692307692 45.286538461538456 45.30769230769231 0.019230769230769232 45.28846153846154 1.3664752999320626
314000 34.65384615384615 0.0071952641057643745 30.648766711538453 0.3942307692307692 45.286538461538456 45.30769230769231 0.019230769230769232 45.28846153846154 1.4495083997026086
316000 34.65384615384615 0.007082928768965001 30.648766711538453 0.3942307692307692 45.286538461538456 45.30769230769231 0.019230769230769232 45.28846153846154 1.4208786999806762
318000 61.63461538461539 0.021249111074031195 29.132415442307675 0.46794871794871795 45.286538461538456 45.30769230769231 0.019230769230769232 45.28846153846154 1.411340800113976
320000 63.13461538461539 0.021742340554949523 29.019274403846143 0.46794871794871795 45.286538461538456 45.30769230769231 0.019230769230769232 45.28846153846154 1.3742301003076136
322000 63.13461538461539 0.021742340554949523 29.019274403846143 0.46794871794871795 45.286538461538456 45.30769230769231 0.019230769230769232 45.28846153846154 1.4244174002669752
324000 62.88461538461539 0.0217685689929108 29.048120557692297 0.46794871794871795 45.286538461538456 45.30769230769231 0.019230769230769232 45.28846153846154 1.354084299877286
326000 47.01923076923077 0.013606935437018451 30.111870692307686 0.4262820512820512 45.286538461538456 45.30769230769231 0.019230769230769232 45.28846153846154 1.550368799827993
328000 57.03846153846154 0.018653956550716996 29.47937061538461 0.4519230769230769 45.286538461538456 45.30769230769231 0.019230769230769232 45.28846153846154 1.3824807996861637
330000 57.01923076923077 0.018561917185604328 29.5154283076923 0.4519230769230769 45.286538461538456 45.30769230769231 0.019230769230769232 45.28846153846154 1.4075508997775614
332000 65.01923076923077 0.02238673717467003 28.990428249999987 0.4807692307692307 45.286538461538456 45.30769230769231 0.019230769230769232 45.28846153846154 1.4079452999867499
334000 65.07692307692308 0.02234805303087945 28.97119748076922 0.4807692307692307 45.286538461538456 45.30769230769231 0.019230769230769232 45.28846153846154 1.394369900226593
336000 59.03846153846154 0.019653802804971063 29.705437576923075 0.5192307692307692 45.286538461538456 45.30769230769231 0.019230769230769232 45.28846153846154 1.38917539967224
338000 58.30769230769231 0.019926300405837667 29.883963269230772 0.5368589743589743 45.286538461538456 45.30769230769231 0.019230769230769232 45.28846153846154 1.444614099804312
340000 58.03846153846154 0.01974115693998026 29.91665557692308 0.5368589743589743 45.286538461538456 45.30769230769231 0.019230769230769232 45.28846153846154 1.4829838001169264
342000 51.75 0.015625933664196238 30.204098884615387 0.5032051282051282 45.286538461538456 45.30769230769231 0.019230769230769232 45.28846153846154 1.376007600221783
344000 58.0 0.019699911340924563 29.903194038461542 0.5368589743589743 45.286538461538456 45.30769230769231 0.019230769230769232 45.28846153846154 1.425240300130099
346000 58.61538461538461 0.020188081648131097 29.864732500000002 0.532051282051282 45.286538461538456 45.30769230769231 0.019230769230769232 45.28846153846154 1.3691516001708806
348000 53.84615384615385 0.016732268163427724 30.07342580769231 0.49358974358974356 45.286538461538456 45.30769230769231 0.019230769230769232 45.28846153846154 1.4212873000651598
350000 62.15384615384615 0.020518158856655887 29.600652730769227 0.5096153846153846 45.286538461538456 45.30769230769231 0.019230769230769232 45.28846153846154 1.3803821001201868
352000 69.61538461538461 0.024037308679925897 29.0637616153846 0.5176282051282051 45.286538461538456 45.30769230769231 0.019230769230769232 45.28846153846154 1.3994605001062155
354000 49.17307692307692 0.01328359692551963 30.419151326923078 0.44070512820512814 45.286538461538456 45.30769230769231 0.019230769230769232 45.28846153846154 1.3711934997700155
356000 52.21153846153846 0.014993726638701597 30.31943482692308 0.43429487179487175 45.286538461538456 45.30769230769231 0.019230769230769232 45.28846153846154 1.3793059000745416
358000 67.15384615384616 0.022334298013487124 29.303537269230755 0.49839743589743585 45.286538461538456 45.30769230769231 0.019230769230769232 45.28846153846154 1.4545713001862168
360000 56.5 0.016918017987871483 30.04619761538461 0.4358974358974359 45.286538461538456 45.30769230769231 0.019230769230769232 45.28846153846154 1.4628019002266228
362000 48.19230769230769 0.0130070148674016 30.494984653846156 0.42467948717948717 45.286538461538456 45.30769230769231 0.019230769230769232 45.28846153846154 1.409143100026995
364000 65.09615384615384 0.020972748287408558 29.462607769230758 0.4823717948717948 45.286538461538456 45.30769230769231 0.019230769230769232 45.28846153846154 1.4295308999717236
366000 67.28846153846153 0.022627355712732337 29.18959492307691 0.4903846153846153 45.286538461538456 45.30769230769231 0.019230769230769232 45.28846153846154 1.4477371000684798
368000 68.42307692307692 0.022673310482643764 29.125941076923066 0.49679487179487175 45.286538461538456 45.30769230769231 0.019230769230769232 45.28846153846154 1.3805758003145456
370000 67.61538461538461 0.02278423052964794 29.21212698076922 0.5096153846153846 45.286538461538456 45.30769230769231 0.019230769230769232 45.28846153846154 1.4007571996189654
372000 68.28846153846153 0.02317242804273712 29.15808851923076 0.5064102564102564 45.286538461538456 45.30769230769231 0.019230769230769232 45.28846153846154 1.5629457999020815
374000 66.76923076923077 0.022307511862177512 29.25818467307691 0.47756410256410253 45.286538461538456 45.30769230769231 0.019230769230769232 45.28846153846154 1.4900008998811245
376000 67.1923076923077 0.02263732184610771 29.21754363461537 0.47756410256410253 45.286538461538456 45.30769230769231 0.019230769230769232 45.28846153846154 1.349257200025022
378000 68.63461538461539 0.022782021744577073 29.088473115384602 0.4839743589743589 45.286538461538456 45.30769230769231 0.019230769230769232 45.28846153846154 1.4176974999718368
380000 71.32692307692308 0.024000461312746364 28.824146173076905 0.49358974358974356 45.286538461538456 45.30769230769231 0.019230769230769232 45.28846153846154 1.511283400002867
382000 70.65384615384616 0.024167098245497683 28.97203078846152 0.49358974358974356 45.286538461538456 45.30769230769231 0.019230769230769232 45.28846153846154 1.5969520001672208
384000 70.6923076923077 0.023346595629609286 28.909146173076905 0.49358974358974356 45.286538461538456 45.30769230769231 0.019230769230769232 45.28846153846154 1.368700500112027
386000 68.67307692307692 0.022962845225875897 29.207255173076906 0.49358974358974356 45.286538461538456 45.30769230769231 0.019230769230769232 45.28846153846154 1.3839783002622426
388000 69.26923076923077 0.02302863992558777 29.116646192307673 0.49358974358974356 45.286538461538456 45.30769230769231 0.019230769230769232 45.28846153846154 1.3765646000392735
390000 72.5 0.02443393878491773 28.79254359615383 0.49358974358974356 45.286538461538456 45.30769230769231 0.019230769230769232 45.28846153846154 1.4115340001881123
392000 74.67307692307692 0.024911886143954724 28.65110126923075 0.5096153846153846 45.286538461538456 45.30769230769231 0.019230769230769232 45.28846153846154 1.3745363000780344
394000 75.82692307692308 0.02801447445301268 28.532767923076904 0.519230769230769 45.286538461538456 45.30769230769231 0.019230769230769232 45.28846153846154 1.4871376999653876
396000 72.63461538461539 0.02709180867411028 28.50116534615383 0.5128205128205128 45.286538461538456 45.30769230769231 0.019230769230769232 45.28846153846154 1.4054772001691163
398000 74.78846153846153 0.027845176006679125 28.447479442307674 0.5176282051282051 45.286538461538456 45.30769230769231 0.019230769230769232 45.28846153846154 1.340372999664396
400000 75.26923076923077 0.02825608678827964 28.410139692307673 0.5176282051282051 45.286538461538456 45.30769230769231 0.019230769230769232 45.28846153846154 1.426227499730885
402000 75.26923076923077 0.026459958254430736 28.410139692307673 0.5176282051282051 45.286538461538456 45.30769230769231 0.019230769230769232 45.28846153846154 1.50929359998554
404000 75.26923076923077 0.02638364582782408 28.410139692307673 0.5176282051282051 45.286538461538456 45.30769230769231 0.019230769230769232 45.28846153846154 1.4863698999397457
406000 75.34615384615384 0.027297419891086513 28.410139692307673 0.5176282051282051 45.286538461538456 45.30769230769231 0.019230769230769232 45.28846153846154 1.392734699882567
408000 78.40384615384616 0.027653779262512997 28.378569173076908 0.532051282051282 45.286538461538456 45.30769230769231 0.019230769230769232 45.28846153846154 1.5811079000122845
410000 75.5576923076923 0.026278309848894545 28.43898584615383 0.5176282051282051 45.286538461538456 45.30769230769231 0.019230769230769232 45.28846153846154 1.640937800053507
412000 78.32692307692308 0.02795181968481619 28.378569173076908 0.532051282051282 45.286538461538456 45.30769230769231 0.019230769230769232 45.28846153846154 1.6588821997866035
414000 78.0 0.027871191390907265 28.38818455769229 0.5272435897435896 45.286538461538456 45.30769230769231 0.019230769230769232 45.28846153846154 1.673394000157714
416000 77.9423076923077 0.02777942222876012 28.378569173076908 0.5272435897435896 45.286538461538456 45.30769230769231 0.019230769230769232 45.28846153846154 1.8019685000181198
418000 77.9423076923077 0.027924672622653787 28.378569173076908 0.5272435897435896 45.286538461538456 45.30769230769231 0.019230769230769232 45.28846153846154 1.4501413996331394
420000 78.26923076923077 0.027908194215462458 28.397799942307678 0.5272435897435896 45.286538461538456 45.30769230769231 0.019230769230769232 45.28846153846154 1.5991708002984524
422000 77.65384615384616 0.027915931123752426 28.40741532692306 0.5224358974358974 45.286538461538456 45.30769230769231 0.019230769230769232 45.28846153846154 1.4581423001363873
424000 78.09615384615384 0.027940356064957265 28.436261480769215 0.5272435897435896 45.286538461538456 45.30769230769231 0.019230769230769232 45.28846153846154 1.4872805997729301
426000 77.65384615384616 0.02792645987383658 28.40741532692306 0.5224358974358974 45.286538461538456 45.30769230769231 0.019230769230769232 45.28846153846154 1.478101700078696
428000 77.88461538461539 0.027998039174844423 28.397799942307678 0.5224358974358974 45.286538461538456 45.30769230769231 0.019230769230769232 45.28846153846154 1.4257234996184707
430000 78.0 0.027831716280697034 28.368953788461525 0.5272435897435896 45.286538461538456 45.30769230769231 0.019230769230769232 45.28846153846154 1.4678404000587761
432000 77.88461538461539 0.02798751042476027 28.397799942307678 0.5224358974358974 45.286538461538456 45.30769230769231 0.019230769230769232 45.28846153846154 1.5191236999817193
434000 77.9423076923077 0.028041664644198154 28.378569173076908 0.5272435897435896 45.286538461538456 45.30769230769231 0.019230769230769232 45.28846153846154 1.455746500287205
436000 85.82692307692308 0.032606189808084524 28.261798942307674 0.5737179487179487 45.286538461538456 45.30769230769231 0.019230769230769232 45.28846153846154 1.389185099862516
438000 97.75 0.03686470487266692 28.053188807692298 0.5721153846153846 45.286538461538456 45.30769230769231 0.019230769230769232 45.28846153846154 1.4363396000117064
440000 97.75 0.03647830158915249 28.053188807692298 0.5721153846153846 45.286538461538456 45.30769230769231 0.019230769230769232 45.28846153846154 1.4189141001552343
442000 97.84615384615384 0.03663085129676427 28.072419576923064 0.5721153846153846 45.286538461538456 45.30769230769231 0.019230769230769232 45.28846153846154 1.514532900415361
444000 99.0576923076923 0.03707146506498578 28.047419576923065 0.5721153846153846 45.286538461538456 45.30769230769231 0.019230769230769232 45.28846153846154 1.4260045001283288
446000 99.0576923076923 0.03718845708653014 28.047419576923065 0.5721153846153846 45.286538461538456 45.30769230769231 0.019230769230769232 45.28846153846154 1.6204210999421775
448000 115.71153846153847 0.044636663196977594 27.938445288461523 0.5368589743589742 45.286538461538456 45.30769230769231 0.019230769230769232 45.28846153846154 1.5539576997980475
450000 115.46153846153847 0.04445128674012848 27.95382990384614 0.5368589743589742 45.286538461538456 45.30769230769231 0.019230769230769232 45.28846153846154 1.5948589001782238
452000 112.15384615384616 0.005016232608574987 28.18427863461537 0.5304487179487178 45.286538461538456 45.30769230769231 0.019230769230769232 45.28846153846154 1.4504982000216842
454000 107.82692307692308 -0.03488436662991439 28.330592749999987 0.5144230769230769 45.286538461538456 45.30769230769231 0.019230769230769232 45.28846153846154 1.5530981002375484
456000 109.88461538461539 -0.03408601677043558 28.290208134615373 0.5144230769230769 45.286538461538456 45.30769230769231 0.019230769230769232 45.28846153846154 1.5359604000113904
458000 110.75 -0.03259480851159639 28.22482351923076 0.5144230769230769 45.286538461538456 45.30769230769231 0.019230769230769232 45.28846153846154 1.638077599927783
460000 116.5576923076923 0.007988500745856945 28.02466324999999 0.5368589743589743 45.286538461538456 45.30769230769231 0.019230769230769232 45.28846153846154 1.4758578999899328
462000 118.15384615384616 0.008267390426628442 27.974663249999992 0.5368589743589743 45.286538461538456 45.30769230769231 0.019230769230769232 45.28846153846154 1.4353982000611722
464000 116.46153846153847 -0.011254783599061548 28.056554288461527 0.5304487179487178 45.286538461538456 45.30769230769231 0.019230769230769232 45.28846153846154 1.5527018001303077
466000 116.46153846153847 -0.012022714088589804 28.040176076923068 0.5368589743589743 45.286538461538456 45.30769230769231 0.019230769230769232 45.28846153846154 1.5185610000044107
468000 115.46153846153847 -0.03149381076827319 28.129759423076912 0.5304487179487178 45.286538461538456 45.30769230769231 0.019230769230769232 45.28846153846154 1.4250642997212708
470000 115.26923076923077 -0.050959465778605634 28.196746615384605 0.5304487179487178 45.286538461538456 45.30769230769231 0.019230769230769232 45.28846153846154 1.449964499566704
472000 116.46153846153847 -0.012022714088589804 28.040176076923068 0.5368589743589743 45.286538461538456 45.30769230769231 0.019230769230769232 45.28846153846154 1.4587332997471094
474000 117.88461538461539 -0.011577575191685228 28.052515826923067 0.5368589743589743 45.286538461538456 45.30769230769231 0.019230769230769232 45.28846153846154 1.4496079003438354
476000 117.9423076923077 -0.011652801911376829 28.04290044230768 0.5368589743589743 45.286538461538456 45.30769230769231 0.019230769230769232 45.28846153846154 1.5314003000967205
478000 120.71153846153847 -0.010880398982890109 28.021586346153835 0.5368589743589743 45.286538461538456 45.30769230769231 0.019230769230769232 45.28846153846154 1.4030069997534156
480000 121.07692307692308 -0.009963268762169452 28.025272249999993 0.5368589743589743 45.286538461538456 45.30769230769231 0.019230769230769232 45.28846153846154 1.6040681996382773
482000 123.32692307692308 -0.00932114106941462 28.040176115384607 0.5368589743589743 45.286538461538456 45.30769230769231 0.019230769230769232 45.28846153846154 1.6382049000822008
484000 123.32692307692308 -0.009409920513291085 28.040176115384607 0.5368589743589743 45.286538461538456 45.30769230769231 0.019230769230769232 45.28846153846154 1.4643991999328136
486000 123.32692307692308 -0.009409920513291085 28.040176115384607 0.5368589743589743 45.286538461538456 45.30769230769231 0.019230769230769232 45.28846153846154 1.5320598999969661
488000 118.71153846153847 -0.0695741974075156 28.286329980769224 0.5112179487179487 45.286538461538456 45.30769230769231 0.019230769230769232 45.28846153846154 1.622230099979788
490000 120.84615384615384 -0.0487976986035853 28.213733826923068 0.5240384615384615 45.286538461538456 45.30769230769231 0.019230769230769232 45.28846153846154 1.538629800081253
492000 119.63461538461539 -0.08830280466788235 28.29626588461538 0.5144230769230769 45.286538461538456 45.30769230769231 0.019230769230769232 45.28846153846154 1.5302565996535122
494000 119.63461538461539 -0.08830280466788235 28.29626588461538 0.5144230769230769 45.286538461538456 45.30769230769231 0.019230769230769232 45.28846153846154 1.3721930999308825
496000 117.75 -0.08932432521551892 28.340015884615376 0.5016025641025641 45.286538461538456 45.30769230769231 0.019230769230769232 45.28846153846154 1.5066015999764204
498000 119.61538461538461 -0.06880718969993788 28.221906903846143 0.5208333333333333 45.286538461538456 45.30769230769231 0.019230769230769232 45.28846153846154 1.501469099894166
500000 119.36538461538461 -0.0498412429924377 28.233926134615373 0.5112179487179487 45.286538461538456 45.30769230769231 0.019230769230769232 45.28846153846154 1.5084712002426386
