2000 0.057692307692307696 -0.07684244079051887 37.48874401923077 0.0592948717948718 45.301282057692305 45.30769230769231 1.0576923076923077 44.25 0.6359069999889471
4000 0.07692307692307693 4.7766505911272195e-05 37.4067375576923 0.03365384615384615 45.301282057692305 45.30769230769231 1.0384615384615385 44.26923076923077 0.6473432999919169
6000 0.07692307692307693 5.911837217711847e-05 36.86838232692309 0.05128205128205128 45.301282057692305 45.30769230769231 1.0384615384615385 44.26923076923077 0.6935736000305042
8000 0.1346153846153846 -0.019151180858617743 36.0534778846154 0.052884615384615384 45.301282057692305 45.30769230769231 1.0384615384615385 44.26923076923077 0.6386141999973916
10000 0.07692307692307693 -0.01919457992148874 37.37883225 0.0592948717948718 45.301282057692305 45.30769230769231 1.0384615384615385 44.26923076923077 0.7841380999889225
12000 0.07692307692307693 6.228949924858608e-05 36.34648128846155 0.07692307692307693 45.301282057692305 45.30769230769231 1.8269230769230769 43.48076923076923 0.8178974000038579
14000 0.07692307692307693 5.0780263114957005e-05 37.15337240384616 0.07051282051282051 45.301282057692305 45.30769230769231 1.1538461538461537 44.15384615384615 0.9799758999724872
16000 0.09615384615384616 7.296087075129521e-05 37.08190744230769 0.0689102564102564 45.301282057692305 45.30769230769231 1.0384615384615385 44.26923076923077 1.1352900000056252
18000 0.09615384615384616 5.715732791364878e-05 36.87595090384615 0.11217948717948717 45.301282057692305 45.30769230769231 1.2115384615384615 44.09615384615385 1.2277354000252672
20000 0.07692307692307693 4.530907702704851e-05 37.20684475 0.08333333333333333 45.301282057692305 45.30769230769231 1.0384615384615385 44.26923076923077 1.2802471000468358
22000 0.09615384615384616 6.416720132516145e-05 36.877972576923064 0.08012820512820512 45.301282057692305 45.30769230769231 1.0384615384615385 44.26923076923077 2.3542669000453316
24000 0.09615384615384616 4.164519566762319e-05 36.71178701923076 0.11378205128205127 45.301282057692305 45.30769230769231 1.0384615384615385 44.26923076923077 1.620062500005588
26000 0.07692307692307693 2.34431662311215e-05 37.14023169230769 0.10576923076923077 45.301282057692305 45.30769230769231 1.0769230769230769 44.23076923076923 1.9528441000147723
28000 0.057692307692307696 3.453295469219776e-05 37.430874384615386 0.09134615384615384 45.301282057692305 45.30769230769231 1.0961538461538463 44.21153846153846 1.858319599996321
30000 0.057692307692307696 4.906084702651067e-05 36.986162826923085 0.08814102564102563 45.301282057692305 45.30769230769231 1.4230769230769231 43.88461538461539 1.8777046999894083
32000 0.057692307692307696 -0.019176743099972093 36.943801480769224 0.09134615384615384 45.301282057692305 45.30769230769231 1.4038461538461537 43.90384615384615 1.901354999979958
34000 0.057692307692307696 -0.019156976935384942 36.64892948076923 0.08173076923076923 45.301282057692305 45.30769230769231 1.2884615384615385 44.01923076923077 1.8714402000186965
36000 0.057692307692307696 -0.0191713414342937 36.72585261538462 0.07532051282051283 45.301282057692305 45.30769230769231 1.2307692307692308 44.07692307692308 2.212744600023143
38000 0.07692307692307693 -0.019162630761534478 36.51675309615385 0.10576923076923077 45.301282057692305 45.30769230769231 1.1153846153846154 44.19230769230769 2.1989628999726847
40000 0.07692307692307693 -0.01918336330026848 36.510953769230774 0.125 45.301282057692305 45.30769230769231 1.0576923076923077 44.25 2.168599499971606
42000 0.07692307692307693 -0.01918259839677105 36.542422538461544 0.11538461538461539 45.301282057692305 45.30769230769231 1.1153846153846154 44.19230769230769 2.308235300006345
44000 0.09615384615384616 -0.01917102579657196 36.41688846153847 0.14102564102564102 45.301282057692305 45.30769230769231 1.0576923076923077 44.25 2.3044668000075035
46000 0.07692307692307693 -0.01916252282272218 36.20211669230769 0.1618589743589743 45.301282057692305 45.30769230769231 1.1153846153846154 44.19230769230769 2.3962396000279114
48000 0.07692307692307693 -0.01918757060710329 36.19738511538462 0.1346153846153846 45.301282057692305 45.30769230769231 1.2884615384615385 44.01923076923077 2.1985028000199236
50000 0.09615384615384616 -0.019173687756554925 35.88213834615386 0.14583333333333331 45.301282057692305 45.30769230769231 1.3461538461538463 43.96153846153846 2.1649065000237897
52000 0.09615384615384616 -0.01912514745232518 35.334916576923085 0.157051282051282 45.301282057692305 45.30769230769231 1.4423076923076923 43.86538461538461 2.228368900017813
54000 0.1346153846153846 -0.01911205175749078 34.790339788461544 0.19230769230769226 45.301282057692305 45.30769230769231 1.3269230769230769 43.98076923076923 2.175461400009226
56000 0.09615384615384616 -0.01917343104820954 36.382142692307696 0.125 45.301282057692305 45.30769230769231 1.3846153846153846 43.92307692307692 2.346934500033967
58000 0.1346153846153846 -0.01914006418720744 33.699470884615394 0.16826923076923078 45.301282057692305 45.30769230769231 1.2692307692307692 44.03846153846154 2.1149304999853484
60000 0.07692307692307693 -0.019188623658940515 36.705642557692315 0.10737179487179487 45.301282057692305 45.30769230769231 1.1538461538461537 44.15384615384615 2.278428999998141
62000 0.11538461538461539 -0.019096587751426447 35.71622913461538 0.1362179487179487 45.301282057692305 45.30769230769231 1.5 43.80769230769231 2.2595034000114538
64000 0.11538461538461539 -0.019159381734805123 35.465820980769244 0.16826923076923078 45.301282057692305 45.30769230769231 1.0961538461538463 44.21153846153846 2.1241572000435553
66000 0.09615384615384616 0.00013275000966602647 35.81758361538462 0.1506410256410256 45.301282057692305 45.30769230769231 1.0384615384615385 44.26923076923077 2.1532666999846697
68000 0.09615384615384616 2.5203046076420486e-05 36.5913534423077 0.08974358974358974 45.301282057692305 45.30769230769231 1.0384615384615385 44.26923076923077 2.3800364999915473
70000 0.11538461538461539 4.65384756934901e-05 36.08574467307693 0.08333333333333334 45.301282057692305 45.30769230769231 1.0384615384615385 44.26923076923077 2.211224799975753
72000 0.11538461538461539 5.98969788003042e-05 36.25780625000001 0.08653846153846154 45.301282057692305 45.30769230769231 1.0384615384615385 44.26923076923077 2.185549699992407
74000 0.11538461538461539 4.6647994529824836e-05 36.300755115384625 0.07692307692307693 45.301282057692305 45.30769230769231 1.0384615384615385 44.26923076923077 2.232422899978701
76000 0.19230769230769232 0.00011527020723939323 35.33472871153847 0.1346153846153846 45.301282057692305 45.30769230769231 1.0384615384615385 44.26923076923077 2.7688643999863416
78000 0.19230769230769232 0.0001490880675536152 34.425220403846154 0.16346153846153846 45.301282057692305 45.30769230769231 1.0384615384615385 44.26923076923077 2.1246669000247493
80000 0.17307692307692307 -0.019160239643505335 34.980775538461536 0.14583333333333331 45.301282057692305 45.30769230769231 1.0384615384615385 44.26923076923077 2.2278023999533616
82000 0.09615384615384616 -0.05764288222618666 36.004542826923085 0.1201923076923077 45.301282057692305 45.30769230769231 1.0384615384615385 44.26923076923077 2.2152483999961987
84000 0.17307692307692307 -0.057612280203490025 35.34616138461539 0.1955128205128205 45.301282057692305 45.30769230769231 1.0384615384615385 44.26923076923077 2.3157486999989487
86000 0.17307692307692307 -0.05756842206633813 35.31117142307693 0.13942307692307693 45.301282057692305 45.30769230769231 1.0384615384615385 44.26923076923077 2.2605260999989696
88000 0.09615384615384616 -0.05760452783617327 36.08435561538462 0.08974358974358973 45.301282057692305 45.30769230769231 1.0384615384615385 44.26923076923077 2.256087000016123
90000 0.1346153846153846 -0.07686274232532431 35.606790865384625 0.10416666666666666 45.301282057692305 45.30769230769231 1.0384615384615385 44.26923076923077 2.1917967000044882
92000 0.17307692307692307 -0.07677639078517391 35.37527405769231 0.14262820512820512 45.301282057692305 45.30769230769231 1.0384615384615385 44.26923076923077 2.2623809999786317
94000 0.17307692307692307 -0.05761741347085869 34.87286957692307 0.17948717948717946 45.301282057692305 45.30769230769231 1.0384615384615385 44.26923076923077 2.278539400023874
96000 0.19230769230769232 -0.07670970034267775 34.322045 0.20512820512820512 45.301282057692305 45.30769230769231 1.0384615384615385 44.26923076923077 2.6204812999931164
98000 0.11538461538461539 -0.07672181079649108 35.35569463461539 0.15224358974358976 45.301282057692305 45.30769230769231 1.0384615384615385 44.26923076923077 2.1340289000072517
100000 0.11538461538461539 -0.07680926291391983 34.52692905769231 0.18269230769230765 45.301282057692305 45.30769230769231 1.0384615384615385 44.26923076923077 2.2067054000217468
102000 0.23076923076923078 -0.07668207283275913 33.95684251923076 0.16346153846153846 45.301282057692305 45.30769230769231 1.0384615384615385 44.26923076923077 2.194525800005067
104000 0.17307692307692307 -0.0767497407494106 35.39696623076923 0.1201923076923077 45.301282057692305 45.30769230769231 1.0384615384615385 44.26923076923077 2.178413300018292
106000 0.09615384615384616 -0.07673222336146049 35.49520801923077 0.11538461538461539 45.301282057692305 45.30769230769231 1.0384615384615385 44.26923076923077 2.25896849995479
108000 0.11538461538461539 -0.0768533825832287 36.23865078846155 0.07852564102564102 45.301282057692305 45.30769230769231 1.0384615384615385 44.26923076923077 2.124707800045144
110000 0.1346153846153846 -0.07685421303262646 36.540200269230766 0.09455128205128203 45.301282057692305 45.30769230769231 1.0384615384615385 44.26923076923077 2.1114940000115894
112000 0.11538461538461539 -0.09604229009195565 36.44414017307693 0.0689102564102564 45.301282057692305 45.30769230769231 1.0384615384615385 44.26923076923077 2.238178899977356
114000 0.3076923076923077 -0.057528524872511706 34.62383976923077 0.1330128205128205 45.301282057692305 45.30769230769231 1.1153846153846154 44.19230769230769 2.179675900028087
116000 0.23076923076923078 -0.01907469350065507 34.528424519230775 0.17628205128205127 45.301282057692305 45.30769230769231 1.0384615384615385 44.26923076923077 2.2790063000284135
118000 0.25 0.000153956079294669 34.249872192307684 0.1362179487179487 45.301282057692305 45.30769230769231 1.0384615384615385 44.26923076923077 2.154487799969502
120000 0.23076923076923078 -0.019084085706459912 34.5586335 0.16826923076923078 45.301282057692305 45.30769230769231 1.0384615384615385 44.26923076923077 2.2291431999765337
122000 0.21153846153846154 -0.019128563599865984 35.781973115384616 0.1185897435897436 45.301282057692305 45.30769230769231 1.0384615384615385 44.26923076923077 2.1052341999602504
124000 0.19230769230769232 -0.019129997722968663 35.98603296153846 0.10897435897435898 45.301282057692305 45.30769230769231 1.0384615384615385 44.26923076923077 2.164263100014068
126000 0.19230769230769232 -0.019025757349697685 35.44912544230769 0.11378205128205127 45.301282057692305 45.30769230769231 1.0384615384615385 44.26923076923077 2.2938382000429556
128000 0.19230769230769232 -0.019030961968686807 35.35567813461538 0.10737179487179487 45.301282057692305 45.30769230769231 1.0384615384615385 44.26923076923077 2.2929403000161983
130000 0.25 -0.019110053685458067 35.40300782692309 0.14102564102564102 45.301282057692305 45.30769230769231 1.1153846153846154 44.19230769230769 2.147250299982261
132000 0.15384615384615385 -0.07684572066917737 35.098413961538455 0.15865384615384615 45.301282057692305 45.30769230769231 1.1153846153846154 44.19230769230769 2.1344091999926604
134000 0.15384615384615385 -0.05761329795011162 35.17020861538461 0.1394230769230769 45.301282057692305 45.30769230769231 1.1153846153846154 44.19230769230769 2.147487300040666
136000 0.15384615384615385 -0.05760102639306229 35.509685403846156 0.15544871794871792 45.301282057692305 45.30769230769231 1.1153846153846154 44.19230769230769 2.1691575000295416
138000 0.09615384615384616 -0.019159329541599365 36.58050438461539 0.06410256410256411 45.301282057692305 45.30769230769231 1.1346153846153846 44.17307692307692 2.286324999993667
140000 0.1346153846153846 -0.07683146923604633 35.88735621153847 0.1330128205128205 45.301282057692305 45.30769230769231 1.1346153846153846 44.17307692307692 2.1812572000198998
142000 0.09615384615384616 -0.05762128593171641 36.13953192307692 0.09935897435897435 45.301282057692305 45.30769230769231 1.1346153846153846 44.17307692307692 2.155215799983125
144000 0.11538461538461539 -0.019100662529118427 35.89734553846154 0.17307692307692307 45.301282057692305 45.30769230769231 1.1153846153846154 44.19230769230769 2.150497699971311
146000 0.11538461538461539 0.00012872275692820222 36.09291159615385 0.14583333333333331 45.301282057692305 45.30769230769231 1.1153846153846154 44.19230769230769 2.1535064000054263
148000 0.1346153846153846 -0.07683640387109238 35.080406346153836 0.19391025641025642 45.301282057692305 45.30769230769231 1.1153846153846154 44.19230769230769 2.157590299961157
150000 0.17307692307692307 0.0002031858636255818 35.36264803846153 0.1282051282051282 45.301282057692305 45.30769230769231 1.1346153846153846 44.17307692307692 2.178008900023997
152000 0.1346153846153846 -0.07677567568393627 35.2058108076923 0.17628205128205127 45.301282057692305 45.30769230769231 1.1153846153846154 44.19230769230769 2.1365056000067852
154000 0.057692307692307696 5.811780515812168e-05 35.6784206153846 0.07532051282051282 45.301282057692305 45.30769230769231 1.1153846153846154 44.19230769230769 2.1779601000016555
156000 0.057692307692307696 9.397074907016028e-05 36.19864376923077 0.11858974358974358 45.301282057692305 45.30769230769231 1.1346153846153846 44.17307692307692 2.212286999973003
158000 0.07692307692307693 4.7591661000560485e-05 36.24575451923077 0.08333333333333334 45.301282057692305 45.30769230769231 1.1153846153846154 44.19230769230769 2.2380598000017926
160000 0.15384615384615385 9.684390702516274e-05 36.09535925000001 0.08974358974358974 45.301282057692305 45.30769230769231 1.1538461538461537 44.15384615384615 2.349266199977137
162000 0.11538461538461539 8.61036623261197e-05 36.3356045576923 0.08012820512820512 45.301282057692305 45.30769230769231 1.1730769230769231 44.13461538461539 2.3580156000098214
164000 0.19230769230769232 9.213195831800262e-05 36.346562269230766 0.10096153846153846 45.301282057692305 45.30769230769231 1.1153846153846154 44.19230769230769 2.3393150999909267
166000 0.11538461538461539 7.669201535894525e-05 36.278420788461545 0.11858974358974358 45.301282057692305 45.30769230769231 1.1730769230769231 44.13461538461539 2.316763400041964
168000 0.09615384615384616 6.178764005579388e-05 36.3701645576923 0.10737179487179487 45.301282057692305 45.30769230769231 1.0961538461538463 44.21153846153846 2.2657265000161715
170000 0.1346153846153846 6.169504994290165e-05 36.81437219230769 0.09134615384615383 45.301282057692305 45.30769230769231 1.1923076923076923 44.11538461538461 2.185159399989061
172000 0.15384615384615385 7.314383555759894e-05 36.61937265384615 0.09455128205128206 45.301282057692305 45.30769230769231 1.2307692307692308 44.07692307692308 2.310949599952437
174000 0.1346153846153846 7.561975922244896e-05 36.55818499999999 0.10737179487179488 45.301282057692305 45.30769230769231 1.2115384615384615 44.09615384615385 2.3162481000181288
176000 0.11538461538461539 0.00010436277537941252 36.156688499999994 0.08814102564102565 45.301282057692305 45.30769230769231 1.4807692307692308 43.82692307692308 2.188016699976288
178000 0.1346153846153846 0.00010054557438719374 35.771208711538456 0.09775641025641027 45.301282057692305 45.30769230769231 1.2884615384615385 44.01923076923077 2.2049122999887913
180000 0.15384615384615385 9.793721963556585e-05 35.624133788461535 0.1201923076923077 45.301282057692305 45.30769230769231 1.0961538461538463 44.21153846153846 2.1844219000195153
182000 0.25 0.00016361680848181492 34.9309990576923 0.14423076923076922 45.301282057692305 45.30769230769231 1.0769230769230769 44.23076923076923 2.148880199994892
184000 0.23076923076923078 0.0004256390626531223 34.692674269230764 0.11378205128205127 45.301282057692305 45.30769230769231 1.0961538461538463 44.21153846153846 2.1574285000097007
186000 0.23076923076923078 0.0004101893095855548 34.83526765384615 0.17628205128205127 45.301282057692305 45.30769230769231 1.1153846153846154 44.19230769230769 2.186149100016337
188000 0.25 0.00037525528465381724 34.81275273076923 0.14423076923076922 45.301282057692305 45.30769230769231 1.1346153846153846 44.17307692307692 2.3073388999910094
190000 0.28846153846153844 0.00038805219541025666 34.47434721153847 0.16346153846153846 45.301282057692305 45.30769230769231 1.1153846153846154 44.19230769230769 2.145819599973038
192000 0.3269230769230769 0.00041142887256913487 34.56740005769231 0.1314102564102564 45.301282057692305 45.30769230769231 1.1153846153846154 44.19230769230769 2.3129848000244237
194000 0.25 0.0001935581172770137 35.146432673076916 0.15224358974358973 45.301282057692305 45.30769230769231 1.0769230769230769 44.23076923076923 2.2558999999891967
196000 0.23076923076923078 0.00015380585811430465 35.39370357692308 0.1346153846153846 45.301282057692305 45.30769230769231 1.1153846153846154 44.19230769230769 2.194118899991736
198000 0.2692307692307692 0.00011824952976650841 35.27720182692308 0.14262820512820512 45.301282057692305 45.30769230769231 1.0576923076923077 44.25 2.121134599961806
200000 0.23076923076923078 7.770255283618903e-05 35.40989901923078 0.1330128205128205 45.301282057692305 45.30769230769231 1.0576923076923077 44.25 2.348111500032246
202000 0.2692307692307692 7.926785387760993e-05 34.64707784615385 0.1314102564102564 45.301282057692305 45.30769230769231 1.1538461538461537 44.15384615384615 2.249542300007306
204000 0.4230769230769231 0.00017456608526996597 34.1465430576923 0.14423076923076922 45.301282057692305 45.30769230769231 1.2115384615384615 44.09615384615385 2.1830666000023484
206000 0.3076923076923077 8.832854046175381e-05 34.104609096153844 0.13942307692307693 45.301282057692305 45.30769230769231 1.1538461538461537 44.15384615384615 2.2934415000490844
208000 0.46153846153846156 0.0001576033904510752 32.90599667307692 0.20192307692307693 45.301282057692305 45.30769230769231 1.0769230769230769 44.23076923076923 2.3773360999766737
210000 0.3076923076923077 0.00012120053194627185 33.313155057692306 0.18589743589743588 45.301282057692305 45.30769230769231 1.0384615384615385 44.26923076923077 2.5363043999532238
212000 0.40384615384615385 0.0001766154837392645 32.21309605769232 0.21955128205128205 45.301282057692305 45.30769230769231 1.0576923076923077 44.25 2.3272272999747656
214000 0.36538461538461536 0.0001430049753285061 33.39632317307692 0.17147435897435898 45.301282057692305 45.30769230769231 1.0961538461538463 44.21153846153846 2.2867232999997213
216000 0.3076923076923077 0.00015414608150712117 33.053966730769226 0.21634615384615388 45.301282057692305 45.30769230769231 1.2884615384615385 44.01923076923077 2.1095468000276014
218000 0.5192307692307693 0.0002511944300724155 32.70594782692308 0.20833333333333334 45.301282057692305 45.30769230769231 1.4423076923076923 43.86538461538461 2.3060359000228345
220000 0.6538461538461539 0.00038403274347085316 31.41700490384616 0.27724358974358976 45.301282057692305 45.30769230769231 1.4615384615384615 43.84615384615385 2.2886578000034206
222000 0.8846153846153846 0.0005899074492664843 31.09467086538463 0.266025641025641 45.301282057692305 45.30769230769231 1.6153846153846154 43.69230769230769 2.300917499989737
224000 0.5384615384615384 0.00025773844287098964 31.792272153846152 0.2243589743589744 45.301282057692305 45.30769230769231 1.3846153846153846 43.92307692307692 2.152195099974051
226000 0.5961538461538461 0.0002595355149498149 32.28810092307693 0.20673076923076922 45.301282057692305 45.30769230769231 1.2115384615384615 44.09615384615385 2.189786200004164
228000 0.40384615384615385 0.0004819454829673097 33.34076771153847 0.16987179487179488 45.301282057692305 45.30769230769231 1.25 44.05769230769231 2.1193739000009373
230000 0.5192307692307693 0.0005111804501561764 33.511440942307686 0.16666666666666669 45.301282057692305 45.30769230769231 1.2692307692307692 44.03846153846154 2.4119372999994084
232000 0.6923076923076923 0.0003939655830081411 32.43900938461539 0.18910256410256407 45.301282057692305 45.30769230769231 1.25 44.05769230769231 2.279089900024701
234000 0.8461538461538461 0.0005808618974137149 31.228009384615373 0.20993589743589747 45.301282057692305 45.30769230769231 1.8653846153846154 43.44230769230769 2.1215909000020474
236000 0.6923076923076923 0.0004944726935771627 31.938274288461535 0.1907051282051282 45.301282057692305 45.30769230769231 1.6730769230769231 43.63461538461539 2.175648899981752
238000 0.7115384615384616 0.0005443335483758878 32.056597038461526 0.20032051282051283 45.301282057692305 45.30769230769231 1.5384615384615385 43.76923076923077 2.3789670999976806
240000 0.7692307692307693 0.0005344070414389514 31.109152365384606 0.23076923076923078 45.301282057692305 45.30769230769231 1.5 43.80769230769231 2.23858459998155
242000 0.6346153846153846 0.0004956250987581721 32.2708518076923 0.19871794871794873 45.301282057692305 45.30769230769231 1.5384615384615385 43.76923076923077 2.4557253000093624
244000 0.7884615384615384 0.0005884061570508231 31.497881230769224 0.2467948717948718 45.301282057692305 45.30769230769231 1.5384615384615385 43.76923076923077 2.3247002999996766
246000 0.7307692307692307 -0.018739766490844377 32.383031576923074 0.19871794871794873 45.301282057692305 45.30769230769231 2.076923076923077 43.23076923076923 2.12983130000066
248000 0.6153846153846154 0.0004934986142081027 32.966365442307705 0.19070512820512822 45.301282057692305 45.30769230769231 1.8653846153846154 43.44230769230769 2.1947511000325903
250000 0.6923076923076923 0.0005363703626440063 32.34296748076923 0.2259615384615385 45.301282057692305 45.30769230769231 1.9615384615384615 43.34615384615385 2.265086400031578
252000 0.5384615384615384 0.0004378738247332288 33.28725196153845 0.19070512820512822 45.301282057692305 45.30769230769231 1.6538461538461537 43.65384615384615 2.343136899988167
254000 0.6730769230769231 0.0005266947592018412 33.10161648076923 0.21153846153846156 45.301282057692305 45.30769230769231 1.5576923076923077 43.75 2.288380899990443
256000 0.8461538461538461 0.0006112625737432221 31.733400096153844 0.2435897435897436 45.301282057692305 45.30769230769231 1.7692307692307692 43.53846153846154 2.1486695000203326
258000 0.7884615384615384 0.0005830516872428188 31.75754542307692 0.2355769230769231 45.301282057692305 45.30769230769231 1.4807692307692308 43.82692307692308 2.4090591999702156
260000 0.8846153846153846 0.0006426072750899479 31.146220365384615 0.2435897435897436 45.301282057692305 45.30769230769231 1.8269230769230769 43.48076923076923 2.224954599980265
262000 0.7115384615384616 -0.018688184953298145 32.30001357692308 0.2131410256410257 45.301282057692305 45.30769230769231 1.5384615384615385 43.76923076923077 2.3222282999777235
264000 0.75 0.0005649868875575351 31.45074321153847 0.266025641025641 45.301282057692305 45.30769230769231 1.5961538461538463 43.71153846153846 2.260288199991919
266000 0.7692307692307693 0.0005371567600007611 31.402261384615386 0.26282051282051283 45.301282057692305 45.30769230769231 1.5384615384615385 43.76923076923077 2.372051000013016
268000 0.75 0.0005054405263965813 31.71155632692308 0.27724358974358976 45.301282057692305 45.30769230769231 1.5192307692307692 43.78846153846154 2.1399105000309646
270000 0.6730769230769231 0.0003779964603581727 32.229274076923076 0.22916666666666666 45.301282057692305 45.30769230769231 1.3653846153846154 43.94230769230769 2.380103199975565
272000 0.7307692307692307 0.00036517286695051114 31.675155692307705 0.2612179487179488 45.301282057692305 45.30769230769231 1.3269230769230769 43.98076923076923 2.3831580000114627
274000 0.7307692307692307 0.0004305871470795288 31.32597451923078 0.2692307692307692 45.301282057692305 45.30769230769231 1.4615384615384615 43.84615384615385 2.1619705999619327
276000 0.8269230769230769 0.0004745518624802178 31.12053065384616 0.2644230769230769 45.301282057692305 45.30769230769231 1.7692307692307692 43.53846153846154 2.405981999996584
278000 0.6730769230769231 0.0004777632707207717 32.07053096153846 0.24679487179487178 45.301282057692305 45.30769230769231 1.6730769230769231 43.63461538461539 2.2985667000175454
280000 0.8076923076923077 0.0005647481758476948 31.309099057692315 0.2676282051282052 45.301282057692305 45.30769230769231 2.0 43.30769230769231 2.3230962000088766
282000 0.8269230769230769 -0.018639671394834884 31.04750740384615 0.28044871794871795 45.301282057692305 45.30769230769231 2.0961538461538463 43.21153846153846 2.196468400012236
284000 0.8076923076923077 -0.018718288577007445 30.89296665384616 0.26282051282051283 45.301282057692305 45.30769230769231 1.9038461538461537 43.40384615384615 2.211238300020341
286000 0.7307692307692307 0.000466916008628946 30.816577788461537 0.27884615384615385 45.301282057692305 45.30769230769231 1.9807692307692308 43.32692307692308 2.1703956999699585
288000 0.8269230769230769 0.0004626681717420231 30.526589884615387 0.28846153846153844 45.301282057692305 45.30769230769231 2.0384615384615383 43.26923076923077 2.17207159998361
290000 0.9230769230769231 -0.018624225745398452 30.271247634615374 0.28044871794871795 45.301282057692305 45.30769230769231 1.8269230769230769 43.48076923076923 2.2733395000104792
292000 0.8846153846153846 -0.01878799413091527 30.58398715384616 0.3012820512820512 45.301282057692305 45.30769230769231 1.8269230769230769 43.48076923076923 2.32770540000638
294000 0.9807692307692307 -0.0186001140563237 30.185215538461538 0.298076923076923 45.301282057692305 45.30769230769231 1.8461538461538463 43.46153846153846 2.199259900022298
296000 0.5961538461538461 0.0003118479532641096 31.757639557692308 0.24679487179487178 45.301282057692305 45.30769230769231 1.5 43.80769230769231 2.134460399975069
298000 0.6153846153846154 0.00032596982539041065 31.698940596153843 0.23878205128205127 45.301282057692305 45.30769230769231 1.4230769230769231 43.88461538461539 2.690411799994763
300000 0.5192307692307693 -0.018977596935353915 31.730248769230766 0.23557692307692307 45.301282057692305 45.30769230769231 1.3653846153846154 43.94230769230769 2.141714800032787
302000 0.6346153846153846 -0.03817143566190871 31.227310653846157 0.23076923076923078 45.301282057692305 45.30769230769231 1.6153846153846154 43.69230769230769 2.2132348000304773
304000 0.5769230769230769 -0.038194445384456883 31.4369873076923 0.2371794871794872 45.301282057692305 45.30769230769231 1.8269230769230769 43.48076923076923 2.2506275000050664
306000 0.6153846153846154 -0.0573844434203089 31.27728792307692 0.2435897435897436 45.301282057692305 45.30769230769231 1.9615384615384615 43.34615384615385 2.6453327999915928
308000 0.7884615384615384 -0.07655082635602065 30.941043826923075 0.2884615384615385 45.301282057692305 45.30769230769231 2.4038461538461537 42.90384615384615 2.236182500026189
310000 1.0384615384615385 -0.037785538166338596 30.588692942307684 0.2836538461538462 45.301282057692305 45.30769230769231 2.6923076923076925 42.61538461538461 2.2497181000071578
312000 1.0769230769230769 0.0006112360422976215 30.77678069230769 0.3076923076923077 45.301282057692305 45.30769230769231 2.3076923076923075 43.0 2.186455700022634
314000 0.9807692307692307 0.0005952402804222159 30.822079711538457 0.28846153846153844 45.301282057692305 45.30769230769231 2.019230769230769 43.28846153846154 2.147178500017617
316000 0.9038461538461539 0.0005497682555607149 31.240723173076926 0.27724358974358976 45.301282057692305 45.30769230769231 2.0961538461538463 43.21153846153846 2.350107799982652
318000 0.75 0.00034129035700381134 31.51677386538461 0.28525641025641024 45.301282057692305 45.30769230769231 1.6346153846153846 43.67307692307692 2.3638153999927454
320000 0.4230769230769231 -0.05751811142152899 32.512562634615385 0.24198717948717946 45.301282057692305 45.30769230769231 1.6346153846153846 43.67307692307692 2.150922900007572
322000 0.46153846153846156 0.0001957816411738278 31.788203134615394 0.26121794871794873 45.301282057692305 45.30769230769231 1.5192307692307692 43.78846153846154 2.177233399997931
324000 0.46153846153846156 -0.0574850430398735 32.05685132692308 0.22115384615384615 45.301282057692305 45.30769230769231 1.3076923076923077 44.0 2.4650137000135146
326000 0.46153846153846156 -0.03823824982951926 31.70215023076923 0.22435897435897434 45.301282057692305 45.30769230769231 1.2884615384615385 44.01923076923077 2.3154239999712445
328000 0.4230769230769231 -0.07671578782278221 32.517321653846146 0.2099358974358974 45.301282057692305 45.30769230769231 1.3269230769230769 43.98076923076923 2.1849344999645837
330000 0.36538461538461536 -0.019059789192472143 32.59077276923077 0.20673076923076927 45.301282057692305 45.30769230769231 1.4038461538461537 43.90384615384615 2.4405030999914743
332000 0.3269230769230769 -0.05754543688640774 32.72645678846153 0.1939102564102564 45.301282057692305 45.30769230769231 1.4038461538461537 43.90384615384615 2.2009092000080273
334000 0.34615384615384615 -0.05751516801020669 32.55182594230768 0.2419871794871795 45.301282057692305 45.30769230769231 1.3076923076923077 44.0 2.3902353000012226
336000 0.34615384615384615 -0.11524177006112225 33.46528807692307 0.23237179487179488 45.301282057692305 45.30769230769231 1.4615384615384615 43.84615384615385 2.1927550999680534
338000 0.25 -0.03835162567231 33.57314526923077 0.16346153846153846 45.301282057692305 45.30769230769231 1.2692307692307692 44.03846153846154 2.229371000023093
340000 0.2692307692307692 -0.15371744364873274 33.807751134615394 0.1971153846153846 45.301282057692305 45.30769230769231 1.3846153846153846 43.92307692307692 2.1579320000018924
342000 0.2692307692307692 -0.19219080144309372 34.59670636538463 0.15865384615384615 45.301282057692305 45.30769230769231 1.5192307692307692 43.78846153846154 2.303005399997346
344000 0.3076923076923077 -0.11518225257003392 34.34087121153847 0.17307692307692307 45.301282057692305 45.30769230769231 1.5384615384615385 43.76923076923077 2.114891900040675
346000 0.2692307692307692 -0.07672856409541644 34.449903903846156 0.1778846153846154 45.301282057692305 45.30769230769231 1.4615384615384615 43.84615384615385 2.306441399967298
348000 0.19230769230769232 -0.2498614607471022 35.084343903846154 0.125 45.301282057692305 45.30769230769231 1.25 44.05769230769231 2.3152271999861114
350000 0.2692307692307692 -0.24981692717153162 34.70293328846154 0.14583333333333331 45.301282057692305 45.30769230769231 1.2307692307692308 44.07692307692308 2.2146578999818303
352000 0.21153846153846154 -0.1729647401198922 34.62404917307692 0.1618589743589744 45.301282057692305 45.30769230769231 1.3269230769230769 43.98076923076923 2.341996899980586
354000 0.19230769230769232 -0.23066874712770075 34.78217636538462 0.14903846153846154 45.301282057692305 45.30769230769231 1.2692307692307692 44.03846153846154 2.2343302000081167
356000 0.23076923076923078 -0.2498909360707315 34.679119153846166 0.1618589743589744 45.301282057692305 45.30769230769231 1.2692307692307692 44.03846153846154 2.2882195999845862
358000 0.3076923076923077 -0.23060064972982047 34.32426257692308 0.18269230769230768 45.301282057692305 45.30769230769231 1.0384615384615385 44.26923076923077 2.3432329000206664
360000 0.28846153846153844 -0.1921392160588324 34.13943336538462 0.19230769230769226 45.301282057692305 45.30769230769231 1.0384615384615385 44.26923076923077 2.11533950001467
362000 0.3269230769230769 -0.09581825952992006 33.79520725 0.2516025641025641 45.301282057692305 45.30769230769231 1.2884615384615385 44.01923076923077 2.45211409998592
364000 0.2692307692307692 -0.07673896622074407 34.159862538461546 0.20993589743589738 45.301282057692305 45.30769230769231 1.3076923076923077 44.0 2.329115200031083
366000 0.21153846153846154 -0.07672146323428909 34.32117755769231 0.2131410256410256 45.301282057692305 45.30769230769231 1.4807692307692308 43.82692307692308 2.108192900021095
368000 0.17307692307692307 -0.01907348287623447 34.336509346153846 0.17147435897435892 45.301282057692305 45.30769230769231 1.4038461538461537 43.90384615384615 2.2376812000293285
370000 0.19230769230769232 -0.03833253054400472 34.67523751923078 0.1490384615384615 45.301282057692305 45.30769230769231 1.2692307692307692 44.03846153846154 2.439495900005568
372000 0.19230769230769232 -0.019118911991045238 34.729929730769236 0.1474358974358974 45.301282057692305 45.30769230769231 1.3846153846153846 43.92307692307692 2.302811399975326
374000 0.23076923076923078 0.00014903155150513175 34.003607211538466 0.15384615384615383 45.301282057692305 45.30769230769231 1.4615384615384615 43.84615384615385 2.2821173000265844
376000 0.23076923076923078 -0.019069883244039385 34.071823038461545 0.17948717948717946 45.301282057692305 45.30769230769231 1.4423076923076923 43.86538461538461 2.406478699995205
378000 0.23076923076923078 -0.019067116911523137 33.90598813461538 0.1490384615384615 45.301282057692305 45.30769230769231 1.4423076923076923 43.86538461538461 2.267716600035783
380000 0.3076923076923077 -0.019014806388890606 33.72164969230769 0.17948717948717946 45.301282057692305 45.30769230769231 1.7307692307692308 43.57692307692308 2.1662798000033945
382000 0.28846153846153844 -0.0190223212533651 33.52978388461537 0.18429487179487178 45.301282057692305 45.30769230769231 1.6730769230769231 43.63461538461539 2.196401600027457
384000 0.28846153846153844 -0.019018494908974556 33.56200373076923 0.20993589743589738 45.301282057692305 45.30769230769231 1.8653846153846154 43.44230769230769 2.423780200013425
386000 0.28846153846153844 -0.03823309963021914 33.58758301923076 0.16826923076923078 45.301282057692305 45.30769230769231 1.9807692307692308 43.32692307692308 2.301052200025879
388000 0.3269230769230769 -0.057457461705127194 33.280424826923074 0.1875 45.301282057692305 45.30769230769231 2.0 43.30769230769231 2.2630774999852292
390000 0.2692307692307692 -0.05748011390596734 33.56301011538463 0.1971153846153846 45.301282057692305 45.30769230769231 2.0961538461538463 43.21153846153846 2.525727799977176
392000 0.5192307692307693 -0.057410107447025585 32.99784725000001 0.20192307692307693 45.301282057692305 45.30769230769231 2.2884615384615383 43.01923076923077 2.1496347000356764
394000 0.6153846153846154 -0.057396628608338045 32.67860803846155 0.21955128205128205 45.301282057692305 45.30769230769231 2.3461538461538463 42.96153846153846 2.3191385999671184
396000 0.4807692307692308 -0.03817326765481217 32.864834153846154 0.1971153846153846 45.301282057692305 45.30769230769231 2.2115384615384617 43.09615384615385 2.2510995999909937
398000 0.5384615384615384 -0.07660436365813814 32.72888338461539 0.20833333333333334 45.301282057692305 45.30769230769231 2.3846153846153846 42.92307692307692 2.1583838999504223
400000 0.46153846153846156 -0.057430707415367634 32.77449471153847 0.19871794871794873 45.301282057692305 45.30769230769231 2.25 43.05769230769231 2.458787099982146
402000 0.38461538461538464 -0.05745833702853976 33.111339019230776 0.17948717948717946 45.301282057692305 45.30769230769231 1.9423076923076923 43.36538461538461 2.334156400000211
404000 0.38461538461538464 -0.018950769400691736 32.99194780769231 0.2099358974358974 45.301282057692305 45.30769230769231 1.6346153846153846 43.67307692307692 2.5213029000442475
406000 0.38461538461538464 -0.01900008992661189 32.96256759615385 0.21474358974358976 45.301282057692305 45.30769230769231 1.7692307692307692 43.53846153846154 2.1449092000257224
408000 0.4807692307692308 -0.03821221799379723 32.6498004423077 0.23557692307692307 45.301282057692305 45.30769230769231 1.9230769230769231 43.38461538461539 2.1334779000026174
410000 0.4807692307692308 -0.03819934175031247 32.42223607692308 0.2371794871794872 45.301282057692305 45.30769230769231 1.7115384615384615 43.59615384615385 2.2371854000375606
412000 0.4423076923076923 -0.03821143747178016 32.38751375 0.21955128205128208 45.301282057692305 45.30769230769231 1.6346153846153846 43.67307692307692 2.143344799987972
414000 0.7307692307692307 -0.05736440170143772 31.548304096153842 0.24839743589743588 45.301282057692305 45.30769230769231 1.9230769230769231 43.38461538461539 2.2543263000552543
416000 0.6538461538461539 -0.07663423319917147 31.717641826923078 0.22275641025641027 45.301282057692305 45.30769230769231 1.8076923076923077 43.5 2.2292157000047155
418000 0.6730769230769231 -0.05733992524530197 30.68772673076923 0.27724358974358976 45.301282057692305 45.30769230769231 1.8269230769230769 43.48076923076923 2.1919991000322625
420000 0.7115384615384616 -0.03807333706248971 30.890183846153846 0.24839743589743588 45.301282057692305 45.30769230769231 1.7307692307692308 43.57692307692308 2.247411100019235
422000 0.7692307692307693 -0.057286457272874146 30.63697857692307 0.2580128205128205 45.301282057692305 45.30769230769231 1.7307692307692308 43.57692307692308 2.129089900001418
424000 0.7115384615384616 -0.0765630027347952 31.06326096153846 0.27083333333333337 45.301282057692305 45.30769230769231 1.7307692307692308 43.57692307692308 2.332167099986691
426000 0.8461538461538461 -0.03801509489109871 30.462833442307684 0.2676282051282051 45.301282057692305 45.30769230769231 1.7307692307692308 43.57692307692308 2.147365000040736
428000 0.6923076923076923 -0.038050827115947324 30.81272659615383 0.26282051282051283 45.301282057692305 45.30769230769231 1.6346153846153846 43.67307692307692 2.196075899992138
430000 0.7692307692307693 -0.05722256013021512 30.22351678846153 0.28685897435897434 45.301282057692305 45.30769230769231 1.5769230769230769 43.73076923076923 2.143722200009506
432000 0.6923076923076923 -0.05733992630587315 30.661284403846153 0.27724358974358976 45.301282057692305 45.30769230769231 1.7307692307692308 43.57692307692308 2.3751181000261568
434000 0.6346153846153846 -0.057310713296310066 30.46497019230769 0.296474358974359 45.301282057692305 45.30769230769231 1.6923076923076923 43.61538461538461 2.1420984000433236
436000 0.8076923076923077 -0.018835306230497315 30.50209619230769 0.2612179487179487 45.301282057692305 45.30769230769231 1.9230769230769231 43.38461538461539 2.1591642999555916
438000 0.6923076923076923 -0.018869998636790144 30.72966017307692 0.2548076923076923 45.301282057692305 45.30769230769231 1.7307692307692308 43.57692307692308 2.430324000015389
440000 0.8461538461538461 -0.01884035332367747 30.268655653846153 0.2932692307692308 45.301282057692305 45.30769230769231 1.6730769230769231 43.63461538461539 2.3270678999833763
442000 0.7692307692307693 -0.01883963376110479 30.36587798076923 0.27564102564102566 45.301282057692305 45.30769230769231 1.5769230769230769 43.73076923076923 2.2726438000099733
444000 0.7692307692307693 0.00040692509781003935 30.042159807692308 0.2948717948717949 45.301282057692305 45.30769230769231 1.6538461538461537 43.65384615384615 2.190614600025583
446000 0.8461538461538461 -0.01880733557857524 30.14665676923077 0.28365384615384615 45.301282057692305 45.30769230769231 2.0576923076923075 43.25 2.2384704000432976
448000 0.8846153846153846 0.0004874168681126151 29.603448807692303 0.30608974358974356 45.301282057692305 45.30769230769231 1.9038461538461537 43.40384615384615 2.3033002000302076
450000 0.9230769230769231 0.0005223091592277211 29.159538288461533 0.34134615384615385 45.301282057692305 45.30769230769231 1.7692307692307692 43.53846153846154 2.189313000009861
452000 1.0192307692307692 -0.018733492765245382 29.060179346153845 0.34294871794871795 45.301282057692305 45.30769230769231 2.0 43.30769230769231 2.1552031000028364
454000 0.9615384615384616 0.00048386879381469853 28.52759346153846 0.3589743589743589 45.301282057692305 45.30769230769231 1.8269230769230769 43.48076923076923 2.178373200003989
456000 1.0192307692307692 -0.018732714081777634 28.51744390384615 0.34935897435897434 45.301282057692305 45.30769230769231 1.8846153846153846 43.42307692307692 2.2263676000293344
458000 1.0576923076923077 -0.018698944868607615 28.293084749999995 0.344551282051282 45.301282057692305 45.30769230769231 1.7307692307692308 43.57692307692308 2.4744270999799483
460000 1.0 -0.018718673245217116 28.2866745576923 0.35416666666666663 45.301282057692305 45.30769230769231 1.8846153846153846 43.42307692307692 2.311866399948485
462000 1.0 -0.01872682481640136 28.214024884615377 0.344551282051282 45.301282057692305 45.30769230769231 1.7307692307692308 43.57692307692308 2.2603141999570653
464000 1.0384615384615385 -0.018689573638219423 28.1445805576923 0.344551282051282 45.301282057692305 45.30769230769231 2.019230769230769 43.28846153846154 2.3813927000155672
466000 1.0 -0.018726114556229016 28.194794153846146 0.344551282051282 45.301282057692305 45.30769230769231 1.8076923076923077 43.5 2.467508599977009
468000 0.9807692307692307 0.0004980293396069367 28.278127480769225 0.35416666666666663 45.301282057692305 45.30769230769231 1.7307692307692308 43.57692307692308 2.3981310999952257
470000 1.0 0.0005046002253609101 28.175563288461532 0.344551282051282 45.301282057692305 45.30769230769231 1.6538461538461537 43.65384615384615 2.6579138000379317
472000 1.0384615384615385 0.0005227263400922514 28.188917942307683 0.344551282051282 45.301282057692305 45.30769230769231 1.5576923076923077 43.75 2.5952071999781765
474000 1.0576923076923077 0.0005498062036695516 28.129890134615376 0.35416666666666663 45.301282057692305 45.30769230769231 1.5576923076923077 43.75 2.337937900039833
476000 1.0 0.00045345199809337895 28.20627899999999 0.34935897435897434 45.301282057692305 45.30769230769231 1.4615384615384615 43.84615384615385 2.7220375000033528
478000 1.0 0.0004738719895927069 28.14071626923076 0.34935897435897434 45.301282057692305 45.30769230769231 1.3846153846153846 43.92307692307692 2.24336249998305
480000 1.0 0.00045546541746954 28.13216926923076 0.34935897435897434 45.301282057692305 45.30769230769231 1.3846153846153846 43.92307692307692 2.339013500022702
482000 1.0 0.0004536297678574994 28.04242561538461 0.34935897435897434 45.301282057692305 45.30769230769231 1.3846153846153846 43.92307692307692 2.4095632000244223
484000 1.0961538461538463 0.00047568628187804376 27.814861384615376 0.35416666666666663 45.301282057692305 45.30769230769231 1.3846153846153846 43.92307692307692 2.6428419000003487
486000 1.0961538461538463 0.00047320157857334437 27.90099036538461 0.35416666666666663 45.301282057692305 45.30769230769231 1.4615384615384615 43.84615384615385 2.2380965999909677
488000 1.0961538461538463 0.0004763431694999876 27.78934498076923 0.35416666666666663 45.301282057692305 45.30769230769231 1.3653846153846154 43.94230769230769 2.429571799992118
490000 1.0961538461538463 0.0004757409358518889 27.900456153846147 0.35416666666666663 45.301282057692305 45.30769230769231 1.3653846153846154 43.94230769230769 2.2926376000395976
492000 1.1153846153846154 0.0005054748670884274 27.901524557692305 0.35416666666666663 45.301282057692305 45.30769230769231 1.4423076923076923 43.86538461538461 2.4638042000005953
494000 1.1346153846153846 0.0005151303970390224 27.773319365384616 0.35416666666666663 45.301282057692305 45.30769230769231 1.4423076923076923 43.86538461538461 2.3293230999843217
496000 1.1923076923076923 0.0005420610702932157 27.27331905769231 0.37339743589743585 45.301282057692305 45.30769230769231 1.3653846153846154 43.94230769230769 2.3361341999843717
498000 1.2307692307692308 0.0005571026016196829 26.9425318076923 0.37339743589743585 45.301282057692305 45.30769230769231 1.2115384615384615 44.09615384615385 2.2992293999996036
500000 1.2307692307692308 0.0005571026016196829 26.9425318076923 0.37339743589743585 45.301282057692305 45.30769230769231 1.2115384615384615 44.09615384615385 2.4777368000359274
