2000 0.07692307692307693 5.823100951489046e-05 37.1607861923077 0.056089743589743585 45.301282057692305 45.30769230769231 2.730769230769231 42.57692307692308 0.6474256999790668
4000 0.07692307692307693 0.00012552345795185932 36.11509578846153 0.08493589743589744 45.301282057692305 45.30769230769231 2.7115384615384617 42.59615384615385 0.6765864000190049
6000 0.1346153846153846 0.00011620760647512277 36.730695423076924 0.060897435897435896 45.301282057692305 45.30769230769231 3.0 42.30769230769231 0.6586071999627165
8000 0.07692307692307693 5.830774055312774e-05 36.9804445576923 0.04647435897435897 45.301282057692305 45.30769230769231 2.730769230769231 42.57692307692308 0.6847402999992482
10000 0.07692307692307693 8.057468805580057e-05 36.894974096153845 0.044871794871794865 45.301282057692305 45.30769230769231 2.6923076923076925 42.61538461538461 0.9016595999710262
12000 0.07692307692307693 7.931885025316157e-05 36.45320030769232 0.08333333333333333 45.301282057692305 45.30769230769231 2.6346153846153846 42.67307692307692 0.8991397999925539
14000 0.07692307692307693 8.09584869117326e-05 36.609396384615394 0.052884615384615384 45.301282057692305 45.30769230769231 2.6346153846153846 42.67307692307692 1.1258009999874048
16000 0.09615384615384616 7.949701982789693e-05 36.41676788461539 0.060897435897435896 45.301282057692305 45.30769230769231 2.8846153846153846 42.42307692307692 1.3007666999474168
18000 0.07692307692307693 9.258144884269168e-05 36.76463321153846 0.056089743589743585 45.301282057692305 45.30769230769231 2.730769230769231 42.57692307692308 1.2829089000006206
20000 0.07692307692307693 7.454955860052588e-05 36.48461138461538 0.0641025641025641 45.301282057692305 45.30769230769231 2.6346153846153846 42.67307692307692 1.589526699972339
22000 0.1346153846153846 0.00011434834778980964 36.03849484615384 0.09134615384615384 45.301282057692305 45.30769230769231 2.980769230769231 42.32692307692308 1.8895640999544412
24000 0.09615384615384616 0.00010646075525891813 36.35136946153846 0.10897435897435896 45.301282057692305 45.30769230769231 2.730769230769231 42.57692307692308 1.9903033999726176
26000 0.09615384615384616 0.0001065472178034922 36.48919009615384 0.10256410256410256 45.301282057692305 45.30769230769231 2.6346153846153846 42.67307692307692 1.866653100005351
28000 0.09615384615384616 9.7579382900277e-05 36.51055780769231 0.09775641025641026 45.301282057692305 45.30769230769231 2.6346153846153846 42.67307692307692 2.1542529999860562
30000 0.09615384615384616 0.00011016955923041996 36.275247788461535 0.11538461538461539 45.301282057692305 45.30769230769231 2.6346153846153846 42.67307692307692 1.7960595999611542
32000 0.09615384615384616 8.868702288581516e-05 36.2104508653846 0.09935897435897437 45.301282057692305 45.30769230769231 2.6346153846153846 42.67307692307692 1.7873964000027627
34000 0.09615384615384616 8.643585017540948e-05 36.064846846153834 0.11057692307692307 45.301282057692305 45.30769230769231 2.6346153846153846 42.67307692307692 1.987906299997121
36000 0.11538461538461539 0.00010690434659231566 35.17733024999999 0.15705128205128205 45.301282057692305 45.30769230769231 2.6538461538461537 42.65384615384615 2.3842795999953523
38000 0.09615384615384616 8.834911281239094e-05 36.241433365384616 0.09455128205128206 45.301282057692305 45.30769230769231 2.6346153846153846 42.67307692307692 2.136739599984139
40000 0.09615384615384616 8.812716234357564e-05 36.42889690384615 0.10737179487179487 45.301282057692305 45.30769230769231 2.6346153846153846 42.67307692307692 2.138744299998507
42000 0.09615384615384616 8.64400997959164e-05 36.30710178846154 0.11378205128205127 45.301282057692305 45.30769230769231 2.6346153846153846 42.67307692307692 2.15600210003322
44000 0.09615384615384616 8.611571960554972e-05 36.07610234615384 0.12339743589743589 45.301282057692305 45.30769230769231 2.6346153846153846 42.67307692307692 2.3122849999926984
46000 0.09615384615384616 8.691910934252299e-05 36.13000278846153 0.1201923076923077 45.301282057692305 45.30769230769231 2.6346153846153846 42.67307692307692 2.194073799997568
48000 0.09615384615384616 7.359856318679971e-05 36.43049932692307 0.10897435897435896 45.301282057692305 45.30769230769231 2.6346153846153846 42.67307692307692 2.2595625999965705
50000 0.11538461538461539 4.471846782794549e-05 36.33749651923076 0.10897435897435898 45.301282057692305 45.30769230769231 2.6538461538461537 42.65384615384615 2.1709157999721356
52000 0.11538461538461539 4.575330703928911e-05 36.28621451923076 0.09134615384615384 45.301282057692305 45.30769230769231 2.826923076923077 42.48076923076923 2.33183810004266
54000 0.1346153846153846 6.163366832520099e-05 36.11634292307692 0.12019230769230768 45.301282057692305 45.30769230769231 2.6538461538461537 42.65384615384615 2.127459200040903
56000 0.23076923076923078 9.447894822376093e-05 35.42296544230769 0.11217948717948717 45.301282057692305 45.30769230769231 2.730769230769231 42.57692307692308 2.3148588000331074
58000 0.11538461538461539 5.572091811354402e-05 36.338084807692304 0.07852564102564102 45.301282057692305 45.30769230769231 2.730769230769231 42.57692307692308 2.1525586000061594
60000 0.09615384615384616 8.339378930383905e-05 36.682581923076924 0.08173076923076923 45.301282057692305 45.30769230769231 2.6346153846153846 42.67307692307692 2.2962640000041574
62000 0.1346153846153846 8.751919814648147e-05 36.721718769230776 0.0737179487179487 45.301282057692305 45.30769230769231 2.6346153846153846 42.67307692307692 2.326350499992259
64000 0.11538461538461539 6.292420711455243e-05 36.164224519230785 0.09134615384615384 45.301282057692305 45.30769230769231 2.6346153846153846 42.67307692307692 2.3557414000388235
66000 0.1346153846153846 6.60934517746585e-05 36.420634788461534 0.08653846153846154 45.301282057692305 45.30769230769231 2.6346153846153846 42.67307692307692 2.375323499960359
68000 0.1346153846153846 9.238346893882396e-05 36.54426148076923 0.0592948717948718 45.301282057692305 45.30769230769231 2.673076923076923 42.63461538461539 2.3577439000364393
70000 0.1346153846153846 8.469874452523117e-05 36.358401846153846 0.060897435897435896 45.301282057692305 45.30769230769231 2.6923076923076925 42.61538461538461 2.12718589999713
72000 0.2692307692307692 -0.057469054532188604 35.77986942307693 0.11538461538461536 45.301282057692305 45.30769230769231 2.6923076923076925 42.61538461538461 2.116733099974226
74000 0.1346153846153846 8.307442353289232e-05 36.19784159615383 0.16826923076923078 45.301282057692305 45.30769230769231 2.6923076923076925 42.61538461538461 2.1952567999833263
76000 0.3076923076923077 -0.019032200446609165 35.41943805769231 0.13141025641025642 45.301282057692305 45.30769230769231 2.7115384615384617 42.59615384615385 2.48894010001095
78000 0.3269230769230769 -0.1344097573204222 35.32782465384616 0.15384615384615385 45.301282057692305 45.30769230769231 2.7115384615384617 42.59615384615385 2.1710047000087798
80000 0.19230769230769232 0.00011230370124915675 36.21887265384615 0.10737179487179487 45.301282057692305 45.30769230769231 2.673076923076923 42.63461538461539 2.276788300019689
82000 0.09615384615384616 5.53313126239738e-05 36.467784711538464 0.09134615384615384 45.301282057692305 45.30769230769231 2.7115384615384617 42.59615384615385 2.209024900046643
84000 0.25 0.00012063242096561831 35.53217292307692 0.12980769230769232 45.301282057692305 45.30769230769231 2.7115384615384617 42.59615384615385 2.2587834000005387
86000 0.21153846153846154 0.00011653506871527206 35.91331603846154 0.10256410256410257 45.301282057692305 45.30769230769231 2.673076923076923 42.63461538461539 2.327521400002297
88000 0.5192307692307693 -0.11522398171303533 35.058628500000005 0.14262820512820512 45.301282057692305 45.30769230769231 2.673076923076923 42.63461538461539 2.142108600004576
90000 0.5384615384615384 -0.40368876974496976 34.90501357692309 0.171474358974359 45.301282057692305 45.30769230769231 2.673076923076923 42.63461538461539 2.2780281999730505
92000 0.5 -0.36523281001029423 34.915697461538464 0.16826923076923078 45.301282057692305 45.30769230769231 2.673076923076923 42.63461538461539 2.1408209000364877
94000 0.40384615384615385 -0.11521661221500876 34.535836423076915 0.171474358974359 45.301282057692305 45.30769230769231 2.673076923076923 42.63461538461539 2.1048855999833904
96000 0.46153846153846156 -0.24983912604383837 35.30912734615385 0.15544871794871795 45.301282057692305 45.30769230769231 2.7115384615384617 42.59615384615385 2.157627400010824
98000 0.40384615384615385 -0.19213446427710512 35.202022634615396 0.14583333333333334 45.301282057692305 45.30769230769231 2.673076923076923 42.63461538461539 2.538913300028071
100000 0.3269230769230769 -0.1537400564047221 35.23753821153847 0.1394230769230769 45.301282057692305 45.30769230769231 2.8076923076923075 42.5 2.122889300051611
102000 0.11538461538461539 -0.23068984888804595 35.527697826923074 0.125 45.301282057692305 45.30769230769231 3.1538461538461537 42.15384615384615 2.344467099988833
104000 0.28846153846153844 -0.15371744041280266 34.702205153846144 0.14102564102564102 45.301282057692305 45.30769230769231 3.269230769230769 42.03846153846154 2.152404499996919
106000 0.4807692307692308 -0.32676082052236316 34.80779146153846 0.15865384615384615 45.301282057692305 45.30769230769231 2.6923076923076925 42.61538461538461 2.2641714999917895
108000 0.21153846153846154 0.000129813569040939 35.19944624999999 0.1266025641025641 45.301282057692305 45.30769230769231 2.730769230769231 42.57692307692308 2.146402099984698
110000 0.11538461538461539 0.00012868819915257134 35.57042076923077 0.09775641025641026 45.301282057692305 45.30769230769231 2.8461538461538463 42.46153846153846 2.185046400001738
112000 0.09615384615384616 -0.21142577646792293 35.41115621153846 0.15544871794871792 45.301282057692305 45.30769230769231 3.1346153846153846 42.17307692307692 2.441795299993828
114000 0.09615384615384616 -0.038369225849627486 35.38813330769231 0.18589743589743588 45.301282057692305 45.30769230769231 2.8461538461538463 42.46153846153846 2.3226676000049338
116000 0.19230769230769232 0.00011470514816855026 35.1863743076923 0.14423076923076922 45.301282057692305 45.30769230769231 2.673076923076923 42.63461538461539 2.3385968999937177
118000 0.19230769230769232 0.00012765688659620238 35.316967269230766 0.13141025641025642 45.301282057692305 45.30769230769231 2.6923076923076925 42.61538461538461 2.285199200036004
120000 0.19230769230769232 0.0001334069347114499 35.44940780769231 0.1362179487179487 45.301282057692305 45.30769230769231 2.673076923076923 42.63461538461539 2.546796299982816
122000 0.21153846153846154 0.00014933912604508755 35.30336142307692 0.16025641025641024 45.301282057692305 45.30769230769231 2.673076923076923 42.63461538461539 2.249700299988035
124000 0.23076923076923078 0.00011748590732341749 35.16100015384615 0.1298076923076923 45.301282057692305 45.30769230769231 2.673076923076923 42.63461538461539 2.7764400000451133
126000 0.23076923076923078 0.0001267761888047247 35.30042328846153 0.12179487179487179 45.301282057692305 45.30769230769231 2.6923076923076925 42.61538461538461 2.348810700001195
128000 0.23076923076923078 0.00011203641837922744 35.42916244230769 0.13141025641025642 45.301282057692305 45.30769230769231 2.6538461538461537 42.65384615384615 2.503527800028678
130000 0.21153846153846154 0.00014761816351871855 35.70238411538461 0.1330128205128205 45.301282057692305 45.30769230769231 2.6538461538461537 42.65384615384615 2.214067300024908
132000 0.19230769230769232 0.0001351549924783509 35.437175499999995 0.14102564102564102 45.301282057692305 45.30769230769231 2.6346153846153846 42.67307692307692 2.1671536000212654
134000 0.23076923076923078 0.00010461451673458615 35.015837692307684 0.15224358974358973 45.301282057692305 45.30769230769231 2.6538461538461537 42.65384615384615 2.25789489998715
136000 0.21153846153846154 0.00013314432766665005 35.60815684615384 0.13141025641025642 45.301282057692305 45.30769230769231 2.6538461538461537 42.65384615384615 2.6405974999652244
138000 0.19230769230769232 0.0001361337599307375 35.734759346153844 0.13141025641025642 45.301282057692305 45.30769230769231 2.6346153846153846 42.67307692307692 2.2658388999989256
140000 0.17307692307692307 9.924858245805394e-05 36.10019438461538 0.09134615384615384 45.301282057692305 45.30769230769231 2.6346153846153846 42.67307692307692 2.2255717999651097
142000 0.21153846153846154 0.00018592593307171425 36.052558903846155 0.09615384615384616 45.301282057692305 45.30769230769231 2.6346153846153846 42.67307692307692 2.1524328000377864
144000 0.19230769230769232 0.00017749977920419286 36.380214788461544 0.10096153846153846 45.301282057692305 45.30769230769231 2.6346153846153846 42.67307692307692 2.326449299987871
146000 0.15384615384615385 0.0001605351333981984 36.720882596153835 0.07852564102564104 45.301282057692305 45.30769230769231 2.6346153846153846 42.67307692307692 2.268389799981378
148000 0.17307692307692307 0.00019268311920009326 36.33826307692307 0.11698717948717949 45.301282057692305 45.30769230769231 2.6346153846153846 42.67307692307692 2.403774300008081
150000 0.15384615384615385 0.00010811346398618639 36.29367621153846 0.10416666666666667 45.301282057692305 45.30769230769231 2.6346153846153846 42.67307692307692 2.191087100014556
152000 0.15384615384615385 0.0001615262940321026 36.22316346153847 0.11057692307692306 45.301282057692305 45.30769230769231 2.6346153846153846 42.67307692307692 2.284872299991548
154000 0.15384615384615385 0.00011277650121184893 36.39339126923077 0.10576923076923077 45.301282057692305 45.30769230769231 2.6346153846153846 42.67307692307692 2.38478490000125
156000 0.2692307692307692 0.00017481823257106476 36.314331249999995 0.1201923076923077 45.301282057692305 45.30769230769231 2.6346153846153846 42.67307692307692 2.311195299960673
158000 0.23076923076923078 0.0001714477631433275 35.684416519230766 0.16346153846153846 45.301282057692305 45.30769230769231 2.6346153846153846 42.67307692307692 2.1495485000195913
160000 0.3076923076923077 0.00019339304782280202 35.373785923076916 0.16666666666666666 45.301282057692305 45.30769230769231 2.6346153846153846 42.67307692307692 2.35623089998262
162000 0.23076923076923078 0.00017620132008101428 35.42891415384615 0.1330128205128205 45.301282057692305 45.30769230769231 2.6346153846153846 42.67307692307692 2.2155194000224583
164000 0.17307692307692307 0.00012304434619201665 35.838972749999996 0.1378205128205128 45.301282057692305 45.30769230769231 2.6346153846153846 42.67307692307692 2.3771177000016905
166000 0.15384615384615385 0.00014493874532990673 35.90060286538463 0.1474358974358974 45.301282057692305 45.30769230769231 2.6346153846153846 42.67307692307692 2.1719920999603346
168000 0.11538461538461539 8.424585112621988e-05 35.82074153846154 0.10737179487179487 45.301282057692305 45.30769230769231 2.6346153846153846 42.67307692307692 2.382618999981787
170000 0.09615384615384616 9.735548278479941e-05 36.005570730769236 0.10737179487179487 45.301282057692305 45.30769230769231 2.6346153846153846 42.67307692307692 2.419215500005521
172000 0.1346153846153846 0.00013326845231336105 35.58692690384615 0.1394230769230769 45.301282057692305 45.30769230769231 2.6346153846153846 42.67307692307692 2.286718999966979
174000 0.15384615384615385 0.00014099846172087844 35.62802113461539 0.14583333333333331 45.301282057692305 45.30769230769231 2.6346153846153846 42.67307692307692 2.33345240005292
176000 0.15384615384615385 0.00010492735483408176 35.76034230769232 0.08333333333333334 45.301282057692305 45.30769230769231 2.673076923076923 42.63461538461539 2.1737578000174835
178000 0.11538461538461539 0.00022378709172712332 36.161571038461545 0.09615384615384616 45.301282057692305 45.30769230769231 2.6346153846153846 42.67307692307692 2.3762853000080213
180000 0.19230769230769232 0.00012758388805080622 35.46266565384616 0.11538461538461539 45.301282057692305 45.30769230769231 2.75 42.55769230769231 2.2982765000197105
182000 0.19230769230769232 0.00021941393614166262 34.91957446153846 0.17628205128205127 45.301282057692305 45.30769230769231 2.826923076923077 42.48076923076923 2.116268400044646
184000 0.15384615384615385 0.00020398436715341668 34.86166848076924 0.1907051282051282 45.301282057692305 45.30769230769231 2.9038461538461537 42.40384615384615 2.3763068999978714
186000 0.17307692307692307 9.491018154488668e-05 34.259567153846156 0.19711538461538458 45.301282057692305 45.30769230769231 2.980769230769231 42.32692307692308 2.350143199961167
188000 0.15384615384615385 0.00018620764407200181 34.79509098076922 0.16987179487179485 45.301282057692305 45.30769230769231 2.769230769230769 42.53846153846154 2.1713099000044167
190000 0.1346153846153846 8.089044918637544e-05 34.85143021153845 0.18269230769230768 45.301282057692305 45.30769230769231 2.8076923076923075 42.5 2.1697350000031292
192000 0.1346153846153846 8.617384956504233e-05 34.870260519230776 0.15705128205128205 45.301282057692305 45.30769230769231 2.6923076923076925 42.61538461538461 2.2345153000205755
194000 0.09615384615384616 -0.03837226072772226 34.96030725 0.1490384615384615 45.301282057692305 45.30769230769231 2.730769230769231 42.57692307692308 2.2487100000143982
196000 0.15384615384615385 -0.019118857367776 34.470901730769235 0.1907051282051282 45.301282057692305 45.30769230769231 2.769230769230769 42.53846153846154 2.1933736999635585
198000 0.11538461538461539 -0.019148073415278553 35.09875073076922 0.15544871794871792 45.301282057692305 45.30769230769231 2.6538461538461537 42.65384615384615 2.181868100014981
200000 0.11538461538461539 0.00010034138338690788 34.94392526923077 0.16666666666666666 45.301282057692305 45.30769230769231 2.673076923076923 42.63461538461539 2.1687908000312746
202000 0.23076923076923078 -0.019094353741078516 34.03181813461539 0.19871794871794873 45.301282057692305 45.30769230769231 2.673076923076923 42.63461538461539 2.2370833000168204
204000 0.17307692307692307 -0.019098225185351463 33.966201576923076 0.16666666666666666 45.301282057692305 45.30769230769231 2.6923076923076925 42.61538461538461 2.157017800025642
206000 0.19230769230769232 -0.019113498385923768 34.119050788461536 0.18910256410256407 45.301282057692305 45.30769230769231 2.6538461538461537 42.65384615384615 2.3585482999915257
208000 0.07692307692307693 -0.019157160590196447 34.6506213076923 0.16185897435897434 45.301282057692305 45.30769230769231 2.673076923076923 42.63461538461539 2.1679106999654323
210000 0.07692307692307693 -0.019126581491777234 34.782565615384605 0.15705128205128205 45.301282057692305 45.30769230769231 2.6923076923076925 42.61538461538461 2.1689975999761373
212000 0.09615384615384616 -0.019123488389713558 34.61616586538461 0.14262820512820512 45.301282057692305 45.30769230769231 2.75 42.55769230769231 2.3461219999589957
214000 0.07692307692307693 -0.019124625170671747 34.68053551923077 0.14102564102564102 45.301282057692305 45.30769230769231 2.730769230769231 42.57692307692308 2.4019500999711454
216000 0.11538461538461539 0.00011980680572233222 34.44577486538462 0.16506410256410253 45.301282057692305 45.30769230769231 2.75 42.55769230769231 2.3024304999853484
218000 0.07692307692307693 0.00015225880987535916 34.402452307692315 0.15544871794871792 45.301282057692305 45.30769230769231 2.730769230769231 42.57692307692308 2.2608716000104323
220000 0.17307692307692307 0.00016910089736369308 33.42476271153846 0.1939102564102564 45.301282057692305 45.30769230769231 2.8461538461538463 42.46153846153846 2.270675299980212
222000 0.1346153846153846 0.0001560221731050048 33.83897163461539 0.2003205128205128 45.301282057692305 45.30769230769231 2.769230769230769 42.53846153846154 2.242025699990336
224000 0.1346153846153846 0.00014649894625312483 33.844166192307696 0.1955128205128205 45.301282057692305 45.30769230769231 2.8653846153846154 42.44230769230769 2.239261400012765
226000 0.17307692307692307 0.00018259460305120569 33.951898884615396 0.17628205128205127 45.301282057692305 45.30769230769231 2.769230769230769 42.53846153846154 2.2864254000014625
228000 0.25 -0.038235074895491265 33.08109382692308 0.23717948717948717 45.301282057692305 45.30769230769231 3.0576923076923075 42.25 2.277141499973368
230000 0.3076923076923077 -0.09593219999746998 33.39127905769231 0.2067307692307692 45.301282057692305 45.30769230769231 3.076923076923077 42.23076923076923 2.787169500021264
232000 0.4230769230769231 -0.13443394263837385 33.42616909615385 0.21794871794871795 45.301282057692305 45.30769230769231 3.2115384615384617 42.09615384615385 2.1578621999942698
234000 0.19230769230769232 -0.07672290351942038 34.68537580769232 0.1362179487179487 45.301282057692305 45.30769230769231 3.0961538461538463 42.21153846153846 2.2675967999966815
236000 0.25 0.00016532975050240694 33.96328803846153 0.20833333333333331 45.301282057692305 45.30769230769231 2.730769230769231 42.57692307692308 2.3700942999566905
238000 0.15384615384615385 -0.0959727553720868 34.77776136538462 0.15384615384615385 45.301282057692305 45.30769230769231 3.0576923076923075 42.25 2.116784000012558
240000 0.15384615384615385 -0.15366446406854303 34.48251561538463 0.15865384615384612 45.301282057692305 45.30769230769231 3.25 42.05769230769231 2.163360000005923
242000 0.1346153846153846 0.00016014323410436191 34.12940782692307 0.157051282051282 45.301282057692305 45.30769230769231 2.9038461538461537 42.40384615384615 2.1890150999533944
244000 0.1346153846153846 0.00017258211109042474 34.2414476153846 0.15865384615384612 45.301282057692305 45.30769230769231 2.730769230769231 42.57692307692308 2.2973163000424393
246000 0.1346153846153846 0.00018172284435419544 33.9314958076923 0.17467948717948717 45.301282057692305 45.30769230769231 2.75 42.55769230769231 2.165092299983371
248000 0.1346153846153846 0.00013257162155128112 34.292017461538464 0.17307692307692304 45.301282057692305 45.30769230769231 2.7115384615384617 42.59615384615385 2.277386099973228
250000 0.09615384615384616 0.00012300155726257034 34.37515488461538 0.15064102564102563 45.301282057692305 45.30769230769231 2.7115384615384617 42.59615384615385 2.2250033000018448
252000 0.17307692307692307 0.0001337889562583049 34.93764998076924 0.15865384615384615 45.301282057692305 45.30769230769231 2.730769230769231 42.57692307692308 2.3088236000039615
254000 0.15384615384615385 7.976044650205852e-05 34.93987842307691 0.16987179487179485 45.301282057692305 45.30769230769231 2.673076923076923 42.63461538461539 2.197658399993088
256000 0.1346153846153846 0.0001640944955874415 35.016013461538456 0.15224358974358973 45.301282057692305 45.30769230769231 2.75 42.55769230769231 2.19435100001283
258000 0.1346153846153846 -0.019164087815072225 34.84137403846154 0.1474358974358974 45.301282057692305 45.30769230769231 2.769230769230769 42.53846153846154 2.1832452999660745
260000 0.11538461538461539 -0.01905910302909523 34.99250925 0.1474358974358974 45.301282057692305 45.30769230769231 2.8846153846153846 42.42307692307692 2.3484504999942146
262000 0.11538461538461539 -0.01916900219998026 34.70062840384615 0.15865384615384615 45.301282057692305 45.30769230769231 2.769230769230769 42.53846153846154 2.3488918999792077
264000 0.11538461538461539 -0.01917464191806571 34.66348917307691 0.14903846153846154 45.301282057692305 45.30769230769231 2.6923076923076925 42.61538461538461 2.233858799969312
266000 0.1346153846153846 0.00012106148999477669 34.338814192307694 0.13141025641025642 45.301282057692305 45.30769230769231 2.6538461538461537 42.65384615384615 2.2599506999831647
268000 0.09615384615384616 6.38358858592555e-05 34.663601038461536 0.1233974358974359 45.301282057692305 45.30769230769231 2.6346153846153846 42.67307692307692 2.2446101999958046
270000 0.09615384615384616 0.00013168863564807707 34.74773080769231 0.1282051282051282 45.301282057692305 45.30769230769231 2.826923076923077 42.48076923076923 2.171847599965986
272000 0.1346153846153846 -0.057542815039207065 34.78571165384616 0.1330128205128205 45.301282057692305 45.30769230769231 2.8846153846153846 42.42307692307692 2.151254800031893
274000 0.11538461538461539 -0.019084407354412667 34.800187980769245 0.1346153846153846 45.301282057692305 45.30769230769231 2.8076923076923075 42.5 2.6096967000048608
276000 0.11538461538461539 -0.019132807230205322 34.824872500000005 0.11698717948717949 45.301282057692305 45.30769230769231 2.75 42.55769230769231 2.104300399951171
278000 0.09615384615384616 -0.01917062167802946 34.86840869230769 0.12179487179487179 45.301282057692305 45.30769230769231 2.673076923076923 42.63461538461539 2.155628499982413
280000 0.09615384615384616 -0.01915555298175769 34.67396421153847 0.12980769230769232 45.301282057692305 45.30769230769231 2.6538461538461537 42.65384615384615 2.1564933999907225
282000 0.09615384615384616 -0.019123774960611104 35.03828053846154 0.1362179487179487 45.301282057692305 45.30769230769231 2.6538461538461537 42.65384615384615 2.111594900023192
284000 0.09615384615384616 -0.03840307669056258 35.30938092307693 0.11217948717948717 45.301282057692305 45.30769230769231 2.673076923076923 42.63461538461539 2.5066881999955513
286000 0.09615384615384616 -0.03839996797378121 35.24720138461539 0.09935897435897437 45.301282057692305 45.30769230769231 2.6538461538461537 42.65384615384615 2.1271599999745376
288000 0.09615384615384616 -0.057629809864025335 35.542073384615385 0.11538461538461539 45.301282057692305 45.30769230769231 2.730769230769231 42.57692307692308 2.283424399967771
290000 0.15384615384615385 -0.05760009414616588 35.63431 0.12499999999999999 45.301282057692305 45.30769230769231 2.8076923076923075 42.5 2.517289499985054
292000 0.15384615384615385 -0.019088060906474493 35.066297519230766 0.1490384615384615 45.301282057692305 45.30769230769231 3.6923076923076925 41.61538461538461 2.3319458999903873
294000 0.1346153846153846 -0.019132927135345076 35.44151171153846 0.1330128205128205 45.301282057692305 45.30769230769231 3.1923076923076925 42.11538461538461 2.1519497000263073
296000 0.07692307692307693 -0.019074259462331013 35.94576071153846 0.10416666666666667 45.301282057692305 45.30769230769231 3.25 42.05769230769231 2.2862384999752976
298000 0.17307692307692307 -0.03837636342078966 35.783410634615386 0.09935897435897435 45.301282057692305 45.30769230769231 3.826923076923077 41.48076923076923 2.200135399994906
300000 0.09615384615384616 -0.01914833790357563 35.42402103846154 0.09134615384615384 45.301282057692305 45.30769230769231 3.7115384615384617 41.59615384615385 2.250388099986594
302000 0.15384615384615385 0.00018238937122664145 35.17913367307692 0.18429487179487178 45.301282057692305 45.30769230769231 3.6923076923076925 41.61538461538461 2.2250097000505775
304000 0.11538461538461539 7.602916220849535e-05 35.598180538461534 0.10576923076923077 45.301282057692305 45.30769230769231 3.1153846153846154 42.19230769230769 2.548855300003197
306000 0.17307692307692307 0.00019432422828103422 36.1849740576923 0.07852564102564104 45.301282057692305 45.30769230769231 3.1538461538461537 42.15384615384615 2.4243144000065513
308000 0.17307692307692307 -0.01908256668695437 36.142090807692306 0.10096153846153845 45.301282057692305 45.30769230769231 3.4038461538461537 41.90384615384615 2.4368630000390112
310000 0.19230769230769232 -0.019070659599636997 36.09210490384614 0.07532051282051283 45.301282057692305 45.30769230769231 2.9423076923076925 42.36538461538461 2.2294576999847777
312000 0.1346153846153846 -0.01909138205344766 36.03725428846154 0.1137820512820513 45.301282057692305 45.30769230769231 3.4038461538461537 41.90384615384615 2.1845156000345014
314000 0.25 0.00015939930632504276 36.208163730769215 0.1474358974358974 45.301282057692305 45.30769230769231 3.0 42.30769230769231 2.4110328999813646
316000 0.19230769230769232 0.00011837318018859367 36.29486765384615 0.16346153846153846 45.301282057692305 45.30769230769231 2.9615384615384617 42.34615384615385 2.4498434999841265
318000 0.19230769230769232 0.00012592911002999837 36.37428336538461 0.14743589743589744 45.301282057692305 45.30769230769231 2.75 42.55769230769231 2.4676854999852367
320000 0.17307692307692307 9.24541904435751e-05 36.03505867307692 0.1330128205128205 45.301282057692305 45.30769230769231 2.826923076923077 42.48076923076923 2.2919106000335887
322000 0.17307692307692307 7.401239914762178e-05 35.30761571153846 0.17147435897435898 45.301282057692305 45.30769230769231 2.8653846153846154 42.44230769230769 2.186364099965431
324000 0.11538461538461539 -0.019136827151229344 35.609262288461544 0.1394230769230769 45.301282057692305 45.30769230769231 2.75 42.55769230769231 2.39095199998701
326000 0.1346153846153846 6.370728046349565e-05 36.55113821153845 0.10576923076923077 45.301282057692305 45.30769230769231 2.6346153846153846 42.67307692307692 2.4829013000125997
328000 0.09615384615384616 -0.019147777376991616 36.687801500000006 0.12339743589743589 45.301282057692305 45.30769230769231 2.6346153846153846 42.67307692307692 2.356355600000825
330000 0.11538461538461539 -0.0191389039609936 36.553275192307694 0.1346153846153846 45.301282057692305 45.30769230769231 2.8461538461538463 42.46153846153846 2.188595500017982
332000 0.1346153846153846 0.00023485585262885374 36.47729305769231 0.1282051282051282 45.301282057692305 45.30769230769231 2.7115384615384617 42.59615384615385 2.41700519999722
334000 0.1346153846153846 -0.0383848783763816 36.27613040384617 0.1266025641025641 45.301282057692305 45.30769230769231 2.6923076923076925 42.61538461538461 2.260225799982436
336000 0.1346153846153846 -0.03835566784434655 36.170005115384626 0.1362179487179487 45.301282057692305 45.30769230769231 2.8846153846153846 42.42307692307692 2.2191342000151053
338000 0.1346153846153846 -0.0382664110598004 36.21986271153847 0.14423076923076922 45.301282057692305 45.30769230769231 2.769230769230769 42.53846153846154 2.207990000024438
340000 0.11538461538461539 -0.019043107491635243 36.25864486538461 0.14583333333333331 45.301282057692305 45.30769230769231 2.75 42.55769230769231 2.1587162999785505
342000 0.1346153846153846 -0.019036679119152352 36.15362261538462 0.10576923076923077 45.301282057692305 45.30769230769231 2.7884615384615383 42.51923076923077 2.2217921999981627
344000 0.11538461538461539 -0.019045583320049186 35.81980857692309 0.16987179487179485 45.301282057692305 45.30769230769231 2.7884615384615383 42.51923076923077 2.2178413000074215
346000 0.15384615384615385 -0.01912406101427134 34.56108519230769 0.1907051282051282 45.301282057692305 45.30769230769231 2.7884615384615383 42.51923076923077 2.2200497000012547
348000 0.17307692307692307 -0.05750391036149811 34.64349271153847 0.22115384615384615 45.301282057692305 45.30769230769231 2.923076923076923 42.38461538461539 2.20998879999388
350000 0.19230769230769232 -0.05747789726050937 35.30660686538462 0.1794871794871795 45.301282057692305 45.30769230769231 2.980769230769231 42.32692307692308 2.1802119000349194
352000 0.19230769230769232 -0.057561625752608106 34.98204498076923 0.19070512820512822 45.301282057692305 45.30769230769231 3.0 42.30769230769231 2.257784500019625
354000 0.19230769230769232 -0.03834933682345148 35.09168861538462 0.18269230769230768 45.301282057692305 45.30769230769231 3.0384615384615383 42.26923076923077 2.2800542999757454
356000 0.17307692307692307 -0.05758868444096636 35.70375186538463 0.1394230769230769 45.301282057692305 45.30769230769231 2.9038461538461537 42.40384615384615 2.09117819997482
358000 0.23076923076923078 -0.05749931217742917 35.40958353846155 0.14262820512820512 45.301282057692305 45.30769230769231 2.7884615384615383 42.51923076923077 2.3151471000164747
360000 0.2692307692307692 -0.03828174978214495 35.44176005769231 0.12499999999999999 45.301282057692305 45.30769230769231 2.769230769230769 42.53846153846154 2.2372836000286043
362000 0.25 -0.0382833896176418 35.53428134615386 0.1314102564102564 45.301282057692305 45.30769230769231 2.7884615384615383 42.51923076923077 2.17101939994609
364000 0.19230769230769232 -0.019075052837796678 35.5943216923077 0.12660256410256407 45.301282057692305 45.30769230769231 2.7884615384615383 42.51923076923077 2.2090495000011288
366000 0.25 -0.019085502739840034 35.672989019230776 0.14583333333333331 45.301282057692305 45.30769230769231 2.75 42.55769230769231 2.1859889999614097
368000 0.19230769230769232 -0.019090675343072995 35.67151173076924 0.15064102564102563 45.301282057692305 45.30769230769231 2.8076923076923075 42.5 2.1517510999692604
370000 0.17307692307692307 -0.05755798670060523 35.907337884615394 0.1346153846153846 45.301282057692305 45.30769230769231 2.6923076923076925 42.61538461538461 2.475421399984043
372000 0.21153846153846154 -0.05758140453027794 35.89943198076924 0.15705128205128205 45.301282057692305 45.30769230769231 2.8076923076923075 42.5 2.1813716999604367
374000 0.21153846153846154 -0.05757357372464755 36.06203886538463 0.1266025641025641 45.301282057692305 45.30769230769231 2.6923076923076925 42.61538461538461 2.446369400015101
376000 0.17307692307692307 -0.038348096262224525 35.928615769230774 0.13141025641025642 45.301282057692305 45.30769230769231 2.8076923076923075 42.5 2.3951593000092544
378000 0.28846153846153844 -0.0383357596458921 35.88899125 0.1378205128205128 45.301282057692305 45.30769230769231 3.019230769230769 42.28846153846154 2.3913524000090547
380000 0.19230769230769232 -0.03821312921617469 35.43174959615385 0.17307692307692307 45.301282057692305 45.30769230769231 3.076923076923077 42.23076923076923 2.17094460001681
382000 0.23076923076923078 -0.03820771673731159 35.320793884615384 0.171474358974359 45.301282057692305 45.30769230769231 3.230769230769231 42.07692307692308 2.37129239999922
384000 0.17307692307692307 -0.018986584182586315 35.05178421153846 0.1842948717948718 45.301282057692305 45.30769230769231 3.2884615384615383 42.01923076923077 2.153099299990572
386000 0.19230769230769232 -0.038361094024146385 35.1655835576923 0.15865384615384615 45.301282057692305 45.30769230769231 3.6923076923076925 41.61538461538461 2.181437499995809
388000 0.17307692307692307 -0.0383274218661909 35.50386521153847 0.1618589743589744 45.301282057692305 45.30769230769231 3.2115384615384617 42.09615384615385 2.1002145999809727
390000 0.21153846153846154 0.00024885156798788857 35.625339403846155 0.15064102564102563 45.301282057692305 45.30769230769231 3.019230769230769 42.28846153846154 2.3029362999950536
392000 0.23076923076923078 -0.01909964600655139 35.837999576923075 0.1362179487179487 45.301282057692305 45.30769230769231 2.9615384615384617 42.34615384615385 2.176424600009341
394000 0.17307692307692307 -0.019099340379502568 35.67919903846155 0.12820512820512822 45.301282057692305 45.30769230769231 3.0576923076923075 42.25 2.14542190002976
396000 0.17307692307692307 -0.01910166454222692 35.51192146153847 0.1490384615384615 45.301282057692305 45.30769230769231 3.0 42.30769230769231 2.122545899997931
398000 0.17307692307692307 -0.019126787300405235 34.89039232692309 0.1794871794871795 45.301282057692305 45.30769230769231 3.0961538461538463 42.21153846153846 2.3941650999477133
400000 0.1346153846153846 -0.018971798160318708 35.02819628846153 0.16346153846153846 45.301282057692305 45.30769230769231 3.1538461538461537 42.15384615384615 2.1395327000063844
402000 0.17307692307692307 8.489364877210202e-05 34.41921376923077 0.17147435897435898 45.301282057692305 45.30769230769231 3.1538461538461537 42.15384615384615 2.202270200010389
404000 0.1346153846153846 6.991734691850526e-05 34.13557196153847 0.2227564102564103 45.301282057692305 45.30769230769231 3.076923076923077 42.23076923076923 2.382224300003145
406000 0.1346153846153846 6.395026954488076e-05 33.793905038461546 0.217948717948718 45.301282057692305 45.30769230769231 2.9423076923076925 42.36538461538461 2.181107599986717
408000 0.1346153846153846 -0.018987684430347533 33.73955996153846 0.2227564102564103 45.301282057692305 45.30769230769231 2.9423076923076925 42.36538461538461 2.282062699960079
410000 0.23076923076923078 -0.018932086563777973 34.27023517307691 0.16025641025641024 45.301282057692305 45.30769230769231 3.25 42.05769230769231 2.1583490000339225
412000 0.19230769230769232 -0.019071332653255998 34.79619565384615 0.17948717948717946 45.301282057692305 45.30769230769231 3.5 41.80769230769231 2.3535791000467725
414000 0.17307692307692307 -0.019081653673443673 34.822547884615375 0.17628205128205127 45.301282057692305 45.30769230769231 3.576923076923077 41.73076923076923 2.180190999992192
416000 0.17307692307692307 0.00017634784793573263 34.844970653846154 0.16506410256410253 45.301282057692305 45.30769230769231 3.3846153846153846 41.92307692307692 2.167970600014087
418000 0.15384615384615385 0.00016662069802876906 34.98190101923077 0.1490384615384615 45.301282057692305 45.30769230769231 3.230769230769231 42.07692307692308 2.145082500006538
420000 0.15384615384615385 9.541174182141102e-05 35.20939378846153 0.14583333333333331 45.301282057692305 45.30769230769231 3.1153846153846154 42.19230769230769 2.119698000024073
422000 0.19230769230769232 -0.019077020789491708 34.94239705769231 0.16346153846153846 45.301282057692305 45.30769230769231 3.25 42.05769230769231 2.18773839995265
424000 0.17307692307692307 -0.01906833679096258 34.54593192307693 0.16987179487179485 45.301282057692305 45.30769230769231 3.1346153846153846 42.17307692307692 2.351775200047996
426000 0.25 0.00017702241022790347 34.18343251923077 0.20512820512820515 45.301282057692305 45.30769230769231 3.1346153846153846 42.17307692307692 2.2476866000215523
428000 0.23076923076923078 -0.01905169853249151 34.55737873076922 0.1875 45.301282057692305 45.30769230769231 3.1153846153846154 42.19230769230769 2.186907200026326
430000 0.23076923076923078 -0.019069444804932948 35.27137290384615 0.16987179487179485 45.301282057692305 45.30769230769231 3.3653846153846154 41.94230769230769 2.3363204000052065
432000 0.23076923076923078 -0.0190648052291253 35.06848778846153 0.1201923076923077 45.301282057692305 45.30769230769231 3.076923076923077 42.23076923076923 2.3126822999911383
434000 0.21153846153846154 -0.01906133969876254 34.85436236538462 0.1346153846153846 45.301282057692305 45.30769230769231 3.1923076923076925 42.11538461538461 2.1373013999545947
436000 0.25 0.0001814374117630101 34.71884738461539 0.16987179487179485 45.301282057692305 45.30769230769231 3.1346153846153846 42.17307692307692 2.2292235999484546
438000 0.23076923076923078 0.0001739984199147744 34.84693005769231 0.15064102564102563 45.301282057692305 45.30769230769231 3.1538461538461537 42.15384615384615 2.4575152000179514
440000 0.25 0.00018927151349829813 34.39180165384615 0.22275641025641027 45.301282057692305 45.30769230769231 3.2115384615384617 42.09615384615385 2.293549400055781
442000 0.25 0.00015585486253116742 34.79501223076923 0.17467948717948717 45.301282057692305 45.30769230769231 3.2115384615384617 42.09615384615385 2.2333937999792397
444000 0.2692307692307692 -0.01908525350523301 34.16613473076923 0.21955128205128208 45.301282057692305 45.30769230769231 3.173076923076923 42.13461538461539 2.178541899949778
446000 0.23076923076923078 -0.038335920569023255 33.59432259615384 0.22115384615384615 45.301282057692305 45.30769230769231 3.0576923076923075 42.25 2.1108680999604985
448000 0.28846153846153844 -0.0575455153264937 33.352898980769226 0.22596153846153846 45.301282057692305 45.30769230769231 2.980769230769231 42.32692307692308 2.271875499980524
450000 0.2692307692307692 -0.11527923721809646 33.49368728846154 0.20512820512820512 45.301282057692305 45.30769230769231 3.2115384615384617 42.09615384615385 2.1451634999830276
452000 0.28846153846153844 -0.057554377840997026 33.452637903846146 0.21314102564102566 45.301282057692305 45.30769230769231 3.1153846153846154 42.19230769230769 2.1859771000454202
454000 0.2692307692307692 -0.03834238889578868 33.48533011538461 0.20192307692307693 45.301282057692305 45.30769230769231 2.9615384615384617 42.34615384615385 2.3574502000119537
456000 0.21153846153846154 -0.07684011239485404 33.7488275 0.19230769230769226 45.301282057692305 45.30769230769231 3.1923076923076925 42.11538461538461 2.2154330000048503
458000 0.28846153846153844 -0.038199131185154896 33.44714686538462 0.1971153846153846 45.301282057692305 45.30769230769231 3.230769230769231 42.07692307692308 2.1905945999897085
460000 0.25 -0.03833887535479279 33.30108601923076 0.20192307692307693 45.301282057692305 45.30769230769231 3.4038461538461537 41.90384615384615 2.1687291000271216
462000 0.2692307692307692 -0.03834071777167241 33.09275259615384 0.22115384615384615 45.301282057692305 45.30769230769231 3.576923076923077 41.73076923076923 2.25382990000071
464000 0.28846153846153844 -0.038334482132351244 33.02501740384614 0.21474358974358976 45.301282057692305 45.30769230769231 3.5961538461538463 41.71153846153846 2.2959031000500545
466000 0.28846153846153844 -0.03834706733453577 32.98161978846153 0.21794871794871795 45.301282057692305 45.30769230769231 3.75 41.55769230769231 2.3885234000044875
468000 0.28846153846153844 -0.038333649754933745 32.69369223076922 0.22275641025641027 45.301282057692305 45.30769230769231 3.6538461538461537 41.65384615384615 2.1345254000043496
470000 0.3076923076923077 -0.03833559225052549 32.82981309615384 0.22916666666666669 45.301282057692305 45.30769230769231 3.6346153846153846 41.67307692307692 2.44322179997107
472000 0.34615384615384615 -0.019071435404200508 32.47564628846153 0.21794871794871795 45.301282057692305 45.30769230769231 3.6346153846153846 41.67307692307692 2.3370284999837168
474000 0.4230769230769231 -0.019039154311631626 32.47457788461537 0.25 45.301282057692305 45.30769230769231 3.673076923076923 41.63461538461539 2.108918200014159
476000 0.28846153846153844 -0.019105303738590734 32.57950444230768 0.23557692307692307 45.301282057692305 45.30769230769231 3.769230769230769 41.53846153846154 2.1528842999832705
478000 0.28846153846153844 -0.01910033985883011 32.31027349999999 0.24839743589743593 45.301282057692305 45.30769230769231 3.75 41.55769230769231 2.2796846000128426
480000 0.28846153846153844 -0.03833017869577083 32.41593588461537 0.2387820512820513 45.301282057692305 45.30769230769231 3.6538461538461537 41.65384615384615 2.2178844999871217
482000 0.28846153846153844 -0.038324511677378575 32.22382599999999 0.25160256410256415 45.301282057692305 45.30769230769231 3.5576923076923075 41.75 2.1641592999803834
484000 0.3269230769230769 -0.05757810952119203 32.26859159615383 0.26282051282051283 45.301282057692305 45.30769230769231 3.4423076923076925 41.86538461538461 2.1797687000362203
486000 0.3269230769230769 -0.03834160148685474 32.09209569230769 0.25961538461538464 45.301282057692305 45.30769230769231 3.173076923076923 42.13461538461539 2.2970916000194848
488000 0.3269230769230769 -0.03832924652278624 31.927565653846145 0.2916666666666667 45.301282057692305 45.30769230769231 3.076923076923077 42.23076923076923 2.3829299999633804
490000 0.3269230769230769 -0.03832794693792718 31.81923151923076 0.2932692307692308 45.301282057692305 45.30769230769231 3.076923076923077 42.23076923076923 2.301670800021384
492000 0.3269230769230769 -0.03832868660776575 31.852564846153843 0.27564102564102566 45.301282057692305 45.30769230769231 3.1153846153846154 42.19230769230769 2.229244699992705
494000 0.3269230769230769 -0.03832444616817307 31.76378265384616 0.27564102564102566 45.301282057692305 45.30769230769231 3.0576923076923075 42.25 2.175078400003258
496000 0.34615384615384615 -0.03827296759241282 31.657586 0.296474358974359 45.301282057692305 45.30769230769231 3.0384615384615383 42.26923076923077 2.18986349995248
498000 0.36538461538461536 -0.01899706161726911 31.569165076923078 0.2932692307692308 45.301282057692305 45.30769230769231 2.980769230769231 42.32692307692308 2.3010716999997385
500000 0.34615384615384615 -0.038273077618677404 31.656517653846155 0.2836538461538462 45.301282057692305 45.30769230769231 3.173076923076923 42.13461538461539 2.190563399984967
