2000 1.1923076923076923 0.00011600582150796543 37.54297340384615 0.05929487179487179 45.301282057692305 45.30769230769231 2.6538461538461537 42.65384615384615 0.6587999999755993
4000 1.1346153846153846 0.00025515710012169983 37.363379134615386 0.03205128205128205 45.301282057692305 45.30769230769231 2.6346153846153846 42.67307692307692 0.7623482999624684
6000 1.6153846153846154 0.0003075143135295417 37.241431942307685 0.03685897435897435 45.301282057692305 45.30769230769231 2.6346153846153846 42.67307692307692 0.8010336000006646
8000 3.3653846153846154 0.0009505177390279452 36.529519326923065 0.06570512820512821 45.301282057692305 45.30769230769231 3.1923076923076925 42.11538461538461 0.8547343999962322
10000 2.2884615384615383 0.00018304315413043956 36.82427978846154 0.060897435897435896 45.301282057692305 45.30769230769231 3.480769230769231 41.82692307692308 0.8777467000181787
12000 3.423076923076923 0.0005637581738037466 36.87668348076922 0.056089743589743585 45.301282057692305 45.30769230769231 3.480769230769231 41.82692307692308 1.1167597000021487
14000 3.5576923076923075 0.0006533129778657263 36.641640480769226 0.0673076923076923 45.301282057692305 45.30769230769231 3.480769230769231 41.82692307692308 1.0809405000181869
16000 2.480769230769231 0.00031588260618877715 36.87213498076921 0.052884615384615384 45.301282057692305 45.30769230769231 3.519230769230769 41.78846153846154 1.3369226999930106
18000 3.9038461538461537 0.0014144457477953227 36.153907999999994 0.057692307692307696 45.301282057692305 45.30769230769231 4.673076923076923 40.63461538461539 2.0020388000411913
20000 2.480769230769231 0.00025242983627094483 36.597632788461546 0.057692307692307696 45.301282057692305 45.30769230769231 3.480769230769231 41.82692307692308 1.7669861000031233
22000 2.1153846153846154 0.00013081531765326616 36.7206235576923 0.0737179487179487 45.301282057692305 45.30769230769231 3.480769230769231 41.82692307692308 1.8795116000110283
24000 3.1538461538461537 0.00045421217276777134 36.33715271153847 0.0673076923076923 45.301282057692305 45.30769230769231 3.5 41.80769230769231 1.9325524999876507
26000 2.4038461538461537 0.00022509074149154885 37.003713076923084 0.09935897435897435 45.301282057692305 45.30769230769231 3.480769230769231 41.82692307692308 1.8717514000018127
28000 3.3653846153846154 0.0007688716797431544 36.32875823076923 0.08012820512820512 45.301282057692305 45.30769230769231 3.5961538461538463 41.71153846153846 1.8010039000073448
30000 9.807692307692308 0.0034287732000068054 34.00030190384616 0.15544871794871792 45.301282057692305 45.30769230769231 3.7884615384615383 41.51923076923077 2.2464564999681897
32000 10.5 0.0031758339596924577 33.96771661538462 0.17147435897435898 45.301282057692305 45.30769230769231 3.5576923076923075 41.75 2.0249336000415497
34000 9.51923076923077 0.0030581069827057936 33.712908942307685 0.17948717948717946 45.301282057692305 45.30769230769231 3.5384615384615383 41.76923076923077 1.7930189999751747
36000 4.365384615384615 0.001314936451437537 35.47069944230769 0.1266025641025641 45.301282057692305 45.30769230769231 3.480769230769231 41.82692307692308 1.9305344000458717
38000 8.211538461538462 0.002345884818115367 34.55168165384616 0.13942307692307693 45.301282057692305 45.30769230769231 3.5576923076923075 41.75 2.2746491000289097
40000 8.01923076923077 0.002169883729048888 34.02754590384616 0.16666666666666666 45.301282057692305 45.30769230769231 3.5384615384615383 41.76923076923077 2.308554599992931
42000 6.711538461538462 0.0025517103844679206 34.782569326923074 0.16666666666666669 45.301282057692305 45.30769230769231 3.5384615384615383 41.76923076923077 2.1138896999764256
44000 8.576923076923077 0.0030164320726292415 34.36002655769231 0.1762820512820513 45.301282057692305 45.30769230769231 3.519230769230769 41.78846153846154 2.212171599967405
46000 27.346153846153847 0.013006609566897835 32.78551346153846 0.21314102564102566 45.301282057692305 45.30769230769231 3.0 42.30769230769231 2.1788681999896653
48000 27.673076923076923 0.007916209799947397 32.91906073076923 0.20673076923076922 45.301282057692305 45.30769230769231 2.9423076923076925 42.36538461538461 2.281591200036928
50000 18.653846153846153 0.0032083390617881277 34.358164 0.1378205128205128 45.301282057692305 45.30769230769231 2.8461538461538463 42.46153846153846 2.137943300011102
52000 18.576923076923077 0.004396710212880477 33.52151763461538 0.18108974358974356 45.301282057692305 45.30769230769231 2.730769230769231 42.57692307692308 2.160808399959933
54000 24.115384615384617 0.006770697831377875 32.72877026923077 0.23237179487179485 45.301282057692305 45.30769230769231 2.6346153846153846 42.67307692307692 2.119219599990174
56000 14.288461538461538 0.002325439913140676 34.092284615384614 0.15705128205128205 45.301282057692305 45.30769230769231 2.6346153846153846 42.67307692307692 2.3129738999996334
58000 25.326923076923077 0.007807531319387555 34.55115261538461 0.17948717948717946 45.301282057692305 45.30769230769231 2.7884615384615383 42.51923076923077 2.1833500000066124
60000 19.307692307692307 0.004767383343525577 33.55008351923077 0.21474358974358973 45.301282057692305 45.30769230769231 2.6346153846153846 42.67307692307692 2.362543099967297
62000 42.67307692307692 0.017953770643386043 31.248859826923074 0.2692307692307692 45.301282057692305 45.30769230769231 3.1346153846153846 42.17307692307692 2.242643300036434
64000 82.90384615384616 0.0368593474628411 28.34846188461539 0.358974358974359 45.301282057692305 45.30769230769231 4.019230769230769 41.28846153846154 2.529675400000997
66000 81.57692307692308 0.03784766990742134 28.78838301923076 0.33333333333333337 45.301282057692305 45.30769230769231 4.019230769230769 41.28846153846154 2.579176400031429
68000 109.92307692307692 0.05122974667714212 24.463081019230767 0.4839743589743589 45.301282057692305 45.30769230769231 4.019230769230769 41.28846153846154 2.6012245999881998
70000 122.13461538461539 0.05660176472213345 24.381863519230766 0.4951923076923077 45.301282057692305 45.30769230769231 4.019230769230769 41.28846153846154 2.295366699981969
72000 122.13461538461539 0.05660176472213345 24.381863519230766 0.4951923076923077 45.301282057692305 45.30769230769231 4.019230769230769 41.28846153846154 2.2366023000213318
74000 122.13461538461539 0.05660176472213345 24.381863519230766 0.4951923076923077 45.301282057692305 45.30769230769231 4.019230769230769 41.28846153846154 2.241967100009788
76000 122.13461538461539 0.05660176472213345 24.381863519230766 0.4951923076923077 45.301282057692305 45.30769230769231 4.019230769230769 41.28846153846154 2.198904799995944
78000 122.13461538461539 0.05660176472213345 24.381863519230766 0.4951923076923077 45.301282057692305 45.30769230769231 4.019230769230769 41.28846153846154 2.1903743999428116
80000 160.76923076923077 0.07516296775848928 23.95895357692308 0.5112179487179487 45.301282057692305 45.30769230769231 4.423076923076923 40.88461538461539 2.2279974999837577
82000 160.76923076923077 0.07516296775848928 23.95895357692308 0.5112179487179487 45.301282057692305 45.30769230769231 4.423076923076923 40.88461538461539 2.5749142999993637
84000 160.76923076923077 0.07516296775848928 23.95895357692308 0.5112179487179487 45.301282057692305 45.30769230769231 4.423076923076923 40.88461538461539 2.1641327999532223
86000 160.76923076923077 0.07516296775848928 23.95895357692308 0.5112179487179487 45.301282057692305 45.30769230769231 4.423076923076923 40.88461538461539 2.4051228999742307
88000 170.19230769230768 0.08464568327108854 23.71144392307692 0.5112179487179487 45.301282057692305 45.30769230769231 3.5961538461538463 41.71153846153846 2.212911600014195
90000 170.19230769230768 0.08464568327108854 23.71144392307692 0.5112179487179487 45.301282057692305 45.30769230769231 3.5961538461538463 41.71153846153846 2.2218813999788836
92000 170.19230769230768 0.08464568327108854 23.71144392307692 0.5112179487179487 45.301282057692305 45.30769230769231 3.5961538461538463 41.71153846153846 2.319747000001371
94000 170.19230769230768 0.08464568327108854 23.71144392307692 0.5112179487179487 45.301282057692305 45.30769230769231 3.5961538461538463 41.71153846153846 2.1728479000157677
96000 170.19230769230768 0.08464568327108854 23.71144392307692 0.5112179487179487 45.301282057692305 45.30769230769231 3.5961538461538463 41.71153846153846 2.1390014000353403
98000 170.19230769230768 0.08464568327108854 23.71144392307692 0.5112179487179487 45.301282057692305 45.30769230769231 3.5961538461538463 41.71153846153846 2.325011600041762
100000 170.19230769230768 0.08464568327108854 23.71144392307692 0.5112179487179487 45.301282057692305 45.30769230769231 3.5961538461538463 41.71153846153846 2.202546300017275
102000 170.19230769230768 0.08464568327108854 23.71144392307692 0.5112179487179487 45.301282057692305 45.30769230769231 3.5961538461538463 41.71153846153846 2.2521424000151455
104000 170.19230769230768 0.08464568327108854 23.71144392307692 0.5112179487179487 45.301282057692305 45.30769230769231 3.5961538461538463 41.71153846153846 2.183641300012823
106000 170.19230769230768 0.08464568327108854 23.71144392307692 0.5112179487179487 45.301282057692305 45.30769230769231 3.5961538461538463 41.71153846153846 2.3056241999729536
108000 170.19230769230768 0.08464568327108854 23.71144392307692 0.5112179487179487 45.301282057692305 45.30769230769231 3.5961538461538463 41.71153846153846 2.4457620999892242
110000 170.19230769230768 0.08464568327108854 23.71144392307692 0.5112179487179487 45.301282057692305 45.30769230769231 3.5961538461538463 41.71153846153846 2.065388300048653
112000 170.19230769230768 0.08464568327108854 23.71144392307692 0.5112179487179487 45.301282057692305 45.30769230769231 3.5961538461538463 41.71153846153846 2.1443656000192277
114000 170.19230769230768 0.08464568327108854 23.71144392307692 0.5112179487179487 45.301282057692305 45.30769230769231 3.5961538461538463 41.71153846153846 2.2733784000156447
116000 170.19230769230768 0.08464568327108854 23.71144392307692 0.5112179487179487 45.301282057692305 45.30769230769231 3.5961538461538463 41.71153846153846 2.193847799964715
118000 170.19230769230768 0.08464568327108854 23.71144392307692 0.5112179487179487 45.301282057692305 45.30769230769231 3.5961538461538463 41.71153846153846 2.1225380999967456
120000 170.19230769230768 0.08464568327108854 23.71144392307692 0.5112179487179487 45.301282057692305 45.30769230769231 3.5961538461538463 41.71153846153846 2.343303499976173
122000 170.19230769230768 0.08464568327108854 23.71144392307692 0.5112179487179487 45.301282057692305 45.30769230769231 3.5961538461538463 41.71153846153846 2.218883499968797
124000 165.42307692307693 0.08282554222292084 24.30866667307692 0.5016025641025641 45.301282057692305 45.30769230769231 3.673076923076923 41.63461538461539 2.1436419999809004
126000 165.42307692307693 0.08282554222292084 24.30866667307692 0.5016025641025641 45.301282057692305 45.30769230769231 3.673076923076923 41.63461538461539 2.21526610001456
128000 165.42307692307693 0.08282554222292084 24.30866667307692 0.5016025641025641 45.301282057692305 45.30769230769231 3.673076923076923 41.63461538461539 2.217875499976799
130000 165.42307692307693 0.08282554222292084 24.30866667307692 0.5016025641025641 45.301282057692305 45.30769230769231 3.673076923076923 41.63461538461539 2.182784200005699
132000 165.42307692307693 0.08282554222292084 24.30866667307692 0.5016025641025641 45.301282057692305 45.30769230769231 3.673076923076923 41.63461538461539 2.1685367000172846
134000 165.42307692307693 0.08282554222292084 24.30866667307692 0.5016025641025641 45.301282057692305 45.30769230769231 3.673076923076923 41.63461538461539 2.1840597999980673
136000 165.42307692307693 0.08282554222292084 24.30866667307692 0.5016025641025641 45.301282057692305 45.30769230769231 3.673076923076923 41.63461538461539 2.211946600000374
138000 166.6153846153846 0.08325668515646356 24.328965711538462 0.5016025641025641 45.301282057692305 45.30769230769231 3.5961538461538463 41.71153846153846 2.5507907000137493
140000 170.19230769230768 0.08464568327108854 23.71144392307692 0.5112179487179487 45.301282057692305 45.30769230769231 3.5961538461538463 41.71153846153846 2.1685056000133045
142000 170.19230769230768 0.08464568327108854 23.71144392307692 0.5112179487179487 45.301282057692305 45.30769230769231 3.5961538461538463 41.71153846153846 2.287938599998597
144000 170.19230769230768 0.08464568327108854 23.71144392307692 0.5112179487179487 45.301282057692305 45.30769230769231 3.5961538461538463 41.71153846153846 2.207654000027105
146000 170.19230769230768 0.08464568327108854 23.71144392307692 0.5112179487179487 45.301282057692305 45.30769230769231 3.5961538461538463 41.71153846153846 2.211568500031717
148000 170.19230769230768 0.08464568327108854 23.71144392307692 0.5112179487179487 45.301282057692305 45.30769230769231 3.5961538461538463 41.71153846153846 2.202583600010257
150000 170.19230769230768 0.08464568327108854 23.71144392307692 0.5112179487179487 45.301282057692305 45.30769230769231 3.5961538461538463 41.71153846153846 2.1642716000205837
152000 170.19230769230768 0.08464568327108854 23.71144392307692 0.5112179487179487 45.301282057692305 45.30769230769231 3.5961538461538463 41.71153846153846 2.154105499968864
154000 170.19230769230768 0.08464568327108854 23.71144392307692 0.5112179487179487 45.301282057692305 45.30769230769231 3.5961538461538463 41.71153846153846 2.2290636000107042
156000 170.19230769230768 0.08464568327108854 23.71144392307692 0.5112179487179487 45.301282057692305 45.30769230769231 3.5961538461538463 41.71153846153846 2.1930732000037096
158000 170.19230769230768 0.08464568327108854 23.71144392307692 0.5112179487179487 45.301282057692305 45.30769230769231 3.5961538461538463 41.71153846153846 2.340443199966103
160000 170.19230769230768 0.08464568327108854 23.71144392307692 0.5112179487179487 45.301282057692305 45.30769230769231 3.5961538461538463 41.71153846153846 2.1909195999614894
162000 170.19230769230768 0.08464568327108854 23.71144392307692 0.5112179487179487 45.301282057692305 45.30769230769231 3.5961538461538463 41.71153846153846 2.4639916000305675
164000 170.19230769230768 0.08464568327108854 23.71144392307692 0.5112179487179487 45.301282057692305 45.30769230769231 3.5961538461538463 41.71153846153846 2.1226903999922797
166000 170.19230769230768 0.08464568327108854 23.71144392307692 0.5112179487179487 45.301282057692305 45.30769230769231 3.5961538461538463 41.71153846153846 2.212426799989771
168000 170.19230769230768 0.08464568327108854 23.71144392307692 0.5112179487179487 45.301282057692305 45.30769230769231 3.5961538461538463 41.71153846153846 2.2465989000047557
170000 170.19230769230768 0.08464568327108854 23.71144392307692 0.5112179487179487 45.301282057692305 45.30769230769231 3.5961538461538463 41.71153846153846 2.7618541999836452
172000 170.19230769230768 0.08464568327108854 23.71144392307692 0.5112179487179487 45.301282057692305 45.30769230769231 3.5961538461538463 41.71153846153846 2.276629900035914
174000 170.19230769230768 0.08464568327108854 23.71144392307692 0.5112179487179487 45.301282057692305 45.30769230769231 3.5961538461538463 41.71153846153846 2.1813577999710105
176000 170.19230769230768 0.08464568327108854 23.71144392307692 0.5112179487179487 45.301282057692305 45.30769230769231 3.5961538461538463 41.71153846153846 2.198312199965585
178000 170.19230769230768 0.08464568327108854 23.71144392307692 0.5112179487179487 45.301282057692305 45.30769230769231 3.5961538461538463 41.71153846153846 2.1738612999906763
180000 170.19230769230768 0.08464568327108854 23.71144392307692 0.5112179487179487 45.301282057692305 45.30769230769231 3.5961538461538463 41.71153846153846 2.2973881000070833
182000 170.19230769230768 0.08464568327108854 23.71144392307692 0.5112179487179487 45.301282057692305 45.30769230769231 3.5961538461538463 41.71153846153846 2.332891700032633
184000 170.19230769230768 0.08464568327108854 23.71144392307692 0.5112179487179487 45.301282057692305 45.30769230769231 3.5961538461538463 41.71153846153846 2.2547308999928646
186000 170.19230769230768 0.08464568327108854 23.71144392307692 0.5112179487179487 45.301282057692305 45.30769230769231 3.5961538461538463 41.71153846153846 2.620720300008543
188000 170.19230769230768 0.08464568327108854 23.71144392307692 0.5112179487179487 45.301282057692305 45.30769230769231 3.5961538461538463 41.71153846153846 2.1770337999914773
190000 170.19230769230768 0.08464568327108854 23.71144392307692 0.5112179487179487 45.301282057692305 45.30769230769231 3.5961538461538463 41.71153846153846 2.3564889000263065
192000 170.19230769230768 0.08464568327108854 23.71144392307692 0.5112179487179487 45.301282057692305 45.30769230769231 3.5961538461538463 41.71153846153846 2.3349961999920197
194000 170.19230769230768 0.08464568327108854 23.71144392307692 0.5112179487179487 45.301282057692305 45.30769230769231 3.5961538461538463 41.71153846153846 2.1551142000244
196000 170.19230769230768 0.08464568327108854 23.71144392307692 0.5112179487179487 45.301282057692305 45.30769230769231 3.5961538461538463 41.71153846153846 2.251234699971974
198000 170.19230769230768 0.08464568327108854 23.71144392307692 0.5112179487179487 45.301282057692305 45.30769230769231 3.5961538461538463 41.71153846153846 2.314172399987001
200000 170.19230769230768 0.08464568327108854 23.71144392307692 0.5112179487179487 45.301282057692305 45.30769230769231 3.5961538461538463 41.71153846153846 2.403325200022664
202000 170.19230769230768 0.08464568327108854 23.71144392307692 0.5112179487179487 45.301282057692305 45.30769230769231 3.5961538461538463 41.71153846153846 2.314882399979979
204000 170.19230769230768 0.08464568327108854 23.71144392307692 0.5112179487179487 45.301282057692305 45.30769230769231 3.5961538461538463 41.71153846153846 2.170329699991271
206000 170.19230769230768 0.08464568327108854 23.71144392307692 0.5112179487179487 45.301282057692305 45.30769230769231 3.5961538461538463 41.71153846153846 2.219574599992484
208000 170.19230769230768 0.08464568327108854 23.71144392307692 0.5112179487179487 45.301282057692305 45.30769230769231 3.5961538461538463 41.71153846153846 2.2611419999739155
210000 170.19230769230768 0.08464568327108854 23.71144392307692 0.5112179487179487 45.301282057692305 45.30769230769231 3.5961538461538463 41.71153846153846 2.1530773999984376
212000 166.98076923076923 0.06394673676079966 24.27511953846154 0.5256410256410257 45.301282057692305 45.30769230769231 3.6346153846153846 41.67307692307692 2.3340797999990173
214000 170.19230769230768 0.08464568327108854 23.71144392307692 0.5112179487179487 45.301282057692305 45.30769230769231 3.5961538461538463 41.71153846153846 2.253612000029534
216000 170.19230769230768 0.08464568327108854 23.71144392307692 0.5112179487179487 45.301282057692305 45.30769230769231 3.5961538461538463 41.71153846153846 2.207467000000179
218000 170.19230769230768 0.08464568327108854 23.71144392307692 0.5112179487179487 45.301282057692305 45.30769230769231 3.5961538461538463 41.71153846153846 2.3016269999789074
220000 166.98076923076923 0.06394673676079966 24.27511953846154 0.5256410256410257 45.301282057692305 45.30769230769231 3.6346153846153846 41.67307692307692 2.1758699000347406
222000 170.19230769230768 0.08464568327108854 23.71144392307692 0.5112179487179487 45.301282057692305 45.30769230769231 3.5961538461538463 41.71153846153846 2.2781837000511587
224000 170.19230769230768 0.08464568327108854 23.71144392307692 0.5112179487179487 45.301282057692305 45.30769230769231 3.5961538461538463 41.71153846153846 2.3660518000251614
226000 166.98076923076923 0.06394673676079966 24.27511953846154 0.5256410256410257 45.301282057692305 45.30769230769231 3.6346153846153846 41.67307692307692 2.56008019996807
228000 170.19230769230768 0.08464568327108854 23.71144392307692 0.5112179487179487 45.301282057692305 45.30769230769231 3.5961538461538463 41.71153846153846 2.3286955999792553
230000 170.19230769230768 0.08464568327108854 23.71144392307692 0.5112179487179487 45.301282057692305 45.30769230769231 3.5961538461538463 41.71153846153846 2.1531205999781378
232000 170.19230769230768 0.08464568327108854 23.71144392307692 0.5112179487179487 45.301282057692305 45.30769230769231 3.5961538461538463 41.71153846153846 2.241753600013908
234000 170.19230769230768 0.08464568327108854 23.71144392307692 0.5112179487179487 45.301282057692305 45.30769230769231 3.5961538461538463 41.71153846153846 2.2488950999686494
236000 170.19230769230768 0.08464568327108854 23.71144392307692 0.5112179487179487 45.301282057692305 45.30769230769231 3.5961538461538463 41.71153846153846 2.154696099983994
238000 170.19230769230768 0.08464568327108854 23.71144392307692 0.5112179487179487 45.301282057692305 45.30769230769231 3.5961538461538463 41.71153846153846 2.293816899997182
240000 170.19230769230768 0.08464568327108854 23.71144392307692 0.5112179487179487 45.301282057692305 45.30769230769231 3.5961538461538463 41.71153846153846 2.1836774999974295
242000 170.19230769230768 0.08464568327108854 23.71144392307692 0.5112179487179487 45.301282057692305 45.30769230769231 3.5961538461538463 41.71153846153846 2.3253812000039034
244000 170.19230769230768 0.08464568327108854 23.71144392307692 0.5112179487179487 45.301282057692305 45.30769230769231 3.5961538461538463 41.71153846153846 2.10872219997691
246000 170.19230769230768 0.08464568327108854 23.71144392307692 0.5112179487179487 45.301282057692305 45.30769230769231 3.5961538461538463 41.71153846153846 2.305919200007338
248000 170.19230769230768 0.08464568327108854 23.71144392307692 0.5112179487179487 45.301282057692305 45.30769230769231 3.5961538461538463 41.71153846153846 2.3690077000064775
250000 170.19230769230768 0.08464568327108854 23.71144392307692 0.5112179487179487 45.301282057692305 45.30769230769231 3.5961538461538463 41.71153846153846 2.309266700001899
252000 170.19230769230768 0.08464568327108854 23.71144392307692 0.5112179487179487 45.301282057692305 45.30769230769231 3.5961538461538463 41.71153846153846 2.1769752000109293
254000 170.19230769230768 0.08464568327108854 23.71144392307692 0.5112179487179487 45.301282057692305 45.30769230769231 3.5961538461538463 41.71153846153846 2.589659399993252
256000 170.19230769230768 0.08464568327108854 23.71144392307692 0.5112179487179487 45.301282057692305 45.30769230769231 3.5961538461538463 41.71153846153846 2.2956114999833517
258000 170.19230769230768 0.08464568327108854 23.71144392307692 0.5112179487179487 45.301282057692305 45.30769230769231 3.5961538461538463 41.71153846153846 2.4210563999949954
260000 170.19230769230768 0.08464568327108854 23.71144392307692 0.5112179487179487 45.301282057692305 45.30769230769231 3.5961538461538463 41.71153846153846 2.198420900036581
262000 170.19230769230768 0.08464568327108854 23.71144392307692 0.5112179487179487 45.301282057692305 45.30769230769231 3.5961538461538463 41.71153846153846 2.314118000038434
264000 170.19230769230768 0.08464568327108854 23.71144392307692 0.5112179487179487 45.301282057692305 45.30769230769231 3.5961538461538463 41.71153846153846 2.2082797000184655
266000 170.19230769230768 0.08464568327108854 23.71144392307692 0.5112179487179487 45.301282057692305 45.30769230769231 3.5961538461538463 41.71153846153846 2.248444000026211
268000 170.19230769230768 0.08464568327108854 23.71144392307692 0.5112179487179487 45.301282057692305 45.30769230769231 3.5961538461538463 41.71153846153846 2.479612299997825
270000 170.19230769230768 0.08464568327108854 23.71144392307692 0.5112179487179487 45.301282057692305 45.30769230769231 3.5961538461538463 41.71153846153846 2.205930600001011
272000 170.19230769230768 0.08464568327108854 23.71144392307692 0.5112179487179487 45.301282057692305 45.30769230769231 3.5961538461538463 41.71153846153846 2.358259500004351
274000 170.19230769230768 0.08464568327108854 23.71144392307692 0.5112179487179487 45.301282057692305 45.30769230769231 3.5961538461538463 41.71153846153846 2.4686493999906816
276000 170.19230769230768 0.08464568327108854 23.71144392307692 0.5112179487179487 45.301282057692305 45.30769230769231 3.5961538461538463 41.71153846153846 2.420538200007286
278000 170.19230769230768 0.08464568327108854 23.71144392307692 0.5112179487179487 45.301282057692305 45.30769230769231 3.5961538461538463 41.71153846153846 2.2583372999797575
280000 170.19230769230768 0.08464568327108854 23.71144392307692 0.5112179487179487 45.301282057692305 45.30769230769231 3.5961538461538463 41.71153846153846 2.367758699983824
282000 170.19230769230768 0.08464568327108854 23.71144392307692 0.5112179487179487 45.301282057692305 45.30769230769231 3.5961538461538463 41.71153846153846 2.3415965999593027
284000 170.19230769230768 0.08464568327108854 23.71144392307692 0.5112179487179487 45.301282057692305 45.30769230769231 3.5961538461538463 41.71153846153846 2.399628799990751
286000 170.19230769230768 0.08464568327108854 23.71144392307692 0.5112179487179487 45.301282057692305 45.30769230769231 3.5961538461538463 41.71153846153846 2.4848924999823794
288000 170.19230769230768 0.08464568327108854 23.71144392307692 0.5112179487179487 45.301282057692305 45.30769230769231 3.5961538461538463 41.71153846153846 2.4545299999881536
290000 170.19230769230768 0.08464568327108854 23.71144392307692 0.5112179487179487 45.301282057692305 45.30769230769231 3.5961538461538463 41.71153846153846 2.356710500025656
292000 170.19230769230768 0.08464568327108854 23.71144392307692 0.5112179487179487 45.301282057692305 45.30769230769231 3.5961538461538463 41.71153846153846 2.355849100043997
294000 170.19230769230768 0.08464568327108854 23.71144392307692 0.5112179487179487 45.301282057692305 45.30769230769231 3.5961538461538463 41.71153846153846 2.2345779999741353
296000 170.19230769230768 0.08464568327108854 23.71144392307692 0.5112179487179487 45.301282057692305 45.30769230769231 3.5961538461538463 41.71153846153846 2.2976977999787778
298000 170.19230769230768 0.08464568327108854 23.71144392307692 0.5112179487179487 45.301282057692305 45.30769230769231 3.5961538461538463 41.71153846153846 2.373322899977211
300000 170.19230769230768 0.08464568327108854 23.71144392307692 0.5112179487179487 45.301282057692305 45.30769230769231 3.5961538461538463 41.71153846153846 2.3300246000289917
302000 170.19230769230768 0.08464568327108854 23.71144392307692 0.5112179487179487 45.301282057692305 45.30769230769231 3.5961538461538463 41.71153846153846 2.494913299975451
304000 170.19230769230768 0.08464568327108854 23.71144392307692 0.5112179487179487 45.301282057692305 45.30769230769231 3.5961538461538463 41.71153846153846 2.398031099990476
306000 170.19230769230768 0.08464568327108854 23.71144392307692 0.5112179487179487 45.301282057692305 45.30769230769231 3.5961538461538463 41.71153846153846 2.2840593000291847
308000 170.19230769230768 0.08464568327108854 23.71144392307692 0.5112179487179487 45.301282057692305 45.30769230769231 3.5961538461538463 41.71153846153846 2.6765579000348225
310000 170.19230769230768 0.08464568327108854 23.71144392307692 0.5112179487179487 45.301282057692305 45.30769230769231 3.5961538461538463 41.71153846153846 2.4162393999868073
312000 170.19230769230768 0.08464568327108854 23.71144392307692 0.5112179487179487 45.301282057692305 45.30769230769231 3.5961538461538463 41.71153846153846 2.3624436000245623
314000 170.19230769230768 0.08464568327108854 23.71144392307692 0.5112179487179487 45.301282057692305 45.30769230769231 3.5961538461538463 41.71153846153846 2.531154799973592
316000 170.19230769230768 0.08464568327108854 23.71144392307692 0.5112179487179487 45.301282057692305 45.30769230769231 3.5961538461538463 41.71153846153846 2.2761456000152975
318000 170.19230769230768 0.08464568327108854 23.71144392307692 0.5112179487179487 45.301282057692305 45.30769230769231 3.5961538461538463 41.71153846153846 2.446728599956259
320000 170.19230769230768 0.08464568327108854 23.71144392307692 0.5112179487179487 45.301282057692305 45.30769230769231 3.5961538461538463 41.71153846153846 2.280327300017234
322000 170.19230769230768 0.08464568327108854 23.71144392307692 0.5112179487179487 45.301282057692305 45.30769230769231 3.5961538461538463 41.71153846153846 2.254064200038556
324000 170.19230769230768 0.08464568327108854 23.71144392307692 0.5112179487179487 45.301282057692305 45.30769230769231 3.5961538461538463 41.71153846153846 2.448140799999237
326000 170.19230769230768 0.08464568327108854 23.71144392307692 0.5112179487179487 45.301282057692305 45.30769230769231 3.5961538461538463 41.71153846153846 2.5110850000055507
328000 170.19230769230768 0.08464568327108854 23.71144392307692 0.5112179487179487 45.301282057692305 45.30769230769231 3.5961538461538463 41.71153846153846 2.3188075000070967
330000 170.19230769230768 0.08464568327108854 23.71144392307692 0.5112179487179487 45.301282057692305 45.30769230769231 3.5961538461538463 41.71153846153846 2.203167400031816
332000 165.21153846153845 0.0827703886151988 24.321487192307693 0.5016025641025641 45.301282057692305 45.30769230769231 3.673076923076923 41.63461538461539 2.298059099994134
334000 170.19230769230768 0.08464568327108854 23.71144392307692 0.5112179487179487 45.301282057692305 45.30769230769231 3.5961538461538463 41.71153846153846 2.329439799999818
336000 170.19230769230768 0.08464568327108854 23.71144392307692 0.5112179487179487 45.301282057692305 45.30769230769231 3.5961538461538463 41.71153846153846 2.2976495000184514
338000 170.19230769230768 0.08464568327108854 23.71144392307692 0.5112179487179487 45.301282057692305 45.30769230769231 3.5961538461538463 41.71153846153846 2.616102200001478
340000 170.19230769230768 0.08464568327108854 23.71144392307692 0.5112179487179487 45.301282057692305 45.30769230769231 3.5961538461538463 41.71153846153846 2.2001122999936342
342000 170.19230769230768 0.08464568327108854 23.71144392307692 0.5112179487179487 45.301282057692305 45.30769230769231 3.5961538461538463 41.71153846153846 2.4020491000264883
344000 170.19230769230768 0.08464568327108854 23.71144392307692 0.5112179487179487 45.301282057692305 45.30769230769231 3.5961538461538463 41.71153846153846 2.5003228000132367
346000 170.19230769230768 0.08464568327108854 23.71144392307692 0.5112179487179487 45.301282057692305 45.30769230769231 3.5961538461538463 41.71153846153846 2.349073999968823
348000 170.19230769230768 0.08464568327108854 23.71144392307692 0.5112179487179487 45.301282057692305 45.30769230769231 3.5961538461538463 41.71153846153846 2.2675937000312842
350000 170.19230769230768 0.08464568327108854 23.71144392307692 0.5112179487179487 45.301282057692305 45.30769230769231 3.5961538461538463 41.71153846153846 2.3246549000032246
352000 170.19230769230768 0.08464568327108854 23.71144392307692 0.5112179487179487 45.301282057692305 45.30769230769231 3.5961538461538463 41.71153846153846 2.271198700007517
354000 170.19230769230768 0.08464568327108854 23.71144392307692 0.5112179487179487 45.301282057692305 45.30769230769231 3.5961538461538463 41.71153846153846 2.4466756000183523
356000 170.19230769230768 0.08464568327108854 23.71144392307692 0.5112179487179487 45.301282057692305 45.30769230769231 3.5961538461538463 41.71153846153846 2.23988189996453
358000 170.19230769230768 0.08464568327108854 23.71144392307692 0.5112179487179487 45.301282057692305 45.30769230769231 3.5961538461538463 41.71153846153846 2.288168400002178
360000 170.19230769230768 0.08464568327108854 23.71144392307692 0.5112179487179487 45.301282057692305 45.30769230769231 3.5961538461538463 41.71153846153846 2.319901100010611
362000 170.19230769230768 0.08464568327108854 23.71144392307692 0.5112179487179487 45.301282057692305 45.30769230769231 3.5961538461538463 41.71153846153846 2.2468679000157863
364000 170.19230769230768 0.08464568327108854 23.71144392307692 0.5112179487179487 45.301282057692305 45.30769230769231 3.5961538461538463 41.71153846153846 2.2621853000018746
366000 170.19230769230768 0.08464568327108854 23.71144392307692 0.5112179487179487 45.301282057692305 45.30769230769231 3.5961538461538463 41.71153846153846 2.618652699980885
368000 170.19230769230768 0.08464568327108854 23.71144392307692 0.5112179487179487 45.301282057692305 45.30769230769231 3.5961538461538463 41.71153846153846 2.2094785000081174
370000 170.19230769230768 0.08464568327108854 23.71144392307692 0.5112179487179487 45.301282057692305 45.30769230769231 3.5961538461538463 41.71153846153846 2.268939399975352
372000 170.19230769230768 0.08464568327108854 23.71144392307692 0.5112179487179487 45.301282057692305 45.30769230769231 3.5961538461538463 41.71153846153846 2.2864986999775283
374000 170.19230769230768 0.08464568327108854 23.71144392307692 0.5112179487179487 45.301282057692305 45.30769230769231 3.5961538461538463 41.71153846153846 2.39037850004388
376000 170.19230769230768 0.08464568327108854 23.71144392307692 0.5112179487179487 45.301282057692305 45.30769230769231 3.5961538461538463 41.71153846153846 2.4765625
378000 170.19230769230768 0.08464568327108854 23.71144392307692 0.5112179487179487 45.301282057692305 45.30769230769231 3.5961538461538463 41.71153846153846 2.3396545999567024
380000 170.19230769230768 0.08464568327108854 23.71144392307692 0.5112179487179487 45.301282057692305 45.30769230769231 3.5961538461538463 41.71153846153846 2.6113227999885567
382000 170.19230769230768 0.08464568327108854 23.71144392307692 0.5112179487179487 45.301282057692305 45.30769230769231 3.5961538461538463 41.71153846153846 2.2328980999882333
384000 170.19230769230768 0.08464568327108854 23.71144392307692 0.5112179487179487 45.301282057692305 45.30769230769231 3.5961538461538463 41.71153846153846 2.215806499996688
386000 170.19230769230768 0.08464568327108854 23.71144392307692 0.5112179487179487 45.301282057692305 45.30769230769231 3.5961538461538463 41.71153846153846 2.4860413999995217
388000 170.19230769230768 0.08464568327108854 23.71144392307692 0.5112179487179487 45.301282057692305 45.30769230769231 3.5961538461538463 41.71153846153846 2.526323600031901
390000 170.19230769230768 0.08464568327108854 23.71144392307692 0.5112179487179487 45.301282057692305 45.30769230769231 3.5961538461538463 41.71153846153846 2.428304400003981
392000 170.19230769230768 0.08464568327108854 23.71144392307692 0.5112179487179487 45.301282057692305 45.30769230769231 3.5961538461538463 41.71153846153846 2.5341158999945037
394000 170.19230769230768 0.08464568327108854 23.71144392307692 0.5112179487179487 45.301282057692305 45.30769230769231 3.5961538461538463 41.71153846153846 2.3862540999543853
396000 170.19230769230768 0.08464568327108854 23.71144392307692 0.5112179487179487 45.301282057692305 45.30769230769231 3.5961538461538463 41.71153846153846 2.227733400010038
398000 170.19230769230768 0.08464568327108854 23.71144392307692 0.5112179487179487 45.301282057692305 45.30769230769231 3.5961538461538463 41.71153846153846 2.192880199989304
400000 170.19230769230768 0.08464568327108854 23.71144392307692 0.5112179487179487 45.301282057692305 45.30769230769231 3.5961538461538463 41.71153846153846 2.2382905000122264
402000 170.19230769230768 0.08464568327108854 23.71144392307692 0.5112179487179487 45.301282057692305 45.30769230769231 3.5961538461538463 41.71153846153846 2.316914099967107
404000 170.19230769230768 0.08464568327108854 23.71144392307692 0.5112179487179487 45.301282057692305 45.30769230769231 3.5961538461538463 41.71153846153846 2.155902500031516
406000 170.19230769230768 0.08464568327108854 23.71144392307692 0.5112179487179487 45.301282057692305 45.30769230769231 3.5961538461538463 41.71153846153846 2.495421100000385
408000 170.19230769230768 0.08464568327108854 23.71144392307692 0.5112179487179487 45.301282057692305 45.30769230769231 3.5961538461538463 41.71153846153846 2.361584300000686
410000 170.19230769230768 0.08464568327108854 23.71144392307692 0.5112179487179487 45.301282057692305 45.30769230769231 3.5961538461538463 41.71153846153846 2.3386278000543825
412000 170.19230769230768 0.08464568327108854 23.71144392307692 0.5112179487179487 45.301282057692305 45.30769230769231 3.5961538461538463 41.71153846153846 2.162107299955096
414000 170.19230769230768 0.08464568327108854 23.71144392307692 0.5112179487179487 45.301282057692305 45.30769230769231 3.5961538461538463 41.71153846153846 2.4380853999755345
416000 170.19230769230768 0.08464568327108854 23.71144392307692 0.5112179487179487 45.301282057692305 45.30769230769231 3.5961538461538463 41.71153846153846 2.3433894000481814
418000 170.19230769230768 0.08464568327108854 23.71144392307692 0.5112179487179487 45.301282057692305 45.30769230769231 3.5961538461538463 41.71153846153846 2.2918060999945737
420000 170.19230769230768 0.08464568327108854 23.71144392307692 0.5112179487179487 45.301282057692305 45.30769230769231 3.5961538461538463 41.71153846153846 2.3022909999708645
422000 170.19230769230768 0.08464568327108854 23.71144392307692 0.5112179487179487 45.301282057692305 45.30769230769231 3.5961538461538463 41.71153846153846 2.313765200029593
424000 170.19230769230768 0.08464568327108854 23.71144392307692 0.5112179487179487 45.301282057692305 45.30769230769231 3.5961538461538463 41.71153846153846 2.515274999954272
426000 170.19230769230768 0.08464568327108854 23.71144392307692 0.5112179487179487 45.301282057692305 45.30769230769231 3.5961538461538463 41.71153846153846 2.3618859999696724
428000 170.19230769230768 0.08464568327108854 23.71144392307692 0.5112179487179487 45.301282057692305 45.30769230769231 3.5961538461538463 41.71153846153846 2.5985544999712147
430000 170.19230769230768 0.08464568327108854 23.71144392307692 0.5112179487179487 45.301282057692305 45.30769230769231 3.5961538461538463 41.71153846153846 2.3304212000221014
432000 170.19230769230768 0.08464568327108854 23.71144392307692 0.5112179487179487 45.301282057692305 45.30769230769231 3.5961538461538463 41.71153846153846 2.370997600024566
434000 170.19230769230768 0.08464568327108854 23.71144392307692 0.5112179487179487 45.301282057692305 45.30769230769231 3.5961538461538463 41.71153846153846 2.162017000024207
436000 170.19230769230768 0.08464568327108854 23.71144392307692 0.5112179487179487 45.301282057692305 45.30769230769231 3.5961538461538463 41.71153846153846 2.6519060000428
438000 170.19230769230768 0.08464568327108854 23.71144392307692 0.5112179487179487 45.301282057692305 45.30769230769231 3.5961538461538463 41.71153846153846 2.3868596000247635
440000 170.19230769230768 0.08464568327108854 23.71144392307692 0.5112179487179487 45.301282057692305 45.30769230769231 3.5961538461538463 41.71153846153846 2.2260261999908835
442000 170.19230769230768 0.08464568327108854 23.71144392307692 0.5112179487179487 45.301282057692305 45.30769230769231 3.5961538461538463 41.71153846153846 2.243576800043229
444000 170.19230769230768 0.08464568327108854 23.71144392307692 0.5112179487179487 45.301282057692305 45.30769230769231 3.5961538461538463 41.71153846153846 2.3802080000168644
446000 170.19230769230768 0.08464568327108854 23.71144392307692 0.5112179487179487 45.301282057692305 45.30769230769231 3.5961538461538463 41.71153846153846 2.20240880001802
448000 170.19230769230768 0.08464568327108854 23.71144392307692 0.5112179487179487 45.301282057692305 45.30769230769231 3.5961538461538463 41.71153846153846 2.1992376999696717
450000 170.19230769230768 0.08464568327108854 23.71144392307692 0.5112179487179487 45.301282057692305 45.30769230769231 3.5961538461538463 41.71153846153846 2.3457294999971054
452000 170.19230769230768 0.08464568327108854 23.71144392307692 0.5112179487179487 45.301282057692305 45.30769230769231 3.5961538461538463 41.71153846153846 2.2688219000119716
454000 170.19230769230768 0.08464568327108854 23.71144392307692 0.5112179487179487 45.301282057692305 45.30769230769231 3.5961538461538463 41.71153846153846 2.147353899956215
456000 170.19230769230768 0.08464568327108854 23.71144392307692 0.5112179487179487 45.301282057692305 45.30769230769231 3.5961538461538463 41.71153846153846 2.2185300000128336
458000 170.19230769230768 0.08464568327108854 23.71144392307692 0.5112179487179487 45.301282057692305 45.30769230769231 3.5961538461538463 41.71153846153846 2.5578027999727055
460000 170.19230769230768 0.08464568327108854 23.71144392307692 0.5112179487179487 45.301282057692305 45.30769230769231 3.5961538461538463 41.71153846153846 2.1718417999800295
462000 170.19230769230768 0.08464568327108854 23.71144392307692 0.5112179487179487 45.301282057692305 45.30769230769231 3.5961538461538463 41.71153846153846 2.186070700001437
464000 170.19230769230768 0.08464568327108854 23.71144392307692 0.5112179487179487 45.301282057692305 45.30769230769231 3.5961538461538463 41.71153846153846 2.169911500008311
466000 170.19230769230768 0.08464568327108854 23.71144392307692 0.5112179487179487 45.301282057692305 45.30769230769231 3.5961538461538463 41.71153846153846 2.2219983999966644
468000 170.19230769230768 0.08464568327108854 23.71144392307692 0.5112179487179487 45.301282057692305 45.30769230769231 3.5961538461538463 41.71153846153846 2.1419122999650426
470000 170.19230769230768 0.08464568327108854 23.71144392307692 0.5112179487179487 45.301282057692305 45.30769230769231 3.5961538461538463 41.71153846153846 2.1960596999851987
472000 170.19230769230768 0.08464568327108854 23.71144392307692 0.5112179487179487 45.301282057692305 45.30769230769231 3.5961538461538463 41.71153846153846 2.1647043999982998
474000 170.19230769230768 0.08464568327108854 23.71144392307692 0.5112179487179487 45.301282057692305 45.30769230769231 3.5961538461538463 41.71153846153846 2.177217499993276
476000 170.19230769230768 0.08464568327108854 23.71144392307692 0.5112179487179487 45.301282057692305 45.30769230769231 3.5961538461538463 41.71153846153846 2.296019699948374
478000 170.19230769230768 0.08464568327108854 23.71144392307692 0.5112179487179487 45.301282057692305 45.30769230769231 3.5961538461538463 41.71153846153846 2.237338399980217
480000 170.19230769230768 0.08464568327108854 23.71144392307692 0.5112179487179487 45.301282057692305 45.30769230769231 3.5961538461538463 41.71153846153846 2.3598870999994688
482000 170.19230769230768 0.08464568327108854 23.71144392307692 0.5112179487179487 45.301282057692305 45.30769230769231 3.5961538461538463 41.71153846153846 2.148409500019625
484000 170.19230769230768 0.08464568327108854 23.71144392307692 0.5112179487179487 45.301282057692305 45.30769230769231 3.5961538461538463 41.71153846153846 2.3104124999954365
486000 170.19230769230768 0.08464568327108854 23.71144392307692 0.5112179487179487 45.301282057692305 45.30769230769231 3.5961538461538463 41.71153846153846 2.1438149999594316
488000 170.19230769230768 0.08464568327108854 23.71144392307692 0.5112179487179487 45.301282057692305 45.30769230769231 3.5961538461538463 41.71153846153846 2.3017231000121683
490000 170.19230769230768 0.08464568327108854 23.71144392307692 0.5112179487179487 45.301282057692305 45.30769230769231 3.5961538461538463 41.71153846153846 2.1556076999986544
492000 170.19230769230768 0.08464568327108854 23.71144392307692 0.5112179487179487 45.301282057692305 45.30769230769231 3.5961538461538463 41.71153846153846 2.1653664999757893
494000 170.19230769230768 0.08464568327108854 23.71144392307692 0.5112179487179487 45.301282057692305 45.30769230769231 3.5961538461538463 41.71153846153846 2.115610699984245
496000 170.19230769230768 0.08464568327108854 23.71144392307692 0.5112179487179487 45.301282057692305 45.30769230769231 3.5961538461538463 41.71153846153846 2.0789798000478186
498000 170.19230769230768 0.08464568327108854 23.71144392307692 0.5112179487179487 45.301282057692305 45.30769230769231 3.5961538461538463 41.71153846153846 2.076380600046832
500000 170.19230769230768 0.08464568327108854 23.71144392307692 0.5112179487179487 45.301282057692305 45.30769230769231 3.5961538461538463 41.71153846153846 1.9513373000081629
