2000 0.4230769230769231 -0.9807687285660206 129.65384615384616 0.04006410256410256 135.46153846153845 45.30769230769231 0.0 45.30769230769231 0.5586658000102034
4000 0.5 -0.7692077962206292 129.17307692307693 0.07852564102564104 135.46153846153845 45.30769230769231 0.0 45.30769230769231 0.7530988000071375
6000 1.4807692307692308 -0.9807690598588418 129.05769230769232 0.10096153846153845 135.46153846153845 45.30769230769231 0.0 45.30769230769231 0.6500009000010323
8000 0.7307692307692307 -0.7884252254165461 129.34615384615384 0.11217948717948717 135.46153846153845 45.30769230769231 0.0 45.30769230769231 0.6153160999965621
10000 1.3269230769230769 -0.2303017644571765 127.76923076923077 0.1201923076923077 135.46153846153845 45.30769230769231 0.0 45.30769230769231 0.679526399995666
12000 1.6923076923076923 0.00043775146716297275 127.67307692307692 0.09935897435897437 135.46153846153845 45.30769230769231 0.0 45.30769230769231 0.7254160000011325
14000 0.9038461538461539 -0.5958913516531525 129.07692307692307 0.04647435897435897 135.46153846153845 45.30769230769231 0.0 45.30769230769231 0.6866192000015872
16000 0.8269230769230769 -0.5959452830484602 129.19230769230768 0.056089743589743585 135.46153846153845 45.30769230769231 0.0 45.30769230769231 0.7031709000002593
18000 1.0961538461538463 -0.4227872714664294 128.84615384615384 0.056089743589743585 135.46153846153845 45.30769230769231 0.0 45.30769230769231 0.738587899992126
20000 1.1153846153846154 -0.42277385027483133 128.92307692307693 0.0641025641025641 135.46153846153845 45.30769230769231 0.0 45.30769230769231 0.7850858000019798
22000 1.1538461538461537 -0.11499910544852332 128.67307692307693 0.07211538461538461 135.46153846153845 45.30769230769231 0.0 45.30769230769231 0.9408579000009922
24000 3.6538461538461537 -0.4415965344501045 127.34615384615384 0.1201923076923077 135.46153846153845 45.30769230769231 0.0 45.30769230769231 0.8632188999908976
26000 2.3846153846153846 0.0008738637824405605 128.3846153846154 0.057692307692307696 135.46153846153845 45.30769230769231 0.0 45.30769230769231 0.9133251000021119
28000 3.519230769230769 -0.017812239752062545 127.92307692307692 0.07371794871794872 135.46153846153845 45.30769230769231 0.0 45.30769230769231 0.8703130000067176
30000 1.3461538461538463 0.0005256329307260023 128.44230769230768 0.07692307692307693 135.46153846153845 45.30769230769231 0.0 45.30769230769231 0.8172589000023436
32000 1.5 0.0005331233421355775 128.17307692307693 0.052884615384615384 135.46153846153845 45.30769230769231 0.0 45.30769230769231 0.8637674000055995
34000 1.0 -0.2113736644582784 129.07692307692307 0.04647435897435897 135.46153846153845 45.30769230769231 0.0 45.30769230769231 0.8616077999904519
36000 1.4423076923076923 -0.13438156035311316 128.05769230769232 0.1282051282051282 135.46153846153845 45.30769230769231 0.0 45.30769230769231 0.9525228999991668
38000 1.6346153846153846 0.00038914381346221317 127.25 0.09935897435897437 135.46153846153845 45.30769230769231 0.0 45.30769230769231 1.0250280000036582
40000 1.1153846153846154 -0.2881207770279434 128.94230769230768 0.03685897435897435 135.46153846153845 45.30769230769231 0.0 45.30769230769231 0.8812900000048103
42000 0.9038461538461539 -0.26915899212978156 128.73076923076923 0.07051282051282051 135.46153846153845 45.30769230769231 0.0 45.30769230769231 0.9048193000053288
44000 1.9038461538461537 -0.11485315913094794 128.40384615384616 0.08814102564102565 135.46153846153845 45.30769230769231 0.0 45.30769230769231 0.9614078000013251
46000 1.1538461538461537 -0.5575730630174766 128.80769230769232 0.08012820512820512 135.46153846153845 45.30769230769231 0.0 45.30769230769231 0.8943547999951988
48000 1.4423076923076923 -0.05749279834076327 128.07692307692307 0.09775641025641026 135.46153846153845 45.30769230769231 0.0 45.30769230769231 0.9264407000009669
50000 1.1153846153846154 -0.15367427653381244 128.15384615384616 0.11538461538461539 135.46153846153845 45.30769230769231 0.0 45.30769230769231 0.9808783999906154
52000 0.5576923076923077 -0.6153219629440343 129.30769230769232 0.0592948717948718 135.46153846153845 45.30769230769231 0.0 45.30769230769231 0.867464300012216
54000 0.5961538461538461 -0.49985105209903724 129.07692307692307 0.057692307692307696 135.46153846153845 45.30769230769231 0.0 45.30769230769231 1.0127319000021089
56000 0.7692307692307693 -0.5768245063829084 129.21153846153845 0.07211538461538461 135.46153846153845 45.30769230769231 0.0 45.30769230769231 0.9178885000001173
58000 1.6538461538461537 0.00037313685003030405 128.32692307692307 0.0641025641025641 135.46153846153845 45.30769230769231 0.0 45.30769230769231 0.9555459999974119
60000 0.5576923076923077 -0.807589533125846 129.17307692307693 0.07211538461538461 135.46153846153845 45.30769230769231 0.0 45.30769230769231 0.8908635999978287
62000 2.6538461538461537 -0.018434942142142818 127.23076923076923 0.09775641025641027 135.46153846153845 45.30769230769231 0.0 45.30769230769231 0.9881793999957154
64000 1.7884615384615385 -0.037811938624348625 127.86538461538461 0.09455128205128203 135.46153846153845 45.30769230769231 0.0 45.30769230769231 1.03548450001108
66000 2.3076923076923075 0.0008876557663360624 127.73076923076923 0.08814102564102563 135.46153846153845 45.30769230769231 0.0 45.30769230769231 1.0226131999952486
68000 2.923076923076923 -0.03746184630300237 127.61538461538461 0.08653846153846154 135.46153846153845 45.30769230769231 0.0 45.30769230769231 1.0206845000066096
70000 4.826923076923077 0.0016898606071614063 126.86538461538461 0.12980769230769232 135.46153846153845 45.30769230769231 0.0 45.30769230769231 0.9336398000014015
72000 9.403846153846153 0.0036199579902097285 124.0576923076923 0.2548076923076923 135.46153846153845 45.30769230769231 0.0 45.30769230769231 0.967848000000231
74000 7.673076923076923 0.0028830660365183683 124.9423076923077 0.19551282051282054 135.46153846153845 45.30769230769231 0.0 45.30769230769231 0.872201700010919
76000 7.75 -0.03550734745930799 124.88461538461539 0.20993589743589747 135.46153846153845 45.30769230769231 0.0 45.30769230769231 0.9995217999967281
78000 7.903846153846154 -0.03562364087201762 124.78846153846153 0.2371794871794872 135.46153846153845 45.30769230769231 0.0 45.30769230769231 0.9625928000023123
80000 3.0384615384615383 -0.07593260757397416 126.8076923076923 0.11698717948717949 135.46153846153845 45.30769230769231 0.0 45.30769230769231 0.9497956999985036
82000 2.673076923076923 0.0007983313631239029 127.13461538461539 0.1394230769230769 135.46153846153845 45.30769230769231 0.0 45.30769230769231 0.8546379000035813
84000 4.019230769230769 0.0015389589827675234 127.1923076923077 0.16185897435897434 135.46153846153845 45.30769230769231 0.0 45.30769230769231 0.9623444000026211
86000 5.211538461538462 0.0017826901800510652 126.8076923076923 0.17788461538461536 135.46153846153845 45.30769230769231 0.0 45.30769230769231 0.9401362000062363
88000 4.115384615384615 0.0012038277692658812 126.8076923076923 0.16506410256410253 135.46153846153845 45.30769230769231 0.0 45.30769230769231 0.9032944000064163
90000 3.730769230769231 0.0009379641214581048 127.01923076923077 0.16666666666666666 135.46153846153845 45.30769230769231 0.0 45.30769230769231 0.9523944000102347
92000 3.5384615384615383 0.0009230696350330214 126.98076923076923 0.19711538461538458 135.46153846153845 45.30769230769231 0.0 45.30769230769231 0.9250020000035875
94000 2.7115384615384617 0.0008787998694412673 127.26923076923077 0.14102564102564102 135.46153846153845 45.30769230769231 0.0 45.30769230769231 0.9667501999938395
96000 2.7115384615384617 0.001025228453387227 126.38461538461539 0.15865384615384615 135.46153846153845 45.30769230769231 0.0 45.30769230769231 1.0658480999991298
98000 3.7884615384615383 0.0015583066701908897 126.0 0.2019230769230769 135.46153846153845 45.30769230769231 0.0 45.30769230769231 0.9487469000014244
100000 4.25 0.0018225099934854774 126.4423076923077 0.2115384615384615 135.46153846153845 45.30769230769231 0.0 45.30769230769231 0.9581878000026336
102000 3.519230769230769 0.0010770018104751286 127.0576923076923 0.13782051282051283 135.46153846153845 45.30769230769231 0.0 45.30769230769231 1.0215276999952039
104000 3.6538461538461537 0.0011672277939546681 126.98076923076923 0.1394230769230769 135.46153846153845 45.30769230769231 0.0 45.30769230769231 0.9634816000034334
106000 3.769230769230769 0.0012008758665980094 126.98076923076923 0.1394230769230769 135.46153846153845 45.30769230769231 0.0 45.30769230769231 0.8943354999937583
108000 3.423076923076923 0.0011351355690125222 126.5576923076923 0.15384615384615385 135.46153846153845 45.30769230769231 0.0 45.30769230769231 0.8934308000025339
110000 5.115384615384615 0.0011044751379508581 125.75 0.1875 135.46153846153845 45.30769230769231 0.0 45.30769230769231 0.9579284000064945
112000 5.923076923076923 0.0013025809352024222 123.40384615384616 0.27884615384615385 135.46153846153845 45.30769230769231 0.019230769230769232 45.28846153846154 0.9013178999884985
114000 5.884615384615385 0.001586734989184757 123.48076923076923 0.27243589743589747 135.46153846153845 45.30769230769231 0.019230769230769232 45.28846153846154 0.9387743999977829
116000 5.923076923076923 0.0013025809352024222 123.40384615384616 0.27884615384615385 135.46153846153845 45.30769230769231 0.019230769230769232 45.28846153846154 0.9471579999953974
118000 5.923076923076923 0.0013025809352024222 123.40384615384616 0.27884615384615385 135.46153846153845 45.30769230769231 0.019230769230769232 45.28846153846154 0.9509623000049032
120000 5.923076923076923 0.0016013610936871563 123.40384615384616 0.27884615384615385 135.46153846153845 45.30769230769231 0.019230769230769232 45.28846153846154 0.9288847999996506
122000 5.923076923076923 0.0013025809352024222 123.40384615384616 0.27884615384615385 135.46153846153845 45.30769230769231 0.019230769230769232 45.28846153846154 0.89262709999457
124000 6.153846153846154 0.0013677652990491268 123.53846153846153 0.28846153846153844 135.46153846153845 45.30769230769231 0.019230769230769232 45.28846153846154 0.9732909999875119
126000 5.923076923076923 0.0013025809352024222 123.40384615384616 0.27884615384615385 135.46153846153845 45.30769230769231 0.019230769230769232 45.28846153846154 0.9373875000019325
128000 6.423076923076923 0.0013453317140938877 125.67307692307692 0.203525641025641 135.46153846153845 45.30769230769231 0.0 45.30769230769231 0.9444565000012517
130000 6.5 0.0020263185130206776 124.4423076923077 0.21955128205128205 135.46153846153845 45.30769230769231 0.019230769230769232 45.28846153846154 0.9226638999971328
132000 9.25 -0.01573118355524292 124.63461538461539 0.22596153846153844 135.46153846153845 45.30769230769231 0.0 45.30769230769231 1.0448537999909604
134000 5.846153846153846 0.0016307844794491368 123.5 0.27243589743589747 135.46153846153845 45.30769230769231 0.019230769230769232 45.28846153846154 0.9275692999945022
136000 5.923076923076923 0.001851157213992358 123.5 0.24198717948717946 135.46153846153845 45.30769230769231 0.019230769230769232 45.28846153846154 0.9602158000052441
138000 4.288461538461538 0.001412123551237477 124.65384615384616 0.20673076923076922 135.46153846153845 45.30769230769231 0.019230769230769232 45.28846153846154 0.941034600007697
140000 5.0 0.0014047412738510223 124.5576923076923 0.2115384615384615 135.46153846153845 45.30769230769231 0.019230769230769232 45.28846153846154 0.9131820000038715
142000 5.519230769230769 0.0021700292806437244 124.32692307692308 0.22115384615384615 135.46153846153845 45.30769230769231 0.019230769230769232 45.28846153846154 0.9758506000071066
144000 4.5 0.0013562990152610108 124.38461538461539 0.21634615384615385 135.46153846153845 45.30769230769231 0.019230769230769232 45.28846153846154 1.0296747999964282
146000 3.826923076923077 0.0011540583354975372 124.46153846153847 0.23397435897435892 135.46153846153845 45.30769230769231 0.019230769230769232 45.28846153846154 0.9445588000089629
148000 2.75 0.0009847362691570226 125.98076923076923 0.18429487179487178 135.46153846153845 45.30769230769231 0.019230769230769232 45.28846153846154 0.9655138999951305
150000 2.9423076923076925 0.0010787095438080697 126.11538461538461 0.18429487179487178 135.46153846153845 45.30769230769231 0.019230769230769232 45.28846153846154 0.9596826000051806
152000 3.6153846153846154 0.0015727611795052386 126.48076923076923 0.1875 135.46153846153845 45.30769230769231 0.019230769230769232 45.28846153846154 0.9704033000016352
154000 3.2884615384615383 0.0011984366569881598 125.65384615384616 0.1987179487179487 135.46153846153845 45.30769230769231 0.019230769230769232 45.28846153846154 0.9370373999990989
156000 6.0 0.002372683438891364 123.6923076923077 0.2788461538461538 135.46153846153845 45.30769230769231 0.019230769230769232 45.28846153846154 0.9287666999880457
158000 4.6923076923076925 0.0022728923699545807 124.61538461538461 0.24839743589743585 135.46153846153845 45.30769230769231 0.019230769230769232 45.28846153846154 1.0248830000055023
160000 6.134615384615385 0.003001006695343006 124.36538461538461 0.22916666666666666 135.46153846153845 45.30769230769231 0.019230769230769232 45.28846153846154 0.9986799000034807
162000 9.865384615384615 0.0034588120847797816 122.92307692307692 0.33974358974358976 135.46153846153845 45.30769230769231 0.019230769230769232 45.28846153846154 0.9097081000072649
164000 12.461538461538462 0.00462258759495862 122.25 0.37179487179487186 135.46153846153845 45.30769230769231 0.019230769230769232 45.28846153846154 0.94120469999325
166000 15.365384615384615 0.006066952227284936 121.1923076923077 0.3942307692307693 135.46153846153845 45.30769230769231 0.019230769230769232 45.28846153846154 0.965539800003171
168000 14.057692307692308 0.006511156224008447 121.15384615384616 0.40064102564102566 135.46153846153845 45.30769230769231 0.019230769230769232 45.28846153846154 0.9111602000048151
170000 13.576923076923077 -0.01260406084611448 121.38461538461539 0.39583333333333337 135.46153846153845 45.30769230769231 0.019230769230769232 45.28846153846154 0.9390993999986676
172000 13.884615384615385 -0.013141569194415312 121.32692307692308 0.389423076923077 135.46153846153845 45.30769230769231 0.019230769230769232 45.28846153846154 0.9194144000066444
174000 14.038461538461538 -0.013103404593510124 121.25 0.3942307692307693 135.46153846153845 45.30769230769231 0.019230769230769232 45.28846153846154 0.9213580999930855
176000 13.865384615384615 -0.01244490492142143 121.34615384615384 0.38141025641025644 135.46153846153845 45.30769230769231 0.019230769230769232 45.28846153846154 1.0050303000025451
178000 13.826923076923077 0.006780253698800504 121.3076923076923 0.38782051282051283 135.46153846153845 45.30769230769231 0.019230769230769232 45.28846153846154 0.9944443999993382
180000 9.307692307692308 0.003870372267582797 122.75 0.34134615384615385 135.46153846153845 45.30769230769231 0.019230769230769232 45.28846153846154 1.0113468000054127
182000 10.326923076923077 -0.03396617811566187 122.07692307692308 0.3685897435897436 135.46153846153845 45.30769230769231 0.019230769230769232 45.28846153846154 0.9612714999966556
184000 13.115384615384615 0.006522710921858115 121.36538461538461 0.40865384615384615 135.46153846153845 45.30769230769231 0.019230769230769232 45.28846153846154 1.0783805000100983
186000 11.173076923076923 -0.09094237134108027 121.78846153846153 0.3766025641025641 135.46153846153845 45.30769230769231 0.019230769230769232 45.28846153846154 0.9564549000060651
188000 12.942307692307692 -0.051386272070636986 121.28846153846153 0.4166666666666667 135.46153846153845 45.30769230769231 0.019230769230769232 45.28846153846154 0.9227472000056878
190000 12.51923076923077 -0.1097123183391122 121.59615384615384 0.4118589743589744 135.46153846153845 45.30769230769231 0.019230769230769232 45.28846153846154 0.8678272999968613
192000 13.211538461538462 -0.051934603485013116 121.3076923076923 0.405448717948718 135.46153846153845 45.30769230769231 0.019230769230769232 45.28846153846154 0.8981364999926882
194000 13.76923076923077 -0.012735933507694986 121.1923076923077 0.39583333333333337 135.46153846153845 45.30769230769231 0.019230769230769232 45.28846153846154 0.9995603999996092
196000 13.461538461538462 -0.012771652755796833 121.28846153846153 0.421474358974359 135.46153846153845 45.30769230769231 0.019230769230769232 45.28846153846154 1.0500413000117987
198000 12.76923076923077 -0.07149092518327753 121.57692307692308 0.4230769230769231 135.46153846153845 45.30769230769231 0.019230769230769232 45.28846153846154 1.0069230999943102
200000 13.326923076923077 -0.013459784736287785 121.36538461538461 0.41346153846153844 135.46153846153845 45.30769230769231 0.019230769230769232 45.28846153846154 1.033139499995741
202000 13.711538461538462 0.006262246758383582 121.23076923076923 0.4118589743589744 135.46153846153845 45.30769230769231 0.019230769230769232 45.28846153846154 0.9235348999936832
204000 12.461538461538462 0.006110899336258893 121.42307692307692 0.40705128205128205 135.46153846153845 45.30769230769231 0.019230769230769232 45.28846153846154 1.0090761000028579
206000 13.884615384615385 0.005934284370014071 121.1923076923077 0.4118589743589744 135.46153846153845 45.30769230769231 0.019230769230769232 45.28846153846154 0.9648406000051182
208000 15.01923076923077 0.006604759993843686 121.09615384615384 0.4198717948717948 135.46153846153845 45.30769230769231 0.019230769230769232 45.28846153846154 0.9324479000060819
210000 14.98076923076923 0.007178847949327948 121.15384615384616 0.43429487179487175 135.46153846153845 45.30769230769231 0.019230769230769232 45.28846153846154 0.9438285999931395
212000 14.384615384615385 0.006950806351883395 121.34615384615384 0.4310897435897436 135.46153846153845 45.30769230769231 0.019230769230769232 45.28846153846154 0.9450386999960756
214000 13.98076923076923 0.0066387820244721875 121.38461538461539 0.4310897435897436 135.46153846153845 45.30769230769231 0.019230769230769232 45.28846153846154 0.9868291999882786
216000 13.057692307692308 0.006149827205061871 121.46153846153847 0.4310897435897436 135.46153846153845 45.30769230769231 0.019230769230769232 45.28846153846154 0.9818907000008039
218000 13.25 0.006311476916089256 121.5 0.4134615384615384 135.46153846153845 45.30769230769231 0.019230769230769232 45.28846153846154 0.9345859000022756
220000 8.557692307692308 0.0038340967182440883 123.0576923076923 0.28044871794871795 135.46153846153845 45.30769230769231 0.019230769230769232 45.28846153846154 0.9434908000112046
222000 7.403846153846154 -0.016155313986468016 123.51923076923077 0.2419871794871795 135.46153846153845 45.30769230769231 0.019230769230769232 45.28846153846154 0.9056719000072917
224000 7.1923076923076925 0.002851682445848532 123.32692307692308 0.2516025641025641 135.46153846153845 45.30769230769231 0.019230769230769232 45.28846153846154 0.9334391000011237
226000 12.576923076923077 0.005890074607694965 121.82692307692308 0.33814102564102566 135.46153846153845 45.30769230769231 0.019230769230769232 45.28846153846154 0.9369517999875825
228000 11.423076923076923 0.005116799742874527 122.11538461538461 0.3541666666666667 135.46153846153845 45.30769230769231 0.019230769230769232 45.28846153846154 0.9453907999995863
230000 7.0576923076923075 -0.01724117415218901 123.42307692307692 0.30128205128205127 135.46153846153845 45.30769230769231 0.019230769230769232 45.28846153846154 0.9097624999994878
232000 6.884615384615385 0.0020842332641439554 123.53846153846153 0.28044871794871795 135.46153846153845 45.30769230769231 0.019230769230769232 45.28846153846154 0.8832554999971762
234000 7.019230769230769 0.002345210352040133 123.6923076923077 0.2644230769230769 135.46153846153845 45.30769230769231 0.019230769230769232 45.28846153846154 0.867104399992968
236000 6.346153846153846 0.001751550398481821 123.38461538461539 0.28205128205128205 135.46153846153845 45.30769230769231 0.019230769230769232 45.28846153846154 0.941127799989772
238000 6.730769230769231 -0.03655521904816799 123.40384615384616 0.27564102564102566 135.46153846153845 45.30769230769231 0.019230769230769232 45.28846153846154 0.9323164999950677
240000 6.3076923076923075 -0.09460546116082004 123.53846153846153 0.296474358974359 135.46153846153845 45.30769230769231 0.019230769230769232 45.28846153846154 0.9257761999906506
242000 9.5 -0.11151727998526081 122.71153846153847 0.3557692307692308 135.46153846153845 45.30769230769231 0.019230769230769232 45.28846153846154 0.9745342000096571
244000 10.134615384615385 -0.1307805048496361 122.4423076923077 0.37820512820512825 135.46153846153845 45.30769230769231 0.019230769230769232 45.28846153846154 1.016026500001317
246000 7.403846153846154 0.002439361515897506 123.09615384615384 0.29166666666666663 135.46153846153845 45.30769230769231 0.019230769230769232 45.28846153846154 0.9924054000002798
248000 10.461538461538462 0.004616184653875444 122.17307692307692 0.36858974358974367 135.46153846153845 45.30769230769231 0.019230769230769232 45.28846153846154 0.9744719000009354
250000 11.884615384615385 0.005376504293681528 121.90384615384616 0.38782051282051283 135.46153846153845 45.30769230769231 0.019230769230769232 45.28846153846154 0.8926873000018531
252000 13.653846153846153 -0.03221448291766329 121.5576923076923 0.4118589743589744 135.46153846153845 45.30769230769231 0.019230769230769232 45.28846153846154 0.9770656999899074
254000 12.76923076923077 -0.09029661351145203 121.75 0.4118589743589744 135.46153846153845 45.30769230769231 0.019230769230769232 45.28846153846154 0.8908318000030704
256000 13.211538461538462 -0.09023056474481192 121.78846153846153 0.3926282051282052 135.46153846153845 45.30769230769231 0.019230769230769232 45.28846153846154 0.9084235000045737
258000 12.5 -0.11005147277752066 121.88461538461539 0.40224358974358976 135.46153846153845 45.30769230769231 0.019230769230769232 45.28846153846154 0.9207164999970701
260000 13.288461538461538 -0.09074067245697495 121.67307692307692 0.41506410256410253 135.46153846153845 45.30769230769231 0.019230769230769232 45.28846153846154 0.8976186999934725
262000 18.192307692307693 0.006899735009586571 120.88461538461539 0.421474358974359 135.46153846153845 45.30769230769231 0.019230769230769232 45.28846153846154 1.0379887000017334
264000 21.0 0.007762619853505003 121.28846153846153 0.40865384615384615 135.46153846153845 45.30769230769231 0.019230769230769232 45.28846153846154 1.0085649999964517
266000 20.76923076923077 0.007885540406220075 121.65384615384616 0.37019230769230776 135.46153846153845 45.30769230769231 0.019230769230769232 45.28846153846154 0.8433799000049476
268000 21.596153846153847 -0.01097704694583492 121.46153846153847 0.3846153846153847 135.46153846153845 45.30769230769231 0.019230769230769232 45.28846153846154 0.9252457000111463
270000 20.865384615384617 0.008087283937670194 121.63461538461539 0.36858974358974367 135.46153846153845 45.30769230769231 0.019230769230769232 45.28846153846154 0.9424090999964392
272000 22.807692307692307 -0.010341364733510081 121.25 0.37820512820512825 135.46153846153845 45.30769230769231 0.019230769230769232 45.28846153846154 0.9461413000099128
274000 22.576923076923077 -0.029475541676817006 121.26923076923077 0.3894230769230769 135.46153846153845 45.30769230769231 0.019230769230769232 45.28846153846154 1.0094644000055268
276000 19.423076923076923 -0.10733257714888597 121.6923076923077 0.38461538461538464 135.46153846153845 45.30769230769231 0.019230769230769232 45.28846153846154 1.0330611999961548
278000 22.057692307692307 -0.02943132735306169 121.3076923076923 0.3942307692307692 135.46153846153845 45.30769230769231 0.019230769230769232 45.28846153846154 0.9304591999971308
280000 22.01923076923077 0.00912069805566196 121.53846153846153 0.40384615384615385 135.46153846153845 45.30769230769231 0.019230769230769232 45.28846153846154 0.8985991999943508
282000 21.403846153846153 0.00858960042771907 121.53846153846153 0.37339743589743585 135.46153846153845 45.30769230769231 0.019230769230769232 45.28846153846154 1.0634426000033272
284000 22.076923076923077 0.008936975296206545 121.65384615384616 0.4022435897435897 135.46153846153845 45.30769230769231 0.019230769230769232 45.28846153846154 0.875642599989078
286000 22.615384615384617 0.009275626304713711 121.8076923076923 0.3878205128205128 135.46153846153845 45.30769230769231 0.019230769230769232 45.28846153846154 0.9590697000094224
288000 23.23076923076923 0.009631940251010702 122.09615384615384 0.40384615384615385 135.46153846153845 45.30769230769231 0.019230769230769232 45.28846153846154 0.9234242000093218
290000 22.634615384615383 0.009389351128654631 122.28846153846153 0.40064102564102566 135.46153846153845 45.30769230769231 0.019230769230769232 45.28846153846154 1.0318826000002446
292000 22.346153846153847 0.009266861031893604 122.32692307692308 0.40064102564102566 135.46153846153845 45.30769230769231 0.019230769230769232 45.28846153846154 0.9482394000078784
294000 21.576923076923077 0.008299236612235429 121.98076923076923 0.40064102564102566 135.46153846153845 45.30769230769231 0.019230769230769232 45.28846153846154 1.033071400001063
296000 21.942307692307693 0.008238671662764744 122.1923076923077 0.3798076923076924 135.46153846153845 45.30769230769231 0.019230769230769232 45.28846153846154 0.8954532999923686
298000 25.46153846153846 0.010359478310506064 121.90384615384616 0.39743589743589747 135.46153846153845 45.30769230769231 0.019230769230769232 45.28846153846154 0.8349248000013176
300000 39.09615384615385 0.015796653692710848 120.92307692307692 0.3926282051282052 135.46153846153845 45.30769230769231 0.019230769230769232 45.28846153846154 0.970494699999108
302000 38.28846153846154 0.01490667841093758 120.84615384615384 0.405448717948718 135.46153846153845 45.30769230769231 0.019230769230769232 45.28846153846154 0.9006468000006862
304000 40.90384615384615 0.016415618382996624 120.61538461538461 0.4166666666666667 135.46153846153845 45.30769230769231 0.0 45.30769230769231 0.9321836000017356
306000 50.15384615384615 0.0218902940445472 120.25 0.4166666666666667 135.46153846153845 45.30769230769231 0.0 45.30769230769231 0.9906238000112353
308000 79.88461538461539 0.036918765252893754 119.48076923076923 0.4951923076923076 135.46153846153845 45.30769230769231 0.019230769230769232 45.28846153846154 1.0397303000063403
310000 78.23076923076923 0.03596871091903176 119.51923076923077 0.4887820512820512 135.46153846153845 45.30769230769231 0.019230769230769232 45.28846153846154 0.9391490999987582
312000 83.13461538461539 0.0395491188785378 119.36538461538461 0.469551282051282 135.46153846153845 45.30769230769231 0.0 45.30769230769231 0.8832519999996293
314000 87.07692307692308 0.04277241787183667 119.17307692307692 0.49839743589743585 135.46153846153845 45.30769230769231 0.0 45.30769230769231 1.0470397000026423
316000 87.07692307692308 0.04277241787183667 119.17307692307692 0.49839743589743585 135.46153846153845 45.30769230769231 0.0 45.30769230769231 1.038317200000165
318000 87.07692307692308 0.04277241787183667 119.17307692307692 0.49839743589743585 135.46153846153845 45.30769230769231 0.0 45.30769230769231 0.9458370999927865
320000 85.53846153846153 0.04237403881606874 119.26923076923077 0.5080128205128205 135.46153846153845 45.30769230769231 0.0 45.30769230769231 0.9783582000090973
322000 85.53846153846153 0.04237403881606874 119.26923076923077 0.5080128205128205 135.46153846153845 45.30769230769231 0.0 45.30769230769231 1.0698470000061207
324000 85.53846153846153 0.04237403881606874 119.26923076923077 0.5080128205128205 135.46153846153845 45.30769230769231 0.0 45.30769230769231 1.0169863999908557
326000 85.53846153846153 0.04237403881606874 119.26923076923077 0.5080128205128205 135.46153846153845 45.30769230769231 0.0 45.30769230769231 0.9958546999987448
328000 87.07692307692308 0.04277241787183667 119.17307692307692 0.49839743589743585 135.46153846153845 45.30769230769231 0.0 45.30769230769231 0.8920684999902733
330000 85.53846153846153 0.04237403881606874 119.26923076923077 0.5080128205128205 135.46153846153845 45.30769230769231 0.0 45.30769230769231 0.880072600004496
332000 87.0576923076923 0.04283880154282527 119.17307692307692 0.49839743589743585 135.46153846153845 45.30769230769231 0.0 45.30769230769231 0.9684304999973392
334000 87.0576923076923 0.04283880154282527 119.17307692307692 0.49839743589743585 135.46153846153845 45.30769230769231 0.0 45.30769230769231 1.029486100000213
336000 87.07692307692308 0.04277241787183667 119.17307692307692 0.49839743589743585 135.46153846153845 45.30769230769231 0.0 45.30769230769231 0.9532864000066184
338000 87.07692307692308 0.04277241787183667 119.17307692307692 0.49839743589743585 135.46153846153845 45.30769230769231 0.0 45.30769230769231 0.9704304999904707
340000 87.07692307692308 0.04277241787183667 119.17307692307692 0.49839743589743585 135.46153846153845 45.30769230769231 0.0 45.30769230769231 0.9589503999886801
342000 87.07692307692308 0.04277241787183667 119.17307692307692 0.49839743589743585 135.46153846153845 45.30769230769231 0.0 45.30769230769231 0.8801671999972314
344000 87.07692307692308 0.04277241787183667 119.17307692307692 0.49839743589743585 135.46153846153845 45.30769230769231 0.0 45.30769230769231 0.8967283999954816
346000 87.07692307692308 0.04277241787183667 119.17307692307692 0.49839743589743585 135.46153846153845 45.30769230769231 0.0 45.30769230769231 0.9117407000012463
348000 87.07692307692308 0.04277241787183667 119.17307692307692 0.49839743589743585 135.46153846153845 45.30769230769231 0.0 45.30769230769231 0.9351317000109702
350000 87.07692307692308 0.04277241787183667 119.17307692307692 0.49839743589743585 135.46153846153845 45.30769230769231 0.0 45.30769230769231 0.9771717999974499
352000 87.07692307692308 0.04277241787183667 119.17307692307692 0.49839743589743585 135.46153846153845 45.30769230769231 0.0 45.30769230769231 0.9791661000053864
354000 87.07692307692308 0.04277241787183667 119.17307692307692 0.49839743589743585 135.46153846153845 45.30769230769231 0.0 45.30769230769231 0.9339551000011852
356000 86.3076923076923 0.04225921490009337 119.48076923076923 0.4839743589743589 135.46153846153845 45.30769230769231 0.0 45.30769230769231 0.9586165999935474
358000 86.3076923076923 0.04225921490009337 119.48076923076923 0.4839743589743589 135.46153846153845 45.30769230769231 0.0 45.30769230769231 0.927821799996309
360000 86.3076923076923 0.04225921490009337 119.48076923076923 0.4839743589743589 135.46153846153845 45.30769230769231 0.0 45.30769230769231 0.9585185000032652
362000 86.3076923076923 0.04225921490009337 119.48076923076923 0.4839743589743589 135.46153846153845 45.30769230769231 0.0 45.30769230769231 0.8920720000023721
364000 86.3076923076923 0.04225921490009337 119.48076923076923 0.4839743589743589 135.46153846153845 45.30769230769231 0.0 45.30769230769231 0.9294607000047108
366000 86.3076923076923 0.04225921490009337 119.48076923076923 0.4839743589743589 135.46153846153845 45.30769230769231 0.0 45.30769230769231 0.9811882000067271
368000 86.3076923076923 0.04225921490009337 119.48076923076923 0.4839743589743589 135.46153846153845 45.30769230769231 0.0 45.30769230769231 0.9068790999881458
370000 86.3076923076923 0.04225921490009337 119.48076923076923 0.4839743589743589 135.46153846153845 45.30769230769231 0.0 45.30769230769231 0.9605606000113767
372000 86.65384615384616 0.04245591306441555 119.32692307692308 0.4887820512820512 135.46153846153845 45.30769230769231 0.0 45.30769230769231 0.9496829999989131
374000 86.65384615384616 0.04245591306441555 119.32692307692308 0.4887820512820512 135.46153846153845 45.30769230769231 0.0 45.30769230769231 0.9174877000041306
376000 87.07692307692308 0.04277241787183667 119.17307692307692 0.49839743589743585 135.46153846153845 45.30769230769231 0.0 45.30769230769231 0.933997600004659
378000 87.07692307692308 0.04277241787183667 119.17307692307692 0.49839743589743585 135.46153846153845 45.30769230769231 0.0 45.30769230769231 0.940109900009702
380000 87.07692307692308 0.04277241787183667 119.17307692307692 0.49839743589743585 135.46153846153845 45.30769230769231 0.0 45.30769230769231 0.9971267999935662
382000 86.65384615384616 0.04245591306441555 119.32692307692308 0.4887820512820512 135.46153846153845 45.30769230769231 0.0 45.30769230769231 0.938886600008118
384000 87.07692307692308 0.04277241787183667 119.17307692307692 0.49839743589743585 135.46153846153845 45.30769230769231 0.0 45.30769230769231 1.0213432000018656
386000 87.07692307692308 0.04277241787183667 119.17307692307692 0.49839743589743585 135.46153846153845 45.30769230769231 0.0 45.30769230769231 1.134743200003868
388000 87.07692307692308 0.04277241787183667 119.17307692307692 0.49839743589743585 135.46153846153845 45.30769230769231 0.0 45.30769230769231 0.9919573999941349
390000 87.07692307692308 0.04277241787183667 119.17307692307692 0.49839743589743585 135.46153846153845 45.30769230769231 0.0 45.30769230769231 0.9361433000012767
392000 84.8076923076923 0.041980465392078475 119.42307692307692 0.5080128205128205 135.46153846153845 45.30769230769231 0.0 45.30769230769231 0.8879714000067906
394000 87.07692307692308 0.04277241787183667 119.17307692307692 0.49839743589743585 135.46153846153845 45.30769230769231 0.0 45.30769230769231 1.0860868000017945
396000 87.07692307692308 0.04277241787183667 119.17307692307692 0.49839743589743585 135.46153846153845 45.30769230769231 0.0 45.30769230769231 0.8688421000115341
398000 87.07692307692308 0.04277241787183667 119.17307692307692 0.49839743589743585 135.46153846153845 45.30769230769231 0.0 45.30769230769231 0.8992108999955235
400000 87.07692307692308 0.04277241787183667 119.17307692307692 0.49839743589743585 135.46153846153845 45.30769230769231 0.0 45.30769230769231 0.9078319999971427
402000 87.07692307692308 0.04277241787183667 119.17307692307692 0.49839743589743585 135.46153846153845 45.30769230769231 0.0 45.30769230769231 1.0211047000047984
404000 87.07692307692308 0.04277241787183667 119.17307692307692 0.49839743589743585 135.46153846153845 45.30769230769231 0.0 45.30769230769231 0.9119285000051605
406000 87.07692307692308 0.04277241787183667 119.17307692307692 0.49839743589743585 135.46153846153845 45.30769230769231 0.0 45.30769230769231 0.9286508000077447
408000 87.07692307692308 0.04277241787183667 119.17307692307692 0.49839743589743585 135.46153846153845 45.30769230769231 0.0 45.30769230769231 0.9308977000036975
410000 87.07692307692308 0.04277241787183667 119.17307692307692 0.49839743589743585 135.46153846153845 45.30769230769231 0.0 45.30769230769231 0.9377145999897039
412000 87.07692307692308 0.04277241787183667 119.17307692307692 0.49839743589743585 135.46153846153845 45.30769230769231 0.0 45.30769230769231 0.93114990000322
414000 87.07692307692308 0.04277241787183667 119.17307692307692 0.49839743589743585 135.46153846153845 45.30769230769231 0.0 45.30769230769231 0.9799915000039618
416000 87.07692307692308 0.04277241787183667 119.17307692307692 0.49839743589743585 135.46153846153845 45.30769230769231 0.0 45.30769230769231 0.925634600003832
418000 87.07692307692308 0.04277241787183667 119.17307692307692 0.49839743589743585 135.46153846153845 45.30769230769231 0.0 45.30769230769231 0.9633685000007972
420000 87.07692307692308 0.04277241787183667 119.17307692307692 0.49839743589743585 135.46153846153845 45.30769230769231 0.0 45.30769230769231 0.9492994000029285
422000 87.07692307692308 0.04277241787183667 119.17307692307692 0.49839743589743585 135.46153846153845 45.30769230769231 0.0 45.30769230769231 0.9431074999884004
424000 87.07692307692308 0.04277241787183667 119.17307692307692 0.49839743589743585 135.46153846153845 45.30769230769231 0.0 45.30769230769231 0.9330724000028567
426000 87.07692307692308 0.04277241787183667 119.17307692307692 0.49839743589743585 135.46153846153845 45.30769230769231 0.0 45.30769230769231 0.9389394000027096
428000 87.07692307692308 0.04277241787183667 119.17307692307692 0.49839743589743585 135.46153846153845 45.30769230769231 0.0 45.30769230769231 0.9241700999991735
430000 87.07692307692308 0.04277241787183667 119.17307692307692 0.49839743589743585 135.46153846153845 45.30769230769231 0.0 45.30769230769231 0.9099736000061966
432000 87.07692307692308 0.04277241787183667 119.17307692307692 0.49839743589743585 135.46153846153845 45.30769230769231 0.0 45.30769230769231 0.9511745999916457
434000 87.07692307692308 0.04277241787183667 119.17307692307692 0.49839743589743585 135.46153846153845 45.30769230769231 0.0 45.30769230769231 0.8808879999996861
436000 87.07692307692308 0.04277241787183667 119.17307692307692 0.49839743589743585 135.46153846153845 45.30769230769231 0.0 45.30769230769231 1.0926472999999532
438000 87.07692307692308 0.04277241787183667 119.17307692307692 0.49839743589743585 135.46153846153845 45.30769230769231 0.0 45.30769230769231 0.9258259000052931
440000 87.07692307692308 0.04277241787183667 119.17307692307692 0.49839743589743585 135.46153846153845 45.30769230769231 0.0 45.30769230769231 0.9258773999899859
442000 87.07692307692308 0.04277241787183667 119.17307692307692 0.49839743589743585 135.46153846153845 45.30769230769231 0.0 45.30769230769231 0.8753993999998784
444000 87.07692307692308 0.04277241787183667 119.17307692307692 0.49839743589743585 135.46153846153845 45.30769230769231 0.0 45.30769230769231 0.9288225000054808
446000 87.07692307692308 0.04277241787183667 119.17307692307692 0.49839743589743585 135.46153846153845 45.30769230769231 0.0 45.30769230769231 0.9828637000027811
448000 87.07692307692308 0.04277241787183667 119.17307692307692 0.49839743589743585 135.46153846153845 45.30769230769231 0.0 45.30769230769231 0.9598982999887085
450000 87.07692307692308 0.04277241787183667 119.17307692307692 0.49839743589743585 135.46153846153845 45.30769230769231 0.0 45.30769230769231 0.9526240999985021
452000 87.07692307692308 0.04277241787183667 119.17307692307692 0.49839743589743585 135.46153846153845 45.30769230769231 0.0 45.30769230769231 0.9034533999947598
454000 87.07692307692308 0.04277241787183667 119.17307692307692 0.49839743589743585 135.46153846153845 45.30769230769231 0.0 45.30769230769231 0.9476138000027277
456000 87.07692307692308 0.04277241787183667 119.17307692307692 0.49839743589743585 135.46153846153845 45.30769230769231 0.0 45.30769230769231 0.9793246000044746
458000 87.07692307692308 0.04277241787183667 119.17307692307692 0.49839743589743585 135.46153846153845 45.30769230769231 0.0 45.30769230769231 0.8518088999990141
460000 87.07692307692308 0.04277241787183667 119.17307692307692 0.49839743589743585 135.46153846153845 45.30769230769231 0.0 45.30769230769231 0.9457088000053773
462000 87.07692307692308 0.04277241787183667 119.17307692307692 0.49839743589743585 135.46153846153845 45.30769230769231 0.0 45.30769230769231 0.9556988999975147
464000 87.07692307692308 0.04277241787183667 119.17307692307692 0.49839743589743585 135.46153846153845 45.30769230769231 0.0 45.30769230769231 0.9279697000019951
466000 87.07692307692308 0.04277241787183667 119.17307692307692 0.49839743589743585 135.46153846153845 45.30769230769231 0.0 45.30769230769231 0.9071612999978242
468000 87.07692307692308 0.04277241787183667 119.17307692307692 0.49839743589743585 135.46153846153845 45.30769230769231 0.0 45.30769230769231 0.9265042999904836
470000 87.07692307692308 0.04277241787183667 119.17307692307692 0.49839743589743585 135.46153846153845 45.30769230769231 0.0 45.30769230769231 0.9651530999981333
472000 87.07692307692308 0.04277241787183667 119.17307692307692 0.49839743589743585 135.46153846153845 45.30769230769231 0.0 45.30769230769231 0.9155145999975502
474000 87.07692307692308 0.04277241787183667 119.17307692307692 0.49839743589743585 135.46153846153845 45.30769230769231 0.0 45.30769230769231 0.9448824999999488
476000 87.07692307692308 0.04277241787183667 119.17307692307692 0.49839743589743585 135.46153846153845 45.30769230769231 0.0 45.30769230769231 1.033295100001851
478000 87.07692307692308 0.04277241787183667 119.17307692307692 0.49839743589743585 135.46153846153845 45.30769230769231 0.0 45.30769230769231 0.9730088999931468
480000 87.07692307692308 0.04277241787183667 119.17307692307692 0.49839743589743585 135.46153846153845 45.30769230769231 0.0 45.30769230769231 0.8952560000034282
482000 87.07692307692308 0.04277241787183667 119.17307692307692 0.49839743589743585 135.46153846153845 45.30769230769231 0.0 45.30769230769231 0.9441252999968128
484000 87.07692307692308 0.04277241787183667 119.17307692307692 0.49839743589743585 135.46153846153845 45.30769230769231 0.0 45.30769230769231 0.9046014999912586
486000 87.07692307692308 0.04277241787183667 119.17307692307692 0.49839743589743585 135.46153846153845 45.30769230769231 0.0 45.30769230769231 0.9355489000008674
488000 87.07692307692308 0.04277241787183667 119.17307692307692 0.49839743589743585 135.46153846153845 45.30769230769231 0.0 45.30769230769231 0.9527376000041841
490000 87.07692307692308 0.04277241787183667 119.17307692307692 0.49839743589743585 135.46153846153845 45.30769230769231 0.0 45.30769230769231 0.9344955999986269
492000 87.07692307692308 0.04277241787183667 119.17307692307692 0.49839743589743585 135.46153846153845 45.30769230769231 0.0 45.30769230769231 0.9123878999962471
494000 87.07692307692308 0.04277241787183667 119.17307692307692 0.49839743589743585 135.46153846153845 45.30769230769231 0.0 45.30769230769231 0.8983767999889096
496000 87.07692307692308 0.04277241787183667 119.17307692307692 0.49839743589743585 135.46153846153845 45.30769230769231 0.0 45.30769230769231 0.9816120000032242
498000 87.07692307692308 0.04277241787183667 119.17307692307692 0.49839743589743585 135.46153846153845 45.30769230769231 0.0 45.30769230769231 0.8742053000023589
500000 87.07692307692308 0.04277241787183667 119.17307692307692 0.49839743589743585 135.46153846153845 45.30769230769231 0.0 45.30769230769231 0.8171081000036793
