2000 0.057692307692307696 -0.8076884581048914 39.959999230769206 0.017628205128205125 45.286538461538456 45.30769230769231 0.0 45.30769230769231 0.49933330016210675
4000 0.057692307692307696 -0.9230608690158794 40.11480692307692 0.020833333333333332 45.286538461538456 45.30769230769231 0.019230769230769232 45.28846153846154 0.4973809998482466
6000 0.07692307692307693 -0.1730183940475708 38.70423000000001 0.049679487179487176 45.286538461538456 45.30769230769231 0.019230769230769232 45.28846153846154 0.5813691997900605
8000 0.11538461538461539 -0.23073143401064414 38.827896961538464 0.0673076923076923 45.286538461538456 45.30769230769231 0.0 45.30769230769231 0.5604123000521213
10000 0.21153846153846154 -0.13450880240338772 38.495850250000004 0.10096153846153846 45.286538461538456 45.30769230769231 0.0 45.30769230769231 0.6706346999853849
12000 0.09615384615384616 -0.2307542659105407 38.7697925576923 0.08814102564102565 45.286538461538456 45.30769230769231 0.019230769230769232 45.28846153846154 0.7274937001056969
14000 0.17307692307692307 -0.11528172998967023 38.475209019230775 0.11217948717948717 45.286538461538456 45.30769230769231 0.0 45.30769230769231 0.8127154000103474
16000 0.11538461538461539 0.00010861141950727582 38.15736375 0.07692307692307693 45.286538461538456 45.30769230769231 0.0 45.30769230769231 0.8809251000639051
18000 0.1346153846153846 0.00021559115325901694 37.33145901923077 0.11378205128205127 45.286538461538456 45.30769230769231 0.0 45.30769230769231 0.8012916001025587
20000 0.11538461538461539 0.0001329680048498145 37.29361375 0.1362179487179487 45.286538461538456 45.30769230769231 0.0 45.30769230769231 1.3551350000780076
22000 0.09615384615384616 -0.05757519049097716 37.59411948076922 0.16506410256410253 45.286538461538456 45.30769230769231 0.0 45.30769230769231 1.5120544999372214
24000 0.11538461538461539 0.0001329680048498145 37.29361375 0.1362179487179487 45.286538461538456 45.30769230769231 0.0 45.30769230769231 1.5469824001193047
26000 0.11538461538461539 -0.057564078751983536 37.494575288461526 0.141025641025641 45.286538461538456 45.30769230769231 0.0 45.30769230769231 1.786066599888727
28000 0.11538461538461539 0.00020303729462560336 37.51574971153846 0.09935897435897435 45.286538461538456 45.30769230769231 0.0 45.30769230769231 2.0000054999254644
30000 0.1346153846153846 8.735584959678398e-05 38.01030517307692 0.0625 45.286538461538456 45.30769230769231 0.0 45.30769230769231 1.9288902999833226
32000 0.11538461538461539 -0.15376563928088582 38.287865096153844 0.0673076923076923 45.286538461538456 45.30769230769231 0.0 45.30769230769231 2.0289254998788238
34000 0.1346153846153846 -0.07681930142985244 38.00357440384615 0.08653846153846154 45.286538461538456 45.30769230769231 0.0 45.30769230769231 1.7764741000719368
36000 0.1346153846153846 -0.07683773765117982 38.40982440384616 0.07371794871794872 45.286538461538456 45.30769230769231 0.0 45.30769230769231 1.7733441998716444
38000 0.11538461538461539 -0.07684229733059057 38.62614559615385 0.08173076923076923 45.286538461538456 45.30769230769231 0.0 45.30769230769231 1.8431434000376612
40000 0.11538461538461539 0.00013431388850002147 38.55934363461539 0.07532051282051283 45.286538461538456 45.30769230769231 0.0 45.30769230769231 1.8241767999716103
42000 0.057692307692307696 5.229830257322406e-05 38.3837973076923 0.056089743589743585 45.286538461538456 45.30769230769231 0.0 45.30769230769231 2.1646193999331445
44000 0.11538461538461539 8.326206734737447e-05 38.681233000000006 0.056089743589743585 45.286538461538456 45.30769230769231 0.0 45.30769230769231 2.2070367999840528
46000 0.09615384615384616 0.00011467385778957368 38.487491750000004 0.07692307692307693 45.286538461538456 45.30769230769231 0.0 45.30769230769231 1.8642206999938935
48000 0.09615384615384616 -0.03840182847865696 38.956809923076925 0.056089743589743585 45.286538461538456 45.30769230769231 0.0 45.30769230769231 1.8108510000165552
50000 0.07692307692307693 7.354560148978863e-05 38.625488730769234 0.04006410256410257 45.286538461538456 45.30769230769231 0.0 45.30769230769231 1.697593699907884
52000 0.057692307692307696 6.334729983337121e-05 38.404951153846156 0.04647435897435897 45.286538461538456 45.30769230769231 0.0 45.30769230769231 1.7288156999275088
54000 0.057692307692307696 -0.21151477794047593 38.76937423076923 0.020833333333333332 45.286538461538456 45.30769230769231 0.0 45.30769230769231 1.7489179999101907
56000 0.09615384615384616 0.00013011589079215638 38.39972825 0.04807692307692308 45.286538461538456 45.30769230769231 0.0 45.30769230769231 1.8669018999207765
58000 0.057692307692307696 -0.019089784226107166 36.97057615384616 0.1490384615384615 45.286538461538456 45.30769230769231 0.0 45.30769230769231 1.920280900085345
60000 0.057692307692307696 4.4920302283548544e-05 38.36072038461538 0.04487179487179487 45.286538461538456 45.30769230769231 0.0 45.30769230769231 1.9965860999654979
62000 0.07692307692307693 -0.057627097714438885 38.65289257692307 0.035256410256410256 45.286538461538456 45.30769230769231 0.0 45.30769230769231 2.056079200003296
64000 0.07692307692307693 -0.019154822783998472 38.70086461538461 0.035256410256410256 45.286538461538456 45.30769230769231 0.0 45.30769230769231 1.8388658000621945
66000 0.07692307692307693 -0.057606253602388545 38.45062423076923 0.07051282051282051 45.286538461538456 45.30769230769231 0.0 45.30769230769231 1.7464631998445839
68000 0.09615384615384616 -0.2114569410818062 38.767931923076915 0.07692307692307693 45.286538461538456 45.30769230769231 0.0 45.30769230769231 1.8473402000963688
70000 0.09615384615384616 -0.30760447529504176 38.672739615384614 0.09134615384615384 45.286538461538456 45.30769230769231 0.0 45.30769230769231 1.8277364999521524
72000 0.11538461538461539 -0.24990384060702112 38.640528076923076 0.05929487179487179 45.286538461538456 45.30769230769231 0.0 45.30769230769231 1.7826500001829118
74000 0.09615384615384616 0.0001001792089324889 38.2500560576923 0.04647435897435897 45.286538461538456 45.30769230769231 0.0 45.30769230769231 1.8517836001701653
76000 0.07692307692307693 0.00010302455841265475 38.227066538461536 0.04647435897435897 45.286538461538456 45.30769230769231 0.0 45.30769230769231 2.145422500092536
78000 0.09615384615384616 0.00014250531055915767 37.58015221153847 0.12339743589743589 45.286538461538456 45.30769230769231 0.0 45.30769230769231 1.8208688001614064
80000 0.1346153846153846 0.000152581064217116 37.89005605769232 0.08493589743589744 45.286538461538456 45.30769230769231 0.0 45.30769230769231 1.8431071999948472
82000 0.11538461538461539 0.00011659342485225726 38.14691046153846 0.10576923076923075 45.286538461538456 45.30769230769231 0.0 45.30769230769231 1.9529844999779016
84000 0.09615384615384616 0.00011742986455638697 37.93928682692309 0.11858974358974358 45.286538461538456 45.30769230769231 0.0 45.30769230769231 1.9599337000399828
86000 0.09615384615384616 0.0001035081515431375 37.959959903846155 0.1121794871794872 45.286538461538456 45.30769230769231 0.0 45.30769230769231 1.993017600150779
88000 0.09615384615384616 0.00010722742975955171 38.103160461538465 0.08173076923076923 45.286538461538456 45.30769230769231 0.0 45.30769230769231 1.9998451999854296
90000 0.09615384615384616 9.130806611066173e-05 38.19979507692308 0.08333333333333333 45.286538461538456 45.30769230769231 0.0 45.30769230769231 1.9616883001290262
92000 0.09615384615384616 9.621578499488646e-05 37.65971951923077 0.1298076923076923 45.286538461538456 45.30769230769231 0.0 45.30769230769231 2.121579200029373
94000 0.1346153846153846 0.00012611246685698666 37.70568542307693 0.10897435897435898 45.286538461538456 45.30769230769231 0.0 45.30769230769231 1.8666209001094103
96000 0.07692307692307693 9.954905076791539e-05 38.25888598076923 0.0673076923076923 45.286538461538456 45.30769230769231 0.0 45.30769230769231 1.972779099829495
98000 0.09615384615384616 6.579199483375225e-05 38.31252671153846 0.05448717948717949 45.286538461538456 45.30769230769231 0.0 45.30769230769231 2.032843800028786
100000 0.09615384615384616 -0.07685384638457902 38.42365307692307 0.05448717948717949 45.286538461538456 45.30769230769231 0.0 45.30769230769231 1.9572379000019282
102000 0.09615384615384616 6.38289893118685e-05 38.110988250000005 0.05128205128205128 45.286538461538456 45.30769230769231 0.0 45.30769230769231 1.991662200074643
104000 0.21153846153846154 -0.03828798960249404 37.514855000000004 0.1330128205128205 45.286538461538456 45.30769230769231 0.0 45.30769230769231 2.0149937998503447
106000 0.23076923076923078 0.00018347092107528666 36.91241182692308 0.16185897435897434 45.286538461538456 45.30769230769231 0.0 45.30769230769231 1.9868524000048637
108000 0.07692307692307693 8.858148529035488e-05 38.07872175000001 0.014423076923076924 45.286538461538456 45.30769230769231 0.0 45.30769230769231 2.4942270999308676
110000 0.09615384615384616 8.094648030321176e-05 38.32613434615385 0.035256410256410256 45.286538461538456 45.30769230769231 0.0 45.30769230769231 1.7887837998569012
112000 0.07692307692307693 7.232513639232026e-05 38.65593328846155 0.028846153846153848 45.286538461538456 45.30769230769231 0.0 45.30769230769231 1.9106493999715894
114000 0.11538461538461539 8.921972251545205e-05 38.038993980769234 0.08974358974358974 45.286538461538456 45.30769230769231 0.0 45.30769230769231 1.8571963999420404
116000 0.09615384615384616 8.992764961468928e-05 37.85053244230771 0.08974358974358974 45.286538461538456 45.30769230769231 0.0 45.30769230769231 1.9255280001088977
118000 0.09615384615384616 5.21307324707116e-05 38.41975884615384 0.0608974358974359 45.286538461538456 45.30769230769231 0.0 45.30769230769231 1.8790533000137657
120000 0.11538461538461539 0.000140696772858702 37.380191538461546 0.12179487179487179 45.286538461538456 45.30769230769231 0.0 45.30769230769231 2.1332159999292344
122000 0.11538461538461539 0.00014072014808273148 37.36096076923078 0.12179487179487179 45.286538461538456 45.30769230769231 0.0 45.30769230769231 1.8734919000416994
124000 0.11538461538461539 0.0001417290249382344 37.39942230769232 0.12179487179487179 45.286538461538456 45.30769230769231 0.0 45.30769230769231 1.835796299856156
126000 0.11538461538461539 0.00013596394605013633 37.696056923076924 0.09294871794871794 45.286538461538456 45.30769230769231 0.0 45.30769230769231 1.785197800025344
128000 0.11538461538461539 0.00014236053256973358 37.41288384615385 0.12179487179487179 45.286538461538456 45.30769230769231 0.0 45.30769230769231 1.9293169002048671
130000 0.1346153846153846 0.00013831065990024095 37.43531517307693 0.11057692307692307 45.286538461538456 45.30769230769231 0.0 45.30769230769231 2.0677964000497013
132000 0.11538461538461539 0.00013424937464598564 37.560344500000014 0.07852564102564104 45.286538461538456 45.30769230769231 0.0 45.30769230769231 2.03983879997395
134000 0.09615384615384616 0.00012544567762964883 37.75045251923076 0.10576923076923077 45.286538461538456 45.30769230769231 0.0 45.30769230769231 2.0050229001790285
136000 0.15384615384615385 0.0001334679041549286 38.11752857692308 0.08012820512820513 45.286538461538456 45.30769230769231 0.0 45.30769230769231 2.2705612001009285
138000 0.1346153846153846 0.00015120123664018263 37.693661807692315 0.09775641025641026 45.286538461538456 45.30769230769231 0.0 45.30769230769231 1.9301045001484454
140000 0.21153846153846154 0.00016684032788613374 37.202883846153846 0.09134615384615384 45.286538461538456 45.30769230769231 0.0 45.30769230769231 1.7923594999592751
142000 0.11538461538461539 0.00010370267655359873 37.609518461538464 0.08653846153846154 45.286538461538456 45.30769230769231 0.0 45.30769230769231 1.8431852001231164
144000 0.17307692307692307 0.00019024600212532203 37.56509975000001 0.1233974358974359 45.286538461538456 45.30769230769231 0.0 45.30769230769231 2.200166800059378
146000 0.3076923076923077 0.0002123581286394716 36.635994480769234 0.17307692307692304 45.286538461538456 45.30769230769231 0.0 45.30769230769231 1.8583319000899792
148000 0.28846153846153844 0.0002941708321155898 36.279181923076926 0.1907051282051282 45.286538461538456 45.30769230769231 0.0 45.30769230769231 1.8390917000360787
150000 0.25 0.00028249524539899904 36.68833401923077 0.16506410256410253 45.286538461538456 45.30769230769231 0.0 45.30769230769231 2.040111899841577
152000 0.3269230769230769 0.00029065321126383285 35.879382961538454 0.24999999999999997 45.286538461538456 45.30769230769231 0.0 45.30769230769231 1.8527649000752717
154000 0.34615384615384615 0.0002741928448459909 36.18957528846154 0.18429487179487178 45.286538461538456 45.30769230769231 0.0 45.30769230769231 1.7328354001510888
156000 0.15384615384615385 0.00011937943265919383 38.077079653846155 0.07532051282051282 45.286538461538456 45.30769230769231 0.0 45.30769230769231 1.7437299999874085
158000 0.09615384615384616 0.00011361514749907861 38.029422307692315 0.07852564102564102 45.286538461538456 45.30769230769231 0.0 45.30769230769231 1.9531906000338495
160000 0.07692307692307693 -0.1730322251024868 38.52626982692308 0.10096153846153846 45.286538461538456 45.30769230769231 0.0 45.30769230769231 1.8175311000086367
162000 0.09615384615384616 -0.2691671271022394 38.56588521153846 0.060897435897435896 45.286538461538456 45.30769230769231 0.0 45.30769230769231 1.8933859001845121
164000 0.34615384615384615 -0.07667384549976491 36.05033576923077 0.2099358974358974 45.286538461538456 45.30769230769231 0.0 45.30769230769231 2.0813507998827845
166000 0.09615384615384616 -0.07688526216960763 38.22348136538463 0.049679487179487176 45.286538461538456 45.30769230769231 0.0 45.30769230769231 1.9057585000991821
168000 0.09615384615384616 -0.09611918067641295 38.43415880769231 0.0592948717948718 45.286538461538456 45.30769230769231 0.0 45.30769230769231 1.768571199849248
170000 0.09615384615384616 -0.13452687115397347 38.42113432692308 0.05448717948717949 45.286538461538456 45.30769230769231 0.0 45.30769230769231 2.056099400157109
172000 0.09615384615384616 -0.1730411532616489 38.37646650000001 0.024038461538461533 45.286538461538456 45.30769230769231 0.0 45.30769230769231 2.0348892000038177
174000 0.11538461538461539 -0.038376976003216046 38.55474448076922 0.09455128205128203 45.286538461538456 45.30769230769231 0.0 45.30769230769231 1.9036264999303967
176000 0.07692307692307693 -0.1730403806454543 38.845383846153844 0.08012820512820512 45.286538461538456 45.30769230769231 0.0 45.30769230769231 1.9615066000260413
178000 0.15384615384615385 -0.038364636510549485 38.46030517307692 0.06570512820512821 45.286538461538456 45.30769230769231 0.0 45.30769230769231 1.7828404000028968
180000 0.07692307692307693 -0.019151860729619562 38.86058488461539 0.05288461538461538 45.286538461538456 45.30769230769231 0.0 45.30769230769231 1.9431700001005083
182000 0.07692307692307693 -0.05752325710779442 38.65469201923077 0.0673076923076923 45.286538461538456 45.30769230769231 0.0 45.30769230769231 2.0039927000179887
184000 0.07692307692307693 -0.07677701129856147 38.69500796153846 0.08333333333333333 45.286538461538456 45.30769230769231 0.0 45.30769230769231 1.952014199923724
186000 0.11538461538461539 -0.05755368169627661 37.93428682692307 0.09615384615384616 45.286538461538456 45.30769230769231 0.0 45.30769230769231 1.9796047999989241
188000 0.07692307692307693 -0.0383764518317444 38.72846076923077 0.04006410256410256 45.286538461538456 45.30769230769231 0.0 45.30769230769231 1.819740799954161
190000 0.07692307692307693 0.00015064616806616103 38.656585769230766 0.06410256410256411 45.286538461538456 45.30769230769231 0.0 45.30769230769231 2.0426913001574576
192000 0.09615384615384616 -0.01905208464583885 38.09767717307692 0.08974358974358973 45.286538461538456 45.30769230769231 0.0 45.30769230769231 2.0142415000591427
194000 0.07692307692307693 -0.07676038655558624 38.535308288461536 0.04487179487179487 45.286538461538456 45.30769230769231 0.0 45.30769230769231 1.9121686001308262
196000 0.07692307692307693 -0.1729047234608497 38.18079342307692 0.07852564102564102 45.286538461538456 45.30769230769231 0.0 45.30769230769231 2.0536215999163687
198000 0.15384615384615385 -0.15359448163500022 38.37480692307692 0.08974358974358974 45.286538461538456 45.30769230769231 0.0 45.30769230769231 1.9041940998286009
200000 0.07692307692307693 -0.17302294302851734 38.94151457692308 0.05128205128205128 45.286538461538456 45.30769230769231 0.0 45.30769230769231 1.9807416000403464
202000 0.07692307692307693 -0.09606641825084747 38.8668991923077 0.052884615384615384 45.286538461538456 45.30769230769231 0.0 45.30769230769231 2.026705800089985
204000 0.07692307692307693 -0.09606266332088122 38.58406265384616 0.07852564102564102 45.286538461538456 45.30769230769231 0.0 45.30769230769231 1.8888960999902338
206000 0.07692307692307693 -0.05757790113168578 38.71406265384617 0.03365384615384615 45.286538461538456 45.30769230769231 0.0 45.30769230769231 2.098026700085029
208000 0.15384615384615385 -0.01911207718310743 37.8255324423077 0.09455128205128206 45.286538461538456 45.30769230769231 0.0 45.30769230769231 1.8166992000769824
210000 0.3076923076923077 -0.038281658417348034 36.8993991923077 0.15384615384615385 45.286538461538456 45.30769230769231 0.0 45.30769230769231 1.9540210999548435
212000 0.3269230769230769 -0.09582338162155678 37.30921125000001 0.18269230769230768 45.286538461538456 45.30769230769231 0.0 45.30769230769231 1.9680234999395907
214000 0.15384615384615385 -0.01911495270327938 38.01106565384616 0.10096153846153846 45.286538461538456 45.30769230769231 0.0 45.30769230769231 1.7859787000343204
216000 0.23076923076923078 0.0001876645902011623 36.876209884615385 0.2099358974358974 45.286538461538456 45.30769230769231 0.0 45.30769230769231 1.735306200105697
218000 0.4230769230769231 -0.01908442809506172 35.97356565384615 0.2580128205128205 45.286538461538456 45.30769230769231 0.0 45.30769230769231 2.08201550017111
220000 0.38461538461538464 0.00015623939990237553 35.595641711538455 0.26121794871794873 45.286538461538456 45.30769230769231 0.0 45.30769230769231 1.8871669000945985
222000 0.34615384615384615 8.383016755136661e-05 35.765209019230774 0.266025641025641 45.286538461538456 45.30769230769231 0.0 45.30769230769231 1.9663241000380367
224000 0.46153846153846156 0.00012202045742836046 35.461603249999996 0.26121794871794873 45.286538461538456 45.30769230769231 0.0 45.30769230769231 1.8975317999720573
226000 0.28846153846153844 -0.05764658697879098 35.92226757692309 0.2724358974358974 45.286538461538456 45.30769230769231 0.0 45.30769230769231 2.0669020998757333
228000 0.38461538461538464 0.00011806922023461628 35.59001671153846 0.2724358974358974 45.286538461538456 45.30769230769231 0.0 45.30769230769231 2.069706799928099
230000 0.28846153846153844 -0.01914843622457417 35.693757961538466 0.26282051282051283 45.286538461538456 45.30769230769231 0.0 45.30769230769231 1.8899612000677735
232000 0.28846153846153844 8.1260612795038e-05 35.720200269230766 0.29006410256410253 45.286538461538456 45.30769230769231 0.0 45.30769230769231 1.9957682001404464
234000 0.3076923076923077 8.523957095547756e-05 35.6084695 0.2948717948717948 45.286538461538456 45.30769230769231 0.0 45.30769230769231 1.7649091999046504
236000 0.3076923076923077 7.884624279198766e-05 35.761354115384606 0.28846153846153844 45.286538461538456 45.30769230769231 0.0 45.30769230769231 2.3403187000658363
238000 0.28846153846153844 0.0001288037483831303 35.266354115384615 0.28044871794871795 45.286538461538456 45.30769230769231 0.0 45.30769230769231 1.9241374998819083
240000 0.3076923076923077 8.734847403853795e-05 35.508661807692306 0.2900641025641026 45.286538461538456 45.30769230769231 0.0 45.30769230769231 1.8934891999233514
242000 0.28846153846153844 8.803466828700956e-05 35.362507961538455 0.3028846153846154 45.286538461538456 45.30769230769231 0.0 45.30769230769231 1.939011000096798
244000 0.28846153846153844 0.00022306724205981989 35.26635411538461 0.2932692307692308 45.286538461538456 45.30769230769231 0.0 45.30769230769231 2.197506400058046
246000 0.3076923076923077 0.00024826604375462874 35.12280517307692 0.3125 45.286538461538456 45.30769230769231 0.0 45.30769230769231 1.862868099939078
248000 0.28846153846153844 8.534876025861437e-05 35.548084884615385 0.2868589743589744 45.286538461538456 45.30769230769231 0.0 45.30769230769231 1.8712067001033574
250000 0.28846153846153844 0.00012930821701518505 35.37385411538462 0.2868589743589744 45.286538461538456 45.30769230769231 0.0 45.30769230769231 1.9064160000998527
252000 0.3076923076923077 0.00017201063535588338 35.681459019230765 0.25320512820512825 45.286538461538456 45.30769230769231 0.0 45.30769230769231 2.0359380999580026
254000 0.3076923076923077 0.0002516903217693211 36.08261286538461 0.24358974358974358 45.286538461538456 45.30769230769231 0.0 45.30769230769231 1.726130299968645
256000 0.3076923076923077 0.00023886906806484576 35.915689788461535 0.25961538461538464 45.286538461538456 45.30769230769231 0.0 45.30769230769231 1.8622047998942435
258000 0.3076923076923077 -0.05756730513762694 36.405689788461544 0.19551282051282054 45.286538461538456 45.30769230769231 0.0 45.30769230769231 2.0030236998572946
260000 0.3076923076923077 -0.03831065119840079 36.658959019230764 0.18429487179487178 45.286538461538456 45.30769230769231 0.0 45.30769230769231 1.8369710999540985
262000 0.2692307692307692 -0.13453583089166324 37.41044940384616 0.16666666666666669 45.286538461538456 45.30769230769231 0.0 45.30769230769231 1.9363328001927584
264000 0.23076923076923078 -0.11527170194645181 37.164439788461536 0.16987179487179485 45.286538461538456 45.30769230769231 0.0 45.30769230769231 2.023536799941212
266000 0.23076923076923078 -0.09603572747744162 37.054046423076926 0.16506410256410253 45.286538461538456 45.30769230769231 0.0 45.30769230769231 1.7846075999550521
268000 0.23076923076923078 -0.0767841482417129 37.21991180769231 0.18910256410256412 45.286538461538456 45.30769230769231 0.0 45.30769230769231 1.826698699966073
270000 0.23076923076923078 -0.09607454940084767 37.105007961538455 0.13942307692307693 45.286538461538456 45.30769230769231 0.0 45.30769230769231 1.808528000023216
272000 0.23076923076923078 -0.09599795086798012 37.018469499999995 0.16987179487179488 45.286538461538456 45.30769230769231 0.0 45.30769230769231 1.902411499992013
274000 0.21153846153846154 -0.09590470376488505 36.935365096153845 0.16185897435897434 45.286538461538456 45.30769230769231 0.0 45.30769230769231 1.9511937000788748
276000 0.19230769230769232 -0.09604042130219298 37.36558488461539 0.1362179487179487 45.286538461538456 45.30769230769231 0.0 45.30769230769231 2.052140299929306
278000 0.1346153846153846 -0.096034073524607 37.657805173076916 0.1362179487179487 45.286538461538456 45.30769230769231 0.0 45.30769230769231 2.0825255000963807
280000 0.11538461538461539 -0.05759618585960364 37.94184363461539 0.11378205128205127 45.286538461538456 45.30769230769231 0.0 45.30769230769231 2.0653972001746297
282000 0.09615384615384616 -0.07683278425606645 37.899151326923075 0.11538461538461536 45.286538461538456 45.30769230769231 0.0 45.30769230769231 2.0190727999433875
284000 0.11538461538461539 -0.15377144856596758 38.120392576923074 0.08493589743589743 45.286538461538456 45.30769230769231 0.0 45.30769230769231 2.153636399889365
286000 0.09615384615384616 -0.0576013512644265 37.71617055769231 0.09935897435897435 45.286538461538456 45.30769230769231 0.0 45.30769230769231 1.8578184999059886
288000 0.09615384615384616 8.320902574087695e-05 37.535568673076924 0.1330128205128205 45.286538461538456 45.30769230769231 0.0 45.30769230769231 1.9677535998634994
290000 0.09615384615384616 -0.019094995666207985 37.834920557692314 0.09455128205128203 45.286538461538456 45.30769230769231 0.0 45.30769230769231 2.0751986999530345
292000 0.09615384615384616 -0.057654461449666024 37.942420557692316 0.10416666666666666 45.286538461538456 45.30769230769231 0.0 45.30769230769231 1.781251500127837
294000 0.057692307692307696 -0.01916082674683024 38.115296423076934 0.060897435897435896 45.286538461538456 45.30769230769231 0.0 45.30769230769231 2.2155153998173773
296000 0.09615384615384616 -0.09611588412990384 38.230096711538465 0.08012820512820512 45.286538461538456 45.30769230769231 0.0 45.30769230769231 1.7805155999958515
298000 0.09615384615384616 -0.13458033317451756 38.5133659423077 0.0689102564102564 45.286538461538456 45.30769230769231 0.0 45.30769230769231 1.8569153000134975
300000 0.09615384615384616 -0.057630245085842254 38.51048132692308 0.06570512820512821 45.286538461538456 45.30769230769231 0.0 45.30769230769231 1.8025046999100596
302000 0.09615384615384616 -0.019112355178030286 38.452805173076925 0.07211538461538461 45.286538461538456 45.30769230769231 0.0 45.30769230769231 1.985682499827817
304000 0.057692307692307696 -0.019145887786695077 37.68604069230769 0.10576923076923077 45.286538461538456 45.30769230769231 0.0 45.30769230769231 1.9253458001185209
306000 0.07692307692307693 9.635531989951731e-05 37.45187859615384 0.11698717948717949 45.286538461538456 45.30769230769231 0.0 45.30769230769231 2.1740142998751253
308000 0.07692307692307693 -0.0191469808667099 37.7005324423077 0.10256410256410256 45.286538461538456 45.30769230769231 0.0 45.30769230769231 2.0900210000108927
310000 0.07692307692307693 9.204035267366269e-05 37.61231128846155 0.1185897435897436 45.286538461538456 45.30769230769231 0.0 45.30769230769231 2.065577099798247
312000 0.07692307692307693 -0.019150099347183057 37.753032442307706 0.09935897435897437 45.286538461538456 45.30769230769231 0.0 45.30769230769231 2.0184901000466198
314000 0.07692307692307693 -0.019146418012758744 37.549999230769245 0.11538461538461539 45.286538461538456 45.30769230769231 0.0 45.30769230769231 1.8320700000040233
316000 0.07692307692307693 -0.01914837292443889 37.68336898076923 0.09775641025641027 45.286538461538456 45.30769230769231 0.0 45.30769230769231 1.7695403997786343
318000 0.07692307692307693 -0.019142500082556496 37.59600884615386 0.10897435897435898 45.286538461538456 45.30769230769231 0.0 45.30769230769231 1.96408070018515
320000 0.09615384615384616 -0.019117809743939947 37.44959401923078 0.1266025641025641 45.286538461538456 45.30769230769231 0.0 45.30769230769231 1.9060603000689298
322000 0.09615384615384616 -0.019183401545403475 37.35486375000002 0.15224358974358973 45.286538461538456 45.30769230769231 0.0 45.30769230769231 2.187283900100738
324000 0.07692307692307693 6.766208672124431e-05 37.36757478846154 0.12179487179487179 45.286538461538456 45.30769230769231 0.0 45.30769230769231 1.8569370000623167
326000 0.09615384615384616 -0.019169078232028455 37.09234315384616 0.14743589743589744 45.286538461538456 45.30769230769231 0.0 45.30769230769231 1.7452672000508755
328000 0.07692307692307693 0.00013800449464740323 37.24630167307692 0.125 45.286538461538456 45.30769230769231 0.0 45.30769230769231 1.821973100071773
330000 0.07692307692307693 7.432402663478745e-05 37.20101321153846 0.125 45.286538461538456 45.30769230769231 0.0 45.30769230769231 2.030969199957326
332000 0.09615384615384616 0.00015320676939861017 37.521706884615384 0.13782051282051283 45.286538461538456 45.30769230769231 0.0 45.30769230769231 1.9732413000892848
334000 0.11538461538461539 0.00011177321461479465 37.30173436538461 0.12019230769230771 45.286538461538456 45.30769230769231 0.0 45.30769230769231 1.9805934000760317
336000 0.09615384615384616 9.885915748286497e-05 37.36759975 0.10897435897435898 45.286538461538456 45.30769230769231 0.0 45.30769230769231 1.9836183998268098
338000 0.09615384615384616 8.794410180511873e-05 37.392599749999995 0.1201923076923077 45.286538461538456 45.30769230769231 0.0 45.30769230769231 2.041264900006354
340000 0.1346153846153846 -0.09599736616870164 37.943897826923084 0.09935897435897435 45.286538461538456 45.30769230769231 0.0 45.30769230769231 1.9267915999516845
342000 0.1346153846153846 -0.09601135517853293 38.12674311538463 0.09775641025641026 45.286538461538456 45.30769230769231 0.0 45.30769230769231 1.705013700062409
344000 0.19230769230769232 -0.019106588391227274 37.89263346153847 0.1153846153846154 45.286538461538456 45.30769230769231 0.0 45.30769230769231 2.0508457999676466
346000 0.1346153846153846 -0.03840144967284598 37.96918357692307 0.10256410256410256 45.286538461538456 45.30769230769231 0.0 45.30769230769231 1.7943551000207663
348000 0.11538461538461539 -0.26916823669724904 38.62037384615385 0.08173076923076923 45.286538461538456 45.30769230769231 0.0 45.30769230769231 1.8410908000078052
350000 0.11538461538461539 -0.11525689942859749 38.31105857692308 0.0673076923076923 45.286538461538456 45.30769230769231 0.0 45.30769230769231 1.9554229001514614
352000 0.09615384615384616 -0.03834858788551779 38.26730857692308 0.09294871794871794 45.286538461538456 45.30769230769231 0.0 45.30769230769231 1.879348199814558
354000 0.11538461538461539 -0.019152546804505517 38.16089832692308 0.10897435897435898 45.286538461538456 45.30769230769231 0.0 45.30769230769231 2.104538399958983
356000 0.09615384615384616 -0.09609216044438355 38.237821403846155 0.07051282051282051 45.286538461538456 45.30769230769231 0.0 45.30769230769231 1.8743068999610841
358000 0.19230769230769232 0.00013008367948885645 37.915669596153855 0.125 45.286538461538456 45.30769230769231 0.0 45.30769230769231 2.299934000009671
360000 0.15384615384615385 -0.019075484868840316 37.89207528846155 0.10576923076923077 45.286538461538456 45.30769230769231 0.0 45.30769230769231 2.0174489999189973
362000 0.21153846153846154 -0.019116584612609233 37.998734865384606 0.1137820512820513 45.286538461538456 45.30769230769231 0.0 45.30769230769231 1.8681307998485863
364000 0.23076923076923078 -0.038330545617812725 37.98090269230769 0.11538461538461539 45.286538461538456 45.30769230769231 0.0 45.30769230769231 1.7630159000400454
366000 0.19230769230769232 -0.03833175427957537 38.00268153846154 0.11378205128205127 45.286538461538456 45.30769230769231 0.0 45.30769230769231 1.8966663000173867
368000 0.11538461538461539 -0.05759215053418424 37.96407576923076 0.12019230769230768 45.286538461538456 45.30769230769231 0.0 45.30769230769231 2.044039099942893
370000 0.23076923076923078 -0.07679394902455258 37.84083401923077 0.13621794871794873 45.286538461538456 45.30769230769231 0.0 45.30769230769231 2.080336900195107
372000 0.25 -0.038306750511550774 37.69564171153847 0.13782051282051283 45.286538461538456 45.30769230769231 0.0 45.30769230769231 1.9806061999406666
374000 0.25 -0.0575381049675865 37.54218017307692 0.14423076923076922 45.286538461538456 45.30769230769231 0.0 45.30769230769231 1.911330700153485
376000 0.23076923076923078 -0.03831409965367609 37.61333401923077 0.14903846153846154 45.286538461538456 45.30769230769231 0.0 45.30769230769231 1.8138548000715673
378000 0.2692307692307692 -0.03829750631924169 37.54698786538462 0.14423076923076922 45.286538461538456 45.30769230769231 0.0 45.30769230769231 1.8403588999062777
380000 0.2692307692307692 -0.13445632916733535 37.63987248076923 0.15384615384615385 45.286538461538456 45.30769230769231 0.0 45.30769230769231 1.780654100002721
382000 0.25 -0.019119115257976913 37.474195038461545 0.1346153846153846 45.286538461538456 45.30769230769231 0.0 45.30769230769231 1.8374642000999302
384000 0.2692307692307692 -0.038324557903462494 37.58929555769231 0.1330128205128205 45.286538461538456 45.30769230769231 0.0 45.30769230769231 2.082907599862665
386000 0.28846153846153844 -0.03835264296572904 37.611170557692304 0.13782051282051283 45.286538461538456 45.30769230769231 0.0 45.30769230769231 1.8874079000670463
388000 0.28846153846153844 0.00010759405126573658 37.53232440384615 0.12179487179487179 45.286538461538456 45.30769230769231 0.0 45.30769230769231 2.120304600102827
390000 0.28846153846153844 0.00010628799245201382 37.597564788461526 0.1185897435897436 45.286538461538456 45.30769230769231 0.0 45.30769230769231 1.7906561000272632
392000 0.3076923076923077 0.00011698974897599441 37.51294940384615 0.12820512820512822 45.286538461538456 45.30769230769231 0.0 45.30769230769231 2.0483164999168366
394000 0.28846153846153844 0.0001092235650013509 37.553334019230775 0.13141025641025642 45.286538461538456 45.30769230769231 0.0 45.30769230769231 1.9525802000425756
396000 0.28846153846153844 -0.01912358195818219 37.655257096153846 0.10576923076923077 45.286538461538456 45.30769230769231 0.0 45.30769230769231 1.8971759001724422
398000 0.3076923076923077 -0.09603836771708173 37.62352632692308 0.12500000000000003 45.286538461538456 45.30769230769231 0.0 45.30769230769231 2.158362900139764
400000 0.3076923076923077 -0.019090219803095814 37.58698786538462 0.1185897435897436 45.286538461538456 45.30769230769231 0.0 45.30769230769231 2.0879374002106488
402000 0.3076923076923077 0.0001621842776943277 37.58314171153847 0.1185897435897436 45.286538461538456 45.30769230769231 0.0 45.30769230769231 1.8152666999958456
404000 0.3076923076923077 0.00013929601476524918 37.662949403846156 0.1121794871794872 45.286538461538456 45.30769230769231 0.0 45.30769230769231 1.8296831001061946
406000 0.28846153846153844 0.00013094974648285846 37.649487865384614 0.1169871794871795 45.286538461538456 45.30769230769231 0.0 45.30769230769231 1.7932953999843448
408000 0.28846153846153844 0.0001339540315102454 37.60790132692307 0.12660256410256412 45.286538461538456 45.30769230769231 0.0 45.30769230769231 1.8107151000294834
410000 0.28846153846153844 0.00013510419658499265 37.643334019230764 0.1169871794871795 45.286538461538456 45.30769230769231 0.0 45.30769230769231 1.8162048999220133
412000 0.3076923076923077 0.0001449659266892304 37.61357440384616 0.12980769230769232 45.286538461538456 45.30769230769231 0.0 45.30769230769231 1.7810758000705391
414000 0.3076923076923077 0.0001693632553683045 37.48088209615385 0.14102564102564102 45.286538461538456 45.30769230769231 0.0 45.30769230769231 1.961261099902913
416000 0.3076923076923077 0.0001677592045369856 37.55588209615385 0.1346153846153846 45.286538461538456 45.30769230769231 0.0 45.30769230769231 2.148329999996349
418000 0.3076923076923077 0.00014731841700163246 37.61113850000001 0.13782051282051283 45.286538461538456 45.30769230769231 0.0 45.30769230769231 1.9256631000898778
420000 0.3076923076923077 0.00017889513593409318 37.70059363461539 0.1474358974358974 45.286538461538456 45.30769230769231 0.0 45.30769230769231 2.2096573000308126
422000 0.2692307692307692 0.00021603228294500665 37.61742055769231 0.14423076923076922 45.286538461538456 45.30769230769231 0.0 45.30769230769231 2.2250077000353485
424000 0.25 -0.019085598386165928 37.74794940384616 0.14102564102564102 45.286538461538456 45.30769230769231 0.0 45.30769230769231 2.081213600002229
426000 0.25 0.0001508434826260031 37.68256478846155 0.15705128205128205 45.286538461538456 45.30769230769231 0.0 45.30769230769231 2.1390033001080155
428000 0.19230769230769232 0.00013444922062897806 37.92939171153846 0.11538461538461539 45.286538461538456 45.30769230769231 0.0 45.30769230769231 1.8979529000353068
430000 0.19230769230769232 0.00013268395199374615 37.969776326923075 0.1201923076923077 45.286538461538456 45.30769230769231 0.0 45.30769230769231 2.2144661999773234
432000 0.25 0.00014520832650667773 37.749728250000004 0.12820512820512822 45.286538461538456 45.30769230769231 0.0 45.30769230769231 1.7960593001917005
434000 0.2692307692307692 0.0001647780081604198 37.79900709615385 0.1346153846153846 45.286538461538456 45.30769230769231 0.0 45.30769230769231 2.0695354000199586
436000 0.2692307692307692 0.0001657116988839777 37.80189171153846 0.1346153846153846 45.286538461538456 45.30769230769231 0.0 45.30769230769231 1.944084000075236
438000 0.25 0.00014170404183825596 37.88001671153846 0.12820512820512822 45.286538461538456 45.30769230769231 0.0 45.30769230769231 1.9072672999463975
440000 0.25 0.00014112541669630916 38.12568978846154 0.11057692307692307 45.286538461538456 45.30769230769231 0.0 45.30769230769231 2.209403600078076
442000 0.25 0.00013882509439156756 37.99203594230769 0.10576923076923077 45.286538461538456 45.30769230769231 0.0 45.30769230769231 1.9456873000599444
444000 0.23076923076923078 -0.01910381054428706 38.1699205576923 0.09935897435897435 45.286538461538456 45.30769230769231 0.0 45.30769230769231 2.0141531000845134
446000 0.23076923076923078 0.0001312669871234445 38.047805173076924 0.09935897435897435 45.286538461538456 45.30769230769231 0.0 45.30769230769231 2.0404376999940723
448000 0.25 -0.03830585163810656 37.8792955576923 0.1217948717948718 45.286538461538456 45.30769230769231 0.0 45.30769230769231 1.8939140001311898
450000 0.23076923076923078 -0.019100288473620122 38.03213209615385 0.09294871794871794 45.286538461538456 45.30769230769231 0.0 45.30769230769231 2.0814873001072556
452000 0.19230769230769232 -0.03833133554072883 38.08434363461539 0.09935897435897435 45.286538461538456 45.30769230769231 0.0 45.30769230769231 2.0795793998986483
454000 0.25 -0.03831072590598887 38.03381478846154 0.09935897435897435 45.286538461538456 45.30769230769231 0.0 45.30769230769231 1.83393090008758
456000 0.23076923076923078 -0.03834057434150295 38.204535942307686 0.09935897435897435 45.286538461538456 45.30769230769231 0.0 45.30769230769231 1.9388604001142085
458000 0.23076923076923078 -0.038337571940232205 38.18915132692307 0.09935897435897435 45.286538461538456 45.30769230769231 0.0 45.30769230769231 2.302736100042239
460000 0.23076923076923078 -0.03833537049981919 38.16799748076922 0.10576923076923077 45.286538461538456 45.30769230769231 0.0 45.30769230769231 1.9316219999454916
462000 0.23076923076923078 -0.01910300371223568 38.12376671153846 0.10576923076923077 45.286538461538456 45.30769230769231 0.0 45.30769230769231 2.0133555999491364
464000 0.23076923076923078 -0.019100659468367674 38.06415132692307 0.10576923076923077 45.286538461538456 45.30769230769231 0.0 45.30769230769231 1.976562299998477
466000 0.25 -0.019126916851689876 38.10934363461538 0.1121794871794872 45.286538461538456 45.30769230769231 0.0 45.30769230769231 1.797460600035265
468000 0.25 -0.01913458856711473 37.995882096153835 0.1121794871794872 45.286538461538456 45.30769230769231 0.0 45.30769230769231 2.0834619000088423
470000 0.25 -0.019135399458152787 38.080497480769225 0.10256410256410257 45.286538461538456 45.30769230769231 0.0 45.30769230769231 1.7880630001891404
472000 0.25 -0.019135982551330363 38.024728249999995 0.10256410256410257 45.286538461538456 45.30769230769231 0.0 45.30769230769231 2.0065329000353813
474000 0.28846153846153844 9.710781972699477e-05 37.89527311538461 0.09775641025641026 45.286538461538456 45.30769230769231 0.0 45.30769230769231 1.8121436000801623
476000 0.28846153846153844 9.424008054710485e-05 38.02184363461539 0.09134615384615384 45.286538461538456 45.30769230769231 0.0 45.30769230769231 2.6051469000522047
478000 0.25 0.0001033692026707101 38.08530517307692 0.09615384615384616 45.286538461538456 45.30769230769231 0.0 45.30769230769231 2.015946200117469
480000 0.3076923076923077 0.00010237244530237741 37.861266711538455 0.09615384615384616 45.286538461538456 45.30769230769231 0.0 45.30769230769231 1.8191495998762548
482000 0.3076923076923077 0.0001055549293300824 37.705978249999994 0.1105769230769231 45.286538461538456 45.30769230769231 0.0 45.30769230769231 1.7627389000263065
484000 0.3076923076923077 0.00010707150002900665 37.615353250000005 0.12019230769230771 45.286538461538456 45.30769230769231 0.0 45.30769230769231 2.1248170000035316
486000 0.3076923076923077 0.00013861944591105361 37.65669940384615 0.12660256410256412 45.286538461538456 45.30769230769231 0.0 45.30769230769231 1.9391828998923302
488000 0.3076923076923077 0.00010253929035099589 37.60340269230769 0.13942307692307693 45.286538461538456 45.30769230769231 0.0 45.30769230769231 2.2405802998691797
490000 0.3269230769230769 0.00010976859037470143 37.52167192307692 0.15544871794871795 45.286538461538456 45.30769230769231 0.0 45.30769230769231 2.470708299893886
492000 0.3076923076923077 0.00010312028079767639 37.403402692307694 0.15544871794871795 45.286538461538456 45.30769230769231 0.0 45.30769230769231 1.9764427000191063
494000 0.3076923076923077 0.00010202664926955734 37.38897961538462 0.17628205128205127 45.286538461538456 45.30769230769231 0.0 45.30769230769231 2.004382599843666
496000 0.3076923076923077 0.00010474409177811713 37.52208401923077 0.12980769230769232 45.286538461538456 45.30769230769231 0.0 45.30769230769231 1.9668560998979956
498000 0.3076923076923077 0.00010772513720359486 37.59059363461538 0.10897435897435898 45.286538461538456 45.30769230769231 0.0 45.30769230769231 1.9272943998221308
500000 0.3076923076923077 0.0001061759476834725 37.579055173076924 0.1185897435897436 45.286538461538456 45.30769230769231 0.0 45.30769230769231 2.0925551999825984
