2000 2.0961538461538463 -0.26898881942595876 38.92912657692309 0.057692307692307696 45.286538461538456 45.30769230769231 0.0 45.30769230769231 0.5553387999534607
4000 1.3846153846153846 -0.6151569134798346 39.10389992307692 0.05448717948717949 45.286538461538456 45.30769230769231 0.019230769230769232 45.28846153846154 0.5849997000768781
6000 1.2307692307692308 -0.7306629103308352 39.22529415384615 0.04326923076923077 45.286538461538456 45.30769230769231 0.0 45.30769230769231 0.6141527000581846
8000 4.615384615384615 0.001726527738459616 37.28600157692308 0.15865384615384615 45.286538461538456 45.30769230769231 0.0 45.30769230769231 0.7363660999108106
10000 6.0576923076923075 -0.15209940036126593 35.256453 0.296474358974359 45.286538461538456 45.30769230769231 0.0 45.30769230769231 0.7544138999655843
12000 3.9423076923076925 -0.6533926882716472 37.09876069230769 0.19871794871794873 45.286538461538456 45.30769230769231 0.0 45.30769230769231 0.7336405999958515
14000 2.326923076923077 -0.21114359573022426 38.29955417307692 0.056089743589743585 45.286538461538456 45.30769230769231 0.0 45.30769230769231 0.7651336999842897
16000 3.2115384615384617 -0.3262409927568241 37.880979173076916 0.09775641025641026 45.286538461538456 45.30769230769231 0.0 45.30769230769231 1.063634500023909
18000 4.653846153846154 -0.47988636852935973 36.99996955769231 0.16025641025641024 45.286538461538456 45.30769230769231 0.0 45.30769230769231 1.1289852999616414
20000 3.9038461538461537 -0.11443875063930965 37.54140492307692 0.1378205128205128 45.286538461538456 45.30769230769231 0.0 45.30769230769231 1.3495154000120237
22000 2.6153846153846154 -0.03769947544442515 38.29948184615385 0.10737179487179487 45.286538461538456 45.30769230769231 0.0 45.30769230769231 1.309617199935019
24000 3.5576923076923075 0.0013632733872802334 37.65043975000001 0.1330128205128205 45.286538461538456 45.30769230769231 0.0 45.30769230769231 1.846523299929686
26000 6.153846153846154 -0.402297034219231 36.62469836538462 0.15705128205128208 45.286538461538456 45.30769230769231 0.0 45.30769230769231 1.7825982000213116
28000 7.0 0.001984620734271431 36.14677080769231 0.18589743589743588 45.286538461538456 45.30769230769231 0.0 45.30769230769231 1.878347699996084
30000 5.673076923076923 0.0013085539101668708 36.63340542307692 0.18108974358974358 45.286538461538456 45.30769230769231 0.0 45.30769230769231 1.8598424999509007
32000 5.673076923076923 0.0013080093836293242 36.57883811538461 0.1875 45.286538461538456 45.30769230769231 0.0 45.30769230769231 1.748425199999474
34000 4.769230769230769 0.001228059423565814 37.0865785 0.17307692307692304 45.286538461538456 45.30769230769231 0.0 45.30769230769231 1.9103586000856012
36000 3.9615384615384617 0.0009523912689221191 37.814943884615396 0.08173076923076925 45.286538461538456 45.30769230769231 0.0 45.30769230769231 1.7707026000134647
38000 4.711538461538462 0.001216085070432821 37.08321311538462 0.16826923076923073 45.286538461538456 45.30769230769231 0.0 45.30769230769231 1.9418592000147328
40000 5.5 0.0017406100304276928 36.83465542307693 0.2131410256410256 45.286538461538456 45.30769230769231 0.0 45.30769230769231 1.7775188999949023
42000 9.173076923076923 0.003733454724787206 34.79763619230769 0.3157051282051283 45.286538461538456 45.30769230769231 0.0 45.30769230769231 2.024383999989368
44000 9.173076923076923 0.003776662407075811 34.79763619230769 0.3157051282051283 45.286538461538456 45.30769230769231 0.0 45.30769230769231 1.7928827001014724
46000 9.192307692307692 0.003284016011584286 34.770713115384616 0.3157051282051283 45.286538461538456 45.30769230769231 0.0 45.30769230769231 2.025884800008498
48000 9.211538461538462 0.003317816573979286 34.77648234615385 0.3253205128205129 45.286538461538456 45.30769230769231 0.0 45.30769230769231 1.8878523000748828
50000 9.211538461538462 0.003317816573979286 34.77648234615385 0.3253205128205129 45.286538461538456 45.30769230769231 0.0 45.30769230769231 1.8023892999626696
52000 9.211538461538462 0.003317816573979286 34.77648234615385 0.3253205128205129 45.286538461538456 45.30769230769231 0.0 45.30769230769231 1.7545820999657735
54000 9.173076923076923 0.003762267547216235 34.79763619230769 0.3157051282051283 45.286538461538456 45.30769230769231 0.0 45.30769230769231 1.835353400092572
56000 9.173076923076923 0.003733454724787206 34.79763619230769 0.3157051282051283 45.286538461538456 45.30769230769231 0.0 45.30769230769231 1.7312890999019146
58000 4.173076923076923 0.00044579964730946973 36.35115953846154 0.17307692307692304 45.286538461538456 45.30769230769231 0.0 45.30769230769231 1.8244781999383122
60000 4.173076923076923 0.00044579964730946973 36.35115953846154 0.17307692307692304 45.286538461538456 45.30769230769231 0.0 45.30769230769231 1.8425673000747338
62000 4.173076923076923 0.00044579964730946973 36.35115953846154 0.17307692307692304 45.286538461538456 45.30769230769231 0.0 45.30769230769231 1.8961605000076815
64000 4.788461538461538 0.0007517339263099932 36.61109773076923 0.16826923076923073 45.286538461538456 45.30769230769231 0.0 45.30769230769231 1.879769999999553
66000 4.769230769230769 0.0008205993005328173 36.61109773076923 0.16826923076923073 45.286538461538456 45.30769230769231 0.0 45.30769230769231 1.709871600032784
68000 5.865384615384615 0.001456353222999829 36.637558769230765 0.20192307692307693 45.286538461538456 45.30769230769231 0.0 45.30769230769231 1.8553288000402972
70000 2.519230769230769 -0.844980384901513 38.43971723076923 0.14102564102564102 45.286538461538456 45.30769230769231 0.0 45.30769230769231 1.9562883999897167
72000 5.019230769230769 0.0009250645077040209 36.73962107692308 0.20993589743589747 45.286538461538456 45.30769230769231 0.0 45.30769230769231 1.965997299994342
74000 2.1538461538461537 -0.8450722916480076 38.408948 0.12980769230769232 45.286538461538456 45.30769230769231 0.0 45.30769230769231 1.767393699963577
76000 1.5961538461538463 -0.49987872372039016 38.56923646153847 0.13942307692307693 45.286538461538456 45.30769230769231 0.0 45.30769230769231 1.7144067999906838
78000 6.269230769230769 0.002509820971776547 35.591866961538464 0.27724358974358976 45.286538461538456 45.30769230769231 0.0 45.30769230769231 1.7528177000349388
80000 2.3653846153846154 -0.03806254394321349 38.324655423076926 0.08974358974358974 45.286538461538456 45.30769230769231 0.0 45.30769230769231 2.0054229999659583
82000 3.480769230769231 -0.037276187683582526 37.73657850000001 0.15064102564102563 45.286538461538456 45.30769230769231 0.0 45.30769230769231 1.920347800012678
84000 5.403846153846154 0.0010886508748112439 35.41696311538462 0.27884615384615385 45.286538461538456 45.30769230769231 0.0 45.30769230769231 2.033165100030601
86000 4.5576923076923075 0.000700471119304928 35.43811696153846 0.28365384615384615 45.286538461538456 45.30769230769231 0.0 45.30769230769231 1.807550200028345
88000 4.846153846153846 0.0014094109663283353 35.64148234615386 0.27564102564102566 45.286538461538456 45.30769230769231 0.0 45.30769230769231 1.9622269000392407
90000 3.173076923076923 -0.4610594522763546 37.18755376923077 0.21314102564102566 45.286538461538456 45.30769230769231 0.0 45.30769230769231 1.7330481000244617
92000 0.9807692307692307 -0.8461410064541515 38.562794153846156 0.13141025641025642 45.286538461538456 45.30769230769231 0.0 45.30769230769231 1.796823399956338
94000 1.0576923076923077 -0.8461092421342798 38.53779415384615 0.13141025641025642 45.286538461538456 45.30769230769231 0.0 45.30769230769231 1.8256107000634074
96000 1.2884615384615385 -0.6922587117880308 38.34981338461538 0.14102564102564102 45.286538461538456 45.30769230769231 0.0 45.30769230769231 1.675631899968721
98000 3.769230769230769 -0.5951041492030821 37.44778042307692 0.18429487179487178 45.286538461538456 45.30769230769231 0.0 45.30769230769231 1.7300079999258742
100000 1.5576923076923077 -0.7306254437210267 38.244332615384614 0.16987179487179485 45.286538461538456 45.30769230769231 0.0 45.30769230769231 2.1158286000136286
102000 2.8653846153846154 -0.6536402994105515 37.979909538461534 0.16666666666666666 45.286538461538456 45.30769230769231 0.0 45.30769230769231 2.0086119000334293
104000 1.2884615384615385 -0.8268658932459669 38.73202492307692 0.12179487179487178 45.286538461538456 45.30769230769231 0.0 45.30769230769231 1.588565899990499
106000 5.423076923076923 -0.11432474576095714 36.81965542307693 0.12499999999999999 45.286538461538456 45.30769230769231 0.0 45.30769230769231 1.8233254000078887
108000 4.846153846153846 -0.5567890362403956 37.01198184615385 0.19230769230769235 45.286538461538456 45.30769230769231 0.0 45.30769230769231 1.8382065000478178
110000 6.076923076923077 -0.556042458199678 36.47544338461539 0.21314102564102566 45.286538461538456 45.30769230769231 0.0 45.30769230769231 1.7714054000098258
112000 6.076923076923077 -0.5560287116020792 36.494674153846155 0.21314102564102566 45.286538461538456 45.30769230769231 0.0 45.30769230769231 1.9724275999469683
114000 4.346153846153846 -0.5571901535115402 36.942751076923074 0.17628205128205127 45.286538461538456 45.30769230769231 0.0 45.30769230769231 1.752318299957551
116000 4.673076923076923 -0.5572134312566763 36.8735203076923 0.17147435897435898 45.286538461538456 45.30769230769231 0.0 45.30769230769231 1.8501975999679416
118000 4.519230769230769 -0.557270086460812 36.93890492307692 0.16987179487179485 45.286538461538456 45.30769230769231 0.0 45.30769230769231 1.5765682000201195
120000 4.5 -0.5572781061823971 36.97352030769231 0.16987179487179485 45.286538461538456 45.30769230769231 0.0 45.30769230769231 1.7721085000084713
122000 4.5 -0.5572825543888418 36.986981846153846 0.16987179487179485 45.286538461538456 45.30769230769231 0.0 45.30769230769231 1.6583486000308767
124000 4.365384615384615 -0.5573110664487355 37.010058769230774 0.17948717948717946 45.286538461538456 45.30769230769231 0.0 45.30769230769231 1.6811818999703974
126000 4.480769230769231 -0.5763482822968844 37.00044338461539 0.16025641025641024 45.286538461538456 45.30769230769231 0.0 45.30769230769231 1.7337883999571204
128000 4.769230769230769 -0.5762538616453157 36.956212615384615 0.16666666666666666 45.286538461538456 45.30769230769231 0.0 45.30769230769231 2.0895998999476433
130000 4.25 -0.5573982036195109 37.12159723076923 0.16025641025641024 45.286538461538456 45.30769230769231 0.0 45.30769230769231 1.8782270000083372
132000 4.153846153846154 -0.5764811484811515 37.43505876923077 0.1778846153846154 45.286538461538456 45.30769230769231 0.0 45.30769230769231 1.9414756000041962
134000 4.923076923076923 -0.5758264636468681 37.229289538461536 0.16826923076923078 45.286538461538456 45.30769230769231 0.0 45.30769230769231 2.087500900030136
136000 6.038461538461538 -0.5560764865828237 36.55428953846154 0.21314102564102566 45.286538461538456 45.30769230769231 0.0 45.30769230769231 1.8110384999308735
138000 6.846153846153846 -0.3250789119652031 35.963904923076925 0.2371794871794872 45.286538461538456 45.30769230769231 0.0 45.30769230769231 1.9609989000018686
140000 6.346153846153846 -0.4212824519235611 36.37159723076924 0.20352564102564102 45.286538461538456 45.30769230769231 0.0 45.30769230769231 1.9221319999778643
142000 7.903846153846154 -0.13200902140382065 35.55236646153846 0.2676282051282052 45.286538461538456 45.30769230769231 0.0 45.30769230769231 1.8205294999061152
144000 7.538461538461538 0.002502599149026454 35.29763619230769 0.27403846153846156 45.286538461538456 45.30769230769231 0.0 45.30769230769231 1.9380635999841616
146000 6.5 0.0017521089652534816 35.57119388461538 0.25961538461538464 45.286538461538456 45.30769230769231 0.0 45.30769230769231 2.0334087000228465
148000 7.923076923076923 0.0029846797186380137 35.29859773076923 0.2836538461538462 45.286538461538456 45.30769230769231 0.0 45.30769230769231 2.065687100053765
150000 8.173076923076923 -0.03559201884006103 35.41705926923077 0.27724358974358976 45.286538461538456 45.30769230769231 0.0 45.30769230769231 1.924651199951768
152000 5.711538461538462 -0.15232690200597648 36.13879003846154 0.23878205128205127 45.286538461538456 45.30769230769231 0.0 45.30769230769231 1.860013399971649
154000 7.769230769230769 -0.05496378478069626 35.46898234615385 0.28525641025641024 45.286538461538456 45.30769230769231 0.0 45.30769230769231 1.8912992000114173
156000 4.788461538461538 -0.28718635474152987 37.09885184615385 0.16025641025641024 45.286538461538456 45.30769230769231 0.0 45.30769230769231 1.7474103000713512
158000 5.673076923076923 -0.13318524988770378 36.17821311538462 0.27884615384615385 45.286538461538456 45.30769230769231 0.0 45.30769230769231 1.8848759999964386
160000 3.5961538461538463 -0.19144828640184738 37.40448184615385 0.1474358974358974 45.286538461538456 45.30769230769231 0.0 45.30769230769231 1.8271989000495523
162000 5.173076923076923 -0.47981127446460065 37.10044338461539 0.16506410256410253 45.286538461538456 45.30769230769231 0.0 45.30769230769231 1.970435700030066
164000 4.596153846153846 -0.5570462406241146 37.18121261538461 0.17307692307692307 45.286538461538456 45.30769230769231 0.0 45.30769230769231 1.7535726999631152
166000 4.884615384615385 -0.5569396924036146 37.12159723076923 0.1778846153846154 45.286538461538456 45.30769230769231 0.0 45.30769230769231 1.6977963000535965
168000 4.5 -0.5570827600166998 37.25044338461538 0.1778846153846154 45.286538461538456 45.30769230769231 0.0 45.30769230769231 1.884400499984622
170000 5.1923076923076925 -0.5566308589694049 36.9909106923077 0.1746794871794872 45.286538461538456 45.30769230769231 0.0 45.30769230769231 1.6938397999620065
172000 4.903846153846154 -0.1910447395488113 36.76894036538462 0.17307692307692307 45.286538461538456 45.30769230769231 0.0 45.30769230769231 1.6853444000007585
174000 6.038461538461538 -0.11413657080545025 36.36171759615385 0.19391025641025642 45.286538461538456 45.30769230769231 0.0 45.30769230769231 2.163318599923514
176000 5.076923076923077 -0.44163024122689093 36.76940990384616 0.15064102564102563 45.286538461538456 45.30769230769231 0.0 45.30769230769231 1.9245573999360204
178000 8.423076923076923 -0.34308071637622883 36.03046755769231 0.17467948717948717 45.286538461538456 45.30769230769231 0.0 45.30769230769231 1.9344650000566617
180000 12.096153846153847 -0.014067551678608375 34.318587692307695 0.23237179487179485 45.286538461538456 45.30769230769231 0.0 45.30769230769231 1.9651056999573484
182000 7.788461538461538 0.0030014546572455668 35.79729540384616 0.24839743589743588 45.286538461538456 45.30769230769231 0.0 45.30769230769231 1.8439393999287859
184000 5.788461538461538 -0.15199265158156777 36.88955984615386 0.1778846153846154 45.286538461538456 45.30769230769231 0.0 45.30769230769231 1.7971304999664426
186000 7.961538461538462 -0.26673312231988083 35.917378442307694 0.16346153846153846 45.286538461538456 45.30769230769231 0.0 45.30769230769231 1.7205068999901414
188000 4.096153846153846 -0.32614451025269314 37.51197684615385 0.16025641025641024 45.286538461538456 45.30769230769231 0.0 45.30769230769231 1.7405167000833899
190000 3.1538461538461537 -0.4993274393665417 38.03610271153846 0.15224358974358976 45.286538461538456 45.30769230769231 0.0 45.30769230769231 2.000754400040023
192000 5.211538461538462 -0.3444226003039577 37.13521440384614 0.18108974358974358 45.286538461538456 45.30769230769231 0.0 45.30769230769231 1.9999294000444934
194000 6.153846153846154 -0.07533513762896876 36.064548942307695 0.12660256410256412 45.286538461538456 45.30769230769231 0.0 45.30769230769231 1.7567526999628171
196000 4.403846153846154 -0.2680675774411721 37.48398003846153 0.13621794871794873 45.286538461538456 45.30769230769231 0.0 45.30769230769231 1.7067525000311434
198000 5.480769230769231 -0.4212250431370708 37.42947725 0.15064102564102563 45.286538461538456 45.30769230769231 0.0 45.30769230769231 1.891700500040315
200000 4.288461538461538 -0.30606256138349 37.72688109615384 0.16025641025641024 45.286538461538456 45.30769230769231 0.0 45.30769230769231 1.840507300104946
202000 7.288461538461538 -0.15172087453851504 36.62747942307692 0.14423076923076922 45.286538461538456 45.30769230769231 0.0 45.30769230769231 2.1728612000588328
204000 8.538461538461538 -0.09354839959495836 36.186614019230774 0.18910256410256412 45.286538461538456 45.30769230769231 0.0 45.30769230769231 2.020273800007999
206000 6.0576923076923075 -0.0942165128443296 36.0034409423077 0.15544871794871795 45.286538461538456 45.30769230769231 0.0 45.30769230769231 1.7227891000220552
208000 9.961538461538462 -0.13175028436513622 35.53749542307693 0.2115384615384615 45.286538461538456 45.30769230769231 0.0 45.30769230769231 1.7318715999135748
210000 9.365384615384615 -0.1512224977337613 35.70858517307693 0.2147435897435897 45.286538461538456 45.30769230769231 0.0 45.30769230769231 2.0496600000187755
212000 9.576923076923077 -0.09387906860293249 35.23308840384616 0.18589743589743588 45.286538461538456 45.30769230769231 0.0 45.30769230769231 1.7636789999669418
214000 9.711538461538462 -0.0934741429947469 35.073473019230775 0.2131410256410256 45.286538461538456 45.30769230769231 0.0 45.30769230769231 1.953522099996917
216000 10.923076923076923 -0.09344075450752612 34.900396096153855 0.233974358974359 45.286538461538456 45.30769230769231 0.0 45.30769230769231 1.8857545000500977
218000 13.25 -0.1310380897990702 35.14305634615385 0.2307692307692308 45.286538461538456 45.30769230769231 0.0 45.30769230769231 2.074337200028822
220000 19.5 -0.10894514378874906 33.95711978846155 0.24839743589743593 45.286538461538456 45.30769230769231 0.0 45.30769230769231 1.9824700000463054
222000 12.538461538461538 -0.09302175736263009 35.01858515384617 0.23557692307692304 45.286538461538456 45.30769230769231 0.0 45.30769230769231 1.867484699934721
224000 13.038461538461538 -0.03377722780912628 34.68985121153847 0.2371794871794872 45.286538461538456 45.30769230769231 0.0 45.30769230769231 1.7852045999607071
226000 59.71153846153846 -0.06674956278789462 30.506758211538468 0.44070512820512814 45.286538461538456 45.30769230769231 0.0 45.30769230769231 1.8284073000540957
228000 65.01923076923077 -0.02560116881247784 30.232767865384616 0.4022435897435897 45.286538461538456 45.30769230769231 0.0 45.30769230769231 1.9713735999539495
230000 52.65384615384615 -0.014699768390554056 30.892623615384615 0.38461538461538464 45.286538461538456 45.30769230769231 0.0 45.30769230769231 2.0983407999156043
232000 55.44230769230769 -0.01276854901129611 30.646229365384617 0.40544871794871795 45.286538461538456 45.30769230769231 0.0 45.30769230769231 1.8378463999833912
234000 29.21153846153846 -0.5666832715229352 33.25414259615384 0.3173076923076923 45.286538461538456 45.30769230769231 0.019230769230769232 45.28846153846154 1.9365990000078455
236000 30.653846153846153 -0.5277827475955623 33.02522784615385 0.33333333333333337 45.286538461538456 45.30769230769231 0.019230769230769232 45.28846153846154 2.0704110000515357
238000 67.3076923076923 -0.11925003575976086 30.806696038461546 0.3669871794871795 45.286538461538456 45.30769230769231 0.0 45.30769230769231 1.877803000039421
240000 50.96153846153846 -0.014861682681849854 30.919306346153853 0.4246794871794872 45.286538461538456 45.30769230769231 0.0 45.30769230769231 1.9357262999983504
242000 68.98076923076923 -0.00570182378528215 29.722030692307694 0.41025641025641024 45.286538461538456 45.30769230769231 0.0 45.30769230769231 1.8919705000007525
244000 70.73076923076923 -0.005421591818119358 29.530844788461543 0.42467948717948717 45.286538461538456 45.30769230769231 0.0 45.30769230769231 2.0266285999678075
246000 72.09615384615384 -0.006708470135863857 29.70632557692308 0.42948717948717946 45.286538461538456 45.30769230769231 0.0 45.30769230769231 1.9795550999697298
248000 78.1923076923077 0.012654962934552713 29.548312769230773 0.4871794871794872 45.286538461538456 45.30769230769231 0.0 45.30769230769231 1.956321300007403
250000 79.15384615384616 0.032438042249071444 29.44758007692308 0.47115384615384615 45.286538461538456 45.30769230769231 0.0 45.30769230769231 1.9679934000596404
252000 79.21153846153847 0.03285977224761466 29.53059290384616 0.4775641025641026 45.286538461538456 45.30769230769231 0.0 45.30769230769231 1.767691500019282
254000 79.42307692307692 0.03297343360058128 29.534439057692314 0.4775641025641026 45.286538461538456 45.30769230769231 0.0 45.30769230769231 2.060315900016576
256000 82.23076923076923 0.035867902488076406 29.34369388461539 0.49358974358974356 45.286538461538456 45.30769230769231 0.0 45.30769230769231 1.8968836999265477
258000 82.4423076923077 0.036145823125167814 29.353309269230774 0.4887820512820512 45.286538461538456 45.30769230769231 0.0 45.30769230769231 1.7957530000712723
260000 82.90384615384616 0.036442473638761304 29.353309269230774 0.4839743589743589 45.286538461538456 45.30769230769231 0.0 45.30769230769231 1.8669688000809401
262000 83.92307692307692 0.03677788244192679 29.353309269230774 0.4839743589743589 45.286538461538456 45.30769230769231 0.0 45.30769230769231 1.7992805999238044
264000 84.13461538461539 0.036946315021075614 29.353309269230774 0.4839743589743589 45.286538461538456 45.30769230769231 0.0 45.30769230769231 2.1007902999408543
266000 84.82692307692308 0.037196012004786644 29.36292465384616 0.4839743589743589 45.286538461538456 45.30769230769231 0.0 45.30769230769231 1.7648335000267252
268000 84.82692307692308 0.037196012004786644 29.36292465384616 0.4839743589743589 45.286538461538456 45.30769230769231 0.0 45.30769230769231 2.0448312000371516
270000 84.82692307692308 0.037196012004786644 29.36292465384616 0.4839743589743589 45.286538461538456 45.30769230769231 0.0 45.30769230769231 1.782981799915433
272000 84.82692307692308 0.037196012004786644 29.36292465384616 0.4839743589743589 45.286538461538456 45.30769230769231 0.0 45.30769230769231 1.8635220000287518
274000 85.09615384615384 0.037381045500485224 29.36292465384616 0.4839743589743589 45.286538461538456 45.30769230769231 0.0 45.30769230769231 1.9435096000088379
276000 85.09615384615384 0.037381045500485224 29.36292465384616 0.4839743589743589 45.286538461538456 45.30769230769231 0.0 45.30769230769231 2.002291400101967
278000 85.09615384615384 0.037381045500485224 29.36292465384616 0.4839743589743589 45.286538461538456 45.30769230769231 0.0 45.30769230769231 1.90722530009225
280000 85.09615384615384 0.037381045500485224 29.36292465384616 0.4839743589743589 45.286538461538456 45.30769230769231 0.0 45.30769230769231 2.297125200042501
282000 78.88461538461539 -0.04437668666021111 30.220232346153857 0.47596153846153844 45.286538461538456 45.30769230769231 0.0 45.30769230769231 1.9655772000551224
284000 83.86538461538461 0.017295985512304976 29.509078500000005 0.4839743589743589 45.286538461538456 45.30769230769231 0.0 45.30769230769231 1.8424246999202296
286000 85.09615384615384 0.037381045500485224 29.36292465384616 0.4839743589743589 45.286538461538456 45.30769230769231 0.0 45.30769230769231 1.790938900085166
288000 81.71153846153847 -0.0036865787240674495 29.749463115384625 0.49038461538461536 45.286538461538456 45.30769230769231 0.0 45.30769230769231 1.9372982999775559
290000 83.3076923076923 -0.0023217831981048056 29.728309269230774 0.4839743589743589 45.286538461538456 45.30769230769231 0.0 45.30769230769231 1.8434119999874383
292000 81.71153846153847 -0.0036865787240674495 29.749463115384625 0.49038461538461536 45.286538461538456 45.30769230769231 0.0 45.30769230769231 2.159477000008337
294000 81.71153846153847 -0.0036865787240674495 29.749463115384625 0.49038461538461536 45.286538461538456 45.30769230769231 0.0 45.30769230769231 1.8988331999862567
296000 82.26923076923077 -0.003382042267779369 29.743693884615393 0.4839743589743589 45.286538461538456 45.30769230769231 0.0 45.30769230769231 2.003975300001912
298000 85.09615384615384 0.037381045500485224 29.36292465384616 0.4839743589743589 45.286538461538456 45.30769230769231 0.0 45.30769230769231 1.78115360008087
300000 85.03846153846153 0.037127570519317185 29.378309269230776 0.4839743589743589 45.286538461538456 45.30769230769231 0.0 45.30769230769231 1.8421060999389738
302000 81.84615384615384 0.015739357952691213 29.693693884615392 0.4839743589743589 45.286538461538456 45.30769230769231 0.0 45.30769230769231 1.960783899994567
304000 82.32692307692308 0.015848888017453985 29.705232346153856 0.4839743589743589 45.286538461538456 45.30769230769231 0.0 45.30769230769231 1.895882899989374
306000 85.09615384615384 0.037381045500485224 29.36292465384616 0.4839743589743589 45.286538461538456 45.30769230769231 0.0 45.30769230769231 1.7501268999185413
308000 85.09615384615384 0.037381045500485224 29.36292465384616 0.4839743589743589 45.286538461538456 45.30769230769231 0.0 45.30769230769231 1.9800994000397623
310000 85.09615384615384 0.037381045500485224 29.36292465384616 0.4839743589743589 45.286538461538456 45.30769230769231 0.0 45.30769230769231 2.0830335000064224
312000 85.09615384615384 0.037381045500485224 29.36292465384616 0.4839743589743589 45.286538461538456 45.30769230769231 0.0 45.30769230769231 1.9536369000561535
314000 85.09615384615384 0.037381045500485224 29.36292465384616 0.4839743589743589 45.286538461538456 45.30769230769231 0.0 45.30769230769231 1.9002828999655321
316000 85.09615384615384 0.037381045500485224 29.36292465384616 0.4839743589743589 45.286538461538456 45.30769230769231 0.0 45.30769230769231 1.9413940999656916
318000 85.09615384615384 0.037381045500485224 29.36292465384616 0.4839743589743589 45.286538461538456 45.30769230769231 0.0 45.30769230769231 1.895556400064379
320000 85.09615384615384 0.037381045500485224 29.36292465384616 0.4839743589743589 45.286538461538456 45.30769230769231 0.0 45.30769230769231 1.7650566000957042
322000 85.09615384615384 0.037381045500485224 29.36292465384616 0.4839743589743589 45.286538461538456 45.30769230769231 0.0 45.30769230769231 1.8034982000244781
324000 85.09615384615384 0.037381045500485224 29.36292465384616 0.4839743589743589 45.286538461538456 45.30769230769231 0.0 45.30769230769231 2.0350013999268413
326000 85.09615384615384 0.037381045500485224 29.36292465384616 0.4839743589743589 45.286538461538456 45.30769230769231 0.0 45.30769230769231 1.8761552999494597
328000 84.01923076923077 0.03680165155886555 29.439847730769237 0.4839743589743589 45.286538461538456 45.30769230769231 0.0 45.30769230769231 1.9232118000509217
330000 85.09615384615384 0.037381045500485224 29.36292465384616 0.4839743589743589 45.286538461538456 45.30769230769231 0.0 45.30769230769231 1.8429512999719009
332000 85.09615384615384 0.037381045500485224 29.36292465384616 0.4839743589743589 45.286538461538456 45.30769230769231 0.0 45.30769230769231 1.9539737000595778
334000 85.09615384615384 0.037381045500485224 29.36292465384616 0.4839743589743589 45.286538461538456 45.30769230769231 0.0 45.30769230769231 1.9128484999528155
336000 85.09615384615384 0.037381045500485224 29.36292465384616 0.4839743589743589 45.286538461538456 45.30769230769231 0.0 45.30769230769231 2.104778799926862
338000 85.09615384615384 0.037381045500485224 29.36292465384616 0.4839743589743589 45.286538461538456 45.30769230769231 0.0 45.30769230769231 1.7606059000827372
340000 85.09615384615384 0.037381045500485224 29.36292465384616 0.4839743589743589 45.286538461538456 45.30769230769231 0.0 45.30769230769231 2.0038688000058755
342000 85.09615384615384 0.037381045500485224 29.36292465384616 0.4839743589743589 45.286538461538456 45.30769230769231 0.0 45.30769230769231 1.911813099985011
344000 85.09615384615384 0.037381045500485224 29.36292465384616 0.4839743589743589 45.286538461538456 45.30769230769231 0.0 45.30769230769231 1.9015236999839544
346000 85.09615384615384 0.037381045500485224 29.36292465384616 0.4839743589743589 45.286538461538456 45.30769230769231 0.0 45.30769230769231 1.8650249999482185
348000 85.09615384615384 0.037381045500485224 29.36292465384616 0.4839743589743589 45.286538461538456 45.30769230769231 0.0 45.30769230769231 2.1055015000747517
350000 79.5576923076923 0.033783776085117984 29.4763861923077 0.49358974358974356 45.286538461538456 45.30769230769231 0.0 45.30769230769231 1.9658828999381512
352000 77.76923076923077 0.012253519216483984 29.670616961538467 0.469551282051282 45.286538461538456 45.30769230769231 0.0 45.30769230769231 2.103260900010355
354000 79.84615384615384 0.03355797283817915 29.537924653846158 0.49358974358974356 45.286538461538456 45.30769230769231 0.0 45.30769230769231 1.7635583999799564
356000 85.03846153846153 0.03712619058751101 29.378309269230776 0.4839743589743589 45.286538461538456 45.30769230769231 0.0 45.30769230769231 2.0257918999996036
358000 79.84615384615384 0.03355797283817915 29.537924653846158 0.49358974358974356 45.286538461538456 45.30769230769231 0.0 45.30769230769231 2.0107926001073793
360000 85.09615384615384 0.037381045500485224 29.36292465384616 0.4839743589743589 45.286538461538456 45.30769230769231 0.0 45.30769230769231 1.773813399951905
362000 85.09615384615384 0.037381045500485224 29.36292465384616 0.4839743589743589 45.286538461538456 45.30769230769231 0.0 45.30769230769231 2.131789300008677
364000 85.09615384615384 0.037381045500485224 29.36292465384616 0.4839743589743589 45.286538461538456 45.30769230769231 0.0 45.30769230769231 1.93263209995348
366000 85.09615384615384 0.037381045500485224 29.36292465384616 0.4839743589743589 45.286538461538456 45.30769230769231 0.0 45.30769230769231 2.0979159000562504
368000 85.09615384615384 0.037381045500485224 29.36292465384616 0.4839743589743589 45.286538461538456 45.30769230769231 0.0 45.30769230769231 2.0472474999260157
370000 85.09615384615384 0.037381045500485224 29.36292465384616 0.4839743589743589 45.286538461538456 45.30769230769231 0.0 45.30769230769231 1.8168611000292003
372000 85.09615384615384 0.037381045500485224 29.36292465384616 0.4839743589743589 45.286538461538456 45.30769230769231 0.0 45.30769230769231 2.0562322000041604
374000 85.09615384615384 0.037381045500485224 29.36292465384616 0.4839743589743589 45.286538461538456 45.30769230769231 0.0 45.30769230769231 1.7822551999706775
376000 85.09615384615384 0.037381045500485224 29.36292465384616 0.4839743589743589 45.286538461538456 45.30769230769231 0.0 45.30769230769231 1.8529032000806183
378000 85.09615384615384 0.037381045500485224 29.36292465384616 0.4839743589743589 45.286538461538456 45.30769230769231 0.0 45.30769230769231 2.0184690000023693
380000 85.09615384615384 0.037381045500485224 29.36292465384616 0.4839743589743589 45.286538461538456 45.30769230769231 0.0 45.30769230769231 2.134658099967055
382000 85.09615384615384 0.037381045500485224 29.36292465384616 0.4839743589743589 45.286538461538456 45.30769230769231 0.0 45.30769230769231 1.857222200022079
384000 85.09615384615384 0.037381045500485224 29.36292465384616 0.4839743589743589 45.286538461538456 45.30769230769231 0.0 45.30769230769231 1.9021444999380037
386000 85.09615384615384 0.037381045500485224 29.36292465384616 0.4839743589743589 45.286538461538456 45.30769230769231 0.0 45.30769230769231 2.172839100006968
388000 85.09615384615384 0.037381045500485224 29.36292465384616 0.4839743589743589 45.286538461538456 45.30769230769231 0.0 45.30769230769231 1.8212323000188917
390000 85.09615384615384 0.037381045500485224 29.36292465384616 0.4839743589743589 45.286538461538456 45.30769230769231 0.0 45.30769230769231 2.1198330000042915
392000 85.09615384615384 0.037381045500485224 29.36292465384616 0.4839743589743589 45.286538461538456 45.30769230769231 0.0 45.30769230769231 2.022897000075318
394000 85.09615384615384 0.037381045500485224 29.36292465384616 0.4839743589743589 45.286538461538456 45.30769230769231 0.0 45.30769230769231 2.315357099985704
396000 85.09615384615384 0.037381045500485224 29.36292465384616 0.4839743589743589 45.286538461538456 45.30769230769231 0.0 45.30769230769231 1.7635960000334308
398000 85.09615384615384 0.037381045500485224 29.36292465384616 0.4839743589743589 45.286538461538456 45.30769230769231 0.0 45.30769230769231 1.990153899998404
400000 85.09615384615384 0.037381045500485224 29.36292465384616 0.4839743589743589 45.286538461538456 45.30769230769231 0.0 45.30769230769231 1.881480299984105
402000 85.09615384615384 0.037381045500485224 29.36292465384616 0.4839743589743589 45.286538461538456 45.30769230769231 0.0 45.30769230769231 1.7438704000087455
404000 85.09615384615384 0.037381045500485224 29.36292465384616 0.4839743589743589 45.286538461538456 45.30769230769231 0.0 45.30769230769231 1.80422179994639
406000 85.09615384615384 0.037381045500485224 29.36292465384616 0.4839743589743589 45.286538461538456 45.30769230769231 0.0 45.30769230769231 1.7893316000699997
408000 85.09615384615384 0.037381045500485224 29.36292465384616 0.4839743589743589 45.286538461538456 45.30769230769231 0.0 45.30769230769231 2.098404199932702
410000 85.09615384615384 0.037381045500485224 29.36292465384616 0.4839743589743589 45.286538461538456 45.30769230769231 0.0 45.30769230769231 1.9203748999862
412000 85.09615384615384 0.037381045500485224 29.36292465384616 0.4839743589743589 45.286538461538456 45.30769230769231 0.0 45.30769230769231 1.9319093999220058
414000 85.09615384615384 0.037381045500485224 29.36292465384616 0.4839743589743589 45.286538461538456 45.30769230769231 0.0 45.30769230769231 1.8146462999284267
416000 85.09615384615384 0.037381045500485224 29.36292465384616 0.4839743589743589 45.286538461538456 45.30769230769231 0.0 45.30769230769231 1.7930469999555498
418000 85.09615384615384 0.037381045500485224 29.36292465384616 0.4839743589743589 45.286538461538456 45.30769230769231 0.0 45.30769230769231 1.8966275999555364
420000 85.09615384615384 0.037381045500485224 29.36292465384616 0.4839743589743589 45.286538461538456 45.30769230769231 0.0 45.30769230769231 2.0848601000616327
422000 85.09615384615384 0.037381045500485224 29.36292465384616 0.4839743589743589 45.286538461538456 45.30769230769231 0.0 45.30769230769231 1.907781400019303
424000 85.09615384615384 0.037381045500485224 29.36292465384616 0.4839743589743589 45.286538461538456 45.30769230769231 0.0 45.30769230769231 1.8365927999839187
426000 85.09615384615384 0.037381045500485224 29.36292465384616 0.4839743589743589 45.286538461538456 45.30769230769231 0.0 45.30769230769231 1.842841700068675
428000 85.09615384615384 0.037381045500485224 29.36292465384616 0.4839743589743589 45.286538461538456 45.30769230769231 0.0 45.30769230769231 2.114317199913785
430000 85.09615384615384 0.037381045500485224 29.36292465384616 0.4839743589743589 45.286538461538456 45.30769230769231 0.0 45.30769230769231 2.020010899985209
432000 85.09615384615384 0.037381045500485224 29.36292465384616 0.4839743589743589 45.286538461538456 45.30769230769231 0.0 45.30769230769231 1.9813725999556482
434000 85.09615384615384 0.037381045500485224 29.36292465384616 0.4839743589743589 45.286538461538456 45.30769230769231 0.0 45.30769230769231 2.090797599987127
436000 85.09615384615384 0.037381045500485224 29.36292465384616 0.4839743589743589 45.286538461538456 45.30769230769231 0.0 45.30769230769231 2.350239699939266
438000 85.09615384615384 0.037381045500485224 29.36292465384616 0.4839743589743589 45.286538461538456 45.30769230769231 0.0 45.30769230769231 1.9405291000148281
440000 85.09615384615384 0.037381045500485224 29.36292465384616 0.4839743589743589 45.286538461538456 45.30769230769231 0.0 45.30769230769231 1.9154820999829099
442000 85.09615384615384 0.037381045500485224 29.36292465384616 0.4839743589743589 45.286538461538456 45.30769230769231 0.0 45.30769230769231 2.0995799000374973
444000 85.09615384615384 0.037381045500485224 29.36292465384616 0.4839743589743589 45.286538461538456 45.30769230769231 0.0 45.30769230769231 1.8373315000208095
446000 85.09615384615384 0.037381045500485224 29.36292465384616 0.4839743589743589 45.286538461538456 45.30769230769231 0.0 45.30769230769231 1.8448788999812678
448000 85.36538461538461 0.03740377198599879 29.34369388461539 0.4839743589743589 45.286538461538456 45.30769230769231 0.0 45.30769230769231 1.9447495000204071
450000 85.36538461538461 0.03740377198599879 29.34369388461539 0.4839743589743589 45.286538461538456 45.30769230769231 0.0 45.30769230769231 2.205089999944903
452000 85.36538461538461 0.03740377198599879 29.34369388461539 0.4839743589743589 45.286538461538456 45.30769230769231 0.0 45.30769230769231 2.060076800058596
454000 85.40384615384616 0.03751361156946991 29.34369388461539 0.4839743589743589 45.286538461538456 45.30769230769231 0.0 45.30769230769231 1.9599186999257654
456000 85.36538461538461 0.03740377198599879 29.34369388461539 0.4839743589743589 45.286538461538456 45.30769230769231 0.0 45.30769230769231 2.036615199991502
458000 85.36538461538461 0.03740377198599879 29.34369388461539 0.4839743589743589 45.286538461538456 45.30769230769231 0.0 45.30769230769231 1.980112300021574
460000 85.36538461538461 0.03740377198599879 29.34369388461539 0.4839743589743589 45.286538461538456 45.30769230769231 0.0 45.30769230769231 2.019884500070475
462000 85.36538461538461 0.03740377198599879 29.34369388461539 0.4839743589743589 45.286538461538456 45.30769230769231 0.0 45.30769230769231 2.1776238000020385
464000 85.36538461538461 0.03740377198599879 29.34369388461539 0.4839743589743589 45.286538461538456 45.30769230769231 0.0 45.30769230769231 1.9061210999498144
466000 85.36538461538461 0.03740377198599879 29.34369388461539 0.4839743589743589 45.286538461538456 45.30769230769231 0.0 45.30769230769231 1.9805886999238282
468000 85.40384615384616 0.03751361156946991 29.34369388461539 0.4839743589743589 45.286538461538456 45.30769230769231 0.0 45.30769230769231 2.0661080999998376
470000 85.40384615384616 0.03751361156946991 29.34369388461539 0.4839743589743589 45.286538461538456 45.30769230769231 0.0 45.30769230769231 2.067815799964592
472000 85.40384615384616 0.03751361156946991 29.34369388461539 0.4839743589743589 45.286538461538456 45.30769230769231 0.0 45.30769230769231 1.9198847999796271
474000 85.40384615384616 0.03751361156946991 29.34369388461539 0.4839743589743589 45.286538461538456 45.30769230769231 0.0 45.30769230769231 2.1266927000833675
476000 85.40384615384616 0.03751361156946991 29.34369388461539 0.4839743589743589 45.286538461538456 45.30769230769231 0.0 45.30769230769231 1.9711514000082389
478000 85.36538461538461 0.03740377198599879 29.34369388461539 0.4839743589743589 45.286538461538456 45.30769230769231 0.0 45.30769230769231 1.8336931000230834
480000 85.40384615384616 0.03751361156946991 29.34369388461539 0.4839743589743589 45.286538461538456 45.30769230769231 0.0 45.30769230769231 1.8895798999583349
482000 85.40384615384616 0.03751361156946991 29.34369388461539 0.4839743589743589 45.286538461538456 45.30769230769231 0.0 45.30769230769231 1.9759855999145657
484000 85.40384615384616 0.03751361156946991 29.34369388461539 0.4839743589743589 45.286538461538456 45.30769230769231 0.0 45.30769230769231 2.169269199948758
486000 85.36538461538461 0.03740377198599879 29.34369388461539 0.4839743589743589 45.286538461538456 45.30769230769231 0.0 45.30769230769231 2.118097100057639
488000 85.36538461538461 0.03740377198599879 29.34369388461539 0.4839743589743589 45.286538461538456 45.30769230769231 0.0 45.30769230769231 1.8552550999447703
490000 85.36538461538461 0.03740377198599879 29.34369388461539 0.4839743589743589 45.286538461538456 45.30769230769231 0.0 45.30769230769231 2.062473600031808
492000 85.40384615384616 0.03751361156946991 29.34369388461539 0.4839743589743589 45.286538461538456 45.30769230769231 0.0 45.30769230769231 1.8881081999279559
494000 85.40384615384616 0.03751361156946991 29.34369388461539 0.4839743589743589 45.286538461538456 45.30769230769231 0.0 45.30769230769231 2.0406095000216737
496000 85.09615384615384 0.037381045500485224 29.36292465384616 0.4839743589743589 45.286538461538456 45.30769230769231 0.0 45.30769230769231 1.9145051999948919
498000 85.40384615384616 0.03751361156946991 29.34369388461539 0.4839743589743589 45.286538461538456 45.30769230769231 0.0 45.30769230769231 1.7543025999329984
500000 85.09615384615384 0.037381045500485224 29.36292465384616 0.4839743589743589 45.286538461538456 45.30769230769231 0.0 45.30769230769231 2.149126400006935
