2000 2.9814814814814814 -0.2774879453476072 38.71820653703705 0.07561728395061727 45.312962962962956 45.333333333333336 0.0 45.333333333333336 0.5689685999968788
4000 1.5 -0.6109539087597724 38.91243272222223 0.05864197530864198 45.312962962962956 45.333333333333336 0.018518518518518517 45.31481481481482 0.6158674000034807
6000 1.8888888888888888 -0.7221194642942057 39.07238642592592 0.041666666666666664 45.312962962962956 45.333333333333336 0.0 45.333333333333336 0.6760398000042187
8000 5.574074074074074 0.0017426960086158751 37.16325283333334 0.17283950617283952 45.312962962962956 45.333333333333336 0.0 45.333333333333336 0.686246500001289
10000 7.277777777777778 -0.14631318785776284 35.16303938888888 0.29012345679012347 45.312962962962956 45.333333333333336 0.0 45.333333333333336 0.6469972999911988
12000 4.611111111111111 -0.6290667762468608 36.977391240740744 0.20679012345679015 45.312962962962956 45.333333333333336 0.0 45.333333333333336 0.7187372000043979
14000 3.240740740740741 -0.20322014158168328 38.149914592592594 0.06790123456790123 45.312962962962956 45.333333333333336 0.0 45.333333333333336 0.7337699999916367
16000 4.444444444444445 -0.33254400300276443 37.7451757037037 0.10339506172839506 45.312962962962956 45.333333333333336 0.0 45.333333333333336 0.8243902000103844
18000 5.574074074074074 -0.49925185908562014 36.90790718518519 0.16666666666666666 45.312962962962956 45.333333333333336 0.0 45.333333333333336 0.7157313000061549
20000 4.37037037037037 -0.11021303553029771 37.44067827777777 0.1419753086419753 45.312962962962956 45.333333333333336 0.0 45.333333333333336 0.6841216000029817
22000 3.1666666666666665 -0.0362523535119063 38.17993753703704 0.10185185185185185 45.312962962962956 45.333333333333336 0.0 45.333333333333336 0.7006809999875259
24000 4.222222222222222 0.0014719341370117347 37.53249296296297 0.12191358024691358 45.312962962962956 45.333333333333336 0.0 45.333333333333336 0.8139874000044074
26000 6.925925925925926 -0.3872199640199956 36.51875714814815 0.1574074074074074 45.312962962962956 45.333333333333336 0.0 45.333333333333336 0.8955301999958465
28000 7.611111111111111 0.0019120350800959788 36.07038246296297 0.17592592592592593 45.312962962962956 45.333333333333336 0.0 45.333333333333336 0.9171135999931721
30000 6.62962962962963 0.0013569546185498475 36.53343801851852 0.17592592592592593 45.312962962962956 45.333333333333336 0.0 45.333333333333336 0.9310354000044754
32000 6.62962962962963 0.0013564302596618396 36.480891722222225 0.18209876543209877 45.312962962962956 45.333333333333336 0.0 45.333333333333336 0.9025420999969356
34000 5.62962962962963 0.001279628515670736 36.992049129629635 0.16358024691358022 45.312962962962956 45.333333333333336 0.0 45.333333333333336 0.8431348000012804
36000 4.648148148148148 0.0009736483950614979 37.71519727777778 0.08641975308641976 45.312962962962956 45.333333333333336 0.0 45.333333333333336 0.8851511999964714
38000 5.685185185185185 0.0013192256981871529 36.97584542592593 0.16358024691358022 45.312962962962956 45.333333333333336 0.0 45.333333333333336 0.8841851000033785
40000 7.388888888888889 0.002447183680853688 36.7087157962963 0.2175925925925926 45.312962962962956 45.333333333333336 0.0 45.333333333333336 1.0017129000043496
42000 10.62962962962963 0.00414066879671552 34.710104685185186 0.3132716049382717 45.312962962962956 45.333333333333336 0.0 45.333333333333336 0.9009268000081647
44000 10.62962962962963 0.004207290300265163 34.710104685185186 0.3132716049382717 45.312962962962956 45.333333333333336 0.0 45.333333333333336 0.8769212000042899
46000 10.648148148148149 0.0034614850609021334 34.68417875925926 0.3132716049382717 45.312962962962956 45.333333333333336 0.0 45.333333333333336 0.8747302999981912
48000 10.666666666666666 0.003494033750615837 34.68973431481482 0.32253086419753096 45.312962962962956 45.333333333333336 0.0 45.333333333333336 0.8511919000011403
50000 10.666666666666666 0.003494033750615837 34.68973431481482 0.32253086419753096 45.312962962962956 45.333333333333336 0.0 45.333333333333336 0.8759814999939408
52000 10.666666666666666 0.003494033750615837 34.68973431481482 0.32253086419753096 45.312962962962956 45.333333333333336 0.0 45.333333333333336 0.9455047000083141
54000 10.62962962962963 0.004193428583363349 34.710104685185186 0.3132716049382717 45.312962962962956 45.333333333333336 0.0 45.333333333333336 0.8230736999976216
56000 10.62962962962963 0.00414066879671552 34.710104685185186 0.3132716049382717 45.312962962962956 45.333333333333336 0.0 45.333333333333336 0.8466176000074483
58000 5.111111111111111 0.0004556987398145912 36.25238642592593 0.16358024691358022 45.312962962962956 45.333333333333336 0.0 45.333333333333336 0.8861234999931185
60000 5.111111111111111 0.0004556987398145912 36.25238642592593 0.16358024691358022 45.312962962962956 45.333333333333336 0.0 45.333333333333336 0.9349974999931874
62000 5.111111111111111 0.0004556987398145912 36.25238642592593 0.16358024691358022 45.312962962962956 45.333333333333336 0.0 45.333333333333336 0.8637213000038173
64000 5.777777777777778 0.0008036244225697339 36.49714172222222 0.16975308641975306 45.312962962962956 45.333333333333336 0.0 45.333333333333336 0.9530802000081167
66000 5.7592592592592595 0.0008627253855992554 36.51195653703704 0.16975308641975306 45.312962962962956 45.333333333333336 0.0 45.333333333333336 0.8985417000076268
68000 7.018518518518518 0.0015360415197928276 36.546696796296295 0.2021604938271605 45.312962962962956 45.333333333333336 0.0 45.333333333333336 0.9121730999904685
70000 2.759259259259259 -0.8507546574078004 38.37331235185185 0.12345679012345678 45.312962962962956 45.333333333333336 0.0 45.333333333333336 0.8617743999930099
72000 5.833333333333333 0.0008988962317490918 36.64497901851852 0.1990740740740741 45.312962962962956 45.333333333333336 0.0 45.333333333333336 0.9292258999921614
74000 2.4814814814814814 -0.8508200869663106 38.249238277777785 0.11882716049382715 45.312962962962956 45.333333333333336 0.0 45.333333333333336 0.8754341999883763
76000 1.8518518518518519 -0.5184303316825222 38.49839172222223 0.13734567901234568 45.312962962962956 45.333333333333336 0.0 45.333333333333336 1.0235950999922352
78000 7.722222222222222 0.0029929052743919568 35.56195653703704 0.2716049382716049 45.312962962962956 45.333333333333336 0.0 45.333333333333336 0.8498022999992827
80000 2.8333333333333335 -0.0551312175298048 38.21714172222222 0.08950617283950618 45.312962962962956 45.333333333333336 0.0 45.333333333333336 0.8923757000011392
82000 3.7962962962962963 -0.054502739334197324 37.660104685185196 0.13425925925925927 45.312962962962956 45.333333333333336 0.0 45.333333333333336 0.8964605000073789
84000 6.333333333333333 0.0009465748606411077 35.31945653703704 0.2839506172839506 45.312962962962956 45.333333333333336 0.0 45.333333333333336 0.9159474000043701
86000 5.7407407407407405 0.0006855794892490348 35.33797505555556 0.2824074074074074 45.312962962962956 45.333333333333336 0.0 45.333333333333336 0.88189639999473
88000 5.851851851851852 0.0015983916580725164 35.52640098148149 0.2654320987654321 45.312962962962956 45.333333333333336 0.0 45.333333333333336 0.9002744999888819
90000 4.074074074074074 -0.44393613365696066 36.98280309259259 0.21450617283950618 45.312962962962956 45.333333333333336 0.0 45.333333333333336 0.8975362999917706
92000 1.3703703703703705 -0.851839358633127 38.45479383333333 0.11419753086419752 45.312962962962956 45.333333333333336 0.0 45.333333333333336 0.8530883000057656
94000 1.4444444444444444 -0.851808770769547 38.43071975925926 0.11419753086419752 45.312962962962956 45.333333333333336 0.0 45.333333333333336 0.8155901999998605
96000 1.6666666666666667 -0.7036564034691691 38.24970124074074 0.1280864197530864 45.312962962962956 45.333333333333336 0.0 45.333333333333336 0.8121510999917518
98000 4.074074074074074 -0.5916165866662028 37.3912620925926 0.1759259259259259 45.312962962962956 45.333333333333336 0.0 45.333333333333336 0.8364617999905022
100000 1.8703703703703705 -0.7406281623638973 38.18238642592593 0.15123456790123455 45.312962962962956 45.333333333333336 0.0 45.333333333333336 0.8174414000095567
102000 3.0925925925925926 -0.6479434458873405 37.96849753703704 0.15895061728395063 45.312962962962956 45.333333333333336 0.0 45.333333333333336 0.8607873000000836
104000 1.7222222222222223 -0.81474377758362 38.602941981481486 0.11728395061728393 45.312962962962956 45.333333333333336 0.0 45.333333333333336 0.7979117000068072
106000 6.018518518518518 -0.09139347887094552 36.74843801851852 0.13117283950617284 45.312962962962956 45.333333333333336 0.0 45.333333333333336 0.8577132999926107
108000 5.055555555555555 -0.5361789910061474 36.934567166666675 0.18364197530864199 45.312962962962956 45.333333333333336 0.0 45.333333333333336 0.8981404000078328
110000 6.851851851851852 -0.5351439689443451 36.375770870370374 0.2191358024691358 45.312962962962956 45.333333333333336 0.0 45.333333333333336 0.9282628999935696
112000 6.888888888888889 -0.5351136081882168 36.375770870370374 0.20987654320987656 45.312962962962956 45.333333333333336 0.0 45.333333333333336 0.9851151000038953
114000 5.148148148148148 -0.5362619298265933 36.84567827777778 0.16820987654320985 45.312962962962956 45.333333333333336 0.0 45.333333333333336 0.918610799999442
116000 5.148148148148148 -0.5364702364058651 36.76975235185185 0.16358024691358022 45.312962962962956 45.333333333333336 0.0 45.333333333333336 0.8822730999963824
118000 5.055555555555555 -0.5365086138860741 36.83271531481481 0.16820987654320985 45.312962962962956 45.333333333333336 0.0 45.333333333333336 0.9660867999918992
120000 5.351851851851852 -0.536261094608048 36.8604930925926 0.1728395061728395 45.312962962962956 45.333333333333336 0.0 45.333333333333336 0.8768621000053827
122000 5.037037037037037 -0.5365206200389916 36.87901161111111 0.16820987654320985 45.312962962962956 45.333333333333336 0.0 45.333333333333336 0.8366069000039715
124000 5.574074074074074 -0.5361502224691614 36.875770870370374 0.18209876543209874 45.312962962962956 45.333333333333336 0.0 45.333333333333336 0.8649014999973588
126000 5.296296296296297 -0.5547909030384715 36.88132642592593 0.15432098765432098 45.312962962962956 45.333333333333336 0.0 45.333333333333336 0.8398344000015641
128000 5.611111111111111 -0.5546696654032103 36.8016967962963 0.16512345679012344 45.312962962962956 45.333333333333336 0.0 45.333333333333336 0.8870051999983843
130000 5.111111111111111 -0.5365134137001655 36.997993092592594 0.1589506172839506 45.312962962962956 45.333333333333336 0.0 45.333333333333336 0.917535600005067
132000 4.481481481481482 -0.5551870303944011 37.33827087037037 0.1712962962962963 45.312962962962956 45.333333333333336 0.0 45.333333333333336 0.8413556000014069
134000 5.462962962962963 -0.5544729092551404 37.130863462962964 0.1558641975308642 45.312962962962956 45.333333333333336 0.0 45.333333333333336 0.8377153000037652
136000 6.592592592592593 -0.5353439472520565 36.44243753703704 0.20987654320987656 45.312962962962956 45.333333333333336 0.0 45.333333333333336 0.8385072000091895
138000 7.685185185185185 -0.312756210140344 35.879474574074074 0.22376543209876545 45.312962962962956 45.333333333333336 0.0 45.333333333333336 0.9381627999973716
140000 7.388888888888889 -0.40544173629256713 36.231326425925936 0.21450617283950618 45.312962962962956 45.333333333333336 0.0 45.333333333333336 0.8419966000074055
142000 9.481481481481481 -0.12656736823572526 35.43873383333333 0.26697530864197533 45.312962962962956 45.333333333333336 0.0 45.333333333333336 0.8927030000049854
144000 8.925925925925926 0.0026982734589680478 35.17306764814815 0.2777777777777778 45.312962962962956 45.333333333333336 0.0 45.333333333333336 0.947223799987114
146000 8.24074074074074 0.0021400712467717115 35.40677135185186 0.25925925925925924 45.312962962962956 45.333333333333336 0.0 45.333333333333336 0.8930836000072304
148000 9.037037037037036 0.0031148686048390107 35.183252833333334 0.2870370370370371 45.312962962962956 45.333333333333336 0.0 45.333333333333336 0.9183123999973759
150000 9.296296296296296 -0.03402553841002962 35.26954912962963 0.29012345679012347 45.312962962962956 45.333333333333336 0.0 45.333333333333336 0.9575105999974767
152000 7.388888888888889 -0.12778173444071117 35.87880838888889 0.24382716049382716 45.312962962962956 45.333333333333336 0.0 45.333333333333336 0.8786468000034802
154000 9.0 -0.05264074503073059 35.338067648148154 0.2839506172839506 45.312962962962956 45.333333333333336 0.0 45.333333333333336 0.9313544000033289
156000 5.62962962962963 -0.27638153174636415 37.00849753703704 0.15740740740740738 45.312962962962956 45.333333333333336 0.0 45.333333333333336 0.8887737000040943
158000 7.203703703703703 -0.12792916855159778 35.96214172222223 0.2777777777777778 45.312962962962956 45.333333333333336 0.0 45.333333333333336 0.8612035999976797
160000 4.351851851851852 -0.20271237992016922 37.30512272222222 0.16666666666666663 45.312962962962956 45.333333333333336 0.0 45.333333333333336 0.8566632000001846
162000 5.7592592592592595 -0.48042761153398766 37.02438198148148 0.1527777777777778 45.312962962962956 45.333333333333336 0.0 45.333333333333336 0.8644523000111803
164000 4.833333333333333 -0.5364870075340628 37.093826425925926 0.16666666666666663 45.312962962962956 45.333333333333336 0.0 45.333333333333336 0.8510813000029884
166000 5.12962962962963 -0.5364222721269175 37.03641901851852 0.16666666666666666 45.312962962962956 45.333333333333336 0.0 45.333333333333336 0.9678189999976894
168000 4.814814814814815 -0.5365041027313419 37.16049309259259 0.16666666666666666 45.312962962962956 45.333333333333336 0.0 45.333333333333336 0.9876822000078391
170000 7.0 -0.5348030580385985 36.85872087037038 0.1712962962962963 45.312962962962956 45.333333333333336 0.0 45.333333333333336 0.8631103999941843
172000 5.148148148148148 -0.20255315858530107 36.71035627777778 0.16049382716049382 45.312962962962956 45.333333333333336 0.0 45.333333333333336 0.8624692999874242
174000 7.481481481481482 -0.14676041109925933 36.282183074074084 0.20833333333333337 45.312962962962956 45.333333333333336 0.0 45.333333333333336 0.9497267999977339
176000 5.7592592592592595 -0.46237185934554553 36.69514603703704 0.13888888888888887 45.312962962962956 45.333333333333336 0.0 45.333333333333336 0.9025803999975324
178000 8.962962962962964 -0.36752589159349197 36.053787981481484 0.17746913580246915 45.312962962962956 45.333333333333336 0.0 45.333333333333336 0.8562571999937063
180000 12.851851851851851 -0.01372353933987052 34.29065057407408 0.22685185185185186 45.312962962962956 45.333333333333336 0.0 45.333333333333336 0.9431012999993982
182000 9.037037037037036 0.002828908785877227 35.72806237037038 0.2222222222222222 45.312962962962956 45.333333333333336 0.0 45.333333333333336 0.9332118000020273
184000 7.2407407407407405 -0.1459207034830128 36.77240062962964 0.18364197530864196 45.312962962962956 45.333333333333336 0.0 45.333333333333336 0.8512530000007246
186000 10.314814814814815 -0.219410690813203 35.52288827777778 0.19290123456790123 45.312962962962956 45.333333333333336 0.0 45.333333333333336 0.9207735999953002
188000 5.0 -0.36907444059117445 37.40122901851853 0.16975308641975306 45.312962962962956 45.333333333333336 0.0 45.333333333333336 0.8525225000048522
190000 4.12962962962963 -0.5172989782916184 38.018905777777775 0.15123456790123455 45.312962962962956 45.333333333333336 0.0 45.333333333333336 0.8823475000099279
192000 6.685185185185185 -0.40526404650141434 37.19289605555554 0.19135802469135801 45.312962962962956 45.333333333333336 0.0 45.333333333333336 0.8957525000005262
194000 9.537037037037036 -0.0712537271532679 35.75271387037038 0.16358024691358025 45.312962962962956 45.333333333333336 0.0 45.333333333333336 0.9038650000002235
196000 7.037037037037037 -0.29378393699251254 37.58723209259259 0.1358024691358025 45.312962962962956 45.333333333333336 0.0 45.333333333333336 0.8468857999978354
198000 6.814814814814815 -0.4601738433186012 37.494470148148146 0.14506172839506173 45.312962962962956 45.333333333333336 0.0 45.333333333333336 0.84240989999671
200000 7.148148148148148 -0.3116412543208424 37.69382199999999 0.1728395061728395 45.312962962962956 45.333333333333336 0.0 45.333333333333336 0.8976205000071786
202000 9.666666666666666 -0.14526499892520636 36.48189816666667 0.14969135802469133 45.312962962962956 45.333333333333336 0.0 45.333333333333336 0.9723806999973021
204000 9.11111111111111 -0.09040814976466702 36.20550925925926 0.18055555555555555 45.312962962962956 45.333333333333336 0.0 45.333333333333336 0.8961675000027753
206000 9.425925925925926 -0.07130821492708621 35.84671296296296 0.16512345679012344 45.312962962962956 45.333333333333336 0.0 45.333333333333336 0.964517500004149
208000 11.148148148148149 -0.12680867824637124 35.42348764814815 0.22993827160493827 45.312962962962956 45.333333333333336 0.0 45.333333333333336 0.8855335999978706
210000 10.166666666666666 -0.164119116669876 35.58067901851852 0.2083333333333333 45.312962962962956 45.333333333333336 0.0 45.333333333333336 0.891513099995791
212000 11.61111111111111 -0.08943430871931758 35.1224845925926 0.20370370370370366 45.312962962962956 45.333333333333336 0.0 45.333333333333336 0.9258999000012409
214000 11.944444444444445 -0.08890054438041267 34.97433644444445 0.22993827160493827 45.312962962962956 45.333333333333336 0.0 45.333333333333336 0.9320632000017213
216000 13.11111111111111 -0.08877193224025631 34.770632740740744 0.25000000000000006 45.312962962962956 45.333333333333336 0.0 45.333333333333336 0.9439742000104161
218000 14.962962962962964 -0.12512758638777818 35.02837964814815 0.2283950617283951 45.312962962962956 45.333333333333336 0.0 45.333333333333336 0.9262802000012016
220000 21.925925925925927 -0.10370755856708434 33.905513500000005 0.25154320987654327 45.312962962962956 45.333333333333336 0.0 45.333333333333336 0.9053233000013279
222000 15.37037037037037 -0.10679870187456778 34.89447529629631 0.2361111111111111 45.312962962962956 45.333333333333336 0.0 45.333333333333336 0.956748399999924
224000 15.296296296296296 -0.013014626251462706 34.532854962962965 0.24074074074074078 45.312962962962956 45.333333333333336 0.0 45.333333333333336 0.8775187999999616
226000 64.38888888888889 -0.06179714550790091 30.406697500000003 0.42283950617283944 45.312962962962956 45.333333333333336 0.0 45.333333333333336 0.9129508000041824
228000 68.53703703703704 -0.021892394477760497 30.328503092592594 0.39814814814814814 45.312962962962956 45.333333333333336 0.0 45.333333333333336 0.9889590999955544
230000 60.833333333333336 -0.011915637366075161 30.700493814814816 0.3996913580246914 45.312962962962956 45.333333333333336 0.0 45.333333333333336 0.8865626000042539
232000 59.27777777777778 -0.011402358969425644 30.621095648148152 0.38580246913580246 45.312962962962956 45.333333333333336 0.0 45.333333333333336 0.8724124000000302
234000 35.98148148148148 -0.5443103175725567 33.038592333333334 0.308641975308642 45.312962962962956 45.333333333333336 0.018518518518518517 45.31481481481482 0.7855101000022842
236000 37.7962962962963 -0.5066993995507255 32.83889664814814 0.31018518518518523 45.312962962962956 45.333333333333336 0.018518518518518517 45.31481481481482 0.8144671000045491
238000 88.75925925925925 -0.12581496186270916 30.660182611111114 0.33796296296296297 45.312962962962956 45.333333333333336 0.0 45.333333333333336 0.8938809000101173
240000 55.77777777777778 -0.013652903861647381 30.878966074074082 0.4197530864197531 45.312962962962956 45.333333333333336 0.0 45.333333333333336 0.8848425000032876
242000 76.75925925925925 -0.0031101544978969363 29.800879629629637 0.40586419753086417 45.312962962962956 45.333333333333336 0.0 45.333333333333336 0.9076500000082888
244000 81.92592592592592 -0.02001135962250937 29.44532407407408 0.4367283950617283 45.312962962962956 45.333333333333336 0.0 45.333333333333336 1.0400991000060458
246000 77.44444444444444 -0.0046350798011523305 29.710601870370375 0.4274691358024691 45.312962962962956 45.333333333333336 0.0 45.333333333333336 0.9045914000016637
248000 84.42592592592592 0.013986760465730051 29.460756203703706 0.46296296296296297 45.312962962962956 45.333333333333336 0.0 45.333333333333336 0.8823981000023196
250000 83.81481481481481 0.03231590839935395 29.442237685185187 0.4567901234567901 45.312962962962956 45.333333333333336 0.0 45.333333333333336 0.923178100012592
252000 84.20370370370371 0.032906399921647844 29.427114240740746 0.46296296296296297 45.312962962962956 45.333333333333336 0.0 45.333333333333336 0.910830500011798
254000 84.4074074074074 0.03301585159487496 29.43081794444445 0.46296296296296297 45.312962962962956 45.333333333333336 0.0 45.333333333333336 0.8968106000102125
256000 87.22222222222223 0.035383828024917456 29.295197277777785 0.47839506172839497 45.312962962962956 45.333333333333336 0.0 45.333333333333336 0.9281684000015957
258000 87.9074074074074 0.03537255858864144 29.332234314814823 0.47839506172839497 45.312962962962956 45.333333333333336 0.0 45.333333333333336 0.9045067999977618
260000 90.87037037037037 0.03790911226092287 29.272975055555563 0.4830246913580246 45.312962962962956 45.333333333333336 0.0 45.333333333333336 0.9063152000016998
262000 91.44444444444444 0.038094412112722915 29.272975055555563 0.4830246913580246 45.312962962962956 45.333333333333336 0.0 45.333333333333336 0.8943030000082217
264000 91.64814814814815 0.03825660644819956 29.272975055555563 0.4830246913580246 45.312962962962956 45.333333333333336 0.0 45.333333333333336 0.8750462000025436
266000 91.5 0.03820992208009133 29.291493574074078 0.47839506172839497 45.312962962962956 45.333333333333336 0.0 45.333333333333336 0.9067285000055563
268000 92.14814814814815 0.03841498190674133 29.272975055555563 0.4830246913580246 45.312962962962956 45.333333333333336 0.0 45.333333333333336 0.9363898000010522
270000 92.14814814814815 0.03841498190674133 29.272975055555563 0.4830246913580246 45.312962962962956 45.333333333333336 0.0 45.333333333333336 0.9277606000105152
272000 92.14814814814815 0.03841498190674133 29.272975055555563 0.4830246913580246 45.312962962962956 45.333333333333336 0.0 45.333333333333336 0.8362884999951348
274000 92.4074074074074 0.03859316231000663 29.272975055555563 0.4830246913580246 45.312962962962956 45.333333333333336 0.0 45.333333333333336 0.905743800001801
276000 92.4074074074074 0.03859316231000663 29.272975055555563 0.4830246913580246 45.312962962962956 45.333333333333336 0.0 45.333333333333336 0.8967165999929421
278000 92.4074074074074 0.03859316231000663 29.272975055555563 0.4830246913580246 45.312962962962956 45.333333333333336 0.0 45.333333333333336 0.8826306000119075
280000 92.4074074074074 0.03859316231000663 29.272975055555563 0.4830246913580246 45.312962962962956 45.333333333333336 0.0 45.333333333333336 0.9356565000052797
282000 80.03703703703704 -0.024616476512200183 29.895197277777783 0.47222222222222215 45.312962962962956 45.333333333333336 0.0 45.333333333333336 0.8861933000007411
284000 88.5 0.017073338739258512 29.422975055555558 0.4691358024691357 45.312962962962956 45.333333333333336 0.0 45.333333333333336 0.9927221999969333
286000 88.55555555555556 0.017317425758161073 29.408160240740745 0.4691358024691357 45.312962962962956 45.333333333333336 0.0 45.333333333333336 0.9366601999936393
288000 85.29629629629629 -0.0038149380575485193 29.689641722222227 0.4753086419753086 45.312962962962956 45.333333333333336 0.0 45.333333333333336 0.9152564999967581
290000 86.85185185185185 -0.00245829579454085 29.654456537037042 0.4691358024691357 45.312962962962956 45.333333333333336 0.0 45.333333333333336 1.0241806999983964
292000 85.29629629629629 -0.0038149380575485193 29.689641722222227 0.4753086419753086 45.312962962962956 45.333333333333336 0.0 45.333333333333336 0.955548900004942
294000 85.31481481481481 -0.003772543338060434 29.674826907407414 0.4753086419753086 45.312962962962956 45.333333333333336 0.0 45.333333333333336 1.0079126000055112
296000 85.85185185185185 -0.003479286009783023 29.669271351851858 0.4691358024691357 45.312962962962956 45.333333333333336 0.0 45.333333333333336 0.8960093000059715
298000 88.55555555555556 0.017317425758161073 29.408160240740745 0.4691358024691357 45.312962962962956 45.333333333333336 0.0 45.333333333333336 0.8826885000016773
300000 88.94444444444444 0.035622935232321386 29.371123203703707 0.47839506172839497 45.312962962962956 45.333333333333336 0.0 45.333333333333336 0.8903604000079213
302000 85.64814814814815 0.014961642380110503 29.630382462962967 0.47839506172839497 45.312962962962956 45.333333333333336 0.0 45.333333333333336 0.9380949000042165
304000 85.85185185185185 -0.003479286009783023 29.669271351851858 0.4691358024691357 45.312962962962956 45.333333333333336 0.0 45.333333333333336 0.9196223000035388
306000 88.55555555555556 0.017317425758161073 29.408160240740745 0.4691358024691357 45.312962962962956 45.333333333333336 0.0 45.333333333333336 0.8944637999957195
308000 91.75925925925925 0.03838810248335663 29.291493574074078 0.47839506172839497 45.312962962962956 45.333333333333336 0.0 45.333333333333336 0.8868285000062315
310000 89.16666666666667 0.03615484033414245 29.356308388888895 0.47839506172839497 45.312962962962956 45.333333333333336 0.0 45.333333333333336 0.887460199999623
312000 89.16666666666667 0.03615484033414245 29.356308388888895 0.47839506172839497 45.312962962962956 45.333333333333336 0.0 45.333333333333336 0.876447200003895
314000 91.75925925925925 0.03838810248335663 29.291493574074078 0.47839506172839497 45.312962962962956 45.333333333333336 0.0 45.333333333333336 0.9128146000002744
316000 91.75925925925925 0.03838810248335663 29.291493574074078 0.47839506172839497 45.312962962962956 45.333333333333336 0.0 45.333333333333336 0.887630099998205
318000 91.75925925925925 0.03838810248335663 29.291493574074078 0.47839506172839497 45.312962962962956 45.333333333333336 0.0 45.333333333333336 0.8731144000048516
320000 91.75925925925925 0.03838810248335663 29.291493574074078 0.47839506172839497 45.312962962962956 45.333333333333336 0.0 45.333333333333336 0.9159284000052139
322000 91.75925925925925 0.03838810248335663 29.291493574074078 0.47839506172839497 45.312962962962956 45.333333333333336 0.0 45.333333333333336 0.9375725999998394
324000 91.75925925925925 0.03838810248335663 29.291493574074078 0.47839506172839497 45.312962962962956 45.333333333333336 0.0 45.333333333333336 0.9220923999964725
326000 91.75925925925925 0.03838810248335663 29.291493574074078 0.47839506172839497 45.312962962962956 45.333333333333336 0.0 45.333333333333336 0.9529521000076784
328000 89.16666666666667 0.03615484033414245 29.356308388888895 0.47839506172839497 45.312962962962956 45.333333333333336 0.0 45.333333333333336 0.8618136000004597
330000 89.16666666666667 0.03615484033414245 29.356308388888895 0.47839506172839497 45.312962962962956 45.333333333333336 0.0 45.333333333333336 0.8729001000028802
332000 91.75925925925925 0.03838810248335663 29.291493574074078 0.47839506172839497 45.312962962962956 45.333333333333336 0.0 45.333333333333336 1.0061257999914233
334000 91.75925925925925 0.03838810248335663 29.291493574074078 0.47839506172839497 45.312962962962956 45.333333333333336 0.0 45.333333333333336 1.0493814999936149
336000 91.75925925925925 0.03838810248335663 29.291493574074078 0.47839506172839497 45.312962962962956 45.333333333333336 0.0 45.333333333333336 0.9760869000019738
338000 91.75925925925925 0.03838810248335663 29.291493574074078 0.47839506172839497 45.312962962962956 45.333333333333336 0.0 45.333333333333336 0.945732100008172
340000 91.75925925925925 0.03838810248335663 29.291493574074078 0.47839506172839497 45.312962962962956 45.333333333333336 0.0 45.333333333333336 0.9669291000027442
342000 91.75925925925925 0.03838810248335663 29.291493574074078 0.47839506172839497 45.312962962962956 45.333333333333336 0.0 45.333333333333336 0.875420700001996
344000 91.75925925925925 0.03838810248335663 29.291493574074078 0.47839506172839497 45.312962962962956 45.333333333333336 0.0 45.333333333333336 1.0722483999998076
346000 91.75925925925925 0.03838810248335663 29.291493574074078 0.47839506172839497 45.312962962962956 45.333333333333336 0.0 45.333333333333336 0.93655569999828
348000 91.75925925925925 0.03838810248335663 29.291493574074078 0.47839506172839497 45.312962962962956 45.333333333333336 0.0 45.333333333333336 0.9431619999959366
350000 85.66666666666667 0.03440595457192779 29.415567648148155 0.4876543209876542 45.312962962962956 45.333333333333336 0.0 45.333333333333336 0.878864500002237
352000 81.35185185185185 0.011439852475140101 29.667419500000005 0.46450617283950607 45.312962962962956 45.333333333333336 0.0 45.333333333333336 0.9044176999886986
354000 84.92592592592592 0.032732119730123216 29.465567648148152 0.4876543209876542 45.312962962962956 45.333333333333336 0.0 45.333333333333336 0.9805418999894755
356000 87.94444444444444 0.035236900444892555 29.391493574074076 0.47839506172839497 45.312962962962956 45.333333333333336 0.0 45.333333333333336 0.9304885000019567
358000 84.92592592592592 0.032732119730123216 29.465567648148152 0.4876543209876542 45.312962962962956 45.333333333333336 0.0 45.333333333333336 0.8860264999966603
360000 91.75925925925925 0.03838810248335663 29.291493574074078 0.47839506172839497 45.312962962962956 45.333333333333336 0.0 45.333333333333336 0.9016619000030914
362000 91.75925925925925 0.03838810248335663 29.291493574074078 0.47839506172839497 45.312962962962956 45.333333333333336 0.0 45.333333333333336 0.9698763000051258
364000 91.75925925925925 0.03838810248335663 29.291493574074078 0.47839506172839497 45.312962962962956 45.333333333333336 0.0 45.333333333333336 0.9128493000025628
366000 91.75925925925925 0.03838810248335663 29.291493574074078 0.47839506172839497 45.312962962962956 45.333333333333336 0.0 45.333333333333336 0.8893478000100004
368000 91.75925925925925 0.03838810248335663 29.291493574074078 0.47839506172839497 45.312962962962956 45.333333333333336 0.0 45.333333333333336 0.9491952999960631
370000 91.75925925925925 0.03838810248335663 29.291493574074078 0.47839506172839497 45.312962962962956 45.333333333333336 0.0 45.333333333333336 0.9218647000088822
372000 91.75925925925925 0.03838810248335663 29.291493574074078 0.47839506172839497 45.312962962962956 45.333333333333336 0.0 45.333333333333336 0.8998730000021169
374000 91.75925925925925 0.03838810248335663 29.291493574074078 0.47839506172839497 45.312962962962956 45.333333333333336 0.0 45.333333333333336 0.9251920000097016
376000 91.75925925925925 0.03838810248335663 29.291493574074078 0.47839506172839497 45.312962962962956 45.333333333333336 0.0 45.333333333333336 0.9050210999994306
378000 91.75925925925925 0.03838810248335663 29.291493574074078 0.47839506172839497 45.312962962962956 45.333333333333336 0.0 45.333333333333336 0.8988341999938712
380000 91.75925925925925 0.03838810248335663 29.291493574074078 0.47839506172839497 45.312962962962956 45.333333333333336 0.0 45.333333333333336 0.8859946000011405
382000 91.75925925925925 0.03838810248335663 29.291493574074078 0.47839506172839497 45.312962962962956 45.333333333333336 0.0 45.333333333333336 0.9553760999988299
384000 91.75925925925925 0.03838810248335663 29.291493574074078 0.47839506172839497 45.312962962962956 45.333333333333336 0.0 45.333333333333336 0.9494114000117406
386000 91.75925925925925 0.03838810248335663 29.291493574074078 0.47839506172839497 45.312962962962956 45.333333333333336 0.0 45.333333333333336 0.9022356000059517
388000 91.75925925925925 0.03838810248335663 29.291493574074078 0.47839506172839497 45.312962962962956 45.333333333333336 0.0 45.333333333333336 0.8743454000068596
390000 91.75925925925925 0.03838810248335663 29.291493574074078 0.47839506172839497 45.312962962962956 45.333333333333336 0.0 45.333333333333336 0.9541872999980114
392000 89.16666666666667 0.03615484033414245 29.356308388888895 0.47839506172839497 45.312962962962956 45.333333333333336 0.0 45.333333333333336 0.9022553999966476
394000 91.75925925925925 0.03838810248335663 29.291493574074078 0.47839506172839497 45.312962962962956 45.333333333333336 0.0 45.333333333333336 0.9239361999934772
396000 91.75925925925925 0.03838810248335663 29.291493574074078 0.47839506172839497 45.312962962962956 45.333333333333336 0.0 45.333333333333336 0.9794544000033056
398000 91.75925925925925 0.03838810248335663 29.291493574074078 0.47839506172839497 45.312962962962956 45.333333333333336 0.0 45.333333333333336 0.936923500004923
400000 91.75925925925925 0.03838810248335663 29.291493574074078 0.47839506172839497 45.312962962962956 45.333333333333336 0.0 45.333333333333336 0.9026572000002488
402000 91.75925925925925 0.03838810248335663 29.291493574074078 0.47839506172839497 45.312962962962956 45.333333333333336 0.0 45.333333333333336 0.9281802000041353
404000 91.75925925925925 0.03838810248335663 29.291493574074078 0.47839506172839497 45.312962962962956 45.333333333333336 0.0 45.333333333333336 0.8998403000005055
406000 91.75925925925925 0.03838810248335663 29.291493574074078 0.47839506172839497 45.312962962962956 45.333333333333336 0.0 45.333333333333336 0.9777539000060642
408000 91.75925925925925 0.03838810248335663 29.291493574074078 0.47839506172839497 45.312962962962956 45.333333333333336 0.0 45.333333333333336 0.8939971000072546
410000 91.75925925925925 0.03838810248335663 29.291493574074078 0.47839506172839497 45.312962962962956 45.333333333333336 0.0 45.333333333333336 0.8658303999982309
412000 91.75925925925925 0.03838810248335663 29.291493574074078 0.47839506172839497 45.312962962962956 45.333333333333336 0.0 45.333333333333336 0.8631743000005372
414000 91.75925925925925 0.03838810248335663 29.291493574074078 0.47839506172839497 45.312962962962956 45.333333333333336 0.0 45.333333333333336 0.8938067999988561
416000 92.4074074074074 0.03859316231000663 29.272975055555563 0.4830246913580246 45.312962962962956 45.333333333333336 0.0 45.333333333333336 0.8842901000025449
418000 91.75925925925925 0.03838810248335663 29.291493574074078 0.47839506172839497 45.312962962962956 45.333333333333336 0.0 45.333333333333336 0.9268448999937391
420000 91.75925925925925 0.03838810248335663 29.291493574074078 0.47839506172839497 45.312962962962956 45.333333333333336 0.0 45.333333333333336 0.9247717999969609
422000 91.75925925925925 0.03838810248335663 29.291493574074078 0.47839506172839497 45.312962962962956 45.333333333333336 0.0 45.333333333333336 0.8670777999941492
424000 91.75925925925925 0.03838810248335663 29.291493574074078 0.47839506172839497 45.312962962962956 45.333333333333336 0.0 45.333333333333336 0.8987550000019837
426000 91.75925925925925 0.03838810248335663 29.291493574074078 0.47839506172839497 45.312962962962956 45.333333333333336 0.0 45.333333333333336 0.9740756999963196
428000 91.75925925925925 0.03838810248335663 29.291493574074078 0.47839506172839497 45.312962962962956 45.333333333333336 0.0 45.333333333333336 0.9023047999944538
430000 91.75925925925925 0.03838810248335663 29.291493574074078 0.47839506172839497 45.312962962962956 45.333333333333336 0.0 45.333333333333336 0.8741375999961747
432000 91.75925925925925 0.03838810248335663 29.291493574074078 0.47839506172839497 45.312962962962956 45.333333333333336 0.0 45.333333333333336 0.9754976999975042
434000 91.75925925925925 0.03838810248335663 29.291493574074078 0.47839506172839497 45.312962962962956 45.333333333333336 0.0 45.333333333333336 0.9286070999951335
436000 91.75925925925925 0.03838810248335663 29.291493574074078 0.47839506172839497 45.312962962962956 45.333333333333336 0.0 45.333333333333336 0.8919958000042243
438000 91.75925925925925 0.03838810248335663 29.291493574074078 0.47839506172839497 45.312962962962956 45.333333333333336 0.0 45.333333333333336 0.9240738000080455
440000 91.75925925925925 0.03838810248335663 29.291493574074078 0.47839506172839497 45.312962962962956 45.333333333333336 0.0 45.333333333333336 0.9097570000012638
442000 91.75925925925925 0.03838810248335663 29.291493574074078 0.47839506172839497 45.312962962962956 45.333333333333336 0.0 45.333333333333336 0.906657899991842
444000 91.75925925925925 0.03838810248335663 29.291493574074078 0.47839506172839497 45.312962962962956 45.333333333333336 0.0 45.333333333333336 0.9164518999896245
446000 91.75925925925925 0.03838810248335663 29.291493574074078 0.47839506172839497 45.312962962962956 45.333333333333336 0.0 45.333333333333336 0.925752499999362
448000 92.37037037037037 0.03848739085925666 29.272975055555563 0.4830246913580246 45.312962962962956 45.333333333333336 0.0 45.333333333333336 0.9646804999938468
450000 92.37037037037037 0.03848739085925666 29.272975055555563 0.4830246913580246 45.312962962962956 45.333333333333336 0.0 45.333333333333336 0.8861475999874528
452000 92.37037037037037 0.03848739085925666 29.272975055555563 0.4830246913580246 45.312962962962956 45.333333333333336 0.0 45.333333333333336 0.9274321999982931
454000 92.4074074074074 0.03859316231000663 29.272975055555563 0.4830246913580246 45.312962962962956 45.333333333333336 0.0 45.333333333333336 0.9261102000018582
456000 92.37037037037037 0.03848739085925666 29.272975055555563 0.4830246913580246 45.312962962962956 45.333333333333336 0.0 45.333333333333336 0.9031871000042884
458000 92.37037037037037 0.03848739085925666 29.272975055555563 0.4830246913580246 45.312962962962956 45.333333333333336 0.0 45.333333333333336 1.0002557999978308
460000 92.37037037037037 0.03848739085925666 29.272975055555563 0.4830246913580246 45.312962962962956 45.333333333333336 0.0 45.333333333333336 0.8997380999935558
462000 92.37037037037037 0.03848739085925666 29.272975055555563 0.4830246913580246 45.312962962962956 45.333333333333336 0.0 45.333333333333336 0.9555552999954671
464000 92.37037037037037 0.03848739085925666 29.272975055555563 0.4830246913580246 45.312962962962956 45.333333333333336 0.0 45.333333333333336 0.9676936000032583
466000 92.37037037037037 0.03848739085925666 29.272975055555563 0.4830246913580246 45.312962962962956 45.333333333333336 0.0 45.333333333333336 0.9150901999964844
468000 92.4074074074074 0.03859316231000663 29.272975055555563 0.4830246913580246 45.312962962962956 45.333333333333336 0.0 45.333333333333336 0.8854023000021698
470000 92.4074074074074 0.03859316231000663 29.272975055555563 0.4830246913580246 45.312962962962956 45.333333333333336 0.0 45.333333333333336 0.8815377999999328
472000 92.4074074074074 0.03859316231000663 29.272975055555563 0.4830246913580246 45.312962962962956 45.333333333333336 0.0 45.333333333333336 0.9440922000067076
474000 92.4074074074074 0.03859316231000663 29.272975055555563 0.4830246913580246 45.312962962962956 45.333333333333336 0.0 45.333333333333336 0.851012900006026
476000 92.4074074074074 0.03859316231000663 29.272975055555563 0.4830246913580246 45.312962962962956 45.333333333333336 0.0 45.333333333333336 0.9384202000073856
478000 92.37037037037037 0.03848739085925666 29.272975055555563 0.4830246913580246 45.312962962962956 45.333333333333336 0.0 45.333333333333336 0.9766503999999259
480000 92.4074074074074 0.03859316231000663 29.272975055555563 0.4830246913580246 45.312962962962956 45.333333333333336 0.0 45.333333333333336 0.922226499998942
482000 92.4074074074074 0.03859316231000663 29.272975055555563 0.4830246913580246 45.312962962962956 45.333333333333336 0.0 45.333333333333336 0.8712436000059824
484000 92.4074074074074 0.03859316231000663 29.272975055555563 0.4830246913580246 45.312962962962956 45.333333333333336 0.0 45.333333333333336 0.8616739999997662
486000 92.37037037037037 0.03848739085925666 29.272975055555563 0.4830246913580246 45.312962962962956 45.333333333333336 0.0 45.333333333333336 0.9072327999892877
488000 92.37037037037037 0.03848739085925666 29.272975055555563 0.4830246913580246 45.312962962962956 45.333333333333336 0.0 45.333333333333336 0.9602651000022888
490000 92.37037037037037 0.03848739085925666 29.272975055555563 0.4830246913580246 45.312962962962956 45.333333333333336 0.0 45.333333333333336 0.9117606000072556
492000 92.4074074074074 0.03859316231000663 29.272975055555563 0.4830246913580246 45.312962962962956 45.333333333333336 0.0 45.333333333333336 0.8417726999905426
494000 91.75925925925925 0.03838810248335663 29.291493574074078 0.47839506172839497 45.312962962962956 45.333333333333336 0.0 45.333333333333336 0.8921104000037303
496000 91.75925925925925 0.03838810248335663 29.291493574074078 0.47839506172839497 45.312962962962956 45.333333333333336 0.0 45.333333333333336 0.9256338999985019
498000 91.75925925925925 0.03838810248335663 29.291493574074078 0.47839506172839497 45.312962962962956 45.333333333333336 0.0 45.333333333333336 0.797547800000757
500000 91.75925925925925 0.03838810248335663 29.291493574074078 0.47839506172839497 45.312962962962956 45.333333333333336 0.0 45.333333333333336 0.7879853000049479
