2000 0.5769230769230769 0.00017064954531089573 116.71153846153847 0.04807692307692308 135.8653846153846 45.28846153846154 1.1153846153846154 44.17307692307692 0.7818934000097215
4000 0.5576923076923077 0.00017351906077150162 115.8076923076923 0.06249999999999999 135.8653846153846 45.28846153846154 1.1153846153846154 44.17307692307692 0.7527219000039622
6000 0.36538461538461536 0.00017431532772643282 111.90384615384616 0.12820512820512817 135.8653846153846 45.28846153846154 1.1153846153846154 44.17307692307692 0.7554537999967579
8000 1.4230769230769231 0.0005320508098076844 112.71153846153847 0.12339743589743589 135.8653846153846 45.28846153846154 1.1153846153846154 44.17307692307692 0.8145341000054032
10000 1.0192307692307692 0.00036919342605233385 113.3076923076923 0.11057692307692307 135.8653846153846 45.28846153846154 1.1153846153846154 44.17307692307692 0.8656308000063291
12000 0.8076923076923077 0.0003115215664940864 114.09615384615384 0.08814102564102563 135.8653846153846 45.28846153846154 1.1153846153846154 44.17307692307692 0.9194679000065662
14000 0.46153846153846156 -0.01908596595537444 114.17307692307692 0.10576923076923075 135.8653846153846 45.28846153846154 1.1153846153846154 44.17307692307692 0.898852899990743
16000 0.34615384615384615 -0.01918781245201567 116.59615384615384 0.08012820512820512 135.8653846153846 45.28846153846154 1.1153846153846154 44.17307692307692 0.9595907000039006
18000 0.6346153846153846 0.00021553053727636307 114.32692307692308 0.10576923076923077 135.8653846153846 45.28846153846154 1.1153846153846154 44.17307692307692 0.9367528000002494
20000 0.7692307692307693 -0.019160241192532117 112.73076923076923 0.14262820512820512 135.8653846153846 45.28846153846154 1.1153846153846154 44.17307692307692 1.001222399994731
22000 0.36538461538461536 -0.019155967933676528 115.28846153846153 0.07532051282051282 135.8653846153846 45.28846153846154 1.1153846153846154 44.17307692307692 0.9789614000037545
24000 2.1153846153846154 0.0007303034017522191 112.01923076923077 0.09294871794871794 135.8653846153846 45.28846153846154 1.1153846153846154 44.17307692307692 0.9711194999981672
26000 2.1538461538461537 0.00046582728135851687 110.11538461538461 0.09775641025641027 135.8653846153846 45.28846153846154 1.1153846153846154 44.17307692307692 0.8845702000107849
28000 2.076923076923077 0.0002655910842477612 109.96153846153847 0.09455128205128203 135.8653846153846 45.28846153846154 1.1153846153846154 44.17307692307692 0.8600567999965278
30000 28.23076923076923 0.013616747805308964 94.42307692307692 0.3317307692307692 135.8653846153846 45.28846153846154 1.1153846153846154 44.17307692307692 0.9593499000038719
32000 1.9423076923076923 0.0007902488907737977 114.78846153846153 0.09615384615384616 135.8653846153846 45.28846153846154 1.1153846153846154 44.17307692307692 0.9487591000070097
34000 4.884615384615385 0.002285702687737509 106.28846153846153 0.23237179487179488 135.8653846153846 45.28846153846154 1.1153846153846154 44.17307692307692 0.9009011000016471
36000 1.6923076923076923 -0.09526523671979088 111.51923076923077 0.14102564102564102 135.8653846153846 45.28846153846154 1.1153846153846154 44.17307692307692 0.8871476000058465
38000 0.5384615384615384 -0.03826952844274695 115.53846153846153 0.07692307692307693 135.8653846153846 45.28846153846154 1.1153846153846154 44.17307692307692 0.8617778999905568
40000 0.7307692307692307 -0.0381692454760048 114.65384615384616 0.09775641025641027 135.8653846153846 45.28846153846154 1.1153846153846154 44.17307692307692 0.8533638000080828
42000 0.8653846153846154 -0.018977850012779685 114.5576923076923 0.07852564102564104 135.8653846153846 45.28846153846154 1.1153846153846154 44.17307692307692 0.9125423999939812
44000 0.7884615384615384 -0.018952340472258432 115.07692307692308 0.09455128205128203 135.8653846153846 45.28846153846154 1.1153846153846154 44.17307692307692 1.038151699991431
46000 0.6346153846153846 -0.019031676398425366 113.92307692307692 0.11538461538461539 135.8653846153846 45.28846153846154 1.1153846153846154 44.17307692307692 0.8353094000049168
48000 0.6730769230769231 -0.019018372140150806 114.3076923076923 0.09935897435897437 135.8653846153846 45.28846153846154 1.1153846153846154 44.17307692307692 0.9163399999961257
50000 0.6923076923076923 -0.018930947052493794 114.78846153846153 0.09935897435897437 135.8653846153846 45.28846153846154 1.1153846153846154 44.17307692307692 0.9565713000047253
52000 0.5576923076923077 -0.09604634838787979 112.11538461538461 0.1362179487179487 135.8653846153846 45.28846153846154 1.1153846153846154 44.17307692307692 1.0015362000121968
54000 1.1346153846153846 -0.03799106977502631 112.4423076923077 0.1474358974358974 135.8653846153846 45.28846153846154 1.1153846153846154 44.17307692307692 0.8933414999919478
56000 1.7692307692307692 -0.018376695772505197 108.01923076923077 0.16346153846153846 135.8653846153846 45.28846153846154 1.1153846153846154 44.17307692307692 0.8847411000024294
58000 1.3653846153846154 -0.0571304930554757 108.01923076923077 0.2419871794871795 135.8653846153846 45.28846153846154 1.1153846153846154 44.17307692307692 0.8926362000056542
60000 1.8461538461538463 -0.018553981753688956 106.76923076923077 0.20673076923076922 135.8653846153846 45.28846153846154 1.1153846153846154 44.17307692307692 0.9325544000021182
62000 1.3846153846153846 -0.03787274030285025 107.51923076923077 0.22916666666666669 135.8653846153846 45.28846153846154 1.1153846153846154 44.17307692307692 0.8383337999985088
64000 1.3461538461538463 0.0005651481466012731 108.3076923076923 0.233974358974359 135.8653846153846 45.28846153846154 1.1153846153846154 44.17307692307692 0.8962237999949139
66000 1.3461538461538463 0.0005605454418271498 108.6923076923077 0.21955128205128205 135.8653846153846 45.28846153846154 1.1153846153846154 44.17307692307692 0.8721048000006704
68000 0.9807692307692307 0.00036815519633526055 110.76923076923077 0.07211538461538461 135.8653846153846 45.28846153846154 1.1153846153846154 44.17307692307692 0.9065494000096805
70000 2.673076923076923 0.0011751449557952974 110.65384615384616 0.14743589743589744 135.8653846153846 45.28846153846154 1.1346153846153846 44.15384615384615 0.8729093999863835
72000 3.576923076923077 0.001379003230026323 106.4423076923077 0.18910256410256407 135.8653846153846 45.28846153846154 1.1538461538461537 44.13461538461539 0.906138500009547
74000 5.326923076923077 0.0016123786707365852 106.61538461538461 0.15865384615384615 135.8653846153846 45.28846153846154 1.1923076923076923 44.09615384615385 0.902273999992758
76000 4.3076923076923075 0.0011516005350603947 109.09615384615384 0.11057692307692307 135.8653846153846 45.28846153846154 1.2884615384615385 44.0 0.9051437000016449
78000 4.461538461538462 0.0014373631780922745 109.5576923076923 0.07692307692307693 135.8653846153846 45.28846153846154 1.5192307692307692 43.76923076923077 0.8868280000024242
80000 3.826923076923077 0.0010273999297087868 108.28846153846153 0.14743589743589744 135.8653846153846 45.28846153846154 1.5192307692307692 43.76923076923077 0.8646832999947947
82000 2.730769230769231 0.00041139190550318463 109.3076923076923 0.1362179487179487 135.8653846153846 45.28846153846154 1.4230769230769231 43.86538461538461 0.987764799996512
84000 2.9423076923076925 0.000477872339015035 110.8076923076923 0.11858974358974358 135.8653846153846 45.28846153846154 1.6730769230769231 43.61538461538461 0.895402499998454
86000 2.6538461538461537 0.00037184511905262896 110.61538461538461 0.11858974358974358 135.8653846153846 45.28846153846154 1.4423076923076923 43.84615384615385 0.9272232999937842
88000 2.6153846153846154 0.0003694922088580743 109.8076923076923 0.12820512820512822 135.8653846153846 45.28846153846154 1.4615384615384615 43.82692307692308 0.946076100008213
90000 4.0 0.0010780063565955346 108.01923076923077 0.15544871794871795 135.8653846153846 45.28846153846154 1.1923076923076923 44.09615384615385 0.8471549000096275
92000 4.4423076923076925 0.0013232191542513498 107.88461538461539 0.14583333333333331 135.8653846153846 45.28846153846154 1.1153846153846154 44.17307692307692 0.889080399996601
94000 4.115384615384615 0.0011885763472530445 108.09615384615384 0.1266025641025641 135.8653846153846 45.28846153846154 1.1730769230769231 44.11538461538461 0.8693530000018654
96000 4.730769230769231 0.001893922810401893 107.0576923076923 0.12980769230769232 135.8653846153846 45.28846153846154 1.2692307692307692 44.01923076923077 0.8770819000055781
98000 3.673076923076923 0.001230997514732521 110.25 0.09775641025641027 135.8653846153846 45.28846153846154 1.1153846153846154 44.17307692307692 0.9123218000022462
100000 18.5 0.008012637040156818 97.63461538461539 0.23717948717948717 135.8653846153846 45.28846153846154 1.1153846153846154 44.17307692307692 0.9121406000049319
102000 4.769230769230769 0.001974726284666833 107.28846153846153 0.15384615384615383 135.8653846153846 45.28846153846154 1.1346153846153846 44.15384615384615 0.911055500007933
104000 6.134615384615385 0.0028412604089757816 104.3076923076923 0.1794871794871795 135.8653846153846 45.28846153846154 1.1153846153846154 44.17307692307692 0.8730122999986634
106000 15.173076923076923 0.0068162225094596345 101.17307692307692 0.23237179487179485 135.8653846153846 45.28846153846154 1.1153846153846154 44.17307692307692 0.892053899995517
108000 13.865384615384615 0.005980995875517358 100.65384615384616 0.203525641025641 135.8653846153846 45.28846153846154 1.1346153846153846 44.15384615384615 0.9148344999994151
110000 10.48076923076923 0.004836155255263392 103.32692307692308 0.15224358974358976 135.8653846153846 45.28846153846154 1.1153846153846154 44.17307692307692 0.8492172999976901
112000 18.01923076923077 0.008133839270869492 95.82692307692308 0.2708333333333333 135.8653846153846 45.28846153846154 1.1153846153846154 44.17307692307692 0.9025127000059001
114000 20.96153846153846 0.009575554198080285 92.09615384615384 0.3541666666666667 135.8653846153846 45.28846153846154 1.1153846153846154 44.17307692307692 0.8496040000027278
116000 19.48076923076923 0.0083794818091363 92.13461538461539 0.34134615384615385 135.8653846153846 45.28846153846154 1.1153846153846154 44.17307692307692 0.9403836000128649
118000 19.884615384615383 0.008825529672481893 91.5 0.373397435897436 135.8653846153846 45.28846153846154 1.1153846153846154 44.17307692307692 0.9410171000054106
120000 21.673076923076923 0.008796535432160113 87.96153846153847 0.4166666666666667 135.8653846153846 45.28846153846154 1.1153846153846154 44.17307692307692 0.907191000005696
122000 21.615384615384617 0.008707671779594018 87.57692307692308 0.421474358974359 135.8653846153846 45.28846153846154 1.1153846153846154 44.17307692307692 0.8969123999995645
124000 21.596153846153847 0.008485646203015926 88.82692307692308 0.4118589743589744 135.8653846153846 45.28846153846154 1.1153846153846154 44.17307692307692 0.8985392000031425
126000 22.75 0.00908430091120132 89.46153846153847 0.41506410256410253 135.8653846153846 45.28846153846154 1.1153846153846154 44.17307692307692 0.9716197000088869
128000 22.403846153846153 0.009167070203533731 89.82692307692308 0.40865384615384615 135.8653846153846 45.28846153846154 1.1153846153846154 44.17307692307692 0.9053325999993831
130000 21.403846153846153 0.008235146082097118 89.82692307692308 0.40384615384615385 135.8653846153846 45.28846153846154 1.1153846153846154 44.17307692307692 0.9122158999962267
132000 22.173076923076923 0.00896597836408196 90.71153846153847 0.37820512820512825 135.8653846153846 45.28846153846154 1.1153846153846154 44.17307692307692 0.906759300007252
134000 28.557692307692307 0.0120856994589423 88.48076923076923 0.4391025641025641 135.8653846153846 45.28846153846154 1.1153846153846154 44.17307692307692 0.9406349999917438
136000 31.96153846153846 0.012756131204132345 88.15384615384616 0.421474358974359 135.8653846153846 45.28846153846154 1.1153846153846154 44.17307692307692 0.847574600004009
138000 33.05769230769231 0.014115333745784654 86.8076923076923 0.4198717948717948 135.8653846153846 45.28846153846154 1.1153846153846154 44.17307692307692 0.9339226000010967
140000 35.0 0.015042752792323174 85.34615384615384 0.4326923076923076 135.8653846153846 45.28846153846154 1.1153846153846154 44.17307692307692 0.9263801999913994
142000 35.76923076923077 0.015183399258555342 84.36538461538461 0.43749999999999994 135.8653846153846 45.28846153846154 1.1153846153846154 44.17307692307692 0.9231212000013329
144000 35.88461538461539 0.015437854287465382 84.76923076923077 0.4391025641025641 135.8653846153846 45.28846153846154 1.1153846153846154 44.17307692307692 0.8571905999997398
146000 37.30769230769231 0.016210738069693066 84.53846153846153 0.4487179487179487 135.8653846153846 45.28846153846154 1.1153846153846154 44.17307692307692 0.9222522999916691
148000 37.55769230769231 0.016405120655751823 84.59615384615384 0.4358974358974359 135.8653846153846 45.28846153846154 1.1153846153846154 44.17307692307692 0.9109204999986105
150000 37.78846153846154 0.01660798950282255 84.63461538461539 0.44551282051282054 135.8653846153846 45.28846153846154 1.1153846153846154 44.17307692307692 0.8548751000053016
152000 37.78846153846154 0.01660798950282255 84.63461538461539 0.44551282051282054 135.8653846153846 45.28846153846154 1.1153846153846154 44.17307692307692 0.8946179999911692
154000 37.78846153846154 0.01660798950282255 84.63461538461539 0.44551282051282054 135.8653846153846 45.28846153846154 1.1153846153846154 44.17307692307692 0.9238028999970993
156000 37.78846153846154 0.01660798950282255 84.63461538461539 0.44551282051282054 135.8653846153846 45.28846153846154 1.1153846153846154 44.17307692307692 0.9225609999994049
158000 38.17307692307692 0.018486981328158816 84.28846153846153 0.4310897435897436 135.8653846153846 45.28846153846154 1.1153846153846154 44.17307692307692 0.914338399990811
160000 40.96153846153846 0.019854993156204467 83.46153846153847 0.4310897435897436 135.8653846153846 45.28846153846154 1.1153846153846154 44.17307692307692 0.9213090000121156
162000 42.38461538461539 0.02102870971580271 82.63461538461539 0.4262820512820513 135.8653846153846 45.28846153846154 1.1153846153846154 44.17307692307692 0.9284385000064503
164000 42.5 0.02103136268144712 82.40384615384616 0.4262820512820513 135.8653846153846 45.28846153846154 1.1153846153846154 44.17307692307692 0.8971476999868173
166000 45.34615384615385 0.02163698478584083 82.15384615384616 0.4391025641025641 135.8653846153846 45.28846153846154 1.1153846153846154 44.17307692307692 0.9420929000043543
168000 45.34615384615385 0.02165994563572699 82.15384615384616 0.4391025641025641 135.8653846153846 45.28846153846154 1.1153846153846154 44.17307692307692 0.8907712000072934
170000 55.88461538461539 0.026751456928455094 81.0576923076923 0.4471153846153845 135.8653846153846 45.28846153846154 1.1153846153846154 44.17307692307692 0.9165162999997847
172000 56.84615384615385 0.027473723093362563 80.59615384615384 0.45673076923076916 135.8653846153846 45.28846153846154 1.1153846153846154 44.17307692307692 0.9392350999987684
174000 59.23076923076923 0.028488715734321643 79.96153846153847 0.46794871794871784 135.8653846153846 45.28846153846154 1.1153846153846154 44.17307692307692 0.9153730999969412
176000 77.51923076923077 0.036350277825213294 77.21153846153847 0.5080128205128205 135.8653846153846 45.28846153846154 1.1153846153846154 44.17307692307692 0.9340109000040684
178000 87.63461538461539 0.04025018900744849 75.71153846153847 0.4983974358974359 135.8653846153846 45.28846153846154 1.1153846153846154 44.17307692307692 0.8504914000077406
180000 82.5 0.03836862361020844 77.25 0.4775641025641026 135.8653846153846 45.28846153846154 1.1153846153846154 44.17307692307692 0.988630000007106
182000 93.42307692307692 0.0438369986857713 75.26923076923077 0.5176282051282052 135.8653846153846 45.28846153846154 1.1153846153846154 44.17307692307692 0.9596943999931682
184000 94.59615384615384 0.044751938994562576 75.38461538461539 0.530448717948718 135.8653846153846 45.28846153846154 1.1153846153846154 44.17307692307692 0.9206854999938514
186000 100.67307692307692 0.046897144748676484 75.03846153846153 0.5352564102564104 135.8653846153846 45.28846153846154 1.1153846153846154 44.17307692307692 0.8742401999916183
188000 106.84615384615384 0.049637130976787 74.5 0.5657051282051282 135.8653846153846 45.28846153846154 1.1153846153846154 44.17307692307692 0.9107112999918172
190000 108.90384615384616 0.051340945888037046 74.63461538461539 0.5689102564102565 135.8653846153846 45.28846153846154 1.1153846153846154 44.17307692307692 0.8996330000081798
192000 110.03846153846153 0.05181305852634662 74.59615384615384 0.5689102564102565 135.8653846153846 45.28846153846154 1.1153846153846154 44.17307692307692 0.8758238000009442
194000 110.03846153846153 0.05181305852634662 74.59615384615384 0.5689102564102565 135.8653846153846 45.28846153846154 1.1153846153846154 44.17307692307692 0.8639375999919139
196000 110.03846153846153 0.05181305852634662 74.59615384615384 0.5689102564102565 135.8653846153846 45.28846153846154 1.1153846153846154 44.17307692307692 0.9395025999983773
198000 110.03846153846153 0.05181305852634662 74.59615384615384 0.5689102564102565 135.8653846153846 45.28846153846154 1.1153846153846154 44.17307692307692 0.9641600000031758
200000 110.03846153846153 0.05181305852634662 74.59615384615384 0.5689102564102565 135.8653846153846 45.28846153846154 1.1153846153846154 44.17307692307692 0.9036649000045145
202000 110.03846153846153 0.05181305852634662 74.59615384615384 0.5689102564102565 135.8653846153846 45.28846153846154 1.1153846153846154 44.17307692307692 0.9287468000111403
204000 110.03846153846153 0.05181305852634662 74.59615384615384 0.5689102564102565 135.8653846153846 45.28846153846154 1.1153846153846154 44.17307692307692 0.9297351999994135
206000 110.03846153846153 0.05181305852634662 74.59615384615384 0.5689102564102565 135.8653846153846 45.28846153846154 1.1153846153846154 44.17307692307692 0.8987104999978328
208000 110.03846153846153 0.05181305852634662 74.59615384615384 0.5689102564102565 135.8653846153846 45.28846153846154 1.1153846153846154 44.17307692307692 0.9036522999958834
210000 110.03846153846153 0.05181305852634662 74.59615384615384 0.5689102564102565 135.8653846153846 45.28846153846154 1.1153846153846154 44.17307692307692 0.8621884000021964
212000 110.03846153846153 0.05181305852634662 74.59615384615384 0.5689102564102565 135.8653846153846 45.28846153846154 1.1153846153846154 44.17307692307692 0.8525693000119645
214000 110.03846153846153 0.05181305852634662 74.59615384615384 0.5689102564102565 135.8653846153846 45.28846153846154 1.1153846153846154 44.17307692307692 0.9109478000027593
216000 110.03846153846153 0.05181305852634662 74.59615384615384 0.5689102564102565 135.8653846153846 45.28846153846154 1.1153846153846154 44.17307692307692 0.9143125999980839
218000 110.03846153846153 0.05181305852634662 74.59615384615384 0.5689102564102565 135.8653846153846 45.28846153846154 1.1153846153846154 44.17307692307692 0.8712651999958325
220000 110.03846153846153 0.05181305852634662 74.59615384615384 0.5689102564102565 135.8653846153846 45.28846153846154 1.1153846153846154 44.17307692307692 0.8722966000059387
222000 110.03846153846153 0.05181305852634662 74.59615384615384 0.5689102564102565 135.8653846153846 45.28846153846154 1.1153846153846154 44.17307692307692 0.9010118000005605
224000 110.03846153846153 0.05181305852634662 74.59615384615384 0.5689102564102565 135.8653846153846 45.28846153846154 1.1153846153846154 44.17307692307692 0.896669199995813
226000 110.03846153846153 0.05181305852634662 74.59615384615384 0.5689102564102565 135.8653846153846 45.28846153846154 1.1153846153846154 44.17307692307692 0.9051780000008876
228000 110.03846153846153 0.05181305852634662 74.59615384615384 0.5689102564102565 135.8653846153846 45.28846153846154 1.1153846153846154 44.17307692307692 0.9638647999963723
230000 110.03846153846153 0.05181305852634662 74.59615384615384 0.5689102564102565 135.8653846153846 45.28846153846154 1.1153846153846154 44.17307692307692 0.9688435999996727
232000 110.03846153846153 0.05181305852634662 74.59615384615384 0.5689102564102565 135.8653846153846 45.28846153846154 1.1153846153846154 44.17307692307692 0.9005597999930615
234000 110.03846153846153 0.05181305852634662 74.59615384615384 0.5689102564102565 135.8653846153846 45.28846153846154 1.1153846153846154 44.17307692307692 0.9171721000020625
236000 110.03846153846153 0.05181305852634662 74.59615384615384 0.5689102564102565 135.8653846153846 45.28846153846154 1.1153846153846154 44.17307692307692 0.9742822999978671
238000 110.03846153846153 0.05181305852634662 74.59615384615384 0.5689102564102565 135.8653846153846 45.28846153846154 1.1153846153846154 44.17307692307692 0.9412161999935051
240000 110.03846153846153 0.05181305852634662 74.59615384615384 0.5689102564102565 135.8653846153846 45.28846153846154 1.1153846153846154 44.17307692307692 0.9684107999928528
242000 110.03846153846153 0.05181305852634662 74.59615384615384 0.5689102564102565 135.8653846153846 45.28846153846154 1.1153846153846154 44.17307692307692 0.9542570000048727
244000 110.03846153846153 0.05181305852634662 74.59615384615384 0.5689102564102565 135.8653846153846 45.28846153846154 1.1153846153846154 44.17307692307692 0.865017899996019
246000 110.03846153846153 0.05181305852634662 74.59615384615384 0.5689102564102565 135.8653846153846 45.28846153846154 1.1153846153846154 44.17307692307692 0.8585466999938944
248000 110.03846153846153 0.05181305852634662 74.59615384615384 0.5689102564102565 135.8653846153846 45.28846153846154 1.1153846153846154 44.17307692307692 1.0075924000120722
250000 110.03846153846153 0.05181305852634662 74.59615384615384 0.5689102564102565 135.8653846153846 45.28846153846154 1.1153846153846154 44.17307692307692 0.9351114000019152
252000 110.03846153846153 0.05181305852634662 74.59615384615384 0.5689102564102565 135.8653846153846 45.28846153846154 1.1153846153846154 44.17307692307692 0.9095602999877883
254000 110.03846153846153 0.05181305852634662 74.59615384615384 0.5689102564102565 135.8653846153846 45.28846153846154 1.1153846153846154 44.17307692307692 0.9230221000034362
256000 110.03846153846153 0.05181305852634662 74.59615384615384 0.5689102564102565 135.8653846153846 45.28846153846154 1.1153846153846154 44.17307692307692 0.8749800000077812
258000 110.03846153846153 0.05181305852634662 74.59615384615384 0.5689102564102565 135.8653846153846 45.28846153846154 1.1153846153846154 44.17307692307692 0.8667989999958081
260000 110.03846153846153 0.05181305852634662 74.59615384615384 0.5689102564102565 135.8653846153846 45.28846153846154 1.1153846153846154 44.17307692307692 0.930347300003632
262000 110.03846153846153 0.05181305852634662 74.59615384615384 0.5689102564102565 135.8653846153846 45.28846153846154 1.1153846153846154 44.17307692307692 0.8700071999919601
264000 110.03846153846153 0.05181305852634662 74.59615384615384 0.5689102564102565 135.8653846153846 45.28846153846154 1.1153846153846154 44.17307692307692 1.0172568999987561
266000 110.03846153846153 0.05181305852634662 74.59615384615384 0.5689102564102565 135.8653846153846 45.28846153846154 1.1153846153846154 44.17307692307692 0.9116944999987027
268000 110.71153846153847 0.0526250153841245 74.92307692307692 0.5753205128205129 135.8653846153846 45.28846153846154 1.1153846153846154 44.17307692307692 0.9631550999911269
270000 110.65384615384616 0.05252520201387488 75.11538461538461 0.5753205128205129 135.8653846153846 45.28846153846154 1.1153846153846154 44.17307692307692 0.9042753000103403
272000 110.71153846153847 0.0526250153841245 74.92307692307692 0.5753205128205129 135.8653846153846 45.28846153846154 1.1153846153846154 44.17307692307692 0.8815689000039129
274000 110.03846153846153 0.05181305852634662 74.59615384615384 0.5689102564102565 135.8653846153846 45.28846153846154 1.1153846153846154 44.17307692307692 0.8936715000018012
276000 110.03846153846153 0.05181305852634662 74.59615384615384 0.5689102564102565 135.8653846153846 45.28846153846154 1.1153846153846154 44.17307692307692 0.9338371000048937
278000 110.03846153846153 0.05181305852634662 74.59615384615384 0.5689102564102565 135.8653846153846 45.28846153846154 1.1153846153846154 44.17307692307692 0.9081712000042899
280000 110.65384615384616 0.05252520201387488 75.11538461538461 0.5753205128205129 135.8653846153846 45.28846153846154 1.1153846153846154 44.17307692307692 0.9172033999930136
282000 110.71153846153847 0.0526250153841245 74.92307692307692 0.5753205128205129 135.8653846153846 45.28846153846154 1.1153846153846154 44.17307692307692 0.894555599996238
284000 110.71153846153847 0.0526250153841245 74.92307692307692 0.5753205128205129 135.8653846153846 45.28846153846154 1.1153846153846154 44.17307692307692 0.849203400008264
286000 110.6923076923077 0.052563743201887496 74.67307692307692 0.5753205128205129 135.8653846153846 45.28846153846154 1.1153846153846154 44.17307692307692 0.8941176000080304
288000 110.6923076923077 0.052563743201887496 74.67307692307692 0.5753205128205129 135.8653846153846 45.28846153846154 1.1153846153846154 44.17307692307692 1.0211534999980358
290000 110.03846153846153 0.05181305852634662 74.59615384615384 0.5689102564102565 135.8653846153846 45.28846153846154 1.1153846153846154 44.17307692307692 0.9377079000114463
292000 110.03846153846153 0.05181305852634662 74.59615384615384 0.5689102564102565 135.8653846153846 45.28846153846154 1.1153846153846154 44.17307692307692 0.8684338000020944
294000 110.03846153846153 0.05181305852634662 74.59615384615384 0.5689102564102565 135.8653846153846 45.28846153846154 1.1153846153846154 44.17307692307692 0.9331368999992264
296000 110.6923076923077 0.052563743201887496 74.67307692307692 0.5753205128205129 135.8653846153846 45.28846153846154 1.1153846153846154 44.17307692307692 0.8928297000093153
298000 110.03846153846153 0.05181305852634662 74.59615384615384 0.5689102564102565 135.8653846153846 45.28846153846154 1.1153846153846154 44.17307692307692 0.879133800001
300000 110.03846153846153 0.05181305852634662 74.59615384615384 0.5689102564102565 135.8653846153846 45.28846153846154 1.1153846153846154 44.17307692307692 0.8972131999908015
302000 110.88461538461539 0.05268546142441154 74.82692307692308 0.5753205128205129 135.8653846153846 45.28846153846154 1.1153846153846154 44.17307692307692 0.9116197000112152
304000 110.84615384615384 0.052641245226314165 74.90384615384616 0.5753205128205129 135.8653846153846 45.28846153846154 1.1153846153846154 44.17307692307692 0.9155960000061896
306000 110.67307692307692 0.052580799186027136 75.0 0.5753205128205129 135.8653846153846 45.28846153846154 1.1153846153846154 44.17307692307692 0.9027349999960279
308000 110.03846153846153 0.05181305852634662 74.59615384615384 0.5689102564102565 135.8653846153846 45.28846153846154 1.1153846153846154 44.17307692307692 0.927528699990944
310000 110.03846153846153 0.05181305852634662 74.59615384615384 0.5689102564102565 135.8653846153846 45.28846153846154 1.1153846153846154 44.17307692307692 0.8705589000019245
312000 110.03846153846153 0.05181305852634662 74.59615384615384 0.5689102564102565 135.8653846153846 45.28846153846154 1.1153846153846154 44.17307692307692 0.9120631999976467
314000 110.03846153846153 0.05181305852634662 74.59615384615384 0.5689102564102565 135.8653846153846 45.28846153846154 1.1153846153846154 44.17307692307692 0.8792440999968676
316000 110.03846153846153 0.05181305852634662 74.59615384615384 0.5689102564102565 135.8653846153846 45.28846153846154 1.1153846153846154 44.17307692307692 0.8974167999986093
318000 110.03846153846153 0.05181305852634662 74.59615384615384 0.5689102564102565 135.8653846153846 45.28846153846154 1.1153846153846154 44.17307692307692 0.9581284999876516
320000 110.03846153846153 0.05181305852634662 74.59615384615384 0.5689102564102565 135.8653846153846 45.28846153846154 1.1153846153846154 44.17307692307692 0.9463892000057967
322000 110.03846153846153 0.05181305852634662 74.59615384615384 0.5689102564102565 135.8653846153846 45.28846153846154 1.1153846153846154 44.17307692307692 0.8773568000033265
324000 110.03846153846153 0.05181305852634662 74.59615384615384 0.5689102564102565 135.8653846153846 45.28846153846154 1.1153846153846154 44.17307692307692 0.8755246000073384
326000 110.03846153846153 0.05181305852634662 74.59615384615384 0.5689102564102565 135.8653846153846 45.28846153846154 1.1153846153846154 44.17307692307692 0.9205685000051744
328000 110.03846153846153 0.05181305852634662 74.59615384615384 0.5689102564102565 135.8653846153846 45.28846153846154 1.1153846153846154 44.17307692307692 0.9395568999898387
330000 110.03846153846153 0.05181305852634662 74.59615384615384 0.5689102564102565 135.8653846153846 45.28846153846154 1.1153846153846154 44.17307692307692 0.9458966000092914
332000 110.03846153846153 0.05181305852634662 74.59615384615384 0.5689102564102565 135.8653846153846 45.28846153846154 1.1153846153846154 44.17307692307692 0.9384254000033252
334000 110.15384615384616 0.051858946125551086 74.67307692307692 0.5689102564102565 135.8653846153846 45.28846153846154 1.1153846153846154 44.17307692307692 0.9475696000008611
336000 110.03846153846153 0.05181305852634662 74.59615384615384 0.5689102564102565 135.8653846153846 45.28846153846154 1.1153846153846154 44.17307692307692 0.9549106000049505
338000 110.03846153846153 0.05181305852634662 74.59615384615384 0.5689102564102565 135.8653846153846 45.28846153846154 1.1153846153846154 44.17307692307692 0.829743199996301
340000 110.03846153846153 0.05181305852634662 74.59615384615384 0.5689102564102565 135.8653846153846 45.28846153846154 1.1153846153846154 44.17307692307692 0.928106299994397
342000 110.11538461538461 0.0518888891496662 74.67307692307692 0.5689102564102565 135.8653846153846 45.28846153846154 1.1153846153846154 44.17307692307692 0.8642505000025267
344000 110.23076923076923 0.05193477674887066 74.75 0.5689102564102565 135.8653846153846 45.28846153846154 1.1153846153846154 44.17307692307692 0.972962899992126
346000 110.23076923076923 0.05193477674887066 74.75 0.5689102564102565 135.8653846153846 45.28846153846154 1.1153846153846154 44.17307692307692 0.8727193999948213
348000 110.03846153846153 0.05181305852634662 74.59615384615384 0.5689102564102565 135.8653846153846 45.28846153846154 1.1153846153846154 44.17307692307692 0.8883927999995649
350000 110.03846153846153 0.05181305852634662 74.59615384615384 0.5689102564102565 135.8653846153846 45.28846153846154 1.1153846153846154 44.17307692307692 0.8663746000092942
352000 110.03846153846153 0.05181305852634662 74.59615384615384 0.5689102564102565 135.8653846153846 45.28846153846154 1.1153846153846154 44.17307692307692 0.8436472000030335
354000 110.03846153846153 0.05181305852634662 74.59615384615384 0.5689102564102565 135.8653846153846 45.28846153846154 1.1153846153846154 44.17307692307692 0.8750265000126092
356000 110.11538461538461 0.0518888891496662 74.67307692307692 0.5689102564102565 135.8653846153846 45.28846153846154 1.1153846153846154 44.17307692307692 0.8829677999892738
358000 110.03846153846153 0.05181305852634662 74.59615384615384 0.5689102564102565 135.8653846153846 45.28846153846154 1.1153846153846154 44.17307692307692 0.8945858999941265
360000 110.03846153846153 0.05181305852634662 74.59615384615384 0.5689102564102565 135.8653846153846 45.28846153846154 1.1153846153846154 44.17307692307692 0.9423053000064101
362000 110.03846153846153 0.05181305852634662 74.59615384615384 0.5689102564102565 135.8653846153846 45.28846153846154 1.1153846153846154 44.17307692307692 0.855432500000461
364000 110.71153846153847 0.0526250153841245 74.92307692307692 0.5753205128205129 135.8653846153846 45.28846153846154 1.1153846153846154 44.17307692307692 0.965653300008853
366000 110.11538461538461 0.0518888891496662 74.67307692307692 0.5689102564102565 135.8653846153846 45.28846153846154 1.1153846153846154 44.17307692307692 0.8669294999999693
368000 110.59615384615384 0.052579127784920035 74.84615384615384 0.5753205128205129 135.8653846153846 45.28846153846154 1.1153846153846154 44.17307692307692 1.015199700006633
370000 110.59615384615384 0.052579127784920035 74.84615384615384 0.5753205128205129 135.8653846153846 45.28846153846154 1.1153846153846154 44.17307692307692 0.8971669999882579
372000 110.71153846153847 0.0526250153841245 74.92307692307692 0.5753205128205129 135.8653846153846 45.28846153846154 1.1153846153846154 44.17307692307692 0.8837664999882691
374000 110.71153846153847 0.0526250153841245 74.92307692307692 0.5753205128205129 135.8653846153846 45.28846153846154 1.1153846153846154 44.17307692307692 0.9882359000039287
376000 110.71153846153847 0.0526250153841245 74.92307692307692 0.5753205128205129 135.8653846153846 45.28846153846154 1.1153846153846154 44.17307692307692 0.8690739999874495
378000 110.71153846153847 0.0526250153841245 74.92307692307692 0.5753205128205129 135.8653846153846 45.28846153846154 1.1153846153846154 44.17307692307692 0.9397925000084797
380000 110.71153846153847 0.0526250153841245 74.92307692307692 0.5753205128205129 135.8653846153846 45.28846153846154 1.1153846153846154 44.17307692307692 0.8854976000002353
382000 110.71153846153847 0.0526250153841245 74.92307692307692 0.5753205128205129 135.8653846153846 45.28846153846154 1.1153846153846154 44.17307692307692 0.9441475000057835
384000 110.71153846153847 0.0526250153841245 74.92307692307692 0.5753205128205129 135.8653846153846 45.28846153846154 1.1153846153846154 44.17307692307692 0.8836876999994274
386000 110.71153846153847 0.0526250153841245 74.92307692307692 0.5753205128205129 135.8653846153846 45.28846153846154 1.1153846153846154 44.17307692307692 0.9190663999906974
388000 110.11538461538461 0.0518888891496662 74.67307692307692 0.5689102564102565 135.8653846153846 45.28846153846154 1.1153846153846154 44.17307692307692 0.991351599994232
390000 108.09615384615384 0.05093533187699021 74.76923076923077 0.5641025641025641 135.8653846153846 45.28846153846154 1.1153846153846154 44.17307692307692 0.8753077000001213
392000 110.59615384615384 0.052579127784920035 74.84615384615384 0.5753205128205129 135.8653846153846 45.28846153846154 1.1153846153846154 44.17307692307692 0.839883299995563
394000 110.59615384615384 0.052579127784920035 74.84615384615384 0.5753205128205129 135.8653846153846 45.28846153846154 1.1153846153846154 44.17307692307692 0.8957669000083115
396000 110.03846153846153 0.05181305852634662 74.59615384615384 0.5689102564102565 135.8653846153846 45.28846153846154 1.1153846153846154 44.17307692307692 0.8453844000032404
398000 110.03846153846153 0.05181305852634662 74.59615384615384 0.5689102564102565 135.8653846153846 45.28846153846154 1.1153846153846154 44.17307692307692 0.8705524999968475
400000 110.03846153846153 0.05181305852634662 74.59615384615384 0.5689102564102565 135.8653846153846 45.28846153846154 1.1153846153846154 44.17307692307692 0.8923493000038434
402000 110.11538461538461 0.0518888891496662 74.67307692307692 0.5689102564102565 135.8653846153846 45.28846153846154 1.1153846153846154 44.17307692307692 0.9337808999989647
404000 110.59615384615384 0.052579127784920035 74.84615384615384 0.5753205128205129 135.8653846153846 45.28846153846154 1.1153846153846154 44.17307692307692 0.8712728999962565
406000 110.59615384615384 0.052579127784920035 74.84615384615384 0.5753205128205129 135.8653846153846 45.28846153846154 1.1153846153846154 44.17307692307692 0.8753641999937827
408000 110.59615384615384 0.052579127784920035 74.84615384615384 0.5753205128205129 135.8653846153846 45.28846153846154 1.1153846153846154 44.17307692307692 0.9221328999992693
410000 110.11538461538461 0.0518888891496662 74.67307692307692 0.5689102564102565 135.8653846153846 45.28846153846154 1.1153846153846154 44.17307692307692 0.8787937000015518
412000 110.03846153846153 0.05181305852634662 74.59615384615384 0.5689102564102565 135.8653846153846 45.28846153846154 1.1153846153846154 44.17307692307692 0.9772946999873966
414000 110.03846153846153 0.05181305852634662 74.59615384615384 0.5689102564102565 135.8653846153846 45.28846153846154 1.1153846153846154 44.17307692307692 0.8944677999970736
416000 110.76923076923077 0.05263957382520707 74.75 0.5753205128205129 135.8653846153846 45.28846153846154 1.1153846153846154 44.17307692307692 0.8532514999969862
418000 110.76923076923077 0.05263957382520707 74.75 0.5753205128205129 135.8653846153846 45.28846153846154 1.1153846153846154 44.17307692307692 0.9437916000024416
420000 110.11538461538461 0.0518888891496662 74.67307692307692 0.5689102564102565 135.8653846153846 45.28846153846154 1.1153846153846154 44.17307692307692 0.8587658000033116
422000 110.11538461538461 0.0518888891496662 74.67307692307692 0.5689102564102565 135.8653846153846 45.28846153846154 1.1153846153846154 44.17307692307692 0.8676005000015721
424000 110.59615384615384 0.052579127784920035 74.84615384615384 0.5753205128205129 135.8653846153846 45.28846153846154 1.1153846153846154 44.17307692307692 0.8909547999937786
426000 110.71153846153847 0.0526250153841245 74.92307692307692 0.5753205128205129 135.8653846153846 45.28846153846154 1.1153846153846154 44.17307692307692 0.8706059999967692
428000 110.71153846153847 0.0526250153841245 74.92307692307692 0.5753205128205129 135.8653846153846 45.28846153846154 1.1153846153846154 44.17307692307692 0.9270886000012979
430000 110.76923076923077 0.05263957382520707 74.75 0.5753205128205129 135.8653846153846 45.28846153846154 1.1153846153846154 44.17307692307692 0.8474617999891052
432000 110.76923076923077 0.05263957382520707 74.75 0.5753205128205129 135.8653846153846 45.28846153846154 1.1153846153846154 44.17307692307692 1.006086099994718
434000 110.76923076923077 0.05263957382520707 74.75 0.5753205128205129 135.8653846153846 45.28846153846154 1.1153846153846154 44.17307692307692 0.8729361000005156
436000 110.59615384615384 0.052579127784920035 74.84615384615384 0.5753205128205129 135.8653846153846 45.28846153846154 1.1153846153846154 44.17307692307692 0.8649439000000712
438000 110.71153846153847 0.0526250153841245 74.92307692307692 0.5753205128205129 135.8653846153846 45.28846153846154 1.1153846153846154 44.17307692307692 0.9210276999947382
440000 110.71153846153847 0.0526250153841245 74.92307692307692 0.5753205128205129 135.8653846153846 45.28846153846154 1.1153846153846154 44.17307692307692 0.8673863999865716
442000 110.71153846153847 0.0526250153841245 74.92307692307692 0.5753205128205129 135.8653846153846 45.28846153846154 1.1153846153846154 44.17307692307692 0.9706020000012359
444000 110.11538461538461 0.0518888891496662 74.67307692307692 0.5689102564102565 135.8653846153846 45.28846153846154 1.1153846153846154 44.17307692307692 0.9165619999985211
446000 110.11538461538461 0.0518888891496662 74.67307692307692 0.5689102564102565 135.8653846153846 45.28846153846154 1.1153846153846154 44.17307692307692 0.8915427999891108
448000 110.76923076923077 0.05263957382520707 74.75 0.5753205128205129 135.8653846153846 45.28846153846154 1.1153846153846154 44.17307692307692 0.8762868999911007
450000 110.76923076923077 0.05263957382520707 74.75 0.5753205128205129 135.8653846153846 45.28846153846154 1.1153846153846154 44.17307692307692 0.8791809999966063
452000 110.76923076923077 0.05263957382520707 74.75 0.5753205128205129 135.8653846153846 45.28846153846154 1.1153846153846154 44.17307692307692 0.8050515000068117
454000 110.76923076923077 0.05263957382520707 74.75 0.5753205128205129 135.8653846153846 45.28846153846154 1.1153846153846154 44.17307692307692 0.5314276999997674
456000 110.11538461538461 0.0518888891496662 74.67307692307692 0.5689102564102565 135.8653846153846 45.28846153846154 1.1153846153846154 44.17307692307692 0.6639924000046449
458000 110.76923076923077 0.05263957382520707 74.75 0.5753205128205129 135.8653846153846 45.28846153846154 1.1153846153846154 44.17307692307692 0.5371652999892831
460000 110.11538461538461 0.0518888891496662 74.67307692307692 0.5689102564102565 135.8653846153846 45.28846153846154 1.1153846153846154 44.17307692307692 0.5398663000087254
462000 110.11538461538461 0.0518888891496662 74.67307692307692 0.5689102564102565 135.8653846153846 45.28846153846154 1.1153846153846154 44.17307692307692 0.5356384000042453
464000 110.76923076923077 0.05263957382520707 74.75 0.5753205128205129 135.8653846153846 45.28846153846154 1.1153846153846154 44.17307692307692 0.6119406999932835
466000 110.76923076923077 0.05263957382520707 74.75 0.5753205128205129 135.8653846153846 45.28846153846154 1.1153846153846154 44.17307692307692 0.5770980999950552
468000 110.76923076923077 0.05263957382520707 74.75 0.5753205128205129 135.8653846153846 45.28846153846154 1.1153846153846154 44.17307692307692 0.8581217000028118
470000 110.76923076923077 0.05263957382520707 74.75 0.5753205128205129 135.8653846153846 45.28846153846154 1.1153846153846154 44.17307692307692 0.8806919000053313
472000 110.76923076923077 0.05263957382520707 74.75 0.5753205128205129 135.8653846153846 45.28846153846154 1.1153846153846154 44.17307692307692 0.8788380000041798
474000 110.76923076923077 0.05263957382520707 74.75 0.5753205128205129 135.8653846153846 45.28846153846154 1.1153846153846154 44.17307692307692 0.9492922000063118
476000 110.11538461538461 0.0518888891496662 74.67307692307692 0.5689102564102565 135.8653846153846 45.28846153846154 1.1153846153846154 44.17307692307692 0.9581693999934942
478000 110.76923076923077 0.05263957382520707 74.75 0.5753205128205129 135.8653846153846 45.28846153846154 1.1153846153846154 44.17307692307692 0.8796391999931075
480000 110.76923076923077 0.05263957382520707 74.75 0.5753205128205129 135.8653846153846 45.28846153846154 1.1153846153846154 44.17307692307692 0.9374835000053281
482000 110.76923076923077 0.05263957382520707 74.75 0.5753205128205129 135.8653846153846 45.28846153846154 1.1153846153846154 44.17307692307692 0.9411231999984011
484000 110.59615384615384 0.052579127784920035 74.84615384615384 0.5753205128205129 135.8653846153846 45.28846153846154 1.1153846153846154 44.17307692307692 0.925761100006639
486000 110.71153846153847 0.0526250153841245 74.92307692307692 0.5753205128205129 135.8653846153846 45.28846153846154 1.1153846153846154 44.17307692307692 0.8758311999990838
488000 110.71153846153847 0.0526250153841245 74.92307692307692 0.5753205128205129 135.8653846153846 45.28846153846154 1.1153846153846154 44.17307692307692 0.9126529000059236
490000 110.71153846153847 0.0526250153841245 74.92307692307692 0.5753205128205129 135.8653846153846 45.28846153846154 1.1153846153846154 44.17307692307692 0.9043960999988485
492000 110.71153846153847 0.0526250153841245 74.92307692307692 0.5753205128205129 135.8653846153846 45.28846153846154 1.1153846153846154 44.17307692307692 0.9378331000043545
494000 110.71153846153847 0.0526250153841245 74.92307692307692 0.5753205128205129 135.8653846153846 45.28846153846154 1.1153846153846154 44.17307692307692 0.8979633999988437
496000 110.71153846153847 0.0526250153841245 74.92307692307692 0.5753205128205129 135.8653846153846 45.28846153846154 1.1153846153846154 44.17307692307692 0.8568962999997893
498000 110.71153846153847 0.0526250153841245 74.92307692307692 0.5753205128205129 135.8653846153846 45.28846153846154 1.1153846153846154 44.17307692307692 0.9107282000040868
500000 110.71153846153847 0.0526250153841245 74.92307692307692 0.5753205128205129 135.8653846153846 45.28846153846154 1.1153846153846154 44.17307692307692 0.9114696000033291
