2000 2.8461538461538463 -0.01885780007362853 36.31147871153846 0.14423076923076922 45.301282057692305 45.30769230769231 3.519230769230769 41.78846153846154 1.5195609999937005
4000 5.211538461538462 -0.05690533353700195 33.35279076923078 0.23397435897435898 45.301282057692305 45.30769230769231 3.269230769230769 42.03846153846154 1.5977336000069045
6000 2.1538461538461537 0.0004904361292347847 35.31536440384615 0.14583333333333334 45.301282057692305 45.30769230769231 2.673076923076923 42.63461538461539 1.9639446000219323
8000 2.269230769230769 0.0006226087663925738 34.96285346153846 0.2019230769230769 45.301282057692305 45.30769230769231 2.6346153846153846 42.67307692307692 3.075053400010802
10000 1.3076923076923077 0.00016470988652298404 35.96035342307692 0.1201923076923077 45.301282057692305 45.30769230769231 2.6346153846153846 42.67307692307692 2.8200829999987036
12000 2.2115384615384617 0.0005461223841187534 35.719789692307685 0.16987179487179485 45.301282057692305 45.30769230769231 2.6346153846153846 42.67307692307692 2.8669709999812767
14000 1.5192307692307692 0.0002685092783161985 36.28193401923077 0.11378205128205127 45.301282057692305 45.30769230769231 2.6346153846153846 42.67307692307692 3.0858482000185177
16000 2.0576923076923075 0.0004934991364070583 36.028984692307695 0.16666666666666663 45.301282057692305 45.30769230769231 2.6346153846153846 42.67307692307692 2.5775353999924846
18000 3.980769230769231 0.001376711861315444 34.47362409615386 0.2003205128205128 45.301282057692305 45.30769230769231 2.923076923076923 42.38461538461539 2.6377013999735937
20000 2.673076923076923 0.0006502897868832078 34.92535165384614 0.2099358974358974 45.301282057692305 45.30769230769231 2.6346153846153846 42.67307692307692 2.607796700031031
22000 1.6346153846153846 0.0003197563622308827 35.852237865384616 0.1185897435897436 45.301282057692305 45.30769230769231 2.6346153846153846 42.67307692307692 2.7000041999854147
24000 10.615384615384615 -0.112284060681579 32.92384280769231 0.2564102564102564 45.301282057692305 45.30769230769231 3.173076923076923 42.13461538461539 2.566052899986971
26000 6.076923076923077 -0.05654770179901926 35.13816190384617 0.19230769230769232 45.301282057692305 45.30769230769231 2.7115384615384617 42.59615384615385 2.579559500038158
28000 7.6923076923076925 0.0018229963736064345 33.487690673076926 0.1907051282051282 45.301282057692305 45.30769230769231 2.673076923076923 42.63461538461539 2.5734671000391245
30000 6.826923076923077 0.0015045995494414178 33.95457065384615 0.18108974358974358 45.301282057692305 45.30769230769231 2.6346153846153846 42.67307692307692 2.5936836000182666
32000 3.9615384615384617 0.0008449992605166561 34.68396738461538 0.17948717948717946 45.301282057692305 45.30769230769231 2.6346153846153846 42.67307692307692 2.6339024999761023
34000 2.75 0.0003721737130789711 35.753141846153866 0.13942307692307693 45.301282057692305 45.30769230769231 3.0384615384615383 42.26923076923077 2.7341790999635123
36000 3.0384615384615383 0.0004123843056697482 35.592529634615374 0.14583333333333334 45.301282057692305 45.30769230769231 3.230769230769231 42.07692307692308 3.103493799979333
38000 3.0576923076923075 0.0005013006943048756 35.743170596153846 0.15865384615384615 45.301282057692305 45.30769230769231 3.0384615384615383 42.26923076923077 2.670883600017987
40000 20.51923076923077 -0.0155478893259752 33.37738603846153 0.17307692307692307 45.301282057692305 45.30769230769231 3.3461538461538463 41.96153846153846 2.571853800036479
42000 4.230769230769231 0.0008663525955024728 34.761579769230764 0.17948717948717946 45.301282057692305 45.30769230769231 3.9038461538461537 41.40384615384615 2.889984200010076
44000 3.480769230769231 0.0007391000107732534 34.91702861538461 0.15544871794871795 45.301282057692305 45.30769230769231 3.769230769230769 41.53846153846154 2.7654892000136897
46000 3.269230769230769 0.000455525144370107 34.924084057692305 0.19551282051282054 45.301282057692305 45.30769230769231 3.076923076923077 42.23076923076923 2.809273299993947
48000 3.1153846153846154 0.0005547842124151971 34.511691346153846 0.20993589743589747 45.301282057692305 45.30769230769231 3.0384615384615383 42.26923076923077 2.64972599997418
50000 10.057692307692308 0.0034748031348644606 32.27981380769231 0.17467948717948717 45.301282057692305 45.30769230769231 3.3076923076923075 42.0 2.791948300029617
52000 3.1346153846153846 0.0005225108045298552 35.54370203846153 0.1378205128205128 45.301282057692305 45.30769230769231 3.269230769230769 42.03846153846154 2.700106800009962
54000 3.7884615384615383 0.0006231415144764071 34.705560769230765 0.19391025641025642 45.301282057692305 45.30769230769231 3.326923076923077 41.98076923076923 2.8008633999852464
56000 8.461538461538462 -0.01722405574759236 34.52773951923077 0.16185897435897434 45.301282057692305 45.30769230769231 3.2884615384615383 42.01923076923077 2.6603146999841556
58000 3.2115384615384617 0.0008915350402275574 35.482461096153855 0.13782051282051283 45.301282057692305 45.30769230769231 3.1923076923076925 42.11538461538461 2.63522399996873
60000 3.3653846153846154 0.00038933857785447936 34.94976359615385 0.1778846153846154 45.301282057692305 45.30769230769231 2.9038461538461537 42.40384615384615 2.668133399973158
62000 4.019230769230769 0.0006316719346137581 34.7873705 0.13942307692307693 45.301282057692305 45.30769230769231 2.980769230769231 42.32692307692308 2.8732585000107065
64000 10.134615384615385 -0.036346578344341914 33.39144657692307 0.16826923076923078 45.301282057692305 45.30769230769231 3.6346153846153846 41.67307692307692 2.7097430000430904
66000 11.73076923076923 -0.8064393053098977 32.044995769230766 0.25000000000000006 45.301282057692305 45.30769230769231 3.4423076923076925 41.86538461538461 2.430701399978716
68000 9.826923076923077 -0.7689790189002512 32.4958505576923 0.21474358974358976 45.301282057692305 45.30769230769231 3.423076923076923 41.88461538461539 2.1336900999885984
70000 12.384615384615385 -0.8455087582204899 32.005465923076926 0.266025641025641 45.301282057692305 45.30769230769231 3.5384615384615383 41.76923076923077 2.1604686999926344
72000 10.307692307692308 -0.6338725175172224 33.35760305769231 0.20993589743589747 45.301282057692305 45.30769230769231 3.4038461538461537 41.90384615384615 2.117635699978564
74000 10.5 -0.5761089619905778 33.65995373076924 0.18269230769230774 45.301282057692305 45.30769230769231 3.5576923076923075 41.75 2.5758050000295043
76000 17.48076923076923 -0.20926680312004875 33.20946488461538 0.17948717948717946 45.301282057692305 45.30769230769231 5.461538461538462 39.84615384615385 2.5916264999541454
78000 23.0 -0.301997235091343 31.257067653846157 0.30448717948717946 45.301282057692305 45.30769230769231 3.3653846153846154 41.94230769230769 2.5110859000124037
80000 10.01923076923077 -0.5567749501388722 33.036449250000004 0.23237179487179488 45.301282057692305 45.30769230769231 3.4423076923076925 41.86538461538461 2.671059900021646
82000 10.26923076923077 -0.6529385986026548 32.720209692307684 0.20673076923076927 45.301282057692305 45.30769230769231 3.5961538461538463 41.71153846153846 2.0928094999981113
84000 10.288461538461538 -0.7688146855129238 32.31743186538461 0.2259615384615385 45.301282057692305 45.30769230769231 3.6923076923076925 41.61538461538461 1.9933650000020862
86000 21.826923076923077 -0.18561051397744244 31.538050942307684 0.26282051282051283 45.301282057692305 45.30769230769231 3.5961538461538463 41.71153846153846 2.8411859999760054
88000 23.73076923076923 -0.18546499452397877 31.136875423076923 0.26282051282051283 45.301282057692305 45.30769230769231 3.4038461538461537 41.90384615384615 2.687192599987611
90000 25.807692307692307 -0.7678485793348998 30.780572019230775 0.2900641025641026 45.301282057692305 45.30769230769231 3.480769230769231 41.82692307692308 2.620132200012449
92000 31.346153846153847 0.00838763899825058 29.277537692307696 0.30288461538461536 45.301282057692305 45.30769230769231 2.6346153846153846 42.67307692307692 2.8003652000334114
94000 33.32692307692308 0.011953821622624667 29.395955461538463 0.3605769230769231 45.301282057692305 45.30769230769231 3.2884615384615383 42.01923076923077 2.6955829999642447
96000 26.96153846153846 -0.12636091144298034 30.834512615384618 0.30608974358974356 45.301282057692305 45.30769230769231 3.1923076923076925 42.11538461538461 2.6655355999828316
98000 33.48076923076923 0.012050972317408783 29.339331519230768 0.3701923076923077 45.301282057692305 45.30769230769231 3.2884615384615383 42.01923076923077 2.619596200005617
100000 17.78846153846154 0.00460266006978017 30.462364288461536 0.3173076923076923 45.301282057692305 45.30769230769231 2.75 42.55769230769231 2.7325390999903902
102000 26.865384615384617 0.008571307732530665 29.911944480769233 0.3493589743589744 45.301282057692305 45.30769230769231 2.9615384615384617 42.34615384615385 2.7920483999769203
104000 28.98076923076923 0.010485695693205717 29.8382629423077 0.36698717948717946 45.301282057692305 45.30769230769231 3.1153846153846154 42.19230769230769 2.727220300002955
106000 36.30769230769231 0.01277197663718535 29.02736538461539 0.3894230769230769 45.301282057692305 45.30769230769231 3.230769230769231 42.07692307692308 2.802587800018955
108000 31.21153846153846 0.010536092079166112 29.142922269230766 0.3349358974358974 45.301282057692305 45.30769230769231 2.6346153846153846 42.67307692307692 2.6597228000173345
110000 27.807692307692307 0.010532819778714038 29.45061476923077 0.3397435897435897 45.301282057692305 45.30769230769231 2.6346153846153846 42.67307692307692 2.750958000018727
112000 35.80769230769231 0.012617015493321553 28.681383634615386 0.3637820512820512 45.301282057692305 45.30769230769231 2.6923076923076925 42.61538461538461 2.6923283000360243
114000 26.98076923076923 0.008798168138862682 29.501897057692307 0.3397435897435897 45.301282057692305 45.30769230769231 2.6346153846153846 42.67307692307692 2.7068692999891937
116000 38.53846153846154 0.012857236889728495 28.27753726923077 0.3798076923076923 45.301282057692305 45.30769230769231 2.6538461538461537 42.65384615384615 2.6203721999772824
118000 32.55769230769231 0.010466967760134453 29.0980505 0.3557692307692308 45.301282057692305 45.30769230769231 2.6538461538461537 42.65384615384615 2.8455784000107087
120000 29.903846153846153 0.009174159321626543 29.50830721153846 0.3317307692307692 45.301282057692305 45.30769230769231 2.6538461538461537 42.65384615384615 2.7328556000138633
122000 37.94230769230769 0.012507810979975876 28.85052976923076 0.3605769230769231 45.301282057692305 45.30769230769231 3.1346153846153846 42.17307692307692 2.7012784999678843
124000 48.32692307692308 -0.0020940397530882617 27.620207326923076 0.453525641025641 45.301282057692305 45.30769230769231 3.480769230769231 41.82692307692308 2.6926088000182062
126000 39.92307692307692 -0.23837833245078138 28.503861884615375 0.3926282051282052 45.301282057692305 45.30769230769231 3.6538461538461537 41.65384615384615 2.573156400001608
128000 46.34615384615385 0.01710204287054858 27.923092096153844 0.4262820512820512 45.301282057692305 45.30769230769231 3.75 41.55769230769231 2.7608197999652475
130000 40.28846153846154 -0.10287473817875455 28.6682843076923 0.4022435897435897 45.301282057692305 45.30769230769231 3.3461538461538463 41.96153846153846 2.890543199959211
132000 33.38461538461539 -0.16251794796798005 29.065623288461534 0.35416666666666663 45.301282057692305 45.30769230769231 3.230769230769231 42.07692307692308 2.7962825000286102
134000 23.71153846153846 -0.5751177938259506 29.717536961538464 0.35096153846153844 45.301282057692305 45.30769230769231 3.3076923076923075 42.0 2.6830112000461668
136000 27.03846153846154 -0.6114414356878005 29.147024019230766 0.3958333333333333 45.301282057692305 45.30769230769231 3.576923076923077 41.73076923076923 2.710259399958886
138000 27.46153846153846 -0.6114484209500316 28.909844249999992 0.4038461538461538 45.301282057692305 45.30769230769231 3.3653846153846154 41.94230769230769 2.780898700002581
140000 16.096153846153847 -0.6133489902070977 31.486234538461538 0.2419871794871795 45.301282057692305 45.30769230769231 3.3653846153846154 41.94230769230769 2.532225400034804
142000 15.903846153846153 -0.6134622320363117 31.16839267307693 0.2419871794871795 45.301282057692305 45.30769230769231 3.576923076923077 41.73076923076923 2.3283486000145786
144000 15.192307692307692 -0.6125061994215399 31.782174980769238 0.2419871794871795 45.301282057692305 45.30769230769231 3.6538461538461537 41.65384615384615 2.142038899997715
146000 21.442307692307693 -0.6122397727850285 30.789653365384616 0.3333333333333333 45.301282057692305 45.30769230769231 3.7115384615384617 41.59615384615385 2.6412246000254527
148000 15.634615384615385 -0.6312547487374249 31.605893057692306 0.2548076923076923 45.301282057692305 45.30769230769231 3.730769230769231 41.57692307692308 2.1504365999717265
150000 22.884615384615383 -0.5738882199374543 30.190828115384612 0.33653846153846156 45.301282057692305 45.30769230769231 3.6538461538461537 41.65384615384615 2.5424620999838226
152000 21.807692307692307 -0.5168146105699415 30.31155442307692 0.33653846153846156 45.301282057692305 45.30769230769231 3.480769230769231 41.82692307692308 2.5410642999922857
154000 25.28846153846154 -0.4378304292169301 29.849481480769235 0.3317307692307692 45.301282057692305 45.30769230769231 3.519230769230769 41.78846153846154 2.5563570000231266
156000 44.88461538461539 -0.06653621236574771 27.195710903846155 0.4583333333333333 45.301282057692305 45.30769230769231 3.8653846153846154 41.44230769230769 2.8613182999542914
158000 63.76923076923077 -0.17279746864508994 26.289125596153845 0.45673076923076916 45.301282057692305 45.30769230769231 3.2884615384615383 42.01923076923077 2.884437400032766
160000 21.096153846153847 -0.03132640731755255 30.098399750000006 0.3685897435897436 45.301282057692305 45.30769230769231 3.4038461538461537 41.90384615384615 2.6658237000228837
162000 29.365384615384617 -0.12552988560970274 28.43495053846154 0.3798076923076923 45.301282057692305 45.30769230769231 3.3653846153846154 41.94230769230769 2.7501657000393607
164000 56.61538461538461 -0.05022096391718352 25.697961557692302 0.5032051282051281 45.301282057692305 45.30769230769231 3.1346153846153846 42.17307692307692 2.646796299959533
166000 76.65384615384616 0.02623144132596698 24.92488442307692 0.5096153846153845 45.301282057692305 45.30769230769231 3.173076923076923 42.13461538461539 2.855010700004641
168000 65.59615384615384 -0.09068858979698083 25.73044042307692 0.48397435897435886 45.301282057692305 45.30769230769231 2.9615384615384617 42.34615384615385 2.618634500016924
170000 69.5576923076923 -0.0909244444415729 25.384591769230767 0.4983974358974358 45.301282057692305 45.30769230769231 3.1346153846153846 42.17307692307692 2.781980699975975
172000 32.61538461538461 -0.1638697341787677 27.812086980769227 0.3926282051282052 45.301282057692305 45.30769230769231 3.3653846153846154 41.94230769230769 2.552542099962011
174000 72.90384615384616 -0.01504676993012104 24.988651403846145 0.4983974358974358 45.301282057692305 45.30769230769231 3.019230769230769 42.28846153846154 2.8760366999777034
176000 81.4423076923077 0.02471795516277344 24.651837826923074 0.519230769230769 45.301282057692305 45.30769230769231 2.9038461538461537 42.40384615384615 2.913803100003861
178000 70.78846153846153 0.01878099490361609 24.754138096153838 0.5048076923076922 45.301282057692305 45.30769230769231 2.6923076923076925 42.61538461538461 2.788931900053285
180000 69.13461538461539 0.018072229802826967 24.773368769230764 0.49519230769230754 45.301282057692305 45.30769230769231 2.6538461538461537 42.65384615384615 2.609918000001926
182000 74.03846153846153 0.019829591691559248 24.687483423076916 0.5048076923076922 45.301282057692305 45.30769230769231 2.8846153846153846 42.42307692307692 2.7496585000189953
184000 74.59615384615384 0.02286642081873498 24.598368942307687 0.5144230769230768 45.301282057692305 45.30769230769231 3.230769230769231 42.07692307692308 2.7003989000222646
186000 74.59615384615384 0.02286642081873498 24.598368942307687 0.5144230769230768 45.301282057692305 45.30769230769231 3.230769230769231 42.07692307692308 2.7061725999810733
188000 103.59615384615384 0.038290359131627184 24.368656326923073 0.5080128205128204 45.301282057692305 45.30769230769231 4.730769230769231 40.57692307692308 2.7159883999847807
190000 99.0576923076923 -0.12255388838433975 24.542089903846154 0.49999999999999994 45.301282057692305 45.30769230769231 5.134615384615385 40.17307692307692 2.698555299954023
192000 105.38461538461539 -0.02018037717024997 24.240985653846153 0.5064102564102563 45.301282057692305 45.30769230769231 4.980769230769231 40.32692307692308 2.7843491999665275
194000 109.76923076923077 0.0011462239435371805 24.142445615384613 0.5224358974358974 45.301282057692305 45.30769230769231 4.826923076923077 40.48076923076923 2.8798352000303566
196000 104.78846153846153 -0.06102309625917356 24.238848942307694 0.5128205128205128 45.301282057692305 45.30769230769231 4.980769230769231 40.32692307692308 2.6618989999988116
198000 123.42307692307692 -0.11407304875529928 23.74289353846153 0.5368589743589742 45.301282057692305 45.30769230769231 5.461538461538462 39.84615384615385 2.663015900005121
200000 140.01923076923077 -0.06850166178850055 23.69954424999999 0.548076923076923 45.301282057692305 45.30769230769231 5.865384615384615 39.44230769230769 3.100872300041374
202000 152.3653846153846 -0.10428470593749858 23.136509846153842 0.5657051282051282 45.301282057692305 45.30769230769231 5.826923076923077 39.48076923076923 2.6448852999601513
204000 158.03846153846155 -0.1023613146820128 23.061291249999993 0.5608974358974359 45.301282057692305 45.30769230769231 5.865384615384615 39.44230769230769 2.729993100045249
206000 160.1153846153846 -0.10155999202929787 23.0131430576923 0.5496794871794871 45.301282057692305 45.30769230769231 6.076923076923077 39.23076923076923 2.6618467000080273
208000 169.51923076923077 -0.05886684197563937 22.77952474999999 0.5496794871794871 45.301282057692305 45.30769230769231 6.0576923076923075 39.25 2.6922655000234954
210000 179.78846153846155 -0.0520855695044785 22.613926384615375 0.5432692307692307 45.301282057692305 45.30769230769231 6.038461538461538 39.26923076923077 2.960390299966093
212000 179.01923076923077 -0.02969667333894204 22.506732596153842 0.5432692307692307 45.301282057692305 45.30769230769231 6.0 39.30769230769231 2.806387100019492
214000 189.15384615384616 0.014461974826363907 22.376817999999993 0.5592948717948717 45.301282057692305 45.30769230769231 6.0 39.30769230769231 2.7782216999912634
216000 186.78846153846155 0.012755143631752536 22.47047894230769 0.5592948717948717 45.301282057692305 45.30769230769231 6.0 39.30769230769231 2.6281178999925032
218000 201.03846153846155 0.07343339690786406 22.27923940384615 0.5689102564102563 45.301282057692305 45.30769230769231 5.846153846153846 39.46153846153846 2.7481065000174567
220000 207.53846153846155 0.07817699431836188 22.130841865384614 0.5737179487179487 45.301282057692305 45.30769230769231 5.6923076923076925 39.61538461538461 2.748946000006981
222000 208.3846153846154 0.07742112723226172 22.04657986538461 0.5560897435897435 45.301282057692305 45.30769230769231 5.5 39.80769230769231 2.647266199986916
224000 236.6346153846154 0.08497257492360231 21.83993803846153 0.5624999999999999 45.301282057692305 45.30769230769231 5.653846153846154 39.65384615384615 2.7441613000119105
226000 233.92307692307693 0.08234855314643062 21.790080423076915 0.5624999999999999 45.301282057692305 45.30769230769231 5.615384615384615 39.69230769230769 2.791767000046093
228000 247.80769230769232 0.09392552115509602 21.599731634615374 0.5560897435897435 45.301282057692305 45.30769230769231 5.846153846153846 39.46153846153846 2.9198034000000916
230000 261.13461538461536 0.04469472413877637 21.809955288461524 0.5721153846153846 45.301282057692305 45.30769230769231 5.961538461538462 39.34615384615385 2.6365482000401244
232000 302.46153846153845 0.08550305721084893 21.844410634615375 0.5977564102564102 45.301282057692305 45.30769230769231 7.269230769230769 38.03846153846154 2.8048014999949373
234000 316.40384615384613 0.13564253771429868 21.62842049999999 0.6169871794871794 45.301282057692305 45.30769230769231 7.673076923076923 37.63461538461539 3.1337653000373393
236000 313.0769230769231 0.1373190988048634 21.72616161538461 0.6105769230769231 45.301282057692305 45.30769230769231 8.211538461538462 37.09615384615385 2.6547955999849364
238000 334.9230769230769 0.14491498273832865 21.584423769230764 0.6137820512820513 45.301282057692305 45.30769230769231 8.788461538461538 36.51923076923077 2.7456791999866255
240000 343.7307692307692 0.14738234596326427 21.52566328846153 0.6041666666666666 45.301282057692305 45.30769230769231 9.711538461538462 35.59615384615385 2.6718046000460163
242000 362.09615384615387 0.15214910126117032 21.368611846153847 0.5993589743589743 45.301282057692305 45.30769230769231 9.711538461538462 35.59615384615385 2.6879224000149406
244000 362.6730769230769 0.15496537119492876 21.350271365384614 0.5993589743589743 45.301282057692305 45.30769230769231 9.846153846153847 35.46153846153846 2.761735600011889
246000 362.6730769230769 0.15496537119492876 21.350271365384614 0.5993589743589743 45.301282057692305 45.30769230769231 9.846153846153847 35.46153846153846 2.707194500020705
248000 366.5769230769231 0.1541649137826757 21.287415192307687 0.5993589743589743 45.301282057692305 45.30769230769231 9.711538461538462 35.59615384615385 2.926503299968317
250000 377.65384615384613 0.15578420794542105 21.146745499999994 0.6009615384615384 45.301282057692305 45.30769230769231 9.5 35.80769230769231 2.6593325000139885
252000 373.75 0.14659717883373063 21.172742538461534 0.5961538461538461 45.301282057692305 45.30769230769231 9.5 35.80769230769231 2.614229900005739
254000 374.59615384615387 0.14577199966644214 21.126090057692302 0.5961538461538461 45.301282057692305 45.30769230769231 9.711538461538462 35.59615384615385 2.6688393999938853
256000 380.21153846153845 0.1491179727221181 21.10240767307692 0.6057692307692307 45.301282057692305 45.30769230769231 9.846153846153847 35.46153846153846 2.958307499997318
258000 380.21153846153845 0.1491179727221181 21.10240767307692 0.6057692307692307 45.301282057692305 45.30769230769231 9.846153846153847 35.46153846153846 2.7687869999790564
260000 378.8269230769231 0.14558429073397663 21.11736494230769 0.6009615384615384 45.301282057692305 45.30769230769231 9.846153846153847 35.46153846153846 2.782018300029449
262000 378.8269230769231 0.14558429073397663 21.11736494230769 0.6009615384615384 45.301282057692305 45.30769230769231 9.846153846153847 35.46153846153846 2.782067399995867
264000 372.53846153846155 0.13705694045315958 21.114159730769227 0.6009615384615384 45.301282057692305 45.30769230769231 9.846153846153847 35.46153846153846 2.744980699964799
266000 378.13461538461536 0.14794017053990333 21.070890442307693 0.5961538461538461 45.301282057692305 45.30769230769231 9.846153846153847 35.46153846153846 2.665975400013849
268000 383.84615384615387 0.15601081748887874 21.04898875 0.6057692307692307 45.301282057692305 45.30769230769231 9.846153846153847 35.46153846153846 2.7535194999654777
270000 383.84615384615387 0.148195491110317 21.04898875 0.6057692307692307 45.301282057692305 45.30769230769231 9.846153846153847 35.46153846153846 2.6719078999594785
272000 384.0576923076923 0.14625400635611807 21.056467403846153 0.6057692307692307 45.301282057692305 45.30769230769231 9.846153846153847 35.46153846153846 2.870462199964095
274000 383.78846153846155 0.14702737451801326 21.06394605769231 0.6057692307692307 45.301282057692305 45.30769230769231 9.846153846153847 35.46153846153846 2.685560900019482
276000 382.0769230769231 0.14873515624809494 21.066082807692307 0.6057692307692307 45.301282057692305 45.30769230769231 9.846153846153847 35.46153846153846 2.709226899954956
278000 382.3076923076923 0.15015717162399808 21.066260903846153 0.6057692307692307 45.301282057692305 45.30769230769231 9.711538461538462 35.59615384615385 2.7125373000162654
280000 383.71153846153845 0.14547567855996754 21.041510096153846 0.6057692307692307 45.301282057692305 45.30769230769231 9.846153846153847 35.46153846153846 2.770275800023228
282000 383.34615384615387 0.15121149906651563 21.02815534615385 0.5961538461538461 45.301282057692305 45.30769230769231 9.846153846153847 35.46153846153846 2.6995472999988124
284000 383.34615384615387 0.14414282190019162 21.02815534615385 0.5961538461538461 45.301282057692305 45.30769230769231 9.846153846153847 35.46153846153846 2.6039395999978296
286000 383.0576923076923 0.1457950958787981 21.03029209615385 0.5961538461538461 45.301282057692305 45.30769230769231 9.846153846153847 35.46153846153846 2.692598099994939
288000 384.7692307692308 0.15292008056762968 21.02655278846154 0.6057692307692307 45.301282057692305 45.30769230769231 9.846153846153847 35.46153846153846 2.6735575000056997
290000 384.7692307692308 0.1464884627476915 21.02655278846154 0.6057692307692307 45.301282057692305 45.30769230769231 9.846153846153847 35.46153846153846 2.8313625000300817
292000 382.96153846153845 0.14686801799192592 21.03777075 0.6057692307692307 45.301282057692305 45.30769230769231 9.846153846153847 35.46153846153846 2.7903373999870382
294000 384.7692307692308 0.14510475418906793 21.02655278846154 0.6057692307692307 45.301282057692305 45.30769230769231 9.846153846153847 35.46153846153846 2.6728067999938503
296000 384.7692307692308 0.14510475418906793 21.02655278846154 0.6057692307692307 45.301282057692305 45.30769230769231 9.846153846153847 35.46153846153846 2.78348530002404
298000 385.1923076923077 0.14617229276081087 21.031894692307695 0.6057692307692307 45.301282057692305 45.30769230769231 9.846153846153847 35.46153846153846 2.6179892999934964
300000 383.6923076923077 0.14593858973669363 21.041510096153846 0.6057692307692307 45.301282057692305 45.30769230769231 9.846153846153847 35.46153846153846 2.6548291000071913
302000 384.7692307692308 0.14712394645201227 21.02655278846154 0.6057692307692307 45.301282057692305 45.30769230769231 9.846153846153847 35.46153846153846 2.667885800008662
304000 384.7692307692308 0.14712394645201227 21.02655278846154 0.6057692307692307 45.301282057692305 45.30769230769231 9.846153846153847 35.46153846153846 2.7722005999530666
306000 382.8269230769231 0.14616739770452084 21.03029209615385 0.6057692307692307 45.301282057692305 45.30769230769231 9.846153846153847 35.46153846153846 2.7258462000172585
308000 385.0576923076923 0.14547167247340576 21.024416038461542 0.6057692307692307 45.301282057692305 45.30769230769231 9.846153846153847 35.46153846153846 2.7351260000141338
310000 385.0576923076923 0.14547167247340576 21.024416038461542 0.6057692307692307 45.301282057692305 45.30769230769231 9.846153846153847 35.46153846153846 2.6119538000202738
312000 383.34615384615387 0.14414282190019162 21.02815534615385 0.5961538461538461 45.301282057692305 45.30769230769231 9.846153846153847 35.46153846153846 2.79892580001615
314000 383.0576923076923 0.1437759036158538 21.03029209615385 0.5961538461538461 45.301282057692305 45.30769230769231 9.846153846153847 35.46153846153846 2.7101186999934725
316000 383.0576923076923 0.14239377069929532 21.03029209615385 0.5961538461538461 45.301282057692305 45.30769230769231 9.846153846153847 35.46153846153846 2.676081899960991
318000 383.34615384615387 0.14414282190019162 21.02815534615385 0.5961538461538461 45.301282057692305 45.30769230769231 9.846153846153847 35.46153846153846 2.5780988999758847
320000 383.34615384615387 0.14414282190019162 21.02815534615385 0.5961538461538461 45.301282057692305 45.30769230769231 9.846153846153847 35.46153846153846 2.7630366000230424
322000 383.34615384615387 0.14414282190019162 21.02815534615385 0.5961538461538461 45.301282057692305 45.30769230769231 9.846153846153847 35.46153846153846 2.9218276999890804
324000 383.34615384615387 0.14414282190019162 21.02815534615385 0.5961538461538461 45.301282057692305 45.30769230769231 9.846153846153847 35.46153846153846 2.7382433000020683
326000 383.4807692307692 0.14416191954213048 21.02085478846154 0.5961538461538461 45.301282057692305 45.30769230769231 9.711538461538462 35.59615384615385 2.9378135000006296
328000 381.11538461538464 0.1414372219518039 21.034031403846157 0.5961538461538461 45.301282057692305 45.30769230769231 9.846153846153847 35.46153846153846 2.5825120999943465
330000 383.0576923076923 0.14239377069929532 21.03029209615385 0.5961538461538461 45.301282057692305 45.30769230769231 9.846153846153847 35.46153846153846 3.044816199981142
332000 383.0576923076923 0.1437759036158538 21.03029209615385 0.5961538461538461 45.301282057692305 45.30769230769231 9.846153846153847 35.46153846153846 3.0195185999618843
334000 383.0576923076923 0.1437759036158538 21.03029209615385 0.5961538461538461 45.301282057692305 45.30769230769231 9.846153846153847 35.46153846153846 2.8709203000180423
336000 381.5576923076923 0.14354220059173656 21.0399075 0.5961538461538461 45.301282057692305 45.30769230769231 9.846153846153847 35.46153846153846 2.8363313999725506
338000 383.0576923076923 0.1437759036158538 21.03029209615385 0.5961538461538461 45.301282057692305 45.30769230769231 9.846153846153847 35.46153846153846 3.0358778999652714
340000 383.4807692307692 0.14416191954213048 21.02085478846154 0.5961538461538461 45.301282057692305 45.30769230769231 9.711538461538462 35.59615384615385 2.93684719997691
342000 383.4807692307692 0.14416191954213048 21.02085478846154 0.5961538461538461 45.301282057692305 45.30769230769231 9.711538461538462 35.59615384615385 2.885026099975221
344000 382.40384615384613 0.1427297310660173 21.0454275 0.5961538461538461 45.301282057692305 45.30769230769231 9.711538461538462 35.59615384615385 3.138969100022223
346000 383.7692307692308 0.1445288378264683 21.018718038461543 0.5961538461538461 45.301282057692305 45.30769230769231 9.711538461538462 35.59615384615385 3.083660499949474
348000 382.63461538461536 0.14404089472110676 21.028333442307694 0.5961538461538461 45.301282057692305 45.30769230769231 9.711538461538462 35.59615384615385 2.844865600054618
350000 383.7692307692308 0.14314670490990983 21.018718038461543 0.5961538461538461 45.301282057692305 45.30769230769231 9.711538461538462 35.59615384615385 2.76668790000258
352000 383.4807692307692 0.14277978662557203 21.02085478846154 0.5961538461538461 45.301282057692305 45.30769230769231 9.711538461538462 35.59615384615385 3.005199100007303
354000 383.4807692307692 0.14277978662557203 21.02085478846154 0.5961538461538461 45.301282057692305 45.30769230769231 9.711538461538462 35.59615384615385 2.795083299977705
356000 391.03846153846155 0.15192830792833123 20.975983000000003 0.5961538461538461 45.301282057692305 45.30769230769231 9.711538461538462 35.59615384615385 2.8164901999989524
358000 391.03846153846155 0.15192830792833123 20.975983000000003 0.5961538461538461 45.301282057692305 45.30769230769231 9.711538461538462 35.59615384615385 2.8813499999814667
360000 391.03846153846155 0.15192830792833123 20.975983000000003 0.5961538461538461 45.301282057692305 45.30769230769231 9.711538461538462 35.59615384615385 3.0074609000002965
362000 382.13461538461536 0.14197073343416236 20.99258732692308 0.5897435897435896 45.301282057692305 45.30769230769231 9.711538461538462 35.59615384615385 2.965042600000743
364000 383.4807692307692 0.14277978662557203 21.02085478846154 0.5961538461538461 45.301282057692305 45.30769230769231 9.711538461538462 35.59615384615385 2.9158048999961466
366000 383.4807692307692 0.14277978662557203 21.02085478846154 0.5961538461538461 45.301282057692305 45.30769230769231 9.711538461538462 35.59615384615385 2.9032362999860197
368000 383.4807692307692 0.14277978662557203 21.02085478846154 0.5961538461538461 45.301282057692305 45.30769230769231 9.711538461538462 35.59615384615385 2.884965299977921
370000 382.13461538461536 0.1433528663507208 20.99258732692308 0.5897435897435896 45.301282057692305 45.30769230769231 9.711538461538462 35.59615384615385 2.9815383999957703
372000 383.4807692307692 0.14416191954213048 21.02085478846154 0.5961538461538461 45.301282057692305 45.30769230769231 9.711538461538462 35.59615384615385 2.9962571999640204
374000 382.40384615384613 0.14134759814945885 21.0454275 0.5961538461538461 45.301282057692305 45.30769230769231 9.711538461538462 35.59615384615385 3.0379879999672994
376000 390.3269230769231 0.14816094835747812 20.99094030769231 0.5961538461538461 45.301282057692305 45.30769230769231 9.711538461538462 35.59615384615385 3.101715700002387
378000 389.8269230769231 0.14885505290365061 20.955194192307694 0.5897435897435896 45.301282057692305 45.30769230769231 9.711538461538462 35.59615384615385 2.931614200002514
380000 390.0769230769231 0.1497825533879204 20.858328076923076 0.5897435897435896 45.301282057692305 45.30769230769231 9.711538461538462 35.59615384615385 2.7878107000142336
382000 388.6923076923077 0.14698510427756523 20.935963442307692 0.5897435897435896 45.301282057692305 45.30769230769231 9.711538461538462 35.59615384615385 2.9091603999841027
384000 389.3269230769231 0.14695152028847075 20.84301473076923 0.5897435897435896 45.301282057692305 45.30769230769231 9.711538461538462 35.59615384615385 2.861962000024505
386000 389.11538461538464 0.14882560239695256 20.850493384615383 0.5897435897435896 45.301282057692305 45.30769230769231 9.711538461538462 35.59615384615385 2.957065499969758
388000 390.25 0.14745484221304456 20.803484807692307 0.5897435897435896 45.301282057692305 45.30769230769231 9.711538461538462 35.59615384615385 3.0693023999920115
390000 391.84615384615387 0.15132124834745822 20.822631653846152 0.5897435897435896 45.301282057692305 45.30769230769231 9.576923076923077 35.73076923076923 2.996280899969861
392000 390.25 0.15005753282862966 20.803484807692307 0.5897435897435896 45.301282057692305 45.30769230769231 9.711538461538462 35.59615384615385 3.0071897000307217
394000 389.8269230769231 0.1491267456931344 20.73617715384615 0.5897435897435896 45.301282057692305 45.30769230769231 9.711538461538462 35.59615384615385 2.7873393000336364
396000 389.8269230769231 0.1491267456931344 20.73617715384615 0.5897435897435896 45.301282057692305 45.30769230769231 9.711538461538462 35.59615384615385 3.0599082999979146
398000 390.2307692307692 0.15010720911895062 20.788527596153845 0.5897435897435896 45.301282057692305 45.30769230769231 9.711538461538462 35.59615384615385 2.850724200019613
400000 390.40384615384613 0.1470150432303653 20.722288269230766 0.5897435897435896 45.301282057692305 45.30769230769231 9.615384615384615 35.69230769230769 2.806872499990277
402000 392.4230769230769 0.14910112779808918 20.728614596153843 0.5897435897435896 45.301282057692305 45.30769230769231 9.48076923076923 35.82692307692308 3.0139218000113033
404000 391.78846153846155 0.1482941679323677 20.6844550576923 0.5897435897435896 45.301282057692305 45.30769230769231 9.48076923076923 35.82692307692308 2.961395399994217
406000 391.78846153846155 0.1482941679323677 20.6844550576923 0.5897435897435896 45.301282057692305 45.30769230769231 9.48076923076923 35.82692307692308 2.809021799999755
408000 391.78846153846155 0.1482941679323677 20.6844550576923 0.5897435897435896 45.301282057692305 45.30769230769231 9.48076923076923 35.82692307692308 2.773263400013093
410000 391.65384615384613 0.14933781206661195 20.676976403846147 0.5897435897435896 45.301282057692305 45.30769230769231 9.48076923076923 35.82692307692308 2.790305799979251
412000 391.65384615384613 0.14933781206661195 20.676976403846147 0.5897435897435896 45.301282057692305 45.30769230769231 9.48076923076923 35.82692307692308 2.8817666999530047
414000 391.65384615384613 0.14933781206661195 20.676976403846147 0.5897435897435896 45.301282057692305 45.30769230769231 9.48076923076923 35.82692307692308 2.714594400022179
416000 391.65384615384613 0.14933781206661195 20.676976403846147 0.5897435897435896 45.301282057692305 45.30769230769231 9.48076923076923 35.82692307692308 2.728525599988643
418000 393.09615384615387 0.15031561063254859 20.65988240384615 0.5897435897435896 45.301282057692305 45.30769230769231 9.384615384615385 35.92307692307692 2.927945900009945
420000 393.09615384615387 0.1523348028954929 20.65988240384615 0.5897435897435896 45.301282057692305 45.30769230769231 9.384615384615385 35.92307692307692 2.7750611000228673
422000 393.09615384615387 0.1523348028954929 20.65988240384615 0.5897435897435896 45.301282057692305 45.30769230769231 9.384615384615385 35.92307692307692 3.1087322999956086
424000 393.09615384615387 0.15031561063254859 20.65988240384615 0.5897435897435896 45.301282057692305 45.30769230769231 9.384615384615385 35.92307692307692 2.809963599953335
426000 393.09615384615387 0.1523348028954929 20.65988240384615 0.5897435897435896 45.301282057692305 45.30769230769231 9.384615384615385 35.92307692307692 3.070397600007709
428000 393.09615384615387 0.15031561063254859 20.65988240384615 0.5897435897435896 45.301282057692305 45.30769230769231 9.384615384615385 35.92307692307692 2.6413295000093058
430000 393.09615384615387 0.1523348028954929 20.65988240384615 0.5897435897435896 45.301282057692305 45.30769230769231 9.384615384615385 35.92307692307692 2.7346855999785475
432000 393.09615384615387 0.1523348028954929 20.65988240384615 0.5897435897435896 45.301282057692305 45.30769230769231 9.384615384615385 35.92307692307692 2.7633370999828912
434000 393.7307692307692 0.15372526111385526 20.704041942307693 0.5897435897435896 45.301282057692305 45.30769230769231 9.384615384615385 35.92307692307692 2.7732819999800995
436000 393.09615384615387 0.15291827088417212 20.68694794230769 0.5897435897435896 45.301282057692305 45.30769230769231 9.384615384615385 35.92307692307692 2.9440766000188887
438000 393.09615384615387 0.15291827088417212 20.68694794230769 0.5897435897435896 45.301282057692305 45.30769230769231 9.384615384615385 35.92307692307692 2.7597191000240855
440000 393.09615384615387 0.15291830124813371 20.65988240384615 0.5897435897435896 45.301282057692305 45.30769230769231 9.384615384615385 35.92307692307692 2.6884247999987565
442000 393.09615384615387 0.15291830124813371 20.65988240384615 0.5897435897435896 45.301282057692305 45.30769230769231 9.384615384615385 35.92307692307692 2.723092700005509
444000 393.09615384615387 0.15291830124813371 20.65988240384615 0.5897435897435896 45.301282057692305 45.30769230769231 9.384615384615385 35.92307692307692 2.7176245999871753
446000 393.09615384615387 0.15291830124813371 20.65988240384615 0.5897435897435896 45.301282057692305 45.30769230769231 9.384615384615385 35.92307692307692 2.676322599989362
448000 393.09615384615387 0.15493749351107805 20.65988240384615 0.5897435897435896 45.301282057692305 45.30769230769231 9.384615384615385 35.92307692307692 2.6282551999902353
450000 393.09615384615387 0.15493749351107805 20.65988240384615 0.5897435897435896 45.301282057692305 45.30769230769231 9.384615384615385 35.92307692307692 2.727973200031556
452000 393.09615384615387 0.1523348028954929 20.65988240384615 0.5897435897435896 45.301282057692305 45.30769230769231 9.384615384615385 35.92307692307692 2.692417700018268
454000 393.09615384615387 0.1523348028954929 20.65988240384615 0.5897435897435896 45.301282057692305 45.30769230769231 9.384615384615385 35.92307692307692 2.8259596999851055
456000 393.09615384615387 0.15031561063254859 20.65988240384615 0.5897435897435896 45.301282057692305 45.30769230769231 9.384615384615385 35.92307692307692 2.8112271999707446
458000 393.09615384615387 0.1523348028954929 20.65988240384615 0.5897435897435896 45.301282057692305 45.30769230769231 9.384615384615385 35.92307692307692 2.8490011999965645
460000 393.09615384615387 0.1523348028954929 20.65988240384615 0.5897435897435896 45.301282057692305 45.30769230769231 9.384615384615385 35.92307692307692 2.790662200015504
462000 393.09615384615387 0.1523348028954929 20.65988240384615 0.5897435897435896 45.301282057692305 45.30769230769231 9.384615384615385 35.92307692307692 2.627399199991487
464000 393.09615384615387 0.1523348028954929 20.65988240384615 0.5897435897435896 45.301282057692305 45.30769230769231 9.384615384615385 35.92307692307692 2.7250568000017665
466000 393.09615384615387 0.15291830124813371 20.65988240384615 0.5897435897435896 45.301282057692305 45.30769230769231 9.384615384615385 35.92307692307692 2.63521259999834
468000 393.09615384615387 0.15291830124813371 20.65988240384615 0.5897435897435896 45.301282057692305 45.30769230769231 9.384615384615385 35.92307692307692 2.6046591000049375
470000 393.09615384615387 0.15291830124813371 20.65988240384615 0.5897435897435896 45.301282057692305 45.30769230769231 9.384615384615385 35.92307692307692 2.704406899982132
472000 393.09615384615387 0.1523348028954929 20.65988240384615 0.5897435897435896 45.301282057692305 45.30769230769231 9.384615384615385 35.92307692307692 2.6547142999479547
474000 393.09615384615387 0.1523348028954929 20.65988240384615 0.5897435897435896 45.301282057692305 45.30769230769231 9.384615384615385 35.92307692307692 2.1411123999860138
476000 393.09615384615387 0.15493749351107805 20.65988240384615 0.5897435897435896 45.301282057692305 45.30769230769231 9.384615384615385 35.92307692307692 2.05052990000695
478000 393.09615384615387 0.15493749351107805 20.65988240384615 0.5897435897435896 45.301282057692305 45.30769230769231 9.384615384615385 35.92307692307692 2.113224199973047
480000 393.09615384615387 0.1523348028954929 20.65988240384615 0.5897435897435896 45.301282057692305 45.30769230769231 9.384615384615385 35.92307692307692 2.134969100006856
482000 393.09615384615387 0.1523348028954929 20.65988240384615 0.5897435897435896 45.301282057692305 45.30769230769231 9.384615384615385 35.92307692307692 2.134688699967228
484000 393.09615384615387 0.1523348028954929 20.65988240384615 0.5897435897435896 45.301282057692305 45.30769230769231 9.384615384615385 35.92307692307692 2.2348430000129156
486000 393.09615384615387 0.1523348028954929 20.65988240384615 0.5897435897435896 45.301282057692305 45.30769230769231 9.384615384615385 35.92307692307692 2.1683592000044882
488000 393.09615384615387 0.1523348028954929 20.65988240384615 0.5897435897435896 45.301282057692305 45.30769230769231 9.384615384615385 35.92307692307692 2.072133700014092
490000 393.09615384615387 0.1523348028954929 20.65988240384615 0.5897435897435896 45.301282057692305 45.30769230769231 9.384615384615385 35.92307692307692 2.089712499990128
492000 393.09615384615387 0.1523348028954929 20.65988240384615 0.5897435897435896 45.301282057692305 45.30769230769231 9.384615384615385 35.92307692307692 2.044481099990662
494000 393.09615384615387 0.1523348028954929 20.65988240384615 0.5897435897435896 45.301282057692305 45.30769230769231 9.384615384615385 35.92307692307692 1.9432431000168435
496000 393.09615384615387 0.1523348028954929 20.65988240384615 0.5897435897435896 45.301282057692305 45.30769230769231 9.384615384615385 35.92307692307692 1.8467532999929972
498000 385.96153846153845 0.1486172802192457 20.719711519230767 0.5897435897435896 45.301282057692305 45.30769230769231 9.384615384615385 35.92307692307692 1.9755593999871053
500000 385.96153846153845 0.1486172802192457 20.719711519230767 0.5897435897435896 45.301282057692305 45.30769230769231 9.384615384615385 35.92307692307692 1.9578588000149466
