2000 0.6923076923076923 0.0001624119134235229 39.62601978846155 0.09455128205128203 45.301282057692305 45.30769230769231 2.0384615384615383 43.26923076923077 1.4994835000252351
4000 1.3846153846153846 0.0003319356844194817 35.07019423076924 0.28525641025641024 45.301282057692305 45.30769230769231 1.8653846153846154 43.44230769230769 1.744903999962844
6000 0.3076923076923077 8.365983568579428e-05 38.05451603846153 0.16666666666666669 45.301282057692305 45.30769230769231 1.0576923076923077 44.25 1.9734866000362672
8000 0.4807692307692308 -0.038254550128497836 37.76766213461538 0.2163461538461538 45.301282057692305 45.30769230769231 1.0384615384615385 44.26923076923077 2.004931800009217
10000 0.17307692307692307 -0.057651982485862556 39.14217351923076 0.1474358974358974 45.301282057692305 45.30769230769231 1.0384615384615385 44.26923076923077 2.93720270000631
12000 0.17307692307692307 9.167813236590887e-05 38.61568794230769 0.14102564102564102 45.301282057692305 45.30769230769231 1.0384615384615385 44.26923076923077 2.9534536999999546
14000 0.21153846153846154 8.45717998003775e-05 39.49889332692309 0.08814102564102563 45.301282057692305 45.30769230769231 1.0384615384615385 44.26923076923077 3.1534279999905266
16000 0.2692307692307692 0.00011778602639210362 38.862455634615394 0.1378205128205128 45.301282057692305 45.30769230769231 1.0384615384615385 44.26923076923077 3.177827999985311
18000 0.9038461538461539 0.0004313977546431307 37.60067446153846 0.23237179487179485 45.301282057692305 45.30769230769231 1.0769230769230769 44.23076923076923 3.2340345999691635
20000 0.38461538461538464 0.0001898748773358607 37.77161226923077 0.23237179487179485 45.301282057692305 45.30769230769231 1.0384615384615385 44.26923076923077 3.0432226000120863
22000 0.23076923076923078 -0.0191267449254164 38.726799519230774 0.18269230769230768 45.301282057692305 45.30769230769231 1.0384615384615385 44.26923076923077 2.857370499987155
24000 1.0 -0.1151982644588485 36.95908019230769 0.2275641025641026 45.301282057692305 45.30769230769231 1.25 44.05769230769231 3.031890199985355
26000 1.3846153846153846 -0.1342631914487327 37.899793442307676 0.1971153846153846 45.301282057692305 45.30769230769231 1.0961538461538463 44.21153846153846 2.695063300023321
28000 3.019230769230769 0.0011391719602395448 35.92053028846155 0.2403846153846154 45.301282057692305 45.30769230769231 1.0769230769230769 44.23076923076923 2.8447329999762587
30000 2.173076923076923 0.0009699167127515856 36.270944230769224 0.23557692307692307 45.301282057692305 45.30769230769231 1.0384615384615385 44.26923076923077 2.6732992000179365
32000 0.75 0.00033066916894143686 37.615380961538456 0.17307692307692304 45.301282057692305 45.30769230769231 1.0384615384615385 44.26923076923077 2.7788867999915965
34000 0.3269230769230769 0.0001833377769913116 39.17982540384615 0.14583333333333331 45.301282057692305 45.30769230769231 1.4807692307692308 43.82692307692308 2.6752095999545418
36000 0.2692307692307692 0.00014289432030268386 39.296717057692305 0.09455128205128203 45.301282057692305 45.30769230769231 1.5 43.80769230769231 2.8446678000036627
38000 0.4230769230769231 0.00018045519559400127 39.204549288461536 0.15384615384615385 45.301282057692305 45.30769230769231 1.3076923076923077 44.0 2.839735399989877
40000 1.4615384615384615 -0.03828885877276408 37.919447192307686 0.1939102564102564 45.301282057692305 45.30769230769231 1.6730769230769231 43.63461538461539 3.0945956999785267
42000 1.4615384615384615 0.000886055611114663 37.08601838461537 0.16506410256410253 45.301282057692305 45.30769230769231 2.5 42.80769230769231 2.964077000040561
44000 0.2692307692307692 0.00019548717439457777 37.89301811538461 0.1201923076923077 45.301282057692305 45.30769230769231 2.423076923076923 42.88461538461539 2.8894199000205845
46000 0.25 0.00013911044100982318 37.94513196153845 0.24358974358974358 45.301282057692305 45.30769230769231 1.3846153846153846 43.92307692307692 2.92252780002309
48000 0.28846153846153844 0.00015046371425957576 37.64811636538462 0.23557692307692307 45.301282057692305 45.30769230769231 1.2884615384615385 44.01923076923077 3.0213771000271663
50000 1.9230769230769231 0.000878368754728318 35.319607384615395 0.2403846153846154 45.301282057692305 45.30769230769231 1.4230769230769231 43.88461538461539 2.9125279000145383
52000 0.4423076923076923 0.00012985055570025747 38.96123942307692 0.14262820512820512 45.301282057692305 45.30769230769231 1.5576923076923077 43.75 2.9343493999913335
54000 0.5769230769230769 0.00023158896702259307 36.87814326923077 0.22916666666666669 45.301282057692305 45.30769230769231 1.5 43.80769230769231 2.907136800000444
56000 0.7307692307692307 0.0003932900086590425 38.46420840384615 0.12179487179487178 45.301282057692305 45.30769230769231 1.3461538461538463 43.96153846153846 2.858692800044082
58000 0.5769230769230769 0.0004556376556208725 38.65428942307692 0.1346153846153846 45.301282057692305 45.30769230769231 1.4038461538461537 43.90384615384615 3.0567005000193603
60000 0.4807692307692308 0.0002758341720649865 38.37021209615386 0.125 45.301282057692305 45.30769230769231 1.2884615384615385 44.01923076923077 2.9033000000054017
62000 1.4230769230769231 0.00017825173659928906 37.151884307692306 0.16987179487179485 45.301282057692305 45.30769230769231 1.3461538461538463 43.96153846153846 3.043025899969507
64000 2.3076923076923075 0.0012149349104897762 35.50546053846154 0.25000000000000006 45.301282057692305 45.30769230769231 1.9038461538461537 43.40384615384615 2.973758000007365
66000 4.3076923076923075 -0.5956791545199951 34.40656646153846 0.30929487179487186 45.301282057692305 45.30769230769231 1.7307692307692308 43.57692307692308 2.7021658000303432
68000 3.1538461538461537 -0.5573964515278449 34.930011634615376 0.28525641025641024 45.301282057692305 45.30769230769231 1.7115384615384615 43.59615384615385 2.743055999977514
70000 5.5 -0.6530857031453312 33.961580403846156 0.35416666666666663 45.301282057692305 45.30769230769231 1.8846153846153846 43.42307692307692 2.804162099957466
72000 1.7884615384615385 -0.3073642280795371 37.2673855576923 0.20192307692307693 45.301282057692305 45.30769230769231 1.4807692307692308 43.82692307692308 2.7688358000013977
74000 1.4038461538461537 -0.26884814194464796 38.14607261538461 0.11698717948717949 45.301282057692305 45.30769230769231 1.5961538461538463 43.71153846153846 2.957635900005698
76000 3.1538461538461537 -0.05628546105451181 37.19666528846154 0.20192307692307693 45.301282057692305 45.30769230769231 2.730769230769231 42.57692307692308 2.9176964000216685
78000 8.615384615384615 -0.20858893564573427 34.40585513461538 0.32211538461538464 45.301282057692305 45.30769230769231 1.75 43.55769230769231 2.7932514999993145
80000 1.9807692307692308 -0.21085000514054586 35.88897171153845 0.28044871794871795 45.301282057692305 45.30769230769231 1.7884615384615385 43.51923076923077 2.8815060000051744
82000 3.173076923076923 -0.28757300805880076 35.41341378846153 0.24038461538461542 45.301282057692305 45.30769230769231 2.0 43.30769230769231 2.6458522000466473
84000 3.5961538461538463 -0.5370513349723429 34.19791834615384 0.29967948717948717 45.301282057692305 45.30769230769231 2.230769230769231 43.07692307692308 2.619710099999793
86000 8.653846153846153 -0.07301060482788116 34.564356846153856 0.2932692307692308 45.301282057692305 45.30769230769231 2.019230769230769 43.28846153846154 3.0913661000085995
88000 10.25 -0.0725244224283109 33.586175538461546 0.34775641025641024 45.301282057692305 45.30769230769231 1.7692307692307692 43.53846153846154 2.828939199971501
90000 15.615384615384615 -0.45835229988373205 32.21913626923079 0.3942307692307692 45.301282057692305 45.30769230769231 1.8269230769230769 43.48076923076923 2.9780672999913804
92000 17.326923076923077 0.005806977478912927 30.99940953846154 0.391025641025641 45.301282057692305 45.30769230769231 1.0384615384615385 44.26923076923077 3.0269780000089668
94000 15.211538461538462 0.006195387246682751 31.249404326923074 0.40224358974358976 45.301282057692305 45.30769230769231 1.5384615384615385 43.76923076923077 3.14013769995654
96000 13.538461538461538 -0.014513705830877978 32.464527615384625 0.35096153846153844 45.301282057692305 45.30769230769231 1.5192307692307692 43.78846153846154 3.121554500015918
98000 15.326923076923077 0.006261959092817576 31.19068863461538 0.4118589743589744 45.301282057692305 45.30769230769231 1.5384615384615385 43.76923076923077 2.971493399993051
100000 6.365384615384615 0.0016545747750014914 32.339791442307686 0.38301282051282054 45.301282057692305 45.30769230769231 1.0576923076923077 44.25 3.025801000010688
102000 9.461538461538462 0.0031511486966641546 31.875431692307696 0.40064102564102566 45.301282057692305 45.30769230769231 1.2115384615384615 44.09615384615385 3.0231772999977693
104000 11.307692307692308 0.0048300779738032805 31.96717875 0.3974358974358974 45.301282057692305 45.30769230769231 1.3269230769230769 43.98076923076923 3.1178390000131913
106000 19.942307692307693 0.007914030382420008 30.482305846153853 0.4791666666666667 45.301282057692305 45.30769230769231 1.5192307692307692 43.78846153846154 2.9571300000534393
108000 12.942307692307692 0.00514070548561899 31.14663526923078 0.3942307692307692 45.301282057692305 45.30769230769231 1.0384615384615385 44.26923076923077 2.8147892999695614
110000 10.0 0.0038075528002259754 31.665723384615397 0.38461538461538464 45.301282057692305 45.30769230769231 1.0384615384615385 44.26923076923077 2.868406600027811
112000 20.384615384615383 0.0076618987194514016 30.36516507692308 0.453525641025641 45.301282057692305 45.30769230769231 1.1153846153846154 44.19230769230769 2.7994069000124
114000 9.673076923076923 0.002166337082841736 31.72037923076924 0.38461538461538464 45.301282057692305 45.30769230769231 1.0384615384615385 44.26923076923077 3.3869097999995574
116000 22.173076923076923 0.008067337906597742 29.50201590384615 0.47275641025641024 45.301282057692305 45.30769230769231 1.0576923076923077 44.25 2.7740739000146277
118000 14.692307692307692 0.005624716411154191 30.969384557692315 0.4006410256410256 45.301282057692305 45.30769230769231 1.0384615384615385 44.26923076923077 3.1134419000009075
120000 9.134615384615385 0.0033625552771121394 31.96680400000001 0.375 45.301282057692305 45.30769230769231 1.0384615384615385 44.26923076923077 2.878374200023245
122000 12.865384615384615 0.005398765944901411 31.208885673076928 0.4391025641025641 45.301282057692305 45.30769230769231 1.5384615384615385 43.76923076923077 2.9346214000252075
124000 25.096153846153847 0.01128245961086277 29.05723840384616 0.5432692307692307 45.301282057692305 45.30769230769231 1.9038461538461537 43.40384615384615 3.354405799997039
126000 21.403846153846153 -0.06780684675751748 29.967089230769222 0.47596153846153844 45.301282057692305 45.30769230769231 2.3076923076923075 43.0 3.037764700013213
128000 20.23076923076923 0.00958101309391346 30.02099942307692 0.4855769230769231 45.301282057692305 45.30769230769231 2.4038461538461537 42.90384615384615 3.212386700033676
130000 10.942307692307692 -0.05338244012229427 32.028382365384616 0.4182692307692308 45.301282057692305 45.30769230769231 1.5 43.80769230769231 3.0441278000362217
132000 10.653846153846153 -0.09200403631121981 31.948122807692304 0.4006410256410256 45.301282057692305 45.30769230769231 1.4038461538461537 43.90384615384615 2.9133149999543093
134000 6.365384615384615 -0.1714417115163377 32.480461269230766 0.42948717948717946 45.301282057692305 45.30769230769231 1.5384615384615385 43.76923076923077 2.833358500036411
136000 11.711538461538462 -0.20807926581870154 31.332582153846147 0.45192307692307687 45.301282057692305 45.30769230769231 2.173076923076923 43.13461538461539 2.835918299970217
138000 19.46153846153846 -0.18520964491037398 29.47455065384615 0.5144230769230769 45.301282057692305 45.30769230769231 1.75 43.55769230769231 2.961308799975086
140000 7.326923076923077 -0.26696937690189815 32.99793721153845 0.36858974358974356 45.301282057692305 45.30769230769231 1.7307692307692308 43.57692307692308 3.0409660000004806
142000 9.134615384615385 -0.2463340988089535 32.443996999999996 0.391025641025641 45.301282057692305 45.30769230769231 2.1923076923076925 43.11538461538461 2.8331742999725975
144000 9.403846153846153 -0.24595363094350167 32.99837213461539 0.33653846153846156 45.301282057692305 45.30769230769231 2.1346153846153846 43.17307692307692 2.7454255999764428
146000 10.942307692307692 -0.245459326720719 32.32907390384616 0.3910256410256409 45.301282057692305 45.30769230769231 2.3076923076923075 43.0 2.7869976999936625
148000 10.961538461538462 -0.26443120993264135 32.41133884615384 0.36538461538461536 45.301282057692305 45.30769230769231 2.3653846153846154 42.94230769230769 2.805164000019431
150000 11.615384615384615 -0.16902371552063838 32.519608615384605 0.36217948717948717 45.301282057692305 45.30769230769231 2.2115384615384617 43.09615384615385 3.186722800019197
152000 7.269230769230769 -0.09318065455743871 33.095552307692294 0.33012820512820507 45.301282057692305 45.30769230769231 1.8269230769230769 43.48076923076923 2.972125699976459
154000 19.115384615384617 -0.10809511667560576 31.737875576923077 0.375 45.301282057692305 45.30769230769231 1.8076923076923077 43.5 3.133713999995962
156000 20.76923076923077 -0.03302666632981019 28.887154615384613 0.5240384615384616 45.301282057692305 45.30769230769231 2.0384615384615383 43.26923076923077 3.075830699992366
158000 37.28846153846154 -0.04140017043791693 27.60647263461539 0.5657051282051282 45.301282057692305 45.30769230769231 1.3461538461538463 43.96153846153846 2.9501729999901727
160000 6.0576923076923075 -0.017556845930697947 32.21429928846154 0.3926282051282052 45.301282057692305 45.30769230769231 1.6538461538461537 43.65384615384615 2.8962328999768943
162000 17.134615384615383 -0.03171593312539693 29.858093480769227 0.47916666666666674 45.301282057692305 45.30769230769231 1.6153846153846154 43.69230769230769 3.1958463999908417
164000 31.173076923076923 -0.003765038472921342 27.134421403846147 0.592948717948718 45.301282057692305 45.30769230769231 1.6153846153846154 43.69230769230769 3.162900499999523
166000 36.07692307692308 0.01522311238563542 26.777228961538455 0.5689102564102565 45.301282057692305 45.30769230769231 1.7884615384615385 43.51923076923077 3.1972822999814525
168000 35.80769230769231 -0.042092776858332986 27.27313669230768 0.5833333333333333 45.301282057692305 45.30769230769231 1.1923076923076923 44.11538461538461 3.074626400019042
170000 38.07692307692308 -0.022432404529553675 26.50390561538461 0.6201923076923077 45.301282057692305 45.30769230769231 1.3653846153846154 43.94230769230769 2.8522315999725834
172000 20.884615384615383 -0.04924566957036278 28.71386224999999 0.5016025641025641 45.301282057692305 45.30769230769231 1.7115384615384615 43.59615384615385 3.001011800020933
174000 41.63461538461539 0.014802360945453535 26.203795269230763 0.6105769230769231 45.301282057692305 45.30769230769231 1.3653846153846154 43.94230769230769 3.184358600003179
176000 41.26923076923077 0.014231237211970348 25.985740788461534 0.6298076923076923 45.301282057692305 45.30769230769231 1.1346153846153846 44.17307692307692 2.8691039999830537
178000 39.73076923076923 0.012575677265603102 26.02929101923076 0.6201923076923077 45.301282057692305 45.30769230769231 1.0576923076923077 44.25 2.984157100028824
180000 41.07692307692308 0.012722242637676861 25.92672828846153 0.6201923076923077 45.301282057692305 45.30769230769231 1.3653846153846154 43.94230769230769 2.965332199994009
182000 43.03846153846154 0.013646305496669581 25.785704057692303 0.6201923076923077 45.301282057692305 45.30769230769231 1.7884615384615385 43.51923076923077 2.8116979000042193
184000 42.5 0.013825989729334149 25.82416561538461 0.6137820512820513 45.301282057692305 45.30769230769231 1.7884615384615385 43.51923076923077 3.1726557000074536
186000 43.17307692307692 0.013924561620125397 25.776638557692305 0.6137820512820513 45.301282057692305 45.30769230769231 1.7884615384615385 43.51923076923077 2.9746910000103526
188000 60.15384615384615 0.022775581289630347 25.351677615384606 0.5737179487179487 45.301282057692305 45.30769230769231 3.6153846153846154 41.69230769230769 3.0600439999834634
190000 69.5576923076923 0.007714017173295411 25.266628192307696 0.5657051282051282 45.301282057692305 45.30769230769231 4.480769230769231 40.82692307692308 3.134622199984733
192000 71.01923076923077 0.027009276901366414 25.015736999999998 0.578525641025641 45.301282057692305 45.30769230769231 4.3076923076923075 41.0 3.1434107000241056
194000 66.84615384615384 0.024977188595982802 25.089571769230762 0.5657051282051282 45.301282057692305 45.30769230769231 4.269230769230769 41.03846153846154 2.9149028999963775
196000 74.5 0.027670865038015118 25.000958480769228 0.578525641025641 45.301282057692305 45.30769230769231 4.3076923076923075 41.0 3.1074621999869123
198000 80.53846153846153 0.011536622599053126 24.657211326923075 0.592948717948718 45.301282057692305 45.30769230769231 4.115384615384615 41.19230769230769 3.2530455999658443
200000 82.86538461538461 0.03255131937091925 24.660279230769234 0.5881410256410257 45.301282057692305 45.30769230769231 4.346153846153846 40.96153846153846 3.099054199992679
202000 93.03846153846153 0.03726896397961426 24.091902173076928 0.6057692307692307 45.301282057692305 45.30769230769231 4.0 41.30769230769231 2.9664802000042982
204000 96.0 0.01851367272267964 23.82487365384615 0.6185897435897437 45.301282057692305 45.30769230769231 4.0576923076923075 41.25 2.978765600011684
206000 96.57692307692308 0.01873974537199519 23.7737188076923 0.6137820512820513 45.301282057692305 45.30769230769231 3.923076923076923 41.38461538461539 2.9545952000189573
208000 99.32692307692308 0.01976438132998711 23.64124115384615 0.623397435897436 45.301282057692305 45.30769230769231 3.8846153846153846 41.42307692307692 2.984974700026214
210000 100.9423076923077 0.04167533087288899 23.50753171153846 0.6169871794871796 45.301282057692305 45.30769230769231 3.8846153846153846 41.42307692307692 3.023322900000494
212000 100.90384615384616 0.0214841356729562 23.56200421153846 0.6169871794871796 45.301282057692305 45.30769230769231 3.8846153846153846 41.42307692307692 3.074156499991659
214000 100.6923076923077 0.021398757290205423 23.604560249999995 0.623397435897436 45.301282057692305 45.30769230769231 3.8846153846153846 41.42307692307692 2.9036778999725357
216000 100.88461538461539 0.021319548080274125 23.619076711538455 0.6282051282051283 45.301282057692305 45.30769230769231 3.8846153846153846 41.42307692307692 3.1710265000001527
218000 106.61538461538461 0.03920944208271901 23.43902709615384 0.6378205128205129 45.301282057692305 45.30769230769231 3.8653846153846154 41.44230769230769 2.9343452000175603
220000 107.78846153846153 0.04066174731341891 23.419262096153844 0.6378205128205129 45.301282057692305 45.30769230769231 3.8653846153846154 41.44230769230769 2.862925199966412
222000 116.92307692307692 0.04497086632339095 23.268039807692308 0.6266025641025641 45.301282057692305 45.30769230769231 3.673076923076923 41.63461538461539 2.980962899979204
224000 149.96153846153845 0.05696527775043852 22.79212319230769 0.621794871794872 45.301282057692305 45.30769230769231 3.826923076923077 41.48076923076923 3.0743258000002243
226000 150.26923076923077 0.05758796605265727 22.749032019230775 0.621794871794872 45.301282057692305 45.30769230769231 3.826923076923077 41.48076923076923 3.0947434999980032
228000 156.46153846153845 0.06158384956046477 22.68297376923077 0.6250000000000001 45.301282057692305 45.30769230769231 3.8653846153846154 41.44230769230769 2.9550064000068232
230000 163.84615384615384 0.06509131043990454 22.924544326923073 0.6298076923076923 45.301282057692305 45.30769230769231 4.269230769230769 41.03846153846154 3.2320521000074223
232000 176.09615384615384 0.07247693147715148 23.092020711538456 0.6394230769230769 45.301282057692305 45.30769230769231 4.961538461538462 40.34615384615385 3.1808979000197724
234000 187.3846153846154 0.07719446985600936 23.169123961538453 0.625 45.301282057692305 45.30769230769231 5.211538461538462 40.09615384615385 2.7490958999842405
236000 183.8846153846154 0.0783529845314556 23.19298434615384 0.625 45.301282057692305 45.30769230769231 5.4423076923076925 39.86538461538461 3.0318405000143684
238000 199.28846153846155 0.08462976306482038 22.88547003846153 0.623397435897436 45.301282057692305 45.30769230769231 6.615384615384615 38.69230769230769 3.4723633999819867
240000 214.32692307692307 0.0901685465162207 22.784153384615372 0.6137820512820513 45.301282057692305 45.30769230769231 8.307692307692308 37.0 3.063357000006363
242000 245.53846153846155 0.09782358173307432 22.36095790384615 0.6201923076923077 45.301282057692305 45.30769230769231 8.307692307692308 37.0 3.0674253000179306
244000 247.55769230769232 0.09974893311806082 22.28973213461538 0.6201923076923077 45.301282057692305 45.30769230769231 8.307692307692308 37.0 3.0744547999929637
246000 249.67307692307693 0.1036610300565814 22.17588888461538 0.6201923076923077 45.301282057692305 45.30769230769231 8.307692307692308 37.0 3.0326939999940805
248000 253.01923076923077 0.10488253530658741 22.129948673076914 0.6201923076923077 45.301282057692305 45.30769230769231 8.307692307692308 37.0 3.0268935000058264
250000 277.8076923076923 0.11076476330521562 21.78405996153845 0.6762820512820513 45.301282057692305 45.30769230769231 8.307692307692308 37.0 2.986757700040471
252000 274.46153846153845 0.10488423762448756 21.802220403846142 0.6762820512820513 45.301282057692305 45.30769230769231 8.307692307692308 37.0 3.073963199974969
254000 274.46153846153845 0.10488423762448756 21.802220403846142 0.6762820512820513 45.301282057692305 45.30769230769231 8.307692307692308 37.0 2.8563485000049695
256000 276.88461538461536 0.10420979937935301 21.82091696153845 0.6762820512820513 45.301282057692305 45.30769230769231 8.692307692307692 36.61538461538461 2.992429899983108
258000 277.2692307692308 0.10479650985396592 21.8134383076923 0.6810897435897437 45.301282057692305 45.30769230769231 8.692307692307692 36.61538461538461 3.163843300018925
260000 277.4230769230769 0.10432593095566278 21.8113015576923 0.6762820512820513 45.301282057692305 45.30769230769231 8.692307692307692 36.61538461538461 3.1462513000005856
262000 277.4230769230769 0.10432593095566278 21.8113015576923 0.6762820512820513 45.301282057692305 45.30769230769231 8.692307692307692 36.61538461538461 2.96210439997958
264000 276.8269230769231 0.10426705016424577 21.814505999999994 0.6762820512820513 45.301282057692305 45.30769230769231 8.692307692307692 36.61538461538461 3.1517394999973476
266000 277.90384615384613 0.11141201527091764 21.801685480769226 0.6810897435897437 45.301282057692305 45.30769230769231 8.692307692307692 36.61538461538461 2.9907306999666616
268000 277.90384615384613 0.11141201527091764 21.801685480769226 0.6810897435897437 45.301282057692305 45.30769230769231 8.692307692307692 36.61538461538461 2.9656329000135884
270000 277.90384615384613 0.10639328161360923 21.801685480769226 0.6810897435897437 45.301282057692305 45.30769230769231 8.692307692307692 36.61538461538461 3.105927900003735
272000 277.90384615384613 0.10469030507944702 21.801685480769226 0.6810897435897437 45.301282057692305 45.30769230769231 8.692307692307692 36.61538461538461 3.1650821000221185
274000 277.8076923076923 0.1066156179644379 21.803822903846147 0.6810897435897437 45.301282057692305 45.30769230769231 8.692307692307692 36.61538461538461 2.84748799999943
276000 277.8076923076923 0.1066156179644379 21.803822903846147 0.6810897435897437 45.301282057692305 45.30769230769231 8.692307692307692 36.61538461538461 3.001703699992504
278000 278.40384615384613 0.10594400481477691 21.791359153846145 0.6810897435897437 45.301282057692305 45.30769230769231 8.442307692307692 36.86538461538461 3.0084890000289306
280000 277.90384615384613 0.10256232227851043 21.801685480769226 0.6810897435897437 45.301282057692305 45.30769230769231 8.692307692307692 36.61538461538461 3.125431100022979
282000 277.75 0.1106525465581491 21.803822230769224 0.6810897435897437 45.301282057692305 45.30769230769231 8.692307692307692 36.61538461538461 3.1241114999866113
284000 277.75 0.1018028535657419 21.803822230769224 0.6810897435897437 45.301282057692305 45.30769230769231 8.692307692307692 36.61538461538461 3.1100072999834083
286000 277.75 0.10563381290084067 21.803822230769224 0.6810897435897437 45.301282057692305 45.30769230769231 8.692307692307692 36.61538461538461 3.007157899963204
288000 277.75 0.1106525465581491 21.803822230769224 0.6810897435897437 45.301282057692305 45.30769230769231 8.692307692307692 36.61538461538461 3.077878399984911
290000 277.75 0.1106525465581491 21.803822230769224 0.6810897435897437 45.301282057692305 45.30769230769231 8.692307692307692 36.61538461538461 2.974136999982875
292000 277.75 0.10563381290084067 21.803822230769224 0.6810897435897437 45.301282057692305 45.30769230769231 8.692307692307692 36.61538461538461 3.069855700014159
294000 277.75 0.10563381290084067 21.803822230769224 0.6810897435897437 45.301282057692305 45.30769230769231 8.692307692307692 36.61538461538461 3.195125200028997
296000 277.75 0.10563381290084067 21.803822230769224 0.6810897435897437 45.301282057692305 45.30769230769231 8.692307692307692 36.61538461538461 2.8669492000481114
298000 277.75 0.10393083636667849 21.803822230769224 0.6810897435897437 45.301282057692305 45.30769230769231 8.692307692307692 36.61538461538461 3.06132360000629
300000 277.75 0.10393083636667849 21.803822230769224 0.6810897435897437 45.301282057692305 45.30769230769231 8.692307692307692 36.61538461538461 3.045834199991077
302000 277.75 0.10563381290084067 21.803822230769224 0.6810897435897437 45.301282057692305 45.30769230769231 8.692307692307692 36.61538461538461 2.9364186999737285
304000 277.75 0.10350583009990409 21.803822230769224 0.6810897435897437 45.301282057692305 45.30769230769231 8.692307692307692 36.61538461538461 3.1927448000060394
306000 277.75 0.10350583009990409 21.803822230769224 0.6810897435897437 45.301282057692305 45.30769230769231 8.692307692307692 36.61538461538461 3.237943499989342
308000 277.75 0.1018028535657419 21.803822230769224 0.6810897435897437 45.301282057692305 45.30769230769231 8.692307692307692 36.61538461538461 3.1095406000385992
310000 277.75 0.1018028535657419 21.803822230769224 0.6810897435897437 45.301282057692305 45.30769230769231 8.692307692307692 36.61538461538461 3.0582544000353664
312000 277.75 0.1018028535657419 21.803822230769224 0.6810897435897437 45.301282057692305 45.30769230769231 8.692307692307692 36.61538461538461 3.177007600024808
314000 277.75 0.1018028535657419 21.803822230769224 0.6810897435897437 45.301282057692305 45.30769230769231 8.692307692307692 36.61538461538461 3.086440200044308
316000 277.75 0.1018028535657419 21.803822230769224 0.6810897435897437 45.301282057692305 45.30769230769231 8.692307692307692 36.61538461538461 3.268933699990157
318000 277.75 0.1018028535657419 21.803822230769224 0.6810897435897437 45.301282057692305 45.30769230769231 8.692307692307692 36.61538461538461 3.0594628999824636
320000 277.75 0.1018028535657419 21.803822230769224 0.6810897435897437 45.301282057692305 45.30769230769231 8.692307692307692 36.61538461538461 2.9095827999990433
322000 277.75 0.1018028535657419 21.803822230769224 0.6810897435897437 45.301282057692305 45.30769230769231 8.692307692307692 36.61538461538461 3.4781725000357255
324000 277.75 0.1018028535657419 21.803822230769224 0.6810897435897437 45.301282057692305 45.30769230769231 8.692307692307692 36.61538461538461 3.1834753999719396
326000 278.38461538461536 0.10283403001054538 21.786016615384604 0.6810897435897437 45.301282057692305 45.30769230769231 8.442307692307692 36.86538461538461 3.15384660003474
328000 277.75 0.10350583009990409 21.803822230769224 0.6810897435897437 45.301282057692305 45.30769230769231 8.692307692307692 36.61538461538461 3.16523889999371
330000 277.75 0.1018028535657419 21.803822230769224 0.6810897435897437 45.301282057692305 45.30769230769231 8.692307692307692 36.61538461538461 3.526721100031864
332000 277.75 0.1018028535657419 21.803822230769224 0.6810897435897437 45.301282057692305 45.30769230769231 8.692307692307692 36.61538461538461 3.184709799999837
334000 277.75 0.1018028535657419 21.803822230769224 0.6810897435897437 45.301282057692305 45.30769230769231 8.692307692307692 36.61538461538461 3.2600928000174463
336000 277.75 0.1018028535657419 21.803822230769224 0.6810897435897437 45.301282057692305 45.30769230769231 8.692307692307692 36.61538461538461 3.210605799977202
338000 277.75 0.1018028535657419 21.803822230769224 0.6810897435897437 45.301282057692305 45.30769230769231 8.692307692307692 36.61538461538461 3.197437800001353
340000 278.1923076923077 0.10219137966722289 21.796522307692303 0.6810897435897437 45.301282057692305 45.30769230769231 8.557692307692308 36.75 3.4966776999644935
342000 278.1923076923077 0.10219137966722289 21.796522307692303 0.6810897435897437 45.301282057692305 45.30769230769231 8.557692307692308 36.75 3.0761119999806397
344000 278.38461538461536 0.10283403001054538 21.786016615384604 0.6810897435897437 45.301282057692305 45.30769230769231 8.442307692307692 36.86538461538461 3.2801877000019886
346000 278.38461538461536 0.10283403001054538 21.786016615384604 0.6810897435897437 45.301282057692305 45.30769230769231 8.442307692307692 36.86538461538461 3.2217794000171125
348000 278.38461538461536 0.10283403001054538 21.786016615384604 0.6810897435897437 45.301282057692305 45.30769230769231 8.442307692307692 36.86538461538461 3.2460656999610364
350000 278.38461538461536 0.10283403001054538 21.786016615384604 0.6810897435897437 45.301282057692305 45.30769230769231 8.442307692307692 36.86538461538461 3.2120787000167184
352000 278.28846153846155 0.10299356762571743 21.77853798076922 0.6810897435897437 45.301282057692305 45.30769230769231 8.326923076923077 36.98076923076923 3.34861099999398
354000 278.28846153846155 0.10299356762571743 21.77853798076922 0.6810897435897437 45.301282057692305 45.30769230769231 8.326923076923077 36.98076923076923 3.4018824999802746
356000 284.46153846153845 0.11004253305023487 21.741146096153837 0.6810897435897437 45.301282057692305 45.30769230769231 8.442307692307692 36.86538461538461 3.378645199991297
358000 284.46153846153845 0.11004253305023487 21.741146096153837 0.6810897435897437 45.301282057692305 45.30769230769231 8.442307692307692 36.86538461538461 3.4486371999955736
360000 278.38461538461536 0.10283403001054538 21.786016615384604 0.6810897435897437 45.301282057692305 45.30769230769231 8.442307692307692 36.86538461538461 3.1619627000181936
362000 278.28846153846155 0.10299356762571743 21.77853798076922 0.6810897435897437 45.301282057692305 45.30769230769231 8.326923076923077 36.98076923076923 3.490312999987509
364000 278.28846153846155 0.10299356762571743 21.77853798076922 0.6810897435897437 45.301282057692305 45.30769230769231 8.326923076923077 36.98076923076923 3.1232635999913327
366000 278.1923076923077 0.10219137966722289 21.796522307692303 0.6810897435897437 45.301282057692305 45.30769230769231 8.557692307692308 36.75 3.3294134000316262
368000 278.1923076923077 0.10219137966722289 21.796522307692303 0.6810897435897437 45.301282057692305 45.30769230769231 8.557692307692308 36.75 3.5559577000094578
370000 278.1923076923077 0.10219137966722289 21.796522307692303 0.6810897435897437 45.301282057692305 45.30769230769231 8.557692307692308 36.75 3.1272652999614365
372000 278.1923076923077 0.10219137966722289 21.796522307692303 0.6810897435897437 45.301282057692305 45.30769230769231 8.557692307692308 36.75 3.088096199964639
374000 278.1923076923077 0.10219137966722289 21.796522307692303 0.6810897435897437 45.301282057692305 45.30769230769231 8.557692307692308 36.75 3.253286699997261
376000 284.2692307692308 0.10669800007850011 21.751651788461533 0.6810897435897437 45.301282057692305 45.30769230769231 8.557692307692308 36.75 3.3661457000416704
378000 284.2692307692308 0.10669800007850011 21.751651788461533 0.6810897435897437 45.301282057692305 45.30769230769231 8.557692307692308 36.75 3.190687600057572
380000 284.2692307692308 0.10672049719082302 21.718176019230764 0.6810897435897437 45.301282057692305 45.30769230769231 8.557692307692308 36.75 3.371802599984221
382000 284.2692307692308 0.10669800007850011 21.751651788461533 0.6810897435897437 45.301282057692305 45.30769230769231 8.557692307692308 36.75 3.4376666999887675
384000 284.2692307692308 0.10672049719082302 21.718176019230764 0.6810897435897437 45.301282057692305 45.30769230769231 8.557692307692308 36.75 3.5444384000147693
386000 284.4230769230769 0.10747996590359156 21.716039269230766 0.6810897435897437 45.301282057692305 45.30769230769231 8.557692307692308 36.75 3.265082199999597
388000 284.78846153846155 0.10777814928988017 21.652648980769225 0.6810897435897437 45.301282057692305 45.30769230769231 8.557692307692308 36.75 3.1976895999978296
390000 284.2692307692308 0.10672049719082302 21.718176019230764 0.6810897435897437 45.301282057692305 45.30769230769231 8.557692307692308 36.75 3.66966199997114
392000 284.78846153846155 0.11048003191829245 21.652648980769225 0.6810897435897437 45.301282057692305 45.30769230769231 8.557692307692308 36.75 3.263464700023178
394000 284.78846153846155 0.11048003191829245 21.652648980769225 0.6810897435897437 45.301282057692305 45.30769230769231 8.557692307692308 36.75 3.2535405000089668
396000 284.78846153846155 0.10777814928988017 21.652648980769225 0.6810897435897437 45.301282057692305 45.30769230769231 8.557692307692308 36.75 3.0806229999870993
398000 284.78846153846155 0.11048003191829245 21.652648980769225 0.6810897435897437 45.301282057692305 45.30769230769231 8.557692307692308 36.75 3.226459999976214
400000 284.78846153846155 0.10777814928988017 21.652648980769225 0.6810897435897437 45.301282057692305 45.30769230769231 8.557692307692308 36.75 3.124283099954482
402000 284.78846153846155 0.10777814928988017 21.652648980769225 0.6810897435897437 45.301282057692305 45.30769230769231 8.557692307692308 36.75 3.382988400000613
404000 284.6923076923077 0.10793768690505222 21.64517034615384 0.6810897435897437 45.301282057692305 45.30769230769231 8.442307692307692 36.86538461538461 3.0731649000081234
406000 284.6923076923077 0.10793768690505222 21.64517034615384 0.6810897435897437 45.301282057692305 45.30769230769231 8.442307692307692 36.86538461538461 3.3272383000003174
408000 284.6923076923077 0.10793768690505222 21.64517034615384 0.6810897435897437 45.301282057692305 45.30769230769231 8.442307692307692 36.86538461538461 3.572134800022468
410000 284.78846153846155 0.10948112582404237 21.652648980769225 0.6810897435897437 45.301282057692305 45.30769230769231 8.557692307692308 36.75 3.3868993999785744
412000 284.6923076923077 0.10964066343921443 21.64517034615384 0.6810897435897437 45.301282057692305 45.30769230769231 8.442307692307692 36.86538461538461 3.343309900024906
414000 284.6923076923077 0.10793768690505222 21.64517034615384 0.6810897435897437 45.301282057692305 45.30769230769231 8.442307692307692 36.86538461538461 3.5381433000438847
416000 284.6923076923077 0.10793768690505222 21.64517034615384 0.6810897435897437 45.301282057692305 45.30769230769231 8.442307692307692 36.86538461538461 3.3931046999641694
418000 284.88461538461536 0.11028331378253692 21.634664653846144 0.6810897435897437 45.301282057692305 45.30769230769231 8.326923076923077 36.98076923076923 3.479602299979888
420000 284.88461538461536 0.11028331378253692 21.634664653846144 0.6810897435897437 45.301282057692305 45.30769230769231 8.326923076923077 36.98076923076923 3.4063758000265807
422000 284.88461538461536 0.11028331378253692 21.634664653846144 0.6810897435897437 45.301282057692305 45.30769230769231 8.326923076923077 36.98076923076923 3.310381299990695
424000 284.88461538461536 0.11028331378253692 21.634664653846144 0.6810897435897437 45.301282057692305 45.30769230769231 8.326923076923077 36.98076923076923 3.319085700029973
426000 284.6923076923077 0.10964066343921443 21.64517034615384 0.6810897435897437 45.301282057692305 45.30769230769231 8.442307692307692 36.86538461538461 3.276391399966087
428000 284.6923076923077 0.10964066343921443 21.64517034615384 0.6810897435897437 45.301282057692305 45.30769230769231 8.442307692307692 36.86538461538461 3.288693999988027
430000 284.6923076923077 0.10964066343921443 21.64517034615384 0.6810897435897437 45.301282057692305 45.30769230769231 8.442307692307692 36.86538461538461 3.4254887999850325
432000 284.6923076923077 0.10964066343921443 21.64517034615384 0.6810897435897437 45.301282057692305 45.30769230769231 8.442307692307692 36.86538461538461 3.375769600039348
434000 284.88461538461536 0.111282219876787 21.634664653846144 0.6810897435897437 45.301282057692305 45.30769230769231 8.326923076923077 36.98076923076923 3.387708499969449
436000 284.6923076923077 0.11063956953346452 21.64517034615384 0.6810897435897437 45.301282057692305 45.30769230769231 8.442307692307692 36.86538461538461 3.259825600020122
438000 284.88461538461536 0.111282219876787 21.634664653846144 0.6810897435897437 45.301282057692305 45.30769230769231 8.326923076923077 36.98076923076923 3.3901856999727897
440000 284.88461538461536 0.10858033724837471 21.634664653846144 0.6810897435897437 45.301282057692305 45.30769230769231 8.326923076923077 36.98076923076923 3.4735094000352547
442000 284.88461538461536 0.11028331378253692 21.634664653846144 0.6810897435897437 45.301282057692305 45.30769230769231 8.326923076923077 36.98076923076923 3.374408499978017
444000 284.88461538461536 0.11298519641094919 21.634664653846144 0.6810897435897437 45.301282057692305 45.30769230769231 8.326923076923077 36.98076923076923 3.0557182000484318
446000 284.6923076923077 0.1123425460676267 21.64517034615384 0.6810897435897437 45.301282057692305 45.30769230769231 8.442307692307692 36.86538461538461 3.2612179999705404
448000 284.6923076923077 0.10964066343921443 21.64517034615384 0.6810897435897437 45.301282057692305 45.30769230769231 8.442307692307692 36.86538461538461 3.2398390999878757
450000 284.6923076923077 0.10964066343921443 21.64517034615384 0.6810897435897437 45.301282057692305 45.30769230769231 8.442307692307692 36.86538461538461 3.356889399990905
452000 284.6923076923077 0.10964066343921443 21.64517034615384 0.6810897435897437 45.301282057692305 45.30769230769231 8.442307692307692 36.86538461538461 3.4778703000047244
454000 284.78846153846155 0.10948112582404237 21.652648980769225 0.6810897435897437 45.301282057692305 45.30769230769231 8.557692307692308 36.75 3.2853115999605507
456000 284.78846153846155 0.10948112582404237 21.652648980769225 0.6810897435897437 45.301282057692305 45.30769230769231 8.557692307692308 36.75 3.2765088999876752
458000 284.78846153846155 0.10948112582404237 21.652648980769225 0.6810897435897437 45.301282057692305 45.30769230769231 8.557692307692308 36.75 3.147959100024309
460000 284.78846153846155 0.10948112582404237 21.652648980769225 0.6810897435897437 45.301282057692305 45.30769230769231 8.557692307692308 36.75 3.4654157999902964
462000 284.78846153846155 0.10948112582404237 21.652648980769225 0.6810897435897437 45.301282057692305 45.30769230769231 8.557692307692308 36.75 3.4258842000272125
464000 284.78846153846155 0.10948112582404237 21.652648980769225 0.6810897435897437 45.301282057692305 45.30769230769231 8.557692307692308 36.75 3.2221291000023484
466000 284.6923076923077 0.1123425460676267 21.64517034615384 0.6810897435897437 45.301282057692305 45.30769230769231 8.442307692307692 36.86538461538461 3.6104121999815106
468000 284.6923076923077 0.1123425460676267 21.64517034615384 0.6810897435897437 45.301282057692305 45.30769230769231 8.442307692307692 36.86538461538461 3.1668959999806248
470000 284.6923076923077 0.1123425460676267 21.64517034615384 0.6810897435897437 45.301282057692305 45.30769230769231 8.442307692307692 36.86538461538461 3.2915423999656923
472000 284.6923076923077 0.10964066343921443 21.64517034615384 0.6810897435897437 45.301282057692305 45.30769230769231 8.442307692307692 36.86538461538461 3.012408400012646
474000 284.6923076923077 0.10964066343921443 21.64517034615384 0.6810897435897437 45.301282057692305 45.30769230769231 8.442307692307692 36.86538461538461 2.9538478000322357
476000 284.6923076923077 0.1123425460676267 21.64517034615384 0.6810897435897437 45.301282057692305 45.30769230769231 8.442307692307692 36.86538461538461 3.409951000008732
478000 284.6923076923077 0.1123425460676267 21.64517034615384 0.6810897435897437 45.301282057692305 45.30769230769231 8.442307692307692 36.86538461538461 2.5834492999711074
480000 284.6923076923077 0.10964066343921443 21.64517034615384 0.6810897435897437 45.301282057692305 45.30769230769231 8.442307692307692 36.86538461538461 2.4447253000107594
482000 284.6923076923077 0.10964066343921443 21.64517034615384 0.6810897435897437 45.301282057692305 45.30769230769231 8.442307692307692 36.86538461538461 2.347310000041034
484000 284.78846153846155 0.10948112582404237 21.652648980769225 0.6810897435897437 45.301282057692305 45.30769230769231 8.557692307692308 36.75 2.483793899999
486000 284.6923076923077 0.10964066343921443 21.64517034615384 0.6810897435897437 45.301282057692305 45.30769230769231 8.442307692307692 36.86538461538461 2.108508199977223
488000 284.78846153846155 0.10948112582404237 21.652648980769225 0.6810897435897437 45.301282057692305 45.30769230769231 8.557692307692308 36.75 1.9985847999923863
490000 284.78846153846155 0.10948112582404237 21.652648980769225 0.6810897435897437 45.301282057692305 45.30769230769231 8.557692307692308 36.75 1.935177500010468
492000 284.6923076923077 0.10964066343921443 21.64517034615384 0.6810897435897437 45.301282057692305 45.30769230769231 8.442307692307692 36.86538461538461 1.8299180999747477
494000 284.6923076923077 0.10964066343921443 21.64517034615384 0.6810897435897437 45.301282057692305 45.30769230769231 8.442307692307692 36.86538461538461 1.8094830000190996
496000 284.6923076923077 0.10964066343921443 21.64517034615384 0.6810897435897437 45.301282057692305 45.30769230769231 8.442307692307692 36.86538461538461 1.6749233999871649
498000 284.6923076923077 0.10964066343921443 21.64517034615384 0.6810897435897437 45.301282057692305 45.30769230769231 8.442307692307692 36.86538461538461 1.6582316000130959
500000 284.6923076923077 0.10964066343921443 21.64517034615384 0.6810897435897437 45.301282057692305 45.30769230769231 8.442307692307692 36.86538461538461 1.6443621999933384
