2000 1.3269230769230769 0.00023252503279551194 36.97191828846154 0.07692307692307693 45.301282057692305 45.30769230769231 1.2692307692307692 44.03846153846154 0.8310153000056744
4000 2.6923076923076925 0.0005559606506202839 35.64333994230769 0.12499999999999999 45.301282057692305 45.30769230769231 1.6538461538461537 43.65384615384615 0.9661740000010468
6000 2.1153846153846154 0.0005128792947646743 35.896267519230776 0.11057692307692307 45.301282057692305 45.30769230769231 1.0384615384615385 44.26923076923077 1.2219432999845594
8000 1.4038461538461537 0.00028220986420515856 36.432005307692314 0.09615384615384616 45.301282057692305 45.30769230769231 1.3076923076923077 44.0 1.2244525999994949
10000 2.3846153846153846 0.0005624720784574613 34.15808211538461 0.16346153846153846 45.301282057692305 45.30769230769231 1.1538461538461537 44.15384615384615 1.5137607000069693
12000 1.6346153846153846 0.000290763822690438 34.790873000000005 0.11057692307692306 45.301282057692305 45.30769230769231 1.2884615384615385 44.01923076923077 1.559196999995038
14000 3.7884615384615383 -0.4221782310522425 32.821021961538456 0.1907051282051282 45.301282057692305 45.30769230769231 1.0576923076923077 44.25 1.952284700004384
16000 3.6346153846153846 -0.5378874186680327 33.44233663461538 0.23557692307692307 45.301282057692305 45.30769230769231 1.0384615384615385 44.26923076923077 1.8987963999970816
18000 1.1346153846153846 0.0002119443187325286 35.02030703846154 0.15865384615384615 45.301282057692305 45.30769230769231 1.0576923076923077 44.25 2.440860800037626
20000 1.9038461538461537 0.00046086943464541827 35.252365576923076 0.12179487179487178 45.301282057692305 45.30769230769231 1.0384615384615385 44.26923076923077 3.0090752000105567
22000 2.326923076923077 0.0005413698041480743 35.41123319230769 0.11698717948717949 45.301282057692305 45.30769230769231 1.0384615384615385 44.26923076923077 2.8707210999564268
24000 2.2115384615384617 0.0004118386217784552 34.75048680769231 0.15544871794871792 45.301282057692305 45.30769230769231 1.25 44.05769230769231 2.954094199987594
26000 1.5384615384615385 0.000449042595885172 34.216532057692305 0.17948717948717946 45.301282057692305 45.30769230769231 1.1153846153846154 44.19230769230769 3.351870200014673
28000 1.25 0.00027211738365304965 35.58044678846152 0.157051282051282 45.301282057692305 45.30769230769231 1.0384615384615385 44.26923076923077 2.9404225000180304
30000 1.5192307692307692 0.0003460963090001782 35.083478403846144 0.1474358974358974 45.301282057692305 45.30769230769231 1.0384615384615385 44.26923076923077 2.842789600021206
32000 1.8461538461538463 0.0005646131779121649 34.40883955769231 0.17467948717948717 45.301282057692305 45.30769230769231 1.0961538461538463 44.21153846153846 2.723079100018367
34000 2.4615384615384617 0.0007108315292988794 34.1292810576923 0.14102564102564102 45.301282057692305 45.30769230769231 1.0576923076923077 44.25 2.9678433999652043
36000 1.8653846153846154 -0.038004655594755576 34.978051461538456 0.13141025641025642 45.301282057692305 45.30769230769231 1.0384615384615385 44.26923076923077 2.7356604000087827
38000 2.0576923076923075 0.00046564386252387005 36.550015884615384 0.056089743589743585 45.301282057692305 45.30769230769231 1.0384615384615385 44.26923076923077 2.762988900009077
40000 4.653846153846154 -0.2678093621043328 34.36320488461539 0.17147435897435898 45.301282057692305 45.30769230769231 1.0384615384615385 44.26923076923077 2.750648999994155
42000 2.576923076923077 0.0005591328531501528 36.061020884615374 0.09134615384615384 45.301282057692305 45.30769230769231 1.1153846153846154 44.19230769230769 2.8122181000071578
44000 1.6153846153846154 0.00028716840393875107 36.53142757692307 0.08493589743589743 45.301282057692305 45.30769230769231 1.1153846153846154 44.19230769230769 2.8815952999866568
46000 2.0384615384615383 0.00046108240123894574 36.23388425 0.06730769230769232 45.301282057692305 45.30769230769231 1.0769230769230769 44.23076923076923 2.896806300035678
48000 3.3461538461538463 0.0007605988705683258 35.490235307692316 0.1346153846153846 45.301282057692305 45.30769230769231 1.0576923076923077 44.25 2.6461149000097066
50000 2.3461538461538463 0.0005650526409962202 34.90460959615385 0.13782051282051283 45.301282057692305 45.30769230769231 1.0384615384615385 44.26923076923077 2.6761606999789365
52000 1.8269230769230769 0.00025783145578941384 35.70705699999999 0.09455128205128203 45.301282057692305 45.30769230769231 1.0961538461538463 44.21153846153846 2.7800277000060305
54000 1.1923076923076923 0.00015504280902251544 36.103861826923065 0.09455128205128206 45.301282057692305 45.30769230769231 1.0961538461538463 44.21153846153846 2.892776600026991
56000 3.0 0.0007149945947948092 35.46091338461538 0.15544871794871792 45.301282057692305 45.30769230769231 2.3461538461538463 42.96153846153846 2.730016899993643
58000 3.576923076923077 0.0010368735935772622 34.892716480769224 0.19551282051282054 45.301282057692305 45.30769230769231 2.6153846153846154 42.69230769230769 2.664455799967982
60000 9.26923076923077 0.0020696680908942502 32.25364176923078 0.2692307692307693 45.301282057692305 45.30769230769231 1.3461538461538463 43.96153846153846 2.7216562000103295
62000 10.942307692307692 0.005318445706744893 31.69528219230769 0.29967948717948717 45.301282057692305 45.30769230769231 1.8269230769230769 43.48076923076923 2.9801526000373997
64000 5.538461538461538 0.0015230621974893993 33.32074063461539 0.1939102564102564 45.301282057692305 45.30769230769231 1.9615384615384615 43.34615384615385 3.352339800039772
66000 14.826923076923077 0.004245103066412354 30.33249142307693 0.32211538461538464 45.301282057692305 45.30769230769231 1.8846153846153846 43.42307692307692 2.663798499968834
68000 17.5 0.005238924836009299 29.867208346153852 0.33493589743589747 45.301282057692305 45.30769230769231 1.0576923076923077 44.25 3.0240470999851823
70000 16.134615384615383 0.0039814929047650455 29.732135019230764 0.33974358974358976 45.301282057692305 45.30769230769231 1.0576923076923077 44.25 3.0420624999678694
72000 11.076923076923077 0.0032757993749229935 32.09798351923076 0.27083333333333337 45.301282057692305 45.30769230769231 1.0384615384615385 44.26923076923077 2.768991799966898
74000 2.8461538461538463 0.0003801791389729424 35.12416049999999 0.15865384615384615 45.301282057692305 45.30769230769231 1.0576923076923077 44.25 2.6730095999664627
76000 4.711538461538462 0.001342071683824674 33.90941609615385 0.16346153846153844 45.301282057692305 45.30769230769231 1.25 44.05769230769231 2.987209199985955
78000 2.6538461538461537 0.0007128308541700971 35.70108348076922 0.10256410256410257 45.301282057692305 45.30769230769231 1.0769230769230769 44.23076923076923 2.8578510000370443
80000 10.98076923076923 0.00250167662963817 31.97693675 0.27564102564102566 45.301282057692305 45.30769230769231 1.0384615384615385 44.26923076923077 2.8528669999795966
82000 10.75 0.0019557870398031786 31.615825384615388 0.2612179487179488 45.301282057692305 45.30769230769231 1.0769230769230769 44.23076923076923 2.8800769000081345
84000 9.115384615384615 -0.5950620923605189 32.68264928846155 0.2387820512820513 45.301282057692305 45.30769230769231 1.6538461538461537 43.65384615384615 2.744507200026419
86000 19.115384615384617 -0.22569742437908055 30.37961267307692 0.31891025641025644 45.301282057692305 45.30769230769231 1.5192307692307692 43.78846153846154 2.813937099999748
88000 14.73076923076923 0.00457603113029007 29.940624 0.3621794871794872 45.301282057692305 45.30769230769231 1.1923076923076923 44.11538461538461 2.7819528999971226
90000 10.826923076923077 0.002090941384038747 31.687557307692302 0.27243589743589747 45.301282057692305 45.30769230769231 1.1346153846153846 44.17307692307692 2.8106716999900527
92000 31.384615384615383 0.011438171615297405 27.30556615384616 0.38301282051282054 45.301282057692305 45.30769230769231 1.0576923076923077 44.25 2.76839270000346
94000 39.55769230769231 0.0076172882354374714 26.554176788461536 0.40224358974358976 45.301282057692305 45.30769230769231 1.0576923076923077 44.25 3.1672421999974176
96000 39.17307692307692 0.01342287463795544 26.49676959615385 0.40384615384615385 45.301282057692305 45.30769230769231 1.0576923076923077 44.25 3.1388705000281334
98000 28.53846153846154 -0.008929344672278796 27.45987059615385 0.39583333333333337 45.301282057692305 45.30769230769231 1.0576923076923077 44.25 3.0046232999884523
100000 15.846153846153847 0.004382613946692927 29.918432365384604 0.328525641025641 45.301282057692305 45.30769230769231 1.0384615384615385 44.26923076923077 3.255710600002203
102000 17.653846153846153 0.005463833984755717 28.57511369230769 0.3766025641025641 45.301282057692305 45.30769230769231 1.0384615384615385 44.26923076923077 3.10723780002445
104000 31.653846153846153 0.009886598137621515 26.529741923076926 0.4294871794871795 45.301282057692305 45.30769230769231 1.0576923076923077 44.25 2.9483437000308186
106000 38.13461538461539 -0.004764110837967462 25.813391 0.4791666666666667 45.301282057692305 45.30769230769231 1.0769230769230769 44.23076923076923 3.065603800001554
108000 22.192307692307693 -0.14609189147419935 28.411181730769222 0.37179487179487186 45.301282057692305 45.30769230769231 1.3461538461538463 43.96153846153846 3.011951200023759
110000 37.36538461538461 -0.35501644006919275 28.25813776923077 0.4182692307692306 45.301282057692305 45.30769230769231 1.8653846153846154 43.44230769230769 2.8320434000343084
112000 64.26923076923077 0.001051935861872602 25.096819249999996 0.4871794871794871 45.301282057692305 45.30769230769231 1.9230769230769231 43.38461538461539 3.2028961000032723
114000 56.0 -0.44999274490549895 26.063051211538454 0.46794871794871784 45.301282057692305 45.30769230769231 2.0 43.30769230769231 2.9961619999958202
116000 46.32692307692308 -0.6855495320919563 26.95407736538461 0.4358974358974358 45.301282057692305 45.30769230769231 2.0 43.30769230769231 2.8170864999992773
118000 67.21153846153847 0.023279657353566643 25.005678365384618 0.49038461538461525 45.301282057692305 45.30769230769231 1.8653846153846154 43.44230769230769 3.141633199993521
120000 60.94230769230769 -0.5425434633035837 26.030252173076914 0.4775641025641025 45.301282057692305 45.30769230769231 2.0 43.30769230769231 2.841579800006002
122000 46.32692307692308 0.00948593517141344 25.35510230769231 0.4262820512820513 45.301282057692305 45.30769230769231 1.1346153846153846 44.17307692307692 3.1832648999989033
124000 46.65384615384615 0.009253525754728615 25.41279465384615 0.42788461538461536 45.301282057692305 45.30769230769231 1.1346153846153846 44.17307692307692 3.0539642000221647
126000 43.61538461538461 0.007480573659332738 25.511441249999994 0.421474358974359 45.301282057692305 45.30769230769231 1.0961538461538463 44.21153846153846 3.2836366000119597
128000 43.94230769230769 0.007954684700156592 25.51785153846153 0.421474358974359 45.301282057692305 45.30769230769231 1.0769230769230769 44.23076923076923 2.8055710999760777
130000 42.90384615384615 0.008371521799991087 25.37682576923077 0.4262820512820512 45.301282057692305 45.30769230769231 1.0576923076923077 44.25 2.9937125999713317
132000 42.90384615384615 0.008240429739592652 25.351184730769226 0.4262820512820512 45.301282057692305 45.30769230769231 1.0576923076923077 44.25 2.831367400009185
134000 42.59615384615385 0.007347605504498057 25.48580019230769 0.41506410256410253 45.301282057692305 45.30769230769231 1.0576923076923077 44.25 2.9343071000184864
136000 44.98076923076923 0.008124626420943705 25.472979769230765 0.4150641025641026 45.301282057692305 45.30769230769231 1.0961538461538463 44.21153846153846 3.2945320999715477
138000 43.48076923076923 0.007543721684590025 25.575543826923067 0.4102564102564103 45.301282057692305 45.30769230769231 1.0576923076923077 44.25 2.9031738999765366
140000 42.96153846153846 0.007368074856847942 25.48580019230769 0.41506410256410253 45.301282057692305 45.30769230769231 1.0576923076923077 44.25 2.8332180000143126
142000 43.44230769230769 0.008017987321883299 25.45374888461538 0.41346153846153844 45.301282057692305 45.30769230769231 1.0576923076923077 44.25 3.061425500025507
144000 45.76923076923077 0.009844350548457158 25.521768961538456 0.42788461538461536 45.301282057692305 45.30769230769231 1.0961538461538463 44.21153846153846 3.07583909999812
146000 41.96153846153846 -0.010663455416554085 25.796697788461532 0.41506410256410253 45.301282057692305 45.30769230769231 1.0576923076923077 44.25 3.1619656999828294
148000 44.55769230769231 0.010285611222836083 25.566640846153838 0.4326923076923077 45.301282057692305 45.30769230769231 1.1153846153846154 44.19230769230769 2.794480000040494
150000 43.57692307692308 -0.028853299193875415 25.832666730769226 0.41506410256410253 45.301282057692305 45.30769230769231 1.1538461538461537 44.15384615384615 2.857143500004895
152000 65.5 -0.01875230657058283 25.26208880769231 0.5144230769230769 45.301282057692305 45.30769230769231 1.8461538461538463 43.46153846153846 3.097742499958258
154000 48.65384615384615 -0.008322486290314011 25.378607019230767 0.4487179487179487 45.301282057692305 45.30769230769231 1.3076923076923077 44.0 3.0428550000069663
156000 68.23076923076923 0.023174318513140217 24.92555028846154 0.5112179487179487 45.301282057692305 45.30769230769231 1.9230769230769231 43.38461538461539 3.0298248999752104
158000 67.67307692307692 0.02283845759170302 24.94798621153846 0.49839743589743585 45.301282057692305 45.30769230769231 1.9615384615384615 43.34615384615385 2.8211025000200607
160000 69.86538461538461 0.023404960726582328 24.88822163461539 0.47275641025641024 45.301282057692305 45.30769230769231 1.1538461538461537 44.15384615384615 2.97383659996558
162000 79.01923076923077 0.028226082030256065 24.856526634615385 0.4647435897435897 45.301282057692305 45.30769230769231 1.1730769230769231 44.13461538461539 3.038071900024079
164000 90.90384615384616 0.03305872126883135 24.580885519230776 0.4903846153846153 45.301282057692305 45.30769230769231 1.25 44.05769230769231 2.9508425999665633
166000 88.96153846153847 0.031362900925865904 24.46282986538462 0.48237179487179477 45.301282057692305 45.30769230769231 1.2307692307692308 44.07692307692308 2.974547099962365
168000 96.0 0.03071693957697876 24.530137615384618 0.49839743589743585 45.301282057692305 45.30769230769231 1.25 44.05769230769231 3.057703499973286
170000 96.34615384615384 0.012449438214372572 24.688791365384613 0.4807692307692307 45.301282057692305 45.30769230769231 1.1730769230769231 44.13461538461539 2.943039799982216
172000 91.92307692307692 0.028886659609597375 24.41315026923077 0.4711538461538461 45.301282057692305 45.30769230769231 1.2115384615384615 44.09615384615385 2.8876270999899134
174000 98.46153846153847 0.030644957409660296 24.411013788461535 0.5048076923076923 45.301282057692305 45.30769230769231 1.3076923076923077 44.0 3.485232700011693
176000 93.8076923076923 0.027144341499388266 24.579817346153845 0.4711538461538461 45.301282057692305 45.30769230769231 1.2884615384615385 44.01923076923077 3.0594733000034466
178000 91.98076923076923 0.025358152142466932 24.631099269230766 0.4711538461538461 45.301282057692305 45.30769230769231 1.25 44.05769230769231 3.2269697000156157
180000 98.5576923076923 0.028843251282465263 24.398727442307692 0.5112179487179487 45.301282057692305 45.30769230769231 1.2884615384615385 44.01923076923077 3.268962799978908
182000 102.63461538461539 0.035950323828014046 23.81485953846154 0.47435897435897434 45.301282057692305 45.30769230769231 1.2307692307692308 44.07692307692308 3.2400675999815576
184000 106.5 0.03767283323999113 23.752359634615384 0.4855769230769231 45.301282057692305 45.30769230769231 1.2307692307692308 44.07692307692308 3.1763174000079744
186000 113.9423076923077 0.04137448938645348 23.744881134615387 0.49679487179487175 45.301282057692305 45.30769230769231 1.2884615384615385 44.01923076923077 3.0219310999964364
188000 123.75 0.036963454760228186 23.41208169230769 0.5096153846153846 45.301282057692305 45.30769230769231 1.25 44.05769230769231 2.956720200018026
190000 116.53846153846153 0.03245797087254092 23.458733999999996 0.49198717948717946 45.301282057692305 45.30769230769231 1.2115384615384615 44.09615384615385 2.9324906999827363
192000 125.42307692307692 0.03503214511917256 23.428819692307687 0.5096153846153846 45.301282057692305 45.30769230769231 1.2884615384615385 44.01923076923077 2.8915935999830253
194000 127.78846153846153 0.026893796596413225 23.298477653846152 0.5096153846153846 45.301282057692305 45.30769230769231 1.2307692307692308 44.07692307692308 2.991182400030084
196000 141.19230769230768 -0.014463419463781536 23.315786096153836 0.516025641025641 45.301282057692305 45.30769230769231 1.5 43.80769230769231 3.040520699985791
198000 152.75 -0.04705785249521651 23.368925423076913 0.5400641025641025 45.301282057692305 45.30769230769231 1.7307692307692308 43.57692307692308 3.0580691999639384
200000 151.84615384615384 -0.04676693050055109 23.368925423076913 0.5400641025641025 45.301282057692305 45.30769230769231 1.7307692307692308 43.57692307692308 3.1156962999957614
202000 239.55769230769232 0.08422136308964544 22.565750365384613 0.530448717948718 45.301282057692305 45.30769230769231 4.461538461538462 40.84615384615385 3.2045977000379935
204000 241.76923076923077 0.0926072722741394 22.456989749999998 0.530448717948718 45.301282057692305 45.30769230769231 4.846153846153846 40.46153846153846 2.972739899996668
206000 291.63461538461536 0.11135534215875466 22.171734230769236 0.5288461538461537 45.301282057692305 45.30769230769231 6.923076923076923 38.38461538461539 3.1694795000366867
208000 294.5576923076923 0.11264155874412664 22.20378565384616 0.5288461538461537 45.301282057692305 45.30769230769231 7.153846153846154 38.15384615384615 2.918634600006044
210000 290.21153846153845 0.11193473664639593 22.357632173076926 0.5224358974358975 45.301282057692305 45.30769230769231 7.711538461538462 37.59615384615385 3.072776800021529
212000 304.09615384615387 0.11983172776029295 22.258273500000005 0.5176282051282052 45.301282057692305 45.30769230769231 7.865384615384615 37.44230769230769 3.0906751999864355
214000 323.5576923076923 0.12487344258196027 22.024299038461546 0.5288461538461537 45.301282057692305 45.30769230769231 7.519230769230769 37.78846153846154 3.1600396999856457
216000 335.21153846153845 0.12921739654576936 21.937760500000007 0.5448717948717948 45.301282057692305 45.30769230769231 7.403846153846154 37.90384615384615 2.99408560001757
218000 335.21153846153845 0.1290014191883911 21.937760500000007 0.5448717948717948 45.301282057692305 45.30769230769231 7.403846153846154 37.90384615384615 3.0408475999720395
220000 335.21153846153845 0.1290014191883911 21.937760500000007 0.5448717948717948 45.301282057692305 45.30769230769231 7.403846153846154 37.90384615384615 3.100255500001367
222000 335.21153846153845 0.1290014191883911 21.937760500000007 0.5448717948717948 45.301282057692305 45.30769230769231 7.403846153846154 37.90384615384615 2.784448800026439
224000 335.21153846153845 0.1290014191883911 21.937760500000007 0.5448717948717948 45.301282057692305 45.30769230769231 7.403846153846154 37.90384615384615 3.238767899980303
226000 335.21153846153845 0.1290014191883911 21.937760500000007 0.5448717948717948 45.301282057692305 45.30769230769231 7.403846153846154 37.90384615384615 3.0198235000134446
228000 335.21153846153845 0.1290014191883911 21.937760500000007 0.5448717948717948 45.301282057692305 45.30769230769231 7.403846153846154 37.90384615384615 3.026342100056354
230000 335.21153846153845 0.1290014191883911 21.937760500000007 0.5448717948717948 45.301282057692305 45.30769230769231 7.403846153846154 37.90384615384615 2.9110451000160538
232000 335.21153846153845 0.1290014191883911 21.937760500000007 0.5448717948717948 45.301282057692305 45.30769230769231 7.403846153846154 37.90384615384615 3.1411436999915168
234000 335.21153846153845 0.1290014191883911 21.937760500000007 0.5448717948717948 45.301282057692305 45.30769230769231 7.403846153846154 37.90384615384615 2.945581600011792
236000 335.21153846153845 0.1290014191883911 21.937760500000007 0.5448717948717948 45.301282057692305 45.30769230769231 7.403846153846154 37.90384615384615 2.894736099988222
238000 335.21153846153845 0.1290014191883911 21.937760500000007 0.5448717948717948 45.301282057692305 45.30769230769231 7.403846153846154 37.90384615384615 3.3189114999840967
240000 335.21153846153845 0.1290014191883911 21.937760500000007 0.5448717948717948 45.301282057692305 45.30769230769231 7.403846153846154 37.90384615384615 2.9711121000000276
242000 335.21153846153845 0.1290014191883911 21.937760500000007 0.5448717948717948 45.301282057692305 45.30769230769231 7.403846153846154 37.90384615384615 2.802469199988991
244000 335.21153846153845 0.1290014191883911 21.937760500000007 0.5448717948717948 45.301282057692305 45.30769230769231 7.403846153846154 37.90384615384615 2.891365399991628
246000 335.21153846153845 0.1290014191883911 21.937760500000007 0.5448717948717948 45.301282057692305 45.30769230769231 7.403846153846154 37.90384615384615 3.0470198999973945
248000 335.21153846153845 0.1290014191883911 21.937760500000007 0.5448717948717948 45.301282057692305 45.30769230769231 7.403846153846154 37.90384615384615 3.1780234999605455
250000 335.21153846153845 0.1290014191883911 21.937760500000007 0.5448717948717948 45.301282057692305 45.30769230769231 7.403846153846154 37.90384615384615 3.0006808000034653
252000 335.21153846153845 0.1290014191883911 21.937760500000007 0.5448717948717948 45.301282057692305 45.30769230769231 7.403846153846154 37.90384615384615 3.107260199962184
254000 335.21153846153845 0.1290014191883911 21.937760500000007 0.5448717948717948 45.301282057692305 45.30769230769231 7.403846153846154 37.90384615384615 2.732078500033822
256000 328.28846153846155 0.12757870900635104 22.040324538461544 0.5448717948717948 45.301282057692305 45.30769230769231 7.173076923076923 38.13461538461539 3.071335699991323
258000 332.0 0.12828655504526615 21.989042519230775 0.5448717948717948 45.301282057692305 45.30769230769231 7.288461538461538 38.01923076923077 2.8524004999781027
260000 332.0 0.12828655504526615 21.989042519230775 0.5448717948717948 45.301282057692305 45.30769230769231 7.288461538461538 38.01923076923077 3.017017800011672
262000 330.6923076923077 0.12784078034622937 22.181350326923084 0.5448717948717948 45.301282057692305 45.30769230769231 7.288461538461538 38.01923076923077 3.335937099996954
264000 327.15384615384613 0.12719057408565718 22.22622209615385 0.5448717948717948 45.301282057692305 45.30769230769231 7.173076923076923 38.13461538461539 3.098220499989111
266000 327.0769230769231 0.12716185445630968 22.283914461538465 0.5448717948717948 45.301282057692305 45.30769230769231 7.173076923076923 38.13461538461539 2.9188695999910124
268000 331.71153846153845 0.12838476694491455 22.145025576923086 0.5705128205128206 45.301282057692305 45.30769230769231 7.288461538461538 38.01923076923077 3.1113277999684215
270000 336.9230769230769 0.130140826331768 21.963401576923086 0.5512820512820513 45.301282057692305 45.30769230769231 7.365384615384615 37.94230769230769 2.8962286000023596
272000 335.21153846153845 0.1290014191883911 21.937760500000007 0.5448717948717948 45.301282057692305 45.30769230769231 7.403846153846154 37.90384615384615 3.4466609000228345
274000 332.0 0.12827970018421883 21.989042519230775 0.5448717948717948 45.301282057692305 45.30769230769231 7.288461538461538 38.01923076923077 3.1362279999884777
276000 332.0 0.12827970018421883 21.989042519230775 0.5448717948717948 45.301282057692305 45.30769230769231 7.288461538461538 38.01923076923077 3.1008145000087097
278000 335.21153846153845 0.1290014191883911 21.937760500000007 0.5448717948717948 45.301282057692305 45.30769230769231 7.403846153846154 37.90384615384615 3.0692974000121467
280000 335.21153846153845 0.1290014191883911 21.937760500000007 0.5448717948717948 45.301282057692305 45.30769230769231 7.403846153846154 37.90384615384615 3.130933200009167
282000 335.21153846153845 0.1290014191883911 21.937760500000007 0.5448717948717948 45.301282057692305 45.30769230769231 7.403846153846154 37.90384615384615 3.128263699996751
284000 333.21153846153845 0.12943298029285288 22.014683596153855 0.5512820512820513 45.301282057692305 45.30769230769231 7.25 38.05769230769231 3.269088200002443
286000 336.9230769230769 0.130140826331768 21.963401576923086 0.5512820512820513 45.301282057692305 45.30769230769231 7.365384615384615 37.94230769230769 2.9813099000020884
288000 336.9230769230769 0.130140826331768 21.963401576923086 0.5512820512820513 45.301282057692305 45.30769230769231 7.365384615384615 37.94230769230769 3.00495619996218
290000 336.9230769230769 0.130140826331768 21.963401576923086 0.5512820512820513 45.301282057692305 45.30769230769231 7.365384615384615 37.94230769230769 2.957928800024092
292000 332.46153846153845 0.12912497337218548 22.081991403846164 0.5512820512820513 45.301282057692305 45.30769230769231 7.365384615384615 37.94230769230769 3.096515699988231
294000 336.9230769230769 0.130140826331768 21.963401576923086 0.5512820512820513 45.301282057692305 45.30769230769231 7.365384615384615 37.94230769230769 3.004124899976887
296000 336.9230769230769 0.130140826331768 21.963401576923086 0.5512820512820513 45.301282057692305 45.30769230769231 7.365384615384615 37.94230769230769 2.85201249999227
298000 336.9230769230769 0.130140826331768 21.963401576923086 0.5512820512820513 45.301282057692305 45.30769230769231 7.365384615384615 37.94230769230769 3.3538674999726936
300000 336.9230769230769 0.130140826331768 21.963401576923086 0.5512820512820513 45.301282057692305 45.30769230769231 7.365384615384615 37.94230769230769 2.925616100023035
302000 336.9230769230769 0.130140826331768 21.963401576923086 0.5512820512820513 45.301282057692305 45.30769230769231 7.365384615384615 37.94230769230769 2.9078432000242174
304000 336.9230769230769 0.130140826331768 21.963401576923086 0.5512820512820513 45.301282057692305 45.30769230769231 7.365384615384615 37.94230769230769 3.0500188999576494
306000 336.9230769230769 0.130140826331768 21.963401576923086 0.5512820512820513 45.301282057692305 45.30769230769231 7.365384615384615 37.94230769230769 3.1731505999923684
308000 336.9230769230769 0.130140826331768 21.963401576923086 0.5512820512820513 45.301282057692305 45.30769230769231 7.365384615384615 37.94230769230769 2.9484318000031635
310000 333.9423076923077 0.1299091370223632 21.989042615384623 0.5512820512820513 45.301282057692305 45.30769230769231 7.269230769230769 38.03846153846154 3.091067200002726
312000 336.9230769230769 0.130140826331768 21.963401576923086 0.5512820512820513 45.301282057692305 45.30769230769231 7.365384615384615 37.94230769230769 2.9140850999974646
314000 336.9230769230769 0.130140826331768 21.963401576923086 0.5512820512820513 45.301282057692305 45.30769230769231 7.365384615384615 37.94230769230769 2.85110180004267
316000 336.9230769230769 0.130140826331768 21.963401576923086 0.5512820512820513 45.301282057692305 45.30769230769231 7.365384615384615 37.94230769230769 2.9956964000011794
318000 336.9230769230769 0.130140826331768 21.963401576923086 0.5512820512820513 45.301282057692305 45.30769230769231 7.365384615384615 37.94230769230769 2.82337749999715
320000 336.9230769230769 0.130140826331768 21.963401576923086 0.5512820512820513 45.301282057692305 45.30769230769231 7.365384615384615 37.94230769230769 3.0126463000196964
322000 337.63461538461536 0.13151952190982039 21.963401576923086 0.5801282051282052 45.301282057692305 45.30769230769231 7.173076923076923 38.13461538461539 2.860266599978786
324000 336.9230769230769 0.130140826331768 21.963401576923086 0.5512820512820513 45.301282057692305 45.30769230769231 7.365384615384615 37.94230769230769 3.1343570000026375
326000 336.9230769230769 0.130140826331768 21.963401576923086 0.5512820512820513 45.301282057692305 45.30769230769231 7.365384615384615 37.94230769230769 2.9913673999835737
328000 336.9230769230769 0.130140826331768 21.963401576923086 0.5512820512820513 45.301282057692305 45.30769230769231 7.365384615384615 37.94230769230769 2.9657238999498077
330000 336.9230769230769 0.130140826331768 21.963401576923086 0.5512820512820513 45.301282057692305 45.30769230769231 7.365384615384615 37.94230769230769 2.993180899997242
332000 336.9230769230769 0.130140826331768 21.963401576923086 0.5512820512820513 45.301282057692305 45.30769230769231 7.365384615384615 37.94230769230769 2.793431399972178
334000 336.9230769230769 0.130140826331768 21.963401576923086 0.5512820512820513 45.301282057692305 45.30769230769231 7.365384615384615 37.94230769230769 2.916456200007815
336000 336.9230769230769 0.130140826331768 21.963401576923086 0.5512820512820513 45.301282057692305 45.30769230769231 7.365384615384615 37.94230769230769 3.092199900012929
338000 336.61538461538464 0.13010748753904916 22.014683596153855 0.5512820512820513 45.301282057692305 45.30769230769231 7.25 38.05769230769231 3.1956484999973327
340000 337.63461538461536 0.13151952190982039 21.963401576923086 0.5801282051282052 45.301282057692305 45.30769230769231 7.173076923076923 38.13461538461539 2.9029430000227876
342000 337.63461538461536 0.13151952190982039 21.963401576923086 0.5801282051282052 45.301282057692305 45.30769230769231 7.173076923076923 38.13461538461539 2.8584912000223994
344000 337.63461538461536 0.13151952190982039 21.963401576923086 0.5801282051282052 45.301282057692305 45.30769230769231 7.173076923076923 38.13461538461539 3.092508199973963
346000 337.63461538461536 0.13151952190982039 21.963401576923086 0.5801282051282052 45.301282057692305 45.30769230769231 7.173076923076923 38.13461538461539 3.085330299974885
348000 337.63461538461536 0.13151952190982039 21.963401576923086 0.5801282051282052 45.301282057692305 45.30769230769231 7.173076923076923 38.13461538461539 3.017599600018002
350000 337.63461538461536 0.13151952190982039 21.963401576923086 0.5801282051282052 45.301282057692305 45.30769230769231 7.173076923076923 38.13461538461539 3.265536400023848
352000 337.63461538461536 0.13151952190982039 21.963401576923086 0.5801282051282052 45.301282057692305 45.30769230769231 7.173076923076923 38.13461538461539 3.1054680999950506
354000 337.9423076923077 0.13121848929796856 21.963401576923086 0.5608974358974359 45.301282057692305 45.30769230769231 7.269230769230769 38.03846153846154 3.001801800040994
356000 337.9423076923077 0.13121848929796856 21.963401576923086 0.5608974358974359 45.301282057692305 45.30769230769231 7.269230769230769 38.03846153846154 3.1348548000096343
358000 337.63461538461536 0.13151952190982039 21.963401576923086 0.5801282051282052 45.301282057692305 45.30769230769231 7.173076923076923 38.13461538461539 3.1655852000112645
360000 337.9423076923077 0.13121848929796856 21.963401576923086 0.5608974358974359 45.301282057692305 45.30769230769231 7.269230769230769 38.03846153846154 3.082021899987012
362000 336.9230769230769 0.130140826331768 21.963401576923086 0.5512820512820513 45.301282057692305 45.30769230769231 7.365384615384615 37.94230769230769 3.1780267999856733
364000 336.9230769230769 0.130140826331768 21.963401576923086 0.5512820512820513 45.301282057692305 45.30769230769231 7.365384615384615 37.94230769230769 3.1635190999950282
366000 336.9230769230769 0.130140826331768 21.963401576923086 0.5512820512820513 45.301282057692305 45.30769230769231 7.365384615384615 37.94230769230769 3.0797352000372484
368000 336.9230769230769 0.130140826331768 21.963401576923086 0.5512820512820513 45.301282057692305 45.30769230769231 7.365384615384615 37.94230769230769 3.2604736000066623
370000 338.0769230769231 0.13043430660489685 21.955922961538473 0.5512820512820513 45.301282057692305 45.30769230769231 7.365384615384615 37.94230769230769 3.1423798999749124
372000 338.0769230769231 0.13043430660489685 21.955922961538473 0.5512820512820513 45.301282057692305 45.30769230769231 7.365384615384615 37.94230769230769 3.1881487000500783
374000 336.9230769230769 0.130140826331768 21.963401576923086 0.5512820512820513 45.301282057692305 45.30769230769231 7.365384615384615 37.94230769230769 3.280262299987953
376000 338.0769230769231 0.13043430660489685 21.955922961538473 0.5512820512820513 45.301282057692305 45.30769230769231 7.365384615384615 37.94230769230769 3.1705199000425637
378000 338.0769230769231 0.12818928451159867 21.955922961538473 0.5512820512820513 45.301282057692305 45.30769230769231 7.365384615384615 37.94230769230769 3.070928899978753
380000 336.9230769230769 0.12716148205637293 21.963401576923086 0.5512820512820513 45.301282057692305 45.30769230769231 7.365384615384615 37.94230769230769 3.003723000001628
382000 336.9230769230769 0.1278958042384698 21.963401576923086 0.5512820512820513 45.301282057692305 45.30769230769231 7.365384615384615 37.94230769230769 3.1403594000148587
384000 336.9230769230769 0.1278958042384698 21.963401576923086 0.5512820512820513 45.301282057692305 45.30769230769231 7.365384615384615 37.94230769230769 3.389534799964167
386000 336.9230769230769 0.1278958042384698 21.963401576923086 0.5512820512820513 45.301282057692305 45.30769230769231 7.365384615384615 37.94230769230769 3.1504481000010855
388000 336.9230769230769 0.1278958042384698 21.963401576923086 0.5512820512820513 45.301282057692305 45.30769230769231 7.365384615384615 37.94230769230769 3.3709794000023976
390000 325.15384615384613 0.12607229397056535 22.110837557692317 0.5416666666666667 45.301282057692305 45.30769230769231 7.365384615384615 37.94230769230769 3.155930900014937
392000 336.9230769230769 0.130140826331768 21.963401576923086 0.5512820512820513 45.301282057692305 45.30769230769231 7.365384615384615 37.94230769230769 3.2193641999620013
394000 336.9230769230769 0.12868624549382218 21.963401576923086 0.5512820512820513 45.301282057692305 45.30769230769231 7.365384615384615 37.94230769230769 3.2477148000034504
396000 336.9230769230769 0.12868624549382218 21.963401576923086 0.5512820512820513 45.301282057692305 45.30769230769231 7.365384615384615 37.94230769230769 3.1879692999646068
398000 336.9230769230769 0.12868624549382218 21.963401576923086 0.5512820512820513 45.301282057692305 45.30769230769231 7.365384615384615 37.94230769230769 3.0177027999889106
400000 336.9230769230769 0.1278958042384698 21.963401576923086 0.5512820512820513 45.301282057692305 45.30769230769231 7.365384615384615 37.94230769230769 3.048544100020081
402000 336.9230769230769 0.130140826331768 21.963401576923086 0.5512820512820513 45.301282057692305 45.30769230769231 7.365384615384615 37.94230769230769 3.1181840999634005
404000 336.9230769230769 0.12944643524248914 21.963401576923086 0.5512820512820513 45.301282057692305 45.30769230769231 7.365384615384615 37.94230769230769 3.160587700025644
406000 336.9230769230769 0.12868624549382218 21.963401576923086 0.5512820512820513 45.301282057692305 45.30769230769231 7.365384615384615 37.94230769230769 3.2278213999816217
408000 336.9230769230769 0.12716148205637293 21.963401576923086 0.5512820512820513 45.301282057692305 45.30769230769231 7.365384615384615 37.94230769230769 3.488668499980122
410000 336.9230769230769 0.12795192331172528 21.963401576923086 0.5512820512820513 45.301282057692305 45.30769230769231 7.365384615384615 37.94230769230769 3.217149399977643
412000 336.9230769230769 0.12850840873029773 21.963401576923086 0.5512820512820513 45.301282057692305 45.30769230769231 7.365384615384615 37.94230769230769 3.169212399981916
414000 336.9230769230769 0.12868624549382218 21.963401576923086 0.5512820512820513 45.301282057692305 45.30769230769231 7.365384615384615 37.94230769230769 3.2636048000422306
416000 336.9230769230769 0.1292685984789647 21.963401576923086 0.5512820512820513 45.301282057692305 45.30769230769231 7.365384615384615 37.94230769230769 2.92870510002831
418000 336.9230769230769 0.1292685984789647 21.963401576923086 0.5512820512820513 45.301282057692305 45.30769230769231 7.365384615384615 37.94230769230769 3.252573400037363
420000 336.9230769230769 0.1292685984789647 21.963401576923086 0.5512820512820513 45.301282057692305 45.30769230769231 7.365384615384615 37.94230769230769 3.006634799996391
422000 336.9230769230769 0.12795192331172528 21.963401576923086 0.5512820512820513 45.301282057692305 45.30769230769231 7.365384615384615 37.94230769230769 3.024512199976016
424000 336.9230769230769 0.12850840873029773 21.963401576923086 0.5512820512820513 45.301282057692305 45.30769230769231 7.365384615384615 37.94230769230769 3.0561864000046626
426000 336.9230769230769 0.12716148205637293 21.963401576923086 0.5512820512820513 45.301282057692305 45.30769230769231 7.365384615384615 37.94230769230769 3.054666999960318
428000 336.9230769230769 0.12795192331172528 21.963401576923086 0.5512820512820513 45.301282057692305 45.30769230769231 7.365384615384615 37.94230769230769 3.124314400018193
430000 336.9230769230769 0.12697808133521066 21.963401576923086 0.5512820512820513 45.301282057692305 45.30769230769231 7.365384615384615 37.94230769230769 3.246587499976158
432000 336.9230769230769 0.12795192331172528 21.963401576923086 0.5512820512820513 45.301282057692305 45.30769230769231 7.365384615384615 37.94230769230769 3.02060019999044
434000 336.9230769230769 0.12795192331172528 21.963401576923086 0.5512820512820513 45.301282057692305 45.30769230769231 7.365384615384615 37.94230769230769 3.095749300031457
436000 336.9230769230769 0.12795192331172528 21.963401576923086 0.5512820512820513 45.301282057692305 45.30769230769231 7.365384615384615 37.94230769230769 2.9727472999948077
438000 336.9230769230769 0.12697808133521066 21.963401576923086 0.5512820512820513 45.301282057692305 45.30769230769231 7.365384615384615 37.94230769230769 3.1044535999535583
440000 336.9230769230769 0.12697808133521066 21.963401576923086 0.5512820512820513 45.301282057692305 45.30769230769231 7.365384615384615 37.94230769230769 3.1283419000101276
442000 336.9230769230769 0.12558252293145353 21.963401576923086 0.5512820512820513 45.301282057692305 45.30769230769231 7.365384615384615 37.94230769230769 3.3367065000347793
444000 336.9230769230769 0.12558252293145353 21.963401576923086 0.5512820512820513 45.301282057692305 45.30769230769231 7.365384615384615 37.94230769230769 3.0509182999958284
446000 336.9230769230769 0.12536654557407528 21.963401576923086 0.5512820512820513 45.301282057692305 45.30769230769231 7.365384615384615 37.94230769230769 3.1669461999554187
448000 336.9230769230769 0.12697808133521066 21.963401576923086 0.5512820512820513 45.301282057692305 45.30769230769231 7.365384615384615 37.94230769230769 3.241328199976124
450000 336.9230769230769 0.12558252293145353 21.963401576923086 0.5512820512820513 45.301282057692305 45.30769230769231 7.365384615384615 37.94230769230769 3.0757345000165515
452000 336.9230769230769 0.12558252293145353 21.963401576923086 0.5512820512820513 45.301282057692305 45.30769230769231 7.365384615384615 37.94230769230769 3.04884740000125
454000 336.9230769230769 0.12558252293145353 21.963401576923086 0.5512820512820513 45.301282057692305 45.30769230769231 7.365384615384615 37.94230769230769 3.2308826000080444
456000 336.9230769230769 0.12536654557407528 21.963401576923086 0.5512820512820513 45.301282057692305 45.30769230769231 7.365384615384615 37.94230769230769 3.08159939997131
458000 336.9230769230769 0.12697808133521066 21.963401576923086 0.5512820512820513 45.301282057692305 45.30769230769231 7.365384615384615 37.94230769230769 3.3765190999838524
460000 336.9230769230769 0.12697808133521066 21.963401576923086 0.5512820512820513 45.301282057692305 45.30769230769231 7.365384615384615 37.94230769230769 3.2803843000438064
462000 336.9230769230769 0.12697808133521066 21.963401576923086 0.5512820512820513 45.301282057692305 45.30769230769231 7.365384615384615 37.94230769230769 3.1438813999993727
464000 336.9230769230769 0.12536654557407528 21.963401576923086 0.5512820512820513 45.301282057692305 45.30769230769231 7.365384615384615 37.94230769230769 3.36569690000033
466000 336.9230769230769 0.12536654557407528 21.963401576923086 0.5512820512820513 45.301282057692305 45.30769230769231 7.365384615384615 37.94230769230769 3.224638700019568
468000 336.9230769230769 0.12536654557407528 21.963401576923086 0.5512820512820513 45.301282057692305 45.30769230769231 7.365384615384615 37.94230769230769 3.265177900029812
470000 336.9230769230769 0.12615698682942764 21.963401576923086 0.5512820512820513 45.301282057692305 45.30769230769231 7.365384615384615 37.94230769230769 3.228790699969977
472000 336.9230769230769 0.12615698682942764 21.963401576923086 0.5512820512820513 45.301282057692305 45.30769230769231 7.365384615384615 37.94230769230769 3.0012900000438094
474000 336.9230769230769 0.12697808133521066 21.963401576923086 0.5512820512820513 45.301282057692305 45.30769230769231 7.365384615384615 37.94230769230769 3.4876673000399023
476000 336.9230769230769 0.12615698682942764 21.963401576923086 0.5512820512820513 45.301282057692305 45.30769230769231 7.365384615384615 37.94230769230769 3.0488558000070043
478000 336.9230769230769 0.12536654557407528 21.963401576923086 0.5512820512820513 45.301282057692305 45.30769230769231 7.365384615384615 37.94230769230769 3.0938165999832563
480000 336.9230769230769 0.12615698682942764 21.963401576923086 0.5512820512820513 45.301282057692305 45.30769230769231 7.365384615384615 37.94230769230769 3.2560056000365876
482000 336.9230769230769 0.12478699536556676 21.963401576923086 0.5512820512820513 45.301282057692305 45.30769230769231 7.365384615384615 37.94230769230769 3.214757699985057
484000 336.28846153846155 0.12509853066784696 21.974085365384624 0.5576923076923077 45.301282057692305 45.30769230769231 7.326923076923077 37.98076923076923 3.1703259000205435
486000 336.15384615384613 0.12543656153195842 21.984769153846166 0.576923076923077 45.301282057692305 45.30769230769231 7.288461538461538 38.01923076923077 2.804256300034467
488000 337.3076923076923 0.12573004180508732 21.977290538461546 0.576923076923077 45.301282057692305 45.30769230769231 7.288461538461538 38.01923076923077 2.713414099998772
490000 336.15384615384613 0.1268065529958193 21.984769153846166 0.576923076923077 45.301282057692305 45.30769230769231 7.288461538461538 38.01923076923077 2.594441800029017
492000 337.3076923076923 0.12573004180508732 21.977290538461546 0.576923076923077 45.301282057692305 45.30769230769231 7.288461538461538 38.01923076923077 2.5937246999819763
494000 337.3076923076923 0.1271000332689482 21.977290538461546 0.576923076923077 45.301282057692305 45.30769230769231 7.288461538461538 38.01923076923077 2.4703356999671087
496000 337.3076923076923 0.12630959201359582 21.977290538461546 0.576923076923077 45.301282057692305 45.30769230769231 7.288461538461538 38.01923076923077 2.4019664999796078
498000 337.3076923076923 0.1271000332689482 21.977290538461546 0.576923076923077 45.301282057692305 45.30769230769231 7.288461538461538 38.01923076923077 1.9262586000259034
500000 337.3076923076923 0.1271000332689482 21.977290538461546 0.576923076923077 45.301282057692305 45.30769230769231 7.288461538461538 38.01923076923077 2.213444299995899
