2000 1.8461538461538463 0.0002400136906269915 110.88461538461539 0.056089743589743585 135.8653846153846 45.28846153846154 1.3846153846153846 43.90384615384615 1.243359199957922
4000 3.3076923076923075 0.0005787773546902057 104.57692307692308 0.17628205128205127 135.8653846153846 45.28846153846154 1.5 43.78846153846154 1.5692199000041
6000 3.230769230769231 0.0006354666819667193 105.5 0.21794871794871792 135.8653846153846 45.28846153846154 1.4230769230769231 43.86538461538461 1.714662500016857
8000 2.5961538461538463 0.00027480270687314806 106.8076923076923 0.17307692307692307 135.8653846153846 45.28846153846154 1.1923076923076923 44.09615384615385 1.8629635000252165
10000 6.403846153846154 0.0011665030571513441 103.01923076923077 0.2003205128205128 135.8653846153846 45.28846153846154 1.1923076923076923 44.09615384615385 2.6310303999925964
12000 7.4423076923076925 0.0013816973899651642 104.1923076923077 0.1907051282051282 135.8653846153846 45.28846153846154 1.1923076923076923 44.09615384615385 3.0932832999969833
14000 2.0961538461538463 0.00019107957600682246 110.09615384615384 0.10096153846153846 135.8653846153846 45.28846153846154 1.1923076923076923 44.09615384615385 3.1054074999992736
16000 4.5 0.0008879371389780961 108.26923076923077 0.09935897435897437 135.8653846153846 45.28846153846154 1.1923076923076923 44.09615384615385 3.116355200007092
18000 6.25 0.0013380627047267447 107.15384615384616 0.10096153846153846 135.8653846153846 45.28846153846154 1.1923076923076923 44.09615384615385 3.196989600022789
20000 3.0 0.0004280421429157874 108.98076923076923 0.09935897435897437 135.8653846153846 45.28846153846154 1.1923076923076923 44.09615384615385 2.9225594000308774
22000 4.096153846153846 0.0012406733793733126 107.84615384615384 0.09775641025641027 135.8653846153846 45.28846153846154 1.1923076923076923 44.09615384615385 2.864602499990724
24000 6.769230769230769 0.0014911245259582094 103.59615384615384 0.17948717948717946 135.8653846153846 45.28846153846154 1.1923076923076923 44.09615384615385 2.7481675999588333
26000 8.826923076923077 0.0017508977893891373 99.6923076923077 0.25641025641025644 135.8653846153846 45.28846153846154 1.1923076923076923 44.09615384615385 2.765932399954181
28000 12.057692307692308 0.0021948717921640515 97.48076923076923 0.33333333333333337 135.8653846153846 45.28846153846154 1.1923076923076923 44.09615384615385 2.6288179999683052
30000 9.038461538461538 0.0009151278363210605 99.13461538461539 0.22596153846153846 135.8653846153846 45.28846153846154 1.1923076923076923 44.09615384615385 2.8933194000273943
32000 10.25 0.0014129192358890163 96.9423076923077 0.2131410256410256 135.8653846153846 45.28846153846154 1.1923076923076923 44.09615384615385 2.8448209000052884
34000 12.576923076923077 0.00040493221790463037 96.07692307692308 0.22916666666666666 135.8653846153846 45.28846153846154 1.1923076923076923 44.09615384615385 2.9409563000081107
36000 18.5 0.0032623750871595717 96.53846153846153 0.28044871794871795 135.8653846153846 45.28846153846154 2.5961538461538463 42.69230769230769 2.8014758999925107
38000 26.75 0.006370640688399646 94.5576923076923 0.27884615384615385 135.8653846153846 45.28846153846154 2.9038461538461537 42.38461538461539 2.8454674999811687
40000 21.903846153846153 0.003162852261021053 94.17307692307692 0.28525641025641024 135.8653846153846 45.28846153846154 2.9423076923076925 42.34615384615385 2.91312189999735
42000 25.78846153846154 0.005569311754026512 93.25 0.28525641025641024 135.8653846153846 45.28846153846154 3.0576923076923075 42.23076923076923 2.960656500014011
44000 29.134615384615383 0.009999901947798652 92.84615384615384 0.28525641025641024 135.8653846153846 45.28846153846154 3.0576923076923075 42.23076923076923 2.968899200030137
46000 7.846153846153846 0.0018478288490826134 102.0576923076923 0.1971153846153846 135.8653846153846 45.28846153846154 2.980769230769231 42.30769230769231 2.963217500015162
48000 9.576923076923077 0.0015697414321213556 100.3076923076923 0.22435897435897434 135.8653846153846 45.28846153846154 1.3653846153846154 43.92307692307692 2.970905900001526
50000 17.057692307692307 0.005763472443093908 97.48076923076923 0.28044871794871795 135.8653846153846 45.28846153846154 2.730769230769231 42.55769230769231 2.8436656999983825
52000 15.807692307692308 0.005690373215204678 98.09615384615384 0.27724358974358976 135.8653846153846 45.28846153846154 2.576923076923077 42.71153846153846 3.035892000014428
54000 17.942307692307693 0.003152208083767899 97.28846153846153 0.25961538461538464 135.8653846153846 45.28846153846154 2.769230769230769 42.51923076923077 3.1207781999837607
56000 18.153846153846153 0.0034515289546723183 96.59615384615384 0.25 135.8653846153846 45.28846153846154 2.576923076923077 42.71153846153846 3.006505500001367
58000 16.057692307692307 0.005104293583205987 98.28846153846153 0.2676282051282052 135.8653846153846 45.28846153846154 2.576923076923077 42.71153846153846 3.011255000019446
60000 18.134615384615383 0.003842431014510853 95.75 0.23717948717948717 135.8653846153846 45.28846153846154 2.576923076923077 42.71153846153846 3.0239477999857627
62000 8.057692307692308 0.00183506681278676 100.0 0.23237179487179488 135.8653846153846 45.28846153846154 2.576923076923077 42.71153846153846 2.886245700006839
64000 15.5 0.004291443649442625 98.03846153846153 0.25000000000000006 135.8653846153846 45.28846153846154 2.576923076923077 42.71153846153846 3.0218860000022687
66000 17.153846153846153 0.006058498498613345 98.98076923076923 0.25320512820512825 135.8653846153846 45.28846153846154 2.6153846153846154 42.67307692307692 3.1147323999903165
68000 17.865384615384617 0.004496848758364155 98.25 0.233974358974359 135.8653846153846 45.28846153846154 2.576923076923077 42.71153846153846 2.9092419000226073
70000 19.365384615384617 0.003685125711287772 97.3076923076923 0.2532051282051282 135.8653846153846 45.28846153846154 2.730769230769231 42.55769230769231 3.014006499957759
72000 19.346153846153847 0.00230555352507554 96.38461538461539 0.26282051282051283 135.8653846153846 45.28846153846154 2.8846153846153846 42.40384615384615 2.815403599990532
74000 19.942307692307693 0.0026025511039127836 95.98076923076923 0.27564102564102566 135.8653846153846 45.28846153846154 2.8846153846153846 42.40384615384615 2.884561799990479
76000 19.826923076923077 0.0026942139777267854 96.09615384615384 0.2692307692307693 135.8653846153846 45.28846153846154 2.769230769230769 42.51923076923077 3.233444400015287
78000 19.923076923076923 0.002739760407265962 96.13461538461539 0.2692307692307693 135.8653846153846 45.28846153846154 2.8076923076923075 42.48076923076923 2.737035099999048
80000 41.80769230769231 0.011738662680183077 86.78846153846153 0.3798076923076923 135.8653846153846 45.28846153846154 2.9038461538461537 42.38461538461539 2.9798579000052996
82000 42.46153846153846 0.011158469040545786 86.25 0.3798076923076923 135.8653846153846 45.28846153846154 2.8653846153846154 42.42307692307692 2.966896199970506
84000 28.115384615384617 0.00612448938789257 91.32692307692308 0.33333333333333337 135.8653846153846 45.28846153846154 2.730769230769231 42.55769230769231 2.7751256999908946
86000 37.88461538461539 0.009270711272394105 88.40384615384616 0.3477564102564103 135.8653846153846 45.28846153846154 3.0576923076923075 42.23076923076923 3.216855700011365
88000 27.96153846153846 0.005349424108133086 91.34615384615384 0.33333333333333337 135.8653846153846 45.28846153846154 2.9038461538461537 42.38461538461539 2.9588810999994166
90000 32.46153846153846 0.006213692845162225 90.76923076923077 0.3173076923076923 135.8653846153846 45.28846153846154 2.826923076923077 42.46153846153846 2.8652207999839447
92000 27.96153846153846 0.005772978557409505 91.17307692307692 0.3173076923076923 135.8653846153846 45.28846153846154 2.8653846153846154 42.42307692307692 2.796200899989344
94000 35.46153846153846 0.009209207594265122 89.76923076923077 0.33814102564102566 135.8653846153846 45.28846153846154 2.9038461538461537 42.38461538461539 3.0689975999994203
96000 26.5 0.003967456630081478 92.42307692307692 0.31570512820512825 135.8653846153846 45.28846153846154 3.019230769230769 42.26923076923077 3.398767000006046
98000 34.36538461538461 0.008214980689440184 89.11538461538461 0.3605769230769231 135.8653846153846 45.28846153846154 3.019230769230769 42.26923076923077 3.2270089999656193
100000 46.84615384615385 0.013295270776993745 84.15384615384616 0.4118589743589744 135.8653846153846 45.28846153846154 2.980769230769231 42.30769230769231 3.46078339999076
102000 50.73076923076923 0.013655344547784028 82.96153846153847 0.421474358974359 135.8653846153846 45.28846153846154 3.0576923076923075 42.23076923076923 3.0030257000471465
104000 50.73076923076923 0.013307993932522003 82.96153846153847 0.421474358974359 135.8653846153846 45.28846153846154 3.0576923076923075 42.23076923076923 3.192237599985674
106000 50.73076923076923 0.011747598602471234 82.96153846153847 0.421474358974359 135.8653846153846 45.28846153846154 3.0576923076923075 42.23076923076923 3.2509322999976575
108000 50.73076923076923 0.012463738102725445 82.96153846153847 0.421474358974359 135.8653846153846 45.28846153846154 3.0576923076923075 42.23076923076923 2.9310223999782465
110000 50.26923076923077 0.01340126921966842 83.09615384615384 0.421474358974359 135.8653846153846 45.28846153846154 3.0576923076923075 42.23076923076923 3.1201828999910504
112000 52.98076923076923 0.014016472773370318 82.09615384615384 0.4375 135.8653846153846 45.28846153846154 3.019230769230769 42.26923076923077 2.9472328000119887
114000 65.42307692307692 0.01738248382970712 79.57692307692308 0.4663461538461538 135.8653846153846 45.28846153846154 2.826923076923077 42.46153846153846 3.209595599968452
116000 87.51923076923077 0.025263570516279085 76.6923076923077 0.43589743589743585 135.8653846153846 45.28846153846154 1.2115384615384615 44.07692307692308 3.0938950999989174
118000 87.9423076923077 0.026994156424542674 76.61538461538461 0.43589743589743585 135.8653846153846 45.28846153846154 1.2115384615384615 44.07692307692308 2.989446700026747
120000 87.9423076923077 0.02522444515889458 76.61538461538461 0.43589743589743585 135.8653846153846 45.28846153846154 1.2115384615384615 44.07692307692308 3.031633200007491
122000 87.9423076923077 0.025126678341263385 76.61538461538461 0.43589743589743585 135.8653846153846 45.28846153846154 1.2115384615384615 44.07692307692308 2.9211087000439875
124000 87.9423076923077 0.025126678341263385 76.61538461538461 0.43589743589743585 135.8653846153846 45.28846153846154 1.2115384615384615 44.07692307692308 2.8802934999694116
126000 87.9423076923077 0.025126678341263385 76.61538461538461 0.43589743589743585 135.8653846153846 45.28846153846154 1.2115384615384615 44.07692307692308 2.8614932999480516
128000 87.9423076923077 0.025126678341263385 76.61538461538461 0.43589743589743585 135.8653846153846 45.28846153846154 1.2115384615384615 44.07692307692308 2.9046070000040345
130000 88.07692307692308 0.02476297623487727 76.51923076923077 0.43589743589743585 135.8653846153846 45.28846153846154 1.1923076923076923 44.09615384615385 3.0403024000115693
132000 88.07692307692308 0.023242426382844038 76.51923076923077 0.43589743589743585 135.8653846153846 45.28846153846154 1.1923076923076923 44.09615384615385 3.1989498999901116
134000 88.07692307692308 0.0214299469581769 76.51923076923077 0.43589743589743585 135.8653846153846 45.28846153846154 1.1923076923076923 44.09615384615385 3.1471339999698102
136000 88.07692307692308 0.0214299469581769 76.51923076923077 0.43589743589743585 135.8653846153846 45.28846153846154 1.1923076923076923 44.09615384615385 2.9309896000195295
138000 88.07692307692308 0.021147808344507166 76.51923076923077 0.43589743589743585 135.8653846153846 45.28846153846154 1.1923076923076923 44.09615384615385 3.1673716999939643
140000 88.03846153846153 0.021067319948130343 76.61538461538461 0.43589743589743585 135.8653846153846 45.28846153846154 1.25 44.03846153846154 3.101293199986685
142000 88.03846153846153 0.021067319948130343 76.61538461538461 0.43589743589743585 135.8653846153846 45.28846153846154 1.25 44.03846153846154 3.1510881999856792
144000 88.03846153846153 0.021067319948130343 76.61538461538461 0.43589743589743585 135.8653846153846 45.28846153846154 1.25 44.03846153846154 3.002255300001707
146000 87.92307692307692 0.020818672348489366 76.67307692307692 0.43589743589743585 135.8653846153846 45.28846153846154 1.1923076923076923 44.09615384615385 2.9539281000033952
148000 87.92307692307692 0.0211008109621591 76.67307692307692 0.43589743589743585 135.8653846153846 45.28846153846154 1.1923076923076923 44.09615384615385 3.474204499972984
150000 88.03846153846153 0.021349424298661088 76.5576923076923 0.4455128205128205 135.8653846153846 45.28846153846154 1.1923076923076923 44.09615384615385 2.9351686000009067
152000 88.03846153846153 0.021067285684991353 76.5576923076923 0.4455128205128205 135.8653846153846 45.28846153846154 1.1923076923076923 44.09615384615385 3.077429900004063
154000 88.03846153846153 0.021067285684991353 76.5576923076923 0.4455128205128205 135.8653846153846 45.28846153846154 1.1923076923076923 44.09615384615385 3.2338282000273466
156000 88.03846153846153 0.021067285684991353 76.5576923076923 0.4455128205128205 135.8653846153846 45.28846153846154 1.1923076923076923 44.09615384615385 3.0561557000037283
158000 88.03846153846153 0.020393298225430026 76.5576923076923 0.4455128205128205 135.8653846153846 45.28846153846154 1.1923076923076923 44.09615384615385 3.130271999980323
160000 88.03846153846153 0.020393298225430026 76.5576923076923 0.4455128205128205 135.8653846153846 45.28846153846154 1.1923076923076923 44.09615384615385 3.027897500025574
162000 88.03846153846153 0.020393298225430026 76.5576923076923 0.4455128205128205 135.8653846153846 45.28846153846154 1.1923076923076923 44.09615384615385 3.0341611000476405
164000 88.03846153846153 0.020596845908809516 76.5576923076923 0.4455128205128205 135.8653846153846 45.28846153846154 1.1923076923076923 44.09615384615385 3.0572293999721296
166000 88.36538461538461 0.021293167116692064 76.51923076923077 0.43589743589743585 135.8653846153846 45.28846153846154 1.3076923076923077 43.98076923076923 3.1208938999916427
168000 104.63461538461539 0.033381292588070356 75.26923076923077 0.4663461538461538 135.8653846153846 45.28846153846154 2.8076923076923075 42.48076923076923 3.0545607999665663
170000 108.48076923076923 0.03413659920262198 74.36538461538461 0.4887820512820512 135.8653846153846 45.28846153846154 2.8076923076923075 42.48076923076923 3.098393100022804
172000 114.61538461538461 0.03913714587402443 74.0576923076923 0.49198717948717946 135.8653846153846 45.28846153846154 3.1538461538461537 42.13461538461539 2.815824799996335
174000 123.5576923076923 0.04221724267567487 73.78846153846153 0.4903846153846153 135.8653846153846 45.28846153846154 3.269230769230769 42.01923076923077 2.8171693000476807
176000 150.32692307692307 0.05583342355363677 72.53846153846153 0.4951923076923076 135.8653846153846 45.28846153846154 4.615384615384615 40.67307692307692 3.057174200017471
178000 159.0 0.05891979067996211 72.28846153846153 0.48717948717948717 135.8653846153846 45.28846153846154 5.076923076923077 40.21153846153846 2.8962672999477945
180000 165.01923076923077 0.06239334744423955 72.15384615384616 0.5064102564102563 135.8653846153846 45.28846153846154 5.3076923076923075 39.98076923076923 3.033796200004872
182000 165.03846153846155 0.06210356304589763 72.1923076923077 0.4967948717948717 135.8653846153846 45.28846153846154 5.3076923076923075 39.98076923076923 3.1358939000056125
184000 171.94230769230768 0.06408334263844474 72.17307692307692 0.4823717948717948 135.8653846153846 45.28846153846154 5.423076923076923 39.86538461538461 2.8831368999672122
186000 171.94230769230768 0.06408334263844474 72.17307692307692 0.4823717948717948 135.8653846153846 45.28846153846154 5.423076923076923 39.86538461538461 3.1338389000156894
188000 165.15384615384616 0.06235547643391726 72.21153846153847 0.47756410256410253 135.8653846153846 45.28846153846154 5.423076923076923 39.86538461538461 3.116631100012455
190000 183.3653846153846 0.06861861892090307 71.96153846153847 0.4887820512820512 135.8653846153846 45.28846153846154 5.865384615384615 39.42307692307692 2.9083098999690264
192000 183.3653846153846 0.06861861892090307 71.96153846153847 0.4887820512820512 135.8653846153846 45.28846153846154 5.865384615384615 39.42307692307692 2.918527300003916
194000 181.32692307692307 0.06920249960372948 71.73076923076923 0.4887820512820512 135.8653846153846 45.28846153846154 5.75 39.53846153846154 3.060784600034822
196000 184.19230769230768 0.07171597978567983 71.34615384615384 0.4951923076923076 135.8653846153846 45.28846153846154 5.75 39.53846153846154 3.2713277000002563
198000 187.26923076923077 0.07240159719038075 71.3076923076923 0.4887820512820512 135.8653846153846 45.28846153846154 6.096153846153846 39.19230769230769 3.3452837000368163
200000 187.26923076923077 0.07240159719038075 71.3076923076923 0.4887820512820512 135.8653846153846 45.28846153846154 6.096153846153846 39.19230769230769 3.0212619000230916
202000 187.34615384615384 0.0724195822695236 71.25 0.4839743589743589 135.8653846153846 45.28846153846154 6.1923076923076925 39.09615384615385 3.0820789999561384
204000 187.8653846153846 0.07258108079494983 71.25 0.4839743589743589 135.8653846153846 45.28846153846154 6.269230769230769 39.01923076923077 3.310279499972239
206000 187.8653846153846 0.07258108079494983 71.25 0.4839743589743589 135.8653846153846 45.28846153846154 6.269230769230769 39.01923076923077 2.8349509999970905
208000 189.48076923076923 0.07394203497913193 71.1923076923077 0.47916666666666663 135.8653846153846 45.28846153846154 6.5 38.78846153846154 3.0643066000193357
210000 189.48076923076923 0.07394203497913193 71.1923076923077 0.47916666666666663 135.8653846153846 45.28846153846154 6.5 38.78846153846154 2.8778998000198044
212000 189.17307692307693 0.07405098154734038 71.13461538461539 0.4887820512820512 135.8653846153846 45.28846153846154 6.5 38.78846153846154 3.0700674999970943
214000 189.23076923076923 0.0738545749045254 71.13461538461539 0.47916666666666663 135.8653846153846 45.28846153846154 6.384615384615385 38.90384615384615 3.095338100043591
216000 188.23076923076923 0.07267921073700949 71.17307692307692 0.4839743589743589 135.8653846153846 45.28846153846154 6.269230769230769 39.01923076923077 3.1187056000344455
218000 188.23076923076923 0.07267921073700949 71.17307692307692 0.4839743589743589 135.8653846153846 45.28846153846154 6.269230769230769 39.01923076923077 2.896661300037522
220000 188.59615384615384 0.07372813883503779 71.07692307692308 0.49358974358974356 135.8653846153846 45.28846153846154 6.615384615384615 38.67307692307692 3.124705200025346
222000 188.98076923076923 0.07377116088305379 71.1923076923077 0.49358974358974356 135.8653846153846 45.28846153846154 6.615384615384615 38.67307692307692 3.3850023000268266
224000 187.65384615384616 0.07334959526254746 71.09615384615384 0.49358974358974356 135.8653846153846 45.28846153846154 6.615384615384615 38.67307692307692 3.2952697000000626
226000 187.65384615384616 0.07334959526254746 71.09615384615384 0.49358974358974356 135.8653846153846 45.28846153846154 6.615384615384615 38.67307692307692 3.1899472000077367
228000 187.3653846153846 0.0730294326770913 71.11538461538461 0.49358974358974356 135.8653846153846 45.28846153846154 6.5 38.78846153846154 3.0164560999837704
230000 187.44230769230768 0.07321173298311465 71.07692307692308 0.49358974358974356 135.8653846153846 45.28846153846154 6.615384615384615 38.67307692307692 3.297456400003284
232000 190.26923076923077 0.07395434154406327 71.21153846153847 0.49358974358974356 135.8653846153846 45.28846153846154 6.730769230769231 38.55769230769231 3.4245970000047237
234000 187.65384615384616 0.07298275081809381 71.09615384615384 0.49358974358974356 135.8653846153846 45.28846153846154 6.615384615384615 38.67307692307692 3.2645159999956377
236000 190.0 0.07384162097832474 71.15384615384616 0.49358974358974356 135.8653846153846 45.28846153846154 6.615384615384615 38.67307692307692 3.2855411000200547
238000 189.8653846153846 0.07372229093033186 71.3076923076923 0.4999999999999999 135.8653846153846 45.28846153846154 6.384615384615385 38.90384615384615 3.119256099977065
240000 187.76923076923077 0.07314646036004041 71.26923076923077 0.4903846153846153 135.8653846153846 45.28846153846154 6.269230769230769 39.01923076923077 3.2839599999715574
242000 187.17307692307693 0.0738832326073912 71.13461538461539 0.47916666666666663 135.8653846153846 45.28846153846154 5.980769230769231 39.30769230769231 3.2040988999651745
244000 193.25 0.0753125987505766 70.86538461538461 0.485576923076923 135.8653846153846 45.28846153846154 6.173076923076923 39.11538461538461 3.3030402000295
246000 193.80769230769232 0.0758516265842156 70.92307692307692 0.4807692307692307 135.8653846153846 45.28846153846154 6.384615384615385 38.90384615384615 3.5135477000148967
248000 195.21153846153845 0.07315485830802135 71.13461538461539 0.49038461538461525 135.8653846153846 45.28846153846154 6.5 38.78846153846154 3.3356244000024162
250000 195.25 0.07648545869109463 70.82692307692308 0.4807692307692307 135.8653846153846 45.28846153846154 6.615384615384615 38.67307692307692 3.4016772000468336
252000 194.75 0.07619195845186008 70.90384615384616 0.4807692307692307 135.8653846153846 45.28846153846154 6.384615384615385 38.90384615384615 3.3993673999793828
254000 197.34615384615384 0.07702307755654024 70.86538461538461 0.49038461538461525 135.8653846153846 45.28846153846154 6.730769230769231 38.55769230769231 3.5973451000172645
256000 197.34615384615384 0.07706128926138607 70.86538461538461 0.49038461538461525 135.8653846153846 45.28846153846154 6.730769230769231 38.55769230769231 3.6349118999787606
258000 196.15384615384616 0.0766039473132448 70.9423076923077 0.48557692307692296 135.8653846153846 45.28846153846154 6.730769230769231 38.55769230769231 3.3771938000572845
260000 196.15384615384616 0.0766039473132448 70.9423076923077 0.48557692307692296 135.8653846153846 45.28846153846154 6.730769230769231 38.55769230769231 3.3909945000195876
262000 195.21153846153845 0.07622540374075447 70.96153846153847 0.48557692307692296 135.8653846153846 45.28846153846154 6.730769230769231 38.55769230769231 3.4728201999678276
264000 195.98076923076923 0.0765468830094364 70.92307692307692 0.49038461538461525 135.8653846153846 45.28846153846154 6.730769230769231 38.55769230769231 3.136423400021158
266000 195.21153846153845 0.07622540374075447 70.96153846153847 0.48557692307692296 135.8653846153846 45.28846153846154 6.730769230769231 38.55769230769231 3.282880499958992
268000 196.40384615384616 0.07664453398404993 70.88461538461539 0.49038461538461525 135.8653846153846 45.28846153846154 6.730769230769231 38.55769230769231 3.381737899966538
270000 199.57692307692307 0.07985847509982096 70.71153846153847 0.49038461538461525 135.8653846153846 45.28846153846154 6.730769230769231 38.55769230769231 3.370816399983596
272000 198.1153846153846 0.08021526826286635 70.5 0.49038461538461525 135.8653846153846 45.28846153846154 6.615384615384615 38.67307692307692 3.294646400026977
274000 231.05769230769232 0.0976815718295491 69.4423076923077 0.49999999999999994 135.8653846153846 45.28846153846154 6.615384615384615 38.67307692307692 3.1501115999999456
276000 241.21153846153845 0.0958651444472336 68.9423076923077 0.5032051282051282 135.8653846153846 45.28846153846154 6.730769230769231 38.55769230769231 3.4868892999948002
278000 252.25 0.10080897990290387 68.09615384615384 0.5192307692307692 135.8653846153846 45.28846153846154 6.846153846153846 38.44230769230769 3.3496565999812447
280000 247.8653846153846 0.0982942690866325 68.3076923076923 0.5256410256410257 135.8653846153846 45.28846153846154 6.730769230769231 38.55769230769231 3.2607265999540687
282000 257.9230769230769 0.10403753131991028 67.73076923076923 0.5144230769230769 135.8653846153846 45.28846153846154 6.730769230769231 38.55769230769231 3.1947128000319935
284000 275.1730769230769 0.1114388237436863 66.86538461538461 0.5240384615384616 135.8653846153846 45.28846153846154 6.730769230769231 38.55769230769231 3.26433979999274
286000 288.2307692307692 0.11674874292858717 66.11538461538461 0.5416666666666666 135.8653846153846 45.28846153846154 6.730769230769231 38.55769230769231 3.53859489999013
288000 291.36538461538464 0.11831776186346785 65.98076923076923 0.5560897435897435 135.8653846153846 45.28846153846154 6.730769230769231 38.55769230769231 3.419904900016263
290000 293.8269230769231 0.12004343727925873 65.76923076923077 0.5400641025641025 135.8653846153846 45.28846153846154 6.846153846153846 38.44230769230769 3.549196599982679
292000 292.6923076923077 0.11910777146787337 65.82692307692308 0.5176282051282051 135.8653846153846 45.28846153846154 6.846153846153846 38.44230769230769 3.195315600023605
294000 296.9230769230769 0.12320291640747137 65.5576923076923 0.5112179487179487 135.8653846153846 45.28846153846154 6.846153846153846 38.44230769230769 3.11372590000974
296000 296.46153846153845 0.12211425041971394 65.92307692307692 0.5400641025641025 135.8653846153846 45.28846153846154 6.846153846153846 38.44230769230769 3.185338800016325
298000 296.53846153846155 0.12307412399481242 65.5576923076923 0.5144230769230769 135.8653846153846 45.28846153846154 6.846153846153846 38.44230769230769 3.130227299989201
300000 302.88461538461536 0.1259186132016042 65.3076923076923 0.5336538461538461 135.8653846153846 45.28846153846154 6.846153846153846 38.44230769230769 3.560295000032056
302000 309.9423076923077 0.13018055486002966 65.09615384615384 0.5240384615384616 135.8653846153846 45.28846153846154 6.846153846153846 38.44230769230769 3.350070599990431
304000 309.71153846153845 0.12826098737249175 65.25 0.5240384615384616 135.8653846153846 45.28846153846154 6.846153846153846 38.44230769230769 3.259487100003753
306000 305.75 0.1269807896398874 65.34615384615384 0.5240384615384616 135.8653846153846 45.28846153846154 6.846153846153846 38.44230769230769 3.089572800032329
308000 305.84615384615387 0.127405242983763 65.3076923076923 0.5240384615384616 135.8653846153846 45.28846153846154 6.846153846153846 38.44230769230769 3.4477680000127293
310000 310.75 0.12843608046677224 65.25 0.5240384615384616 135.8653846153846 45.28846153846154 6.846153846153846 38.44230769230769 3.1720607999595813
312000 311.86538461538464 0.1303259582490249 64.96153846153847 0.5288461538461539 135.8653846153846 45.28846153846154 6.846153846153846 38.44230769230769 3.0917591999750584
314000 312.63461538461536 0.1298913412420844 64.8076923076923 0.5448717948717948 135.8653846153846 45.28846153846154 6.846153846153846 38.44230769230769 3.0167632999946363
316000 312.63461538461536 0.13058322458536611 64.8076923076923 0.5448717948717948 135.8653846153846 45.28846153846154 6.846153846153846 38.44230769230769 3.4388271999778226
318000 313.03846153846155 0.13049580419133947 64.75 0.5544871794871795 135.8653846153846 45.28846153846154 6.846153846153846 38.44230769230769 3.3104606000124477
320000 309.28846153846155 0.12752844654620563 65.01923076923077 0.5448717948717948 135.8653846153846 45.28846153846154 6.846153846153846 38.44230769230769 3.5475817999686114
322000 312.21153846153845 0.1292322822129634 65.07692307692308 0.5400641025641025 135.8653846153846 45.28846153846154 6.75 38.53846153846154 3.199538799992297
324000 312.3269230769231 0.12943946485363353 65.28846153846153 0.5352564102564102 135.8653846153846 45.28846153846154 6.75 38.53846153846154 3.4017629000009038
326000 313.6730769230769 0.12979317963617254 65.15384615384616 0.5352564102564102 135.8653846153846 45.28846153846154 6.75 38.53846153846154 3.2526795999729075
328000 313.6730769230769 0.1303330578907931 65.15384615384616 0.5352564102564102 135.8653846153846 45.28846153846154 6.75 38.53846153846154 3.2954066000529565
330000 313.6730769230769 0.1303330578907931 65.15384615384616 0.5352564102564102 135.8653846153846 45.28846153846154 6.75 38.53846153846154 3.178068000008352
332000 313.6730769230769 0.12927342858224164 65.15384615384616 0.5352564102564102 135.8653846153846 45.28846153846154 6.75 38.53846153846154 3.084858799993526
334000 311.86538461538464 0.12993854477015215 65.23076923076923 0.5352564102564102 135.8653846153846 45.28846153846154 6.634615384615385 38.65384615384615 3.243960599997081
336000 315.59615384615387 0.1310336138846344 65.25 0.5288461538461539 135.8653846153846 45.28846153846154 6.634615384615385 38.65384615384615 3.0070478999987245
338000 310.03846153846155 0.12859139375362416 65.57692307692308 0.5288461538461539 135.8653846153846 45.28846153846154 6.634615384615385 38.65384615384615 3.65008150000358
340000 316.65384615384613 0.12962453224477574 65.15384615384616 0.5352564102564102 135.8653846153846 45.28846153846154 6.75 38.53846153846154 3.176264999958221
342000 316.65384615384613 0.13158733033929823 65.15384615384616 0.5352564102564102 135.8653846153846 45.28846153846154 6.75 38.53846153846154 3.0047142999828793
344000 316.65384615384613 0.13158733033929823 65.15384615384616 0.5352564102564102 135.8653846153846 45.28846153846154 6.75 38.53846153846154 3.344795399985742
346000 316.65384615384613 0.12935902233242416 65.15384615384616 0.5352564102564102 135.8653846153846 45.28846153846154 6.75 38.53846153846154 3.184671299997717
348000 308.63461538461536 0.12662574777404806 65.57692307692308 0.5256410256410257 135.8653846153846 45.28846153846154 6.173076923076923 39.11538461538461 3.220215899986215
350000 308.4807692307692 0.1242440308643303 65.67307692307692 0.5256410256410257 135.8653846153846 45.28846153846154 6.634615384615385 38.65384615384615 3.230803799990099
352000 308.8076923076923 0.12706861393920219 65.5576923076923 0.5256410256410257 135.8653846153846 45.28846153846154 6.634615384615385 38.65384615384615 3.336462900042534
354000 308.9423076923077 0.12570087158170126 65.51923076923077 0.5256410256410257 135.8653846153846 45.28846153846154 6.634615384615385 38.65384615384615 3.3739646000321954
356000 298.09615384615387 0.1181364962440039 66.48076923076923 0.5064102564102564 135.8653846153846 45.28846153846154 6.634615384615385 38.65384615384615 3.1349862000206485
358000 316.65384615384613 0.12992660842856424 65.15384615384616 0.5352564102564102 135.8653846153846 45.28846153846154 6.75 38.53846153846154 3.4877901999861933
360000 316.40384615384613 0.1314605531647775 65.11538461538461 0.530448717948718 135.8653846153846 45.28846153846154 6.846153846153846 38.44230769230769 3.1494644000194967
362000 305.0769230769231 0.12635951054068942 65.71153846153847 0.5208333333333334 135.8653846153846 45.28846153846154 6.730769230769231 38.55769230769231 3.3075093000079505
364000 312.3076923076923 0.1283503390496853 65.51923076923077 0.5288461538461539 135.8653846153846 45.28846153846154 6.769230769230769 38.51923076923077 3.559370100032538
366000 317.88461538461536 0.1299863730155371 65.21153846153847 0.5288461538461539 135.8653846153846 45.28846153846154 6.75 38.53846153846154 3.8783419000101276
368000 320.1923076923077 0.13163474446566562 65.17307692307692 0.5384615384615384 135.8653846153846 45.28846153846154 6.75 38.53846153846154 3.582357600040268
370000 309.21153846153845 0.12660349724162107 65.01923076923077 0.530448717948718 135.8653846153846 45.28846153846154 6.846153846153846 38.44230769230769 3.3433178999694064
372000 316.40384615384613 0.1306434006512341 65.11538461538461 0.530448717948718 135.8653846153846 45.28846153846154 6.846153846153846 38.44230769230769 3.0759378999937326
374000 316.65384615384613 0.12935902233242416 65.15384615384616 0.5352564102564102 135.8653846153846 45.28846153846154 6.75 38.53846153846154 3.1496130999876186
376000 316.9423076923077 0.12946925641302892 65.17307692307692 0.530448717948718 135.8653846153846 45.28846153846154 6.846153846153846 38.44230769230769 3.713767600012943
378000 317.1923076923077 0.12959603358754965 65.21153846153847 0.5352564102564102 135.8653846153846 45.28846153846154 6.75 38.53846153846154 3.1972425000276417
380000 316.9423076923077 0.12946925641302892 65.17307692307692 0.530448717948718 135.8653846153846 45.28846153846154 6.846153846153846 38.44230769230769 3.135529500024859
382000 316.9423076923077 0.1308804119063596 65.17307692307692 0.530448717948718 135.8653846153846 45.28846153846154 6.846153846153846 38.44230769230769 3.3063357999781147
384000 316.9423076923077 0.13280484351297844 65.17307692307692 0.530448717948718 135.8653846153846 45.28846153846154 6.846153846153846 38.44230769230769 3.3749447999871336
386000 319.25 0.13228013506724298 65.13461538461539 0.5400641025641025 135.8653846153846 45.28846153846154 6.846153846153846 38.44230769230769 3.396241700043902
388000 319.5 0.13122356237832591 65.17307692307692 0.5448717948717948 135.8653846153846 45.28846153846154 6.75 38.53846153846154 3.300753800023813
390000 319.25 0.13168521395929753 65.13461538461539 0.5400641025641025 135.8653846153846 45.28846153846154 6.846153846153846 38.44230769230769 3.151829800044652
392000 316.9423076923077 0.13003684250916903 65.17307692307692 0.530448717948718 135.8653846153846 45.28846153846154 6.846153846153846 38.44230769230769 3.4155557000194676
394000 317.53846153846155 0.13055731666743856 65.21153846153847 0.5256410256410257 135.8653846153846 45.28846153846154 6.846153846153846 38.44230769230769 3.2657131000305526
396000 317.53846153846155 0.13055731666743856 65.21153846153847 0.5256410256410257 135.8653846153846 45.28846153846154 6.846153846153846 38.44230769230769 3.2685405000229366
398000 317.78846153846155 0.13011650774581918 65.25 0.530448717948718 135.8653846153846 45.28846153846154 6.75 38.53846153846154 3.369787199946586
400000 317.1923076923077 0.12957519092819741 65.21153846153847 0.5352564102564102 135.8653846153846 45.28846153846154 6.75 38.53846153846154 3.4544769000494853
402000 317.1923076923077 0.13016361968368975 65.21153846153847 0.5352564102564102 135.8653846153846 45.28846153846154 6.75 38.53846153846154 3.4012452999595553
404000 316.7307692307692 0.12809750755147417 65.36538461538461 0.5352564102564102 135.8653846153846 45.28846153846154 6.75 38.53846153846154 3.2207067999988794
406000 320.09615384615387 0.13174403653659544 65.21153846153847 0.5400641025641025 135.8653846153846 45.28846153846154 6.75 38.53846153846154 3.425661100016441
408000 320.09615384615387 0.13174403653659544 65.21153846153847 0.5400641025641025 135.8653846153846 45.28846153846154 6.75 38.53846153846154 3.3634830999653786
410000 320.09615384615387 0.13174403653659544 65.21153846153847 0.5400641025641025 135.8653846153846 45.28846153846154 6.75 38.53846153846154 3.1639827000326477
412000 320.09615384615387 0.13174403653659544 65.21153846153847 0.5400641025641025 135.8653846153846 45.28846153846154 6.75 38.53846153846154 3.4584807000355795
414000 319.5 0.13122356237832591 65.17307692307692 0.5448717948717948 135.8653846153846 45.28846153846154 6.75 38.53846153846154 3.4434836999862455
416000 320.1923076923077 0.13136797603621714 65.36538461538461 0.5400641025641025 135.8653846153846 45.28846153846154 6.75 38.53846153846154 3.4254402999649756
418000 317.88461538461536 0.12974044724544087 65.40384615384616 0.530448717948718 135.8653846153846 45.28846153846154 6.75 38.53846153846154 3.3019222000148147
420000 317.3269230769231 0.1286179817097437 65.40384615384616 0.530448717948718 135.8653846153846 45.28846153846154 6.75 38.53846153846154 3.093077400000766
422000 319.63461538461536 0.13028719581922446 65.36538461538461 0.5400641025641025 135.8653846153846 45.28846153846154 6.75 38.53846153846154 3.074522999988403
424000 320.09615384615387 0.13174403653659544 65.21153846153847 0.5400641025641025 135.8653846153846 45.28846153846154 6.75 38.53846153846154 3.2862420000019483
426000 318.09615384615387 0.13107051078829113 65.21153846153847 0.5256410256410257 135.8653846153846 45.28846153846154 6.846153846153846 38.44230769230769 3.0721032999572344
428000 320.09615384615387 0.13200954644894705 65.21153846153847 0.5400641025641025 135.8653846153846 45.28846153846154 6.75 38.53846153846154 3.5168230999843217
430000 320.1923076923077 0.13136797603621714 65.36538461538461 0.5400641025641025 135.8653846153846 45.28846153846154 6.75 38.53846153846154 3.4034686000086367
432000 320.09615384615387 0.13174403653659544 65.21153846153847 0.5400641025641025 135.8653846153846 45.28846153846154 6.75 38.53846153846154 3.230342799972277
434000 320.40384615384613 0.13271888223841963 65.17307692307692 0.5352564102564102 135.8653846153846 45.28846153846154 6.846153846153846 38.44230769230769 3.1017377999960445
436000 320.09615384615387 0.13174403653659544 65.21153846153847 0.5400641025641025 135.8653846153846 45.28846153846154 6.75 38.53846153846154 3.2934046000009403
438000 320.1923076923077 0.13136797603621714 65.36538461538461 0.5400641025641025 135.8653846153846 45.28846153846154 6.75 38.53846153846154 3.2395354000036605
440000 320.1923076923077 0.13136797603621714 65.36538461538461 0.5400641025641025 135.8653846153846 45.28846153846154 6.75 38.53846153846154 3.1435405000229366
442000 320.65384615384613 0.13284565941294035 65.21153846153847 0.5400641025641025 135.8653846153846 45.28846153846154 6.75 38.53846153846154 3.2531537000322714
444000 319.9423076923077 0.1312411988616964 65.32692307692308 0.5352564102564102 135.8653846153846 45.28846153846154 6.846153846153846 38.44230769230769 3.1360272000310943
446000 318.34615384615387 0.13119728796281185 65.25 0.530448717948718 135.8653846153846 45.28846153846154 6.75 38.53846153846154 3.3575212999712676
448000 320.65384615384613 0.13341324550908043 65.21153846153847 0.5400641025641025 135.8653846153846 45.28846153846154 6.75 38.53846153846154 3.0507197999977507
450000 320.65384615384613 0.13284565941294035 65.21153846153847 0.5400641025641025 135.8653846153846 45.28846153846154 6.75 38.53846153846154 3.3256147999782115
452000 320.65384615384613 0.13284565941294035 65.21153846153847 0.5400641025641025 135.8653846153846 45.28846153846154 6.75 38.53846153846154 3.1360994999995455
454000 320.65384615384613 0.13341324550908043 65.21153846153847 0.5400641025641025 135.8653846153846 45.28846153846154 6.75 38.53846153846154 3.42457239999203
456000 320.65384615384613 0.1334340881684327 65.21153846153847 0.5400641025641025 135.8653846153846 45.28846153846154 6.75 38.53846153846154 3.234004400030244
458000 320.40384615384613 0.13330731099391196 65.17307692307692 0.5352564102564102 135.8653846153846 45.28846153846154 6.846153846153846 38.44230769230769 3.401243800006341
460000 320.40384615384613 0.13330731099391196 65.17307692307692 0.5352564102564102 135.8653846153846 45.28846153846154 6.846153846153846 38.44230769230769 3.268404299975373
462000 320.40384615384613 0.13330731099391196 65.17307692307692 0.5352564102564102 135.8653846153846 45.28846153846154 6.846153846153846 38.44230769230769 3.613931700005196
464000 319.84615384615387 0.13386641002830105 65.17307692307692 0.5352564102564102 135.8653846153846 45.28846153846154 6.846153846153846 38.44230769230769 3.2792069000424817
466000 319.84615384615387 0.13386641002830105 65.17307692307692 0.5352564102564102 135.8653846153846 45.28846153846154 6.846153846153846 38.44230769230769 3.243054300022777
468000 319.84615384615387 0.13386641002830105 65.17307692307692 0.5352564102564102 135.8653846153846 45.28846153846154 6.846153846153846 38.44230769230769 3.2380384000134654
470000 320.40384615384613 0.13496803290464596 65.17307692307692 0.5352564102564102 135.8653846153846 45.28846153846154 6.846153846153846 38.44230769230769 3.2826237000408582
472000 323.3076923076923 0.13536900464591092 64.98076923076923 0.5352564102564102 135.8653846153846 45.28846153846154 6.846153846153846 38.44230769230769 3.5285720999818295
474000 323.0 0.13607173360434 65.0576923076923 0.5352564102564102 135.8653846153846 45.28846153846154 6.846153846153846 38.44230769230769 3.2467863999772817
476000 323.0 0.13607173360434 65.0576923076923 0.5352564102564102 135.8653846153846 45.28846153846154 6.846153846153846 38.44230769230769 3.47010949999094
478000 318.09615384615387 0.13331966145451743 65.21153846153847 0.5256410256410257 135.8653846153846 45.28846153846154 6.846153846153846 38.44230769230769 3.296678200014867
480000 320.6923076923077 0.13442336215421144 65.09615384615384 0.5256410256410257 135.8653846153846 45.28846153846154 6.846153846153846 38.44230769230769 3.5631681999657303
482000 323.0 0.134411011693606 65.0576923076923 0.5352564102564102 135.8653846153846 45.28846153846154 6.846153846153846 38.44230769230769 3.3520924000185914
484000 318.09615384615387 0.13165893954378347 65.21153846153847 0.5256410256410257 135.8653846153846 45.28846153846154 6.846153846153846 38.44230769230769 3.1307801000075415
486000 320.6923076923077 0.13276264024347748 65.09615384615384 0.5256410256410257 135.8653846153846 45.28846153846154 6.846153846153846 38.44230769230769 2.89227920002304
488000 318.09615384615387 0.13165893954378347 65.21153846153847 0.5256410256410257 135.8653846153846 45.28846153846154 6.846153846153846 38.44230769230769 2.894463599950541
490000 321.36538461538464 0.13230921070959772 65.15384615384616 0.5192307692307693 135.8653846153846 45.28846153846154 6.846153846153846 38.44230769230769 2.901665299956221
492000 320.13461538461536 0.13247816988067596 65.09615384615384 0.5256410256410257 135.8653846153846 45.28846153846154 6.846153846153846 38.44230769230769 2.3642076999531128
494000 320.6923076923077 0.13357979275702087 65.09615384615384 0.5256410256410257 135.8653846153846 45.28846153846154 6.846153846153846 38.44230769230769 2.3271469000028446
496000 322.8076923076923 0.1337967313471012 64.98076923076923 0.530448717948718 135.8653846153846 45.28846153846154 6.75 38.53846153846154 1.907347199972719
498000 321.9423076923077 0.13280940867369304 65.0576923076923 0.530448717948718 135.8653846153846 45.28846153846154 6.75 38.53846153846154 1.8428310999879614
500000 322.8076923076923 0.1337967313471012 64.98076923076923 0.530448717948718 135.8653846153846 45.28846153846154 6.75 38.53846153846154 1.7791431000223383
