2000 0.1346153846153846 5.272012276651249e-05 110.5576923076923 0.07371794871794872 135.8653846153846 45.28846153846154 1.4423076923076923 43.84615384615385 1.119755000108853
4000 0.1346153846153846 8.80758492989602e-05 109.4423076923077 0.05448717948717948 135.8653846153846 45.28846153846154 1.1923076923076923 44.09615384615385 1.548109699971974
6000 0.23076923076923078 6.409455933306909e-05 108.75 0.07371794871794872 135.8653846153846 45.28846153846154 1.1923076923076923 44.09615384615385 2.0693634001072496
8000 0.17307692307692307 5.8358326539458084e-05 107.51923076923077 0.171474358974359 135.8653846153846 45.28846153846154 1.1923076923076923 44.09615384615385 1.8669549999758601
10000 0.21153846153846154 0.00013422350095947116 106.71153846153847 0.15865384615384615 135.8653846153846 45.28846153846154 1.1923076923076923 44.09615384615385 1.8876009001396596
12000 0.3269230769230769 0.00012947118701989947 107.17307692307692 0.11538461538461539 135.8653846153846 45.28846153846154 1.1923076923076923 44.09615384615385 1.9037067999597639
14000 0.34615384615384615 0.0002542607132839582 101.76923076923077 0.2131410256410256 135.8653846153846 45.28846153846154 1.1923076923076923 44.09615384615385 1.9180006999522448
16000 0.19230769230769232 6.60312102743369e-05 105.32692307692308 0.15544871794871792 135.8653846153846 45.28846153846154 1.2307692307692308 44.05769230769231 2.2398069999180734
18000 0.15384615384615385 5.47970390933402e-05 107.36538461538461 0.15544871794871792 135.8653846153846 45.28846153846154 1.1923076923076923 44.09615384615385 2.0416703999508172
20000 0.1346153846153846 8.563239864565121e-05 106.84615384615384 0.15544871794871795 135.8653846153846 45.28846153846154 1.1923076923076923 44.09615384615385 1.7988197000231594
22000 0.40384615384615385 0.00019580473499729667 99.40384615384616 0.23397435897435898 135.8653846153846 45.28846153846154 1.1923076923076923 44.09615384615385 2.010631100041792
24000 0.4230769230769231 0.00011181292036292603 99.63461538461539 0.2403846153846154 135.8653846153846 45.28846153846154 1.1923076923076923 44.09615384615385 1.944213500013575
26000 0.15384615384615385 6.492269815709216e-05 108.5576923076923 0.10256410256410256 135.8653846153846 45.28846153846154 1.1923076923076923 44.09615384615385 2.1028788001276553
28000 0.17307692307692307 0.00019295090330470954 106.51923076923077 0.13942307692307693 135.8653846153846 45.28846153846154 1.1923076923076923 44.09615384615385 1.944303800119087
30000 0.38461538461538464 0.00025946633873185764 104.5 0.16025641025641024 135.8653846153846 45.28846153846154 1.3846153846153846 43.90384615384615 1.828856199979782
32000 0.34615384615384615 0.00021004010311016774 105.84615384615384 0.16185897435897434 135.8653846153846 45.28846153846154 1.3846153846153846 43.90384615384615 2.1388684001285583
34000 0.23076923076923078 0.00020700790781255274 106.25 0.1105769230769231 135.8653846153846 45.28846153846154 1.1923076923076923 44.09615384615385 2.2061102997977287
36000 0.25 0.0001439467461845134 107.34615384615384 0.08173076923076923 135.8653846153846 45.28846153846154 1.1923076923076923 44.09615384615385 1.8094738000072539
38000 0.28846153846153844 0.00021926437109397772 106.1923076923077 0.1121794871794872 135.8653846153846 45.28846153846154 1.1923076923076923 44.09615384615385 2.1634245000313967
40000 0.38461538461538464 0.0001499487610013292 107.09615384615384 0.09615384615384616 135.8653846153846 45.28846153846154 1.4230769230769231 43.86538461538461 2.2412668999750167
42000 0.4423076923076923 0.0001864802194752804 103.40384615384616 0.15224358974358976 135.8653846153846 45.28846153846154 1.5769230769230769 43.71153846153846 2.8279528999701142
44000 0.25 7.332142775908859e-05 103.76923076923077 0.13141025641025642 135.8653846153846 45.28846153846154 1.2115384615384615 44.07692307692308 2.9024212998338044
46000 0.4230769230769231 0.00010946306506122051 102.42307692307692 0.15705128205128208 135.8653846153846 45.28846153846154 1.4038461538461537 43.88461538461539 2.868922600056976
48000 0.2692307692307692 8.349662179158736e-05 102.5 0.14262820512820512 135.8653846153846 45.28846153846154 1.2115384615384615 44.07692307692308 2.7062375999521464
50000 0.46153846153846156 0.0001463152185985453 101.40384615384616 0.15384615384615385 135.8653846153846 45.28846153846154 1.4038461538461537 43.88461538461539 2.662640399998054
52000 0.28846153846153844 8.098681032748052e-05 101.67307692307692 0.14903846153846154 135.8653846153846 45.28846153846154 1.2115384615384615 44.07692307692308 2.636840700171888
54000 0.2692307692307692 0.00011691547940633702 101.73076923076923 0.14903846153846154 135.8653846153846 45.28846153846154 1.1923076923076923 44.09615384615385 3.154571699909866
56000 0.25 6.5976040092447e-05 100.63461538461539 0.15384615384615385 135.8653846153846 45.28846153846154 1.1923076923076923 44.09615384615385 2.8692993000149727
58000 0.3076923076923077 8.412409334573114e-05 101.53846153846153 0.15705128205128208 135.8653846153846 45.28846153846154 1.1923076923076923 44.09615384615385 2.8431381001137197
60000 0.25 5.7682480265738536e-05 102.26923076923077 0.13942307692307693 135.8653846153846 45.28846153846154 1.1923076923076923 44.09615384615385 3.010922000044957
62000 0.2692307692307692 9.450601116765283e-05 102.5 0.15224358974358976 135.8653846153846 45.28846153846154 1.1923076923076923 44.09615384615385 2.80119669996202
64000 0.28846153846153844 6.08709314321028e-05 101.53846153846153 0.15865384615384615 135.8653846153846 45.28846153846154 1.1923076923076923 44.09615384615385 2.825613300083205
66000 0.28846153846153844 8.546702030902627e-05 101.0 0.18589743589743588 135.8653846153846 45.28846153846154 1.1923076923076923 44.09615384615385 2.851425400003791
68000 0.4423076923076923 6.638543222623822e-05 100.78846153846153 0.17948717948717946 135.8653846153846 45.28846153846154 1.5769230769230769 43.71153846153846 2.9119647999759763
70000 0.4423076923076923 0.0001284310816247781 100.13461538461539 0.18108974358974358 135.8653846153846 45.28846153846154 1.9615384615384615 43.32692307692308 2.9759911000728607
72000 0.4423076923076923 7.147896911973875e-05 101.78846153846153 0.15064102564102566 135.8653846153846 45.28846153846154 1.7692307692307692 43.51923076923077 3.2523166998289526
74000 0.5 0.00010031404450816208 100.73076923076923 0.18589743589743588 135.8653846153846 45.28846153846154 1.7692307692307692 43.51923076923077 3.289577899966389
76000 0.4230769230769231 0.00014055253449448448 101.92307692307692 0.18910256410256412 135.8653846153846 45.28846153846154 1.6538461538461537 43.63461538461539 3.2310993000864983
78000 0.5 0.00017737626747614028 100.90384615384616 0.20673076923076922 135.8653846153846 45.28846153846154 1.6153846153846154 43.67307692307692 3.0382126001641154
80000 0.36538461538461536 0.00021692171268033238 102.51923076923077 0.16506410256410253 135.8653846153846 45.28846153846154 1.3846153846153846 43.90384615384615 2.662217900156975
82000 0.21153846153846154 6.159560139225828e-05 102.25 0.1474358974358974 135.8653846153846 45.28846153846154 1.3846153846153846 43.90384615384615 3.065831399988383
84000 0.19230769230769232 4.594704790610102e-05 100.57692307692308 0.1875 135.8653846153846 45.28846153846154 1.5 43.78846153846154 2.7849810998886824
86000 0.19230769230769232 4.783015818081118e-05 101.0 0.18269230769230768 135.8653846153846 45.28846153846154 1.4038461538461537 43.88461538461539 2.8883326000068337
88000 0.23076923076923078 6.012116298591223e-05 99.4423076923077 0.2243589743589743 135.8653846153846 45.28846153846154 1.7692307692307692 43.51923076923077 3.056641099974513
90000 0.3269230769230769 0.00017114720307873405 98.40384615384616 0.21955128205128205 135.8653846153846 45.28846153846154 2.1153846153846154 43.17307692307692 2.9343453000765294
92000 0.40384615384615385 0.00020181169327640488 97.59615384615384 0.2131410256410256 135.8653846153846 45.28846153846154 2.5384615384615383 42.75 3.273303500143811
94000 0.28846153846153844 -0.019061775087028776 100.5576923076923 0.2115384615384615 135.8653846153846 45.28846153846154 1.9615384615384615 43.32692307692308 2.7854727001395077
96000 0.23076923076923078 0.00020647451220720596 102.01923076923077 0.20833333333333334 135.8653846153846 45.28846153846154 2.0 43.28846153846154 3.1027311999350786
98000 0.2692307692307692 -0.019017793821117897 101.59615384615384 0.2003205128205128 135.8653846153846 45.28846153846154 1.9423076923076923 43.34615384615385 2.8347306998912245
100000 0.4230769230769231 -0.018954314813807573 100.92307692307692 0.18429487179487178 135.8653846153846 45.28846153846154 2.019230769230769 43.26923076923077 2.6158012999221683
102000 0.46153846153846156 0.00026959781873714167 99.9423076923077 0.1875 135.8653846153846 45.28846153846154 2.1153846153846154 43.17307692307692 3.8199716999661177
104000 0.38461538461538464 8.715260437572008e-05 99.36538461538461 0.171474358974359 135.8653846153846 45.28846153846154 1.5769230769230769 43.71153846153846 3.067468099994585
106000 0.3269230769230769 0.00011202255707235101 100.75 0.15544871794871792 135.8653846153846 45.28846153846154 1.6346153846153846 43.65384615384615 3.0023604000452906
108000 0.3269230769230769 0.00017286183194330768 99.21153846153847 0.13141025641025642 135.8653846153846 45.28846153846154 1.25 44.03846153846154 3.1041431000921875
110000 0.3269230769230769 0.00011367914413920606 99.21153846153847 0.14903846153846156 135.8653846153846 45.28846153846154 1.6730769230769231 43.61538461538461 3.2399731997866184
112000 0.2692307692307692 0.00011818910912356345 100.3076923076923 0.15384615384615383 135.8653846153846 45.28846153846154 1.7884615384615385 43.5 2.8838625999633223
114000 0.34615384615384615 0.00011147825169289562 98.9423076923077 0.17307692307692307 135.8653846153846 45.28846153846154 1.8653846153846154 43.42307692307692 2.868571699829772
116000 0.28846153846153844 9.238853618128971e-05 99.23076923076923 0.15544871794871792 135.8653846153846 45.28846153846154 1.8269230769230769 43.46153846153846 2.7273065999615937
118000 0.40384615384615385 0.00013019282534653298 99.96153846153847 0.13942307692307693 135.8653846153846 45.28846153846154 1.5192307692307692 43.76923076923077 2.819330600090325
120000 0.4423076923076923 0.0001574572516443872 99.73076923076923 0.13942307692307693 135.8653846153846 45.28846153846154 1.5769230769230769 43.71153846153846 3.0416245001833886
122000 0.5 0.00018426827179987576 99.98076923076923 0.18269230769230768 135.8653846153846 45.28846153846154 1.4230769230769231 43.86538461538461 3.0195536001119763
124000 0.46153846153846156 0.0002175953305707133 100.21153846153847 0.19230769230769226 135.8653846153846 45.28846153846154 1.3269230769230769 43.96153846153846 3.590891300002113
126000 0.4807692307692308 0.00012471704695810997 100.01923076923077 0.17307692307692307 135.8653846153846 45.28846153846154 1.2692307692307692 44.01923076923077 2.620805599959567
128000 0.4807692307692308 0.0001866479390224807 100.21153846153847 0.1778846153846154 135.8653846153846 45.28846153846154 1.2884615384615385 44.0 2.898949099937454
130000 0.46153846153846156 0.00015473826555081934 101.23076923076923 0.18749999999999997 135.8653846153846 45.28846153846154 1.2884615384615385 44.0 3.0574829999823123
132000 0.5576923076923077 0.0002212202622434207 100.26923076923077 0.1794871794871795 135.8653846153846 45.28846153846154 1.2307692307692308 44.05769230769231 2.8786402998957783
134000 0.5 0.00015921820731310378 100.5 0.1875 135.8653846153846 45.28846153846154 1.2115384615384615 44.07692307692308 3.0300917997956276
136000 0.34615384615384615 0.00011349495949184601 102.17307692307692 0.18910256410256412 135.8653846153846 45.28846153846154 1.1923076923076923 44.09615384615385 2.9888897999189794
138000 0.5769230769230769 0.00032432346494822104 100.82692307692308 0.21153846153846154 135.8653846153846 45.28846153846154 1.2115384615384615 44.07692307692308 2.677946100011468
140000 0.4807692307692308 0.00011773469146372158 100.75 0.18910256410256412 135.8653846153846 45.28846153846154 1.2115384615384615 44.07692307692308 2.9381593000143766
142000 0.3269230769230769 0.00014470998604090146 102.3076923076923 0.16987179487179488 135.8653846153846 45.28846153846154 1.2307692307692308 44.05769230769231 2.8418316999450326
144000 0.28846153846153844 6.062637720180734e-05 102.71153846153847 0.20512820512820512 135.8653846153846 45.28846153846154 1.25 44.03846153846154 3.184380399994552
146000 0.5192307692307693 0.00015642475442909087 102.23076923076923 0.1618589743589743 135.8653846153846 45.28846153846154 1.25 44.03846153846154 2.8522314000874758
148000 0.3269230769230769 0.00012671660843380526 103.4423076923077 0.17628205128205127 135.8653846153846 45.28846153846154 1.25 44.03846153846154 2.75697849993594
150000 0.40384615384615385 0.00014327503474221402 102.15384615384616 0.19551282051282054 135.8653846153846 45.28846153846154 1.2115384615384615 44.07692307692308 2.973272900097072
152000 0.28846153846153844 0.00018209455993011022 101.25 0.21955128205128205 135.8653846153846 45.28846153846154 1.25 44.03846153846154 2.775209699990228
154000 0.3269230769230769 0.00010573534876993424 99.5576923076923 0.20512820512820515 135.8653846153846 45.28846153846154 1.2307692307692308 44.05769230769231 3.076272699981928
156000 0.40384615384615385 0.00010877317554273669 101.5 0.20673076923076922 135.8653846153846 45.28846153846154 1.2692307692307692 44.01923076923077 2.9171003000810742
158000 0.46153846153846156 0.00020525029462517072 101.32692307692308 0.18910256410256407 135.8653846153846 45.28846153846154 1.1923076923076923 44.09615384615385 2.718808799982071
160000 0.28846153846153844 9.064633232950288e-05 103.03846153846153 0.17948717948717946 135.8653846153846 45.28846153846154 1.4423076923076923 43.84615384615385 2.990189400035888
162000 0.3269230769230769 0.0001760309950015984 102.21153846153847 0.19230769230769226 135.8653846153846 45.28846153846154 1.3846153846153846 43.90384615384615 2.938138499855995
164000 0.25 0.00015920824282983527 102.28846153846153 0.1778846153846154 135.8653846153846 45.28846153846154 1.5 43.78846153846154 2.8480188997928053
166000 0.34615384615384615 0.0003358781409159107 99.21153846153847 0.219551282051282 135.8653846153846 45.28846153846154 1.6730769230769231 43.61538461538461 3.4058910000603646
168000 0.38461538461538464 0.00012836297142757282 99.0576923076923 0.2019230769230769 135.8653846153846 45.28846153846154 1.6538461538461537 43.63461538461539 2.761746000032872
170000 0.5 0.00012650385164214532 97.63461538461539 0.27403846153846156 135.8653846153846 45.28846153846154 1.5576923076923077 43.73076923076923 2.682293599937111
172000 0.5 0.00013877511441366826 96.78846153846153 0.2948717948717948 135.8653846153846 45.28846153846154 1.6538461538461537 43.63461538461539 3.0016560999210924
174000 0.36538461538461536 0.00021683725676623566 97.9423076923077 0.2804487179487179 135.8653846153846 45.28846153846154 1.4423076923076923 43.84615384615385 2.854344299994409
176000 0.7115384615384616 0.00024016787263766675 94.4423076923077 0.3141025641025641 135.8653846153846 45.28846153846154 1.3461538461538463 43.94230769230769 2.5329597999807447
178000 0.7692307692307693 0.0002709957447267894 94.1923076923077 0.32211538461538464 135.8653846153846 45.28846153846154 1.3461538461538463 43.94230769230769 3.0055589000694454
180000 0.75 0.0001598898293371087 93.84615384615384 0.33012820512820507 135.8653846153846 45.28846153846154 1.2307692307692308 44.05769230769231 3.110372400144115
182000 1.1730769230769231 0.00014736694210362405 91.61538461538461 0.3541666666666667 135.8653846153846 45.28846153846154 1.1923076923076923 44.09615384615385 3.5651479999069124
184000 0.8269230769230769 0.00013172138194003327 87.38461538461539 0.3942307692307692 135.8653846153846 45.28846153846154 1.1923076923076923 44.09615384615385 2.9012549000326544
186000 1.1923076923076923 0.0004059364256307323 83.9423076923077 0.3942307692307692 135.8653846153846 45.28846153846154 1.1923076923076923 44.09615384615385 2.8955894000828266
188000 1.1538461538461537 0.00044304341324724334 83.01923076923077 0.3782051282051283 135.8653846153846 45.28846153846154 1.3076923076923077 43.98076923076923 2.819637000095099
190000 1.2884615384615385 0.0002707654596660729 87.57692307692308 0.3477564102564103 135.8653846153846 45.28846153846154 1.2115384615384615 44.07692307692308 2.554903900017962
192000 1.4615384615384615 0.0004686761095603363 88.9423076923077 0.32211538461538464 135.8653846153846 45.28846153846154 1.1923076923076923 44.09615384615385 2.7483425999525934
194000 1.3076923076923077 0.00038582636689058966 89.59615384615384 0.31570512820512825 135.8653846153846 45.28846153846154 1.1923076923076923 44.09615384615385 3.3154057001229376
196000 1.5192307692307692 0.0005002716415221446 89.84615384615384 0.32211538461538464 135.8653846153846 45.28846153846154 1.1923076923076923 44.09615384615385 3.2369498999323696
198000 1.1153846153846154 0.000461563800517408 93.17307692307692 0.3269230769230769 135.8653846153846 45.28846153846154 1.1923076923076923 44.09615384615385 2.9499260999727994
200000 0.6538461538461539 0.00018717518609951553 99.63461538461539 0.22596153846153844 135.8653846153846 45.28846153846154 1.3846153846153846 43.90384615384615 2.849526499863714
202000 0.7115384615384616 0.00035371171347980707 97.4423076923077 0.2532051282051282 135.8653846153846 45.28846153846154 1.5192307692307692 43.76923076923077 3.0857672998681664
204000 0.7115384615384616 0.0003323234181983536 91.78846153846153 0.31089743589743585 135.8653846153846 45.28846153846154 1.4230769230769231 43.86538461538461 3.014507799874991
206000 0.5576923076923077 0.0002810383162519812 93.38461538461539 0.2948717948717949 135.8653846153846 45.28846153846154 1.3653846153846154 43.92307692307692 2.883955500088632
208000 0.46153846153846156 0.00015146667465524918 92.13461538461539 0.30929487179487186 135.8653846153846 45.28846153846154 1.3461538461538463 43.94230769230769 3.1874428999144584
210000 0.5961538461538461 0.0004017778819783872 91.21153846153847 0.30929487179487186 135.8653846153846 45.28846153846154 1.3653846153846154 43.92307692307692 2.688607200048864
212000 0.6346153846153846 0.0003851465245374319 94.88461538461539 0.27724358974358976 135.8653846153846 45.28846153846154 1.3653846153846154 43.92307692307692 2.9659285999368876
214000 0.36538461538461536 0.0002387044325265813 99.0576923076923 0.2147435897435897 135.8653846153846 45.28846153846154 1.5576923076923077 43.73076923076923 3.1614791001193225
216000 0.34615384615384615 0.00016540177349074747 98.92307692307692 0.20352564102564102 135.8653846153846 45.28846153846154 1.3269230769230769 43.96153846153846 2.848465299932286
218000 0.4230769230769231 0.00011835185662538433 100.6923076923077 0.18108974358974358 135.8653846153846 45.28846153846154 1.4423076923076923 43.84615384615385 3.123095099814236
220000 0.25 7.289761657081004e-05 103.84615384615384 0.15384615384615385 135.8653846153846 45.28846153846154 1.6730769230769231 43.61538461538461 2.795042499899864
222000 0.21153846153846154 7.940384648665063e-05 103.32692307692308 0.17467948717948717 135.8653846153846 45.28846153846154 2.0 43.28846153846154 3.0559352999553084
224000 0.2692307692307692 9.755170089421822e-05 102.15384615384616 0.15384615384615385 135.8653846153846 45.28846153846154 1.7692307692307692 43.51923076923077 2.587489200057462
226000 0.28846153846153844 0.00013523849028344065 101.17307692307692 0.18910256410256412 135.8653846153846 45.28846153846154 1.5961538461538463 43.69230769230769 2.756474200170487
228000 0.6730769230769231 0.0002965122871753064 92.78846153846153 0.2692307692307692 135.8653846153846 45.28846153846154 1.6538461538461537 43.63461538461539 2.6574036001693457
230000 0.4423076923076923 0.00012702564169922396 96.13461538461539 0.2467948717948718 135.8653846153846 45.28846153846154 1.7115384615384615 43.57692307692308 2.9870287000667304
232000 0.34615384615384615 0.0003172927155026655 93.90384615384616 0.3044871794871795 135.8653846153846 45.28846153846154 1.6153846153846154 43.67307692307692 2.874190100003034
234000 0.34615384615384615 0.00014215313161311885 97.90384615384616 0.26121794871794873 135.8653846153846 45.28846153846154 1.5576923076923077 43.73076923076923 2.6879859999753535
236000 0.38461538461538464 0.00032150971362648043 97.38461538461539 0.27243589743589747 135.8653846153846 45.28846153846154 1.9038461538461537 43.38461538461539 2.849550300044939
238000 0.4230769230769231 0.00029243779836541137 97.73076923076923 0.28205128205128205 135.8653846153846 45.28846153846154 1.8846153846153846 43.40384615384615 2.897631400031969
240000 0.23076923076923078 0.00010178326290095206 100.23076923076923 0.18589743589743585 135.8653846153846 45.28846153846154 2.1153846153846154 43.17307692307692 2.868010399863124
242000 0.17307692307692307 4.7611335267168034e-05 104.3076923076923 0.16025641025641024 135.8653846153846 45.28846153846154 2.269230769230769 43.01923076923077 2.994698300026357
244000 0.1346153846153846 4.990433218951111e-05 105.13461538461539 0.16506410256410253 135.8653846153846 45.28846153846154 2.1923076923076925 43.09615384615385 2.7777098000515252
246000 0.1346153846153846 8.277230510266069e-05 105.82692307692308 0.16987179487179485 135.8653846153846 45.28846153846154 2.25 43.03846153846154 3.0989276999607682
248000 0.15384615384615385 8.773875716963621e-05 105.96153846153847 0.19230769230769232 135.8653846153846 45.28846153846154 2.3076923076923075 42.98076923076923 2.996631900081411
250000 0.19230769230769232 0.00011850836113281995 105.90384615384616 0.1875 135.8653846153846 45.28846153846154 2.3653846153846154 42.92307692307692 2.965567999985069
252000 0.19230769230769232 9.925888543744559e-05 106.61538461538461 0.16346153846153846 135.8653846153846 45.28846153846154 2.4423076923076925 42.84615384615385 2.8084433001931757
254000 0.28846153846153844 0.000186069504829254 105.59615384615384 0.1955128205128205 135.8653846153846 45.28846153846154 2.25 43.03846153846154 3.0598623999394476
256000 0.2692307692307692 0.00018241016952148995 105.0 0.2099358974358974 135.8653846153846 45.28846153846154 2.1923076923076925 43.09615384615385 2.824630499817431
258000 0.34615384615384615 0.0002359565652122578 103.13461538461539 0.2163461538461538 135.8653846153846 45.28846153846154 2.1346153846153846 43.15384615384615 2.6676089998800308
260000 0.23076923076923078 9.564028995742078e-05 104.90384615384616 0.2131410256410256 135.8653846153846 45.28846153846154 2.326923076923077 42.96153846153846 2.879586199996993
262000 0.40384615384615385 0.0001298344894955479 102.84615384615384 0.21955128205128205 135.8653846153846 45.28846153846154 2.25 43.03846153846154 3.010834699962288
264000 0.28846153846153844 0.00011950279979398257 103.1923076923077 0.1778846153846154 135.8653846153846 45.28846153846154 2.326923076923077 42.96153846153846 2.7853829998057336
266000 0.3076923076923077 0.00016633993022294294 102.11538461538461 0.18910256410256407 135.8653846153846 45.28846153846154 2.4423076923076925 42.84615384615385 2.952617899980396
268000 0.3269230769230769 0.0001954646727784052 103.86538461538461 0.23237179487179488 135.8653846153846 45.28846153846154 2.3653846153846154 42.92307692307692 2.7296217000111938
270000 0.46153846153846156 0.00024026006416327087 101.76923076923077 0.21634615384615385 135.8653846153846 45.28846153846154 2.519230769230769 42.76923076923077 2.701145599829033
272000 0.46153846153846156 0.0001978678688914198 102.34615384615384 0.18269230769230768 135.8653846153846 45.28846153846154 2.5384615384615383 42.75 2.6231609999667853
274000 0.36538461538461536 0.0001787524708274465 104.0 0.1875 135.8653846153846 45.28846153846154 2.3846153846153846 42.90384615384615 2.6214860000181943
276000 0.3076923076923077 9.109015750462006e-05 104.51923076923077 0.17948717948717946 135.8653846153846 45.28846153846154 2.2115384615384617 43.07692307692308 3.003559699980542
278000 0.28846153846153844 0.00010699140308208269 105.4423076923077 0.157051282051282 135.8653846153846 45.28846153846154 2.230769230769231 43.05769230769231 2.9900182001292706
280000 0.2692307692307692 9.706346879806612e-05 103.65384615384616 0.17307692307692307 135.8653846153846 45.28846153846154 1.9038461538461537 43.38461538461539 2.742700600065291
282000 0.3076923076923077 0.0001275649865344342 102.96153846153847 0.15865384615384615 135.8653846153846 45.28846153846154 2.0 43.28846153846154 2.7670456001069397
284000 0.3269230769230769 0.00015523686583612852 102.73076923076923 0.17948717948717946 135.8653846153846 45.28846153846154 1.9807692307692308 43.30769230769231 2.9689835000317544
286000 0.3076923076923077 0.00012120214881180809 100.5576923076923 0.17948717948717946 135.8653846153846 45.28846153846154 1.8269230769230769 43.46153846153846 2.987199699971825
288000 0.3269230769230769 0.000151026079526894 99.57692307692308 0.21474358974358973 135.8653846153846 45.28846153846154 1.7884615384615385 43.5 3.00708769983612
290000 0.28846153846153844 0.00010670184530041805 100.61538461538461 0.19711538461538458 135.8653846153846 45.28846153846154 1.9615384615384615 43.32692307692308 2.736831499962136
292000 0.3269230769230769 0.00019993183594699113 98.71153846153847 0.2003205128205128 135.8653846153846 45.28846153846154 1.8076923076923077 43.48076923076923 2.684081100160256
294000 0.34615384615384615 0.00018988031011624176 98.51923076923077 0.24038461538461536 135.8653846153846 45.28846153846154 2.0384615384615383 43.25 2.890957099851221
296000 0.40384615384615385 0.0001320937280176132 99.63461538461539 0.20512820512820512 135.8653846153846 45.28846153846154 2.076923076923077 43.21153846153846 3.1979602000210434
298000 0.3076923076923077 0.00013262892958892567 102.13461538461539 0.16346153846153844 135.8653846153846 45.28846153846154 2.3076923076923075 42.98076923076923 2.855005200020969
300000 0.36538461538461536 0.00015573151770134844 101.17307692307692 0.17628205128205127 135.8653846153846 45.28846153846154 2.173076923076923 43.11538461538461 3.164949200116098
302000 0.28846153846153844 0.00012850235847831093 101.42307692307692 0.15865384615384615 135.8653846153846 45.28846153846154 2.2115384615384617 43.07692307692308 3.253825099905953
304000 0.36538461538461536 0.00015719193228839738 100.86538461538461 0.15224358974358973 135.8653846153846 45.28846153846154 2.1923076923076925 43.09615384615385 2.9454429000616074
306000 0.3076923076923077 0.00010826692591401442 100.78846153846153 0.18429487179487178 135.8653846153846 45.28846153846154 2.076923076923077 43.21153846153846 3.0896535001229495
308000 0.40384615384615385 0.00018420871021830642 101.0576923076923 0.17948717948717946 135.8653846153846 45.28846153846154 1.8846153846153846 43.40384615384615 2.953503399854526
310000 0.38461538461538464 0.0002914674691983686 101.88461538461539 0.2243589743589744 135.8653846153846 45.28846153846154 2.019230769230769 43.26923076923077 3.013423499884084
312000 0.3076923076923077 0.00022735898774784127 102.5576923076923 0.19070512820512822 135.8653846153846 45.28846153846154 2.1538461538461537 43.13461538461539 2.788704700069502
314000 0.3076923076923077 0.00013275115453689046 102.78846153846153 0.16987179487179485 135.8653846153846 45.28846153846154 2.1153846153846154 43.17307692307692 2.904322999995202
316000 0.28846153846153844 0.00018188474050622025 103.28846153846153 0.1378205128205128 135.8653846153846 45.28846153846154 1.8461538461538463 43.44230769230769 2.8923837000038475
318000 0.34615384615384615 0.00019623779331386538 101.40384615384616 0.17948717948717946 135.8653846153846 45.28846153846154 1.75 43.53846153846154 2.6629649999085814
320000 0.4230769230769231 0.00021714716861386197 101.57692307692308 0.17147435897435892 135.8653846153846 45.28846153846154 1.6923076923076923 43.59615384615385 2.8585238999221474
322000 0.36538461538461536 0.00016628773159659053 101.21153846153847 0.16826923076923078 135.8653846153846 45.28846153846154 1.5192307692307692 43.76923076923077 2.9847339000552893
324000 0.38461538461538464 0.0001699764583849099 103.0 0.17467948717948717 135.8653846153846 45.28846153846154 1.5384615384615385 43.75 3.0068634001072496
326000 0.25 0.00010370838598277263 104.09615384615384 0.13942307692307693 135.8653846153846 45.28846153846154 1.5 43.78846153846154 2.8895125000271946
328000 0.28846153846153844 0.0001255904286513248 103.76923076923077 0.15705128205128205 135.8653846153846 45.28846153846154 1.7307692307692308 43.55769230769231 2.9073622000869364
330000 0.28846153846153844 0.0001111898129368255 105.17307692307692 0.1201923076923077 135.8653846153846 45.28846153846154 1.5 43.78846153846154 3.0848366001155227
332000 0.28846153846153844 7.08027404538098e-05 104.36538461538461 0.14423076923076922 135.8653846153846 45.28846153846154 1.5769230769230769 43.71153846153846 2.858248099917546
334000 0.3269230769230769 0.00014099312599075395 104.96153846153847 0.141025641025641 135.8653846153846 45.28846153846154 1.3269230769230769 43.96153846153846 2.9553549999836832
336000 0.28846153846153844 0.00011221224750928272 105.73076923076923 0.1394230769230769 135.8653846153846 45.28846153846154 1.3076923076923077 43.98076923076923 2.9580963999032974
338000 0.21153846153846154 9.83633334351608e-05 105.48076923076923 0.15865384615384615 135.8653846153846 45.28846153846154 1.3269230769230769 43.96153846153846 3.098536199890077
340000 0.38461538461538464 0.00015882633441428886 105.42307692307692 0.14262820512820512 135.8653846153846 45.28846153846154 1.2692307692307692 44.01923076923077 3.268918399931863
342000 0.38461538461538464 0.00015882922782057938 105.32692307692308 0.1330128205128205 135.8653846153846 45.28846153846154 1.2115384615384615 44.07692307692308 3.2763481999281794
344000 0.34615384615384615 9.835315637821745e-05 105.9423076923077 0.1346153846153846 135.8653846153846 45.28846153846154 1.1923076923076923 44.09615384615385 2.9089404998812824
346000 0.4230769230769231 0.00015284951098985122 103.5576923076923 0.16987179487179485 135.8653846153846 45.28846153846154 1.2692307692307692 44.01923076923077 2.8221720000728965
348000 0.36538461538461536 9.66940521880178e-05 103.42307692307692 0.1778846153846154 135.8653846153846 45.28846153846154 1.6730769230769231 43.61538461538461 3.179895400069654
350000 0.21153846153846154 6.775010561160776e-05 104.96153846153847 0.12019230769230768 135.8653846153846 45.28846153846154 1.4423076923076923 43.84615384615385 2.917303399881348
352000 0.28846153846153844 7.484039463805705e-05 104.53846153846153 0.09134615384615384 135.8653846153846 45.28846153846154 1.6346153846153846 43.65384615384615 3.153154799947515
354000 0.38461538461538464 0.0001391639798568669 101.90384615384616 0.1378205128205128 135.8653846153846 45.28846153846154 2.230769230769231 43.05769230769231 3.448856200091541
356000 0.40384615384615385 0.00010921857255549477 102.34615384615384 0.13141025641025642 135.8653846153846 45.28846153846154 2.3846153846153846 42.90384615384615 2.8629341998603195
358000 0.5192307692307693 0.0001655436301497512 100.63461538461539 0.19230769230769226 135.8653846153846 45.28846153846154 2.0 43.28846153846154 2.718442300101742
360000 0.46153846153846156 0.00010699002009249953 101.90384615384616 0.1875 135.8653846153846 45.28846153846154 1.7692307692307692 43.51923076923077 2.9462989000603557
362000 0.46153846153846156 0.00012443354374835018 102.01923076923077 0.14903846153846154 135.8653846153846 45.28846153846154 1.6538461538461537 43.63461538461539 2.966882500099018
364000 0.4807692307692308 0.0002185433790458505 102.32692307692308 0.17147435897435898 135.8653846153846 45.28846153846154 1.7115384615384615 43.57692307692308 2.9488872000947595
366000 0.4807692307692308 9.143299322618613e-05 101.1923076923077 0.1907051282051282 135.8653846153846 45.28846153846154 1.7307692307692308 43.55769230769231 2.9947913999203593
368000 0.5 7.428806110343354e-05 101.21153846153847 0.14583333333333334 135.8653846153846 45.28846153846154 1.6153846153846154 43.67307692307692 2.7140530000906438
370000 0.4807692307692308 0.00013012969374698278 102.26923076923077 0.14903846153846154 135.8653846153846 45.28846153846154 1.5384615384615385 43.75 2.9319941999856383
372000 0.5192307692307693 0.00022622615253996097 101.40384615384616 0.17467948717948717 135.8653846153846 45.28846153846154 1.7307692307692308 43.55769230769231 2.848493500147015
374000 0.46153846153846156 0.00016095509995514736 101.86538461538461 0.17307692307692307 135.8653846153846 45.28846153846154 1.9230769230769231 43.36538461538461 2.774730999954045
376000 0.4230769230769231 0.00014085684103453273 102.28846153846153 0.1762820512820513 135.8653846153846 45.28846153846154 1.6153846153846154 43.67307692307692 2.6427330998703837
378000 0.5384615384615384 0.0002916471308406655 100.63461538461539 0.18910256410256412 135.8653846153846 45.28846153846154 1.7884615384615385 43.5 2.887518099974841
380000 0.36538461538461536 6.200788427148446e-05 99.15384615384616 0.1955128205128205 135.8653846153846 45.28846153846154 1.8076923076923077 43.48076923076923 3.0885169999673963
382000 0.5769230769230769 0.00012900721621780028 96.84615384615384 0.24519230769230768 135.8653846153846 45.28846153846154 1.7884615384615385 43.5 2.8981527001596987
384000 0.5384615384615384 0.00010589979692881071 98.51923076923077 0.18269230769230768 135.8653846153846 45.28846153846154 1.7307692307692308 43.55769230769231 2.9196919000241905
386000 0.5 0.00011681522949719365 99.78846153846153 0.19230769230769232 135.8653846153846 45.28846153846154 2.1153846153846154 43.17307692307692 2.815902400063351
388000 0.34615384615384615 6.983598047271814e-05 100.03846153846153 0.1971153846153846 135.8653846153846 45.28846153846154 1.7692307692307692 43.51923076923077 3.063704599859193
390000 0.46153846153846156 0.00013349722223812574 97.5576923076923 0.2131410256410256 135.8653846153846 45.28846153846154 2.3076923076923075 42.98076923076923 2.6770619000308216
392000 0.5 0.00013166160362323306 98.6923076923077 0.19230769230769232 135.8653846153846 45.28846153846154 2.076923076923077 43.21153846153846 2.950494300108403
394000 0.6153846153846154 0.0001410610114231615 97.32692307692308 0.2115384615384615 135.8653846153846 45.28846153846154 2.1538461538461537 43.13461538461539 2.7175994000863284
396000 0.5576923076923077 8.162235548747209e-05 96.82692307692308 0.1971153846153846 135.8653846153846 45.28846153846154 2.75 42.53846153846154 2.907298600068316
398000 0.5769230769230769 8.569841057075664e-05 97.13461538461539 0.2003205128205128 135.8653846153846 45.28846153846154 2.730769230769231 42.55769230769231 2.8816682000178844
400000 0.6153846153846154 0.00017718175120910382 97.5576923076923 0.21955128205128205 135.8653846153846 45.28846153846154 2.980769230769231 42.30769230769231 2.8935962000396103
402000 0.5961538461538461 0.00013654920864269678 96.48076923076923 0.21955128205128205 135.8653846153846 45.28846153846154 3.2884615384615383 42.0 2.809663400053978
404000 0.7115384615384616 0.000260064763725493 98.51923076923077 0.20512820512820512 135.8653846153846 45.28846153846154 3.0384615384615383 42.25 2.828323000110686
406000 0.6538461538461539 0.00018963850302021023 98.11538461538461 0.21794871794871792 135.8653846153846 45.28846153846154 3.0384615384615383 42.25 2.7955907001160085
408000 0.5 0.00013847136855246902 98.76923076923077 0.22275641025641024 135.8653846153846 45.28846153846154 3.1538461538461537 42.13461538461539 2.707958099897951
410000 0.6153846153846154 0.00017375886960531228 98.09615384615384 0.23878205128205127 135.8653846153846 45.28846153846154 3.326923076923077 41.96153846153846 2.853422600077465
412000 0.5384615384615384 0.00016313820279446032 97.82692307692308 0.24839743589743588 135.8653846153846 45.28846153846154 3.1538461538461537 42.13461538461539 2.8858602999243885
414000 0.4807692307692308 9.38666321271928e-05 98.42307692307692 0.22115384615384612 135.8653846153846 45.28846153846154 3.1346153846153846 42.15384615384615 2.959493099944666
416000 0.5961538461538461 0.0001494212084284463 98.34615384615384 0.20512820512820512 135.8653846153846 45.28846153846154 3.230769230769231 42.05769230769231 2.8073390999343246
418000 0.46153846153846156 9.254352679554115e-05 99.40384615384616 0.22596153846153846 135.8653846153846 45.28846153846154 2.9423076923076925 42.34615384615385 3.3030960999894887
420000 0.6538461538461539 0.00013980808765432022 98.23076923076923 0.23397435897435898 135.8653846153846 45.28846153846154 3.1153846153846154 42.17307692307692 2.971188500057906
422000 0.6538461538461539 0.00022636288347925668 98.86538461538461 0.20192307692307693 135.8653846153846 45.28846153846154 3.0384615384615383 42.25 2.902237700065598
424000 0.7115384615384616 0.0002246330666148239 98.53846153846153 0.2403846153846154 135.8653846153846 45.28846153846154 3.0 42.28846153846154 3.1610024000983685
426000 0.7307692307692307 0.0002183175573190464 97.59615384615384 0.25 135.8653846153846 45.28846153846154 3.4423076923076925 41.84615384615385 2.6718071000650525
428000 0.7115384615384616 0.00020758910959494376 97.71153846153847 0.2371794871794872 135.8653846153846 45.28846153846154 3.3076923076923075 41.98076923076923 2.8373807999305427
430000 0.8846153846153846 0.0002528136342045594 97.65384615384616 0.22916666666666666 135.8653846153846 45.28846153846154 3.4423076923076925 41.84615384615385 2.7987877000123262
432000 0.9230769230769231 0.0002956237231549487 97.11538461538461 0.25641025641025644 135.8653846153846 45.28846153846154 3.2115384615384617 42.07692307692308 2.9004505001939833
434000 0.8846153846153846 0.00027797763513994785 96.82692307692308 0.26121794871794873 135.8653846153846 45.28846153846154 3.2115384615384617 42.07692307692308 2.6625731999520212
436000 0.8461538461538461 0.0002581352878698144 97.76923076923077 0.264423076923077 135.8653846153846 45.28846153846154 3.1153846153846154 42.17307692307692 3.1601210001390427
438000 0.9423076923076923 0.00024596217686797406 97.46153846153847 0.26282051282051283 135.8653846153846 45.28846153846154 2.9615384615384617 42.32692307692308 2.713448900030926
440000 0.9615384615384616 0.0002809633354030568 96.5576923076923 0.26282051282051283 135.8653846153846 45.28846153846154 3.1538461538461537 42.13461538461539 3.2245797000359744
442000 0.9423076923076923 0.00023580722256900304 97.23076923076923 0.24839743589743588 135.8653846153846 45.28846153846154 3.230769230769231 42.05769230769231 3.1171544999815524
444000 1.0 0.00022220984868098902 98.17307692307692 0.2435897435897436 135.8653846153846 45.28846153846154 3.1538461538461537 42.13461538461539 2.7653679000213742
446000 0.9615384615384616 0.00022217317850105578 97.88461538461539 0.2612179487179487 135.8653846153846 45.28846153846154 3.0961538461538463 42.19230769230769 2.9488613000139594
448000 0.8461538461538461 0.00016372575501893795 96.9423076923077 0.2532051282051282 135.8653846153846 45.28846153846154 3.2884615384615383 42.0 2.943919600220397
450000 0.9807692307692307 0.0001865114207686111 97.73076923076923 0.26282051282051283 135.8653846153846 45.28846153846154 2.9615384615384617 42.32692307692308 3.0210003999527544
452000 0.75 0.00021330987638532674 98.25 0.25 135.8653846153846 45.28846153846154 2.8461538461538463 42.44230769230769 2.857545700157061
454000 1.0192307692307692 0.0004085973268869872 96.51923076923077 0.2724358974358974 135.8653846153846 45.28846153846154 3.1538461538461537 42.13461538461539 2.161535899853334
456000 0.8461538461538461 0.00036149375263988824 95.48076923076923 0.30608974358974356 135.8653846153846 45.28846153846154 3.326923076923077 41.96153846153846 1.97091170004569
458000 0.7115384615384616 0.00020771076682851822 96.13461538461539 0.3012820512820513 135.8653846153846 45.28846153846154 3.019230769230769 42.26923076923077 2.045262800063938
460000 0.6923076923076923 0.00021664298952503886 96.98076923076923 0.2692307692307692 135.8653846153846 45.28846153846154 3.0576923076923075 42.23076923076923 2.4057521000504494
462000 0.5769230769230769 0.00030219125337981403 96.78846153846153 0.2692307692307692 135.8653846153846 45.28846153846154 3.1153846153846154 42.17307692307692 2.1829590999986976
464000 0.6538461538461539 0.00045566719263156883 96.17307692307692 0.28525641025641024 135.8653846153846 45.28846153846154 3.3461538461538463 41.94230769230769 2.187851299997419
466000 1.1923076923076923 0.0005591874235676405 93.71153846153847 0.3076923076923077 135.8653846153846 45.28846153846154 3.4615384615384617 41.82692307692308 2.4690906999167055
468000 1.0384615384615385 0.000345477860208778 93.63461538461539 0.2932692307692308 135.8653846153846 45.28846153846154 3.5576923076923075 41.73076923076923 2.4115423001348972
470000 1.0384615384615385 0.0003544234503260109 93.46153846153847 0.2932692307692308 135.8653846153846 45.28846153846154 3.6923076923076925 41.59615384615385 2.05809330008924
472000 1.1346153846153846 0.00035953228917082837 93.46153846153847 0.3028846153846154 135.8653846153846 45.28846153846154 3.673076923076923 41.61538461538461 2.225251999916509
474000 1.1153846153846154 0.0003958016290288194 93.28846153846153 0.27403846153846156 135.8653846153846 45.28846153846154 3.8653846153846154 41.42307692307692 2.117995799984783
476000 1.1153846153846154 0.0004139058294507396 94.15384615384616 0.28365384615384615 135.8653846153846 45.28846153846154 3.9038461538461537 41.38461538461539 2.403286200016737
478000 1.0192307692307692 0.00033987193135574285 94.26923076923077 0.28365384615384615 135.8653846153846 45.28846153846154 3.75 41.53846153846154 2.2180229001678526
480000 1.1346153846153846 0.0004177270227949474 93.8076923076923 0.28685897435897434 135.8653846153846 45.28846153846154 3.730769230769231 41.55769230769231 2.0243029000703245
482000 1.1538461538461537 0.0004039923367000493 92.92307692307692 0.27884615384615385 135.8653846153846 45.28846153846154 4.0576923076923075 41.23076923076923 1.682073999894783
484000 1.1153846153846154 0.00035012674531725103 92.38461538461539 0.30929487179487186 135.8653846153846 45.28846153846154 3.826923076923077 41.46153846153846 1.671388299902901
486000 1.1538461538461537 0.00048140788777109947 92.98076923076923 0.28846153846153844 135.8653846153846 45.28846153846154 3.769230769230769 41.51923076923077 1.4571966999210417
488000 1.1730769230769231 0.000413007882295476 92.82692307692308 0.28365384615384615 135.8653846153846 45.28846153846154 3.8461538461538463 41.44230769230769 1.3375512999482453
490000 1.0576923076923077 0.00033610218156003373 93.1923076923077 0.2692307692307692 135.8653846153846 45.28846153846154 3.8653846153846154 41.42307692307692 1.3450906001962721
492000 1.0961538461538463 0.00031921903066098545 91.8076923076923 0.29166666666666663 135.8653846153846 45.28846153846154 4.0576923076923075 41.23076923076923 1.4503629000391811
494000 1.25 0.0003765976973798309 91.34615384615384 0.2756410256410256 135.8653846153846 45.28846153846154 4.25 41.03846153846154 1.4842642000876367
496000 1.6538461538461537 0.0005372731120621702 89.34615384615384 0.2964743589743589 135.8653846153846 45.28846153846154 4.538461538461538 40.75 1.3991777000483125
498000 1.8461538461538463 0.0006435442201394448 89.84615384615384 0.29006410256410253 135.8653846153846 45.28846153846154 4.230769230769231 41.05769230769231 1.388130099978298
500000 2.4423076923076925 0.001104848862965245 88.57692307692308 0.3237179487179488 135.8653846153846 45.28846153846154 4.115384615384615 41.17307692307692 1.4959668000228703
