2000 1.8461538461538463 0.0002400136906269915 110.88461538461539 0.056089743589743585 135.8653846153846 45.28846153846154 1.3846153846153846 43.90384615384615 1.161757200025022
4000 3.3076923076923075 0.0005787773546902057 104.57692307692308 0.17628205128205127 135.8653846153846 45.28846153846154 1.5 43.78846153846154 1.2622887999750674
6000 3.230769230769231 0.0006354666819667193 105.5 0.21794871794871792 135.8653846153846 45.28846153846154 1.4230769230769231 43.86538461538461 1.7692290999693796
8000 2.5961538461538463 0.00027480270687314806 106.8076923076923 0.17307692307692307 135.8653846153846 45.28846153846154 1.1923076923076923 44.09615384615385 2.20899760001339
10000 6.403846153846154 0.0011665030571513441 103.01923076923077 0.2003205128205128 135.8653846153846 45.28846153846154 1.1923076923076923 44.09615384615385 2.3936756999464706
12000 7.4423076923076925 0.0013816973899651642 104.1923076923077 0.1907051282051282 135.8653846153846 45.28846153846154 1.1923076923076923 44.09615384615385 2.5881601999280974
14000 2.0961538461538463 0.00019107957600682246 110.09615384615384 0.10096153846153846 135.8653846153846 45.28846153846154 1.1923076923076923 44.09615384615385 2.6314920000731945
16000 4.5 0.0008879371389780961 108.26923076923077 0.09935897435897437 135.8653846153846 45.28846153846154 1.1923076923076923 44.09615384615385 2.824171800049953
18000 6.25 0.0013380627047267447 107.15384615384616 0.10096153846153846 135.8653846153846 45.28846153846154 1.1923076923076923 44.09615384615385 2.9627725000027567
20000 3.0 0.0004280421429157874 108.98076923076923 0.09935897435897437 135.8653846153846 45.28846153846154 1.1923076923076923 44.09615384615385 2.68760329997167
22000 4.096153846153846 0.0012406733793733126 107.84615384615384 0.09775641025641027 135.8653846153846 45.28846153846154 1.1923076923076923 44.09615384615385 2.909967500017956
24000 6.769230769230769 0.0014911245259582094 103.59615384615384 0.17948717948717946 135.8653846153846 45.28846153846154 1.1923076923076923 44.09615384615385 2.6550989999668673
26000 8.826923076923077 0.0017508977893891373 99.6923076923077 0.25641025641025644 135.8653846153846 45.28846153846154 1.1923076923076923 44.09615384615385 2.8319904999807477
28000 12.057692307692308 0.0021948717921640515 97.48076923076923 0.33333333333333337 135.8653846153846 45.28846153846154 1.1923076923076923 44.09615384615385 2.674608499975875
30000 9.038461538461538 0.0009151278363210605 99.13461538461539 0.22596153846153846 135.8653846153846 45.28846153846154 1.1923076923076923 44.09615384615385 2.674949900014326
32000 10.25 0.0014129192358890163 96.9423076923077 0.2131410256410256 135.8653846153846 45.28846153846154 1.1923076923076923 44.09615384615385 2.593136499985121
34000 12.576923076923077 0.00040493221790463037 96.07692307692308 0.22916666666666666 135.8653846153846 45.28846153846154 1.1923076923076923 44.09615384615385 2.8359344999771565
36000 18.5 0.0032623750871595717 96.53846153846153 0.28044871794871795 135.8653846153846 45.28846153846154 2.5961538461538463 42.69230769230769 2.639183600083925
38000 26.75 0.006370640688399646 94.5576923076923 0.27884615384615385 135.8653846153846 45.28846153846154 2.9038461538461537 42.38461538461539 2.8676222000503913
40000 21.903846153846153 0.003162852261021053 94.17307692307692 0.28525641025641024 135.8653846153846 45.28846153846154 2.9423076923076925 42.34615384615385 2.747570800012909
42000 25.78846153846154 0.005569311754026512 93.25 0.28525641025641024 135.8653846153846 45.28846153846154 3.0576923076923075 42.23076923076923 3.2382717001019046
44000 29.134615384615383 0.009999901947798652 92.84615384615384 0.28525641025641024 135.8653846153846 45.28846153846154 3.0576923076923075 42.23076923076923 3.054857400013134
46000 7.846153846153846 0.0018478288490826134 102.0576923076923 0.1971153846153846 135.8653846153846 45.28846153846154 2.980769230769231 42.30769230769231 2.6042999000055715
48000 9.576923076923077 0.0015697414321213556 100.3076923076923 0.22435897435897434 135.8653846153846 45.28846153846154 1.3653846153846154 43.92307692307692 2.5981480000773445
50000 17.057692307692307 0.005763472443093908 97.48076923076923 0.28044871794871795 135.8653846153846 45.28846153846154 2.730769230769231 42.55769230769231 2.942447500070557
52000 15.807692307692308 0.005690373215204678 98.09615384615384 0.27724358974358976 135.8653846153846 45.28846153846154 2.576923076923077 42.71153846153846 3.351955199963413
54000 17.942307692307693 0.003152208083767899 97.28846153846153 0.25961538461538464 135.8653846153846 45.28846153846154 2.769230769230769 42.51923076923077 2.8368150000460446
56000 18.153846153846153 0.0034515289546723183 96.59615384615384 0.25 135.8653846153846 45.28846153846154 2.576923076923077 42.71153846153846 2.7853282999712974
58000 16.057692307692307 0.005104293583205987 98.28846153846153 0.2676282051282052 135.8653846153846 45.28846153846154 2.576923076923077 42.71153846153846 2.693525500013493
60000 18.134615384615383 0.003842431014510853 95.75 0.23717948717948717 135.8653846153846 45.28846153846154 2.576923076923077 42.71153846153846 2.6800050999736413
62000 8.057692307692308 0.00183506681278676 100.0 0.23237179487179488 135.8653846153846 45.28846153846154 2.576923076923077 42.71153846153846 2.552898099995218
64000 15.5 0.004291443649442625 98.03846153846153 0.25000000000000006 135.8653846153846 45.28846153846154 2.576923076923077 42.71153846153846 2.9993091999785975
66000 17.153846153846153 0.006058498498613345 98.98076923076923 0.25320512820512825 135.8653846153846 45.28846153846154 2.6153846153846154 42.67307692307692 2.9566210999619216
68000 17.865384615384617 0.004496848758364155 98.25 0.233974358974359 135.8653846153846 45.28846153846154 2.576923076923077 42.71153846153846 2.68226000003051
70000 19.365384615384617 0.003685125711287772 97.3076923076923 0.2532051282051282 135.8653846153846 45.28846153846154 2.730769230769231 42.55769230769231 2.771978300064802
72000 19.346153846153847 0.00230555352507554 96.38461538461539 0.26282051282051283 135.8653846153846 45.28846153846154 2.8846153846153846 42.40384615384615 2.918102900031954
74000 19.942307692307693 0.0026025511039127836 95.98076923076923 0.27564102564102566 135.8653846153846 45.28846153846154 2.8846153846153846 42.40384615384615 2.998442200012505
76000 19.826923076923077 0.0026942139777267854 96.09615384615384 0.2692307692307693 135.8653846153846 45.28846153846154 2.769230769230769 42.51923076923077 2.8939896000083536
78000 19.923076923076923 0.002739760407265962 96.13461538461539 0.2692307692307693 135.8653846153846 45.28846153846154 2.8076923076923075 42.48076923076923 2.915115699986927
80000 41.80769230769231 0.011738662680183077 86.78846153846153 0.3798076923076923 135.8653846153846 45.28846153846154 2.9038461538461537 42.38461538461539 2.94092169997748
82000 42.46153846153846 0.011158469040545786 86.25 0.3798076923076923 135.8653846153846 45.28846153846154 2.8653846153846154 42.42307692307692 2.6479817000217736
84000 28.115384615384617 0.00612448938789257 91.32692307692308 0.33333333333333337 135.8653846153846 45.28846153846154 2.730769230769231 42.55769230769231 2.937310599954799
86000 37.88461538461539 0.009270711272394105 88.40384615384616 0.3477564102564103 135.8653846153846 45.28846153846154 3.0576923076923075 42.23076923076923 2.7127617000369355
88000 27.96153846153846 0.005349424108133086 91.34615384615384 0.33333333333333337 135.8653846153846 45.28846153846154 2.9038461538461537 42.38461538461539 2.8052273000357673
90000 32.46153846153846 0.006213692845162225 90.76923076923077 0.3173076923076923 135.8653846153846 45.28846153846154 2.826923076923077 42.46153846153846 2.888642100035213
92000 27.96153846153846 0.005772978557409505 91.17307692307692 0.3173076923076923 135.8653846153846 45.28846153846154 2.8653846153846154 42.42307692307692 2.8616382000036538
94000 35.46153846153846 0.009209207594265122 89.76923076923077 0.33814102564102566 135.8653846153846 45.28846153846154 2.9038461538461537 42.38461538461539 2.848924099933356
96000 26.5 0.003967456630081478 92.42307692307692 0.31570512820512825 135.8653846153846 45.28846153846154 3.019230769230769 42.26923076923077 2.9935598999727517
98000 34.36538461538461 0.008214980689440184 89.11538461538461 0.3605769230769231 135.8653846153846 45.28846153846154 3.019230769230769 42.26923076923077 3.057583300047554
100000 46.84615384615385 0.013295270776993745 84.15384615384616 0.4118589743589744 135.8653846153846 45.28846153846154 2.980769230769231 42.30769230769231 2.7709583999821916
102000 50.73076923076923 0.013655344547784028 82.96153846153847 0.421474358974359 135.8653846153846 45.28846153846154 3.0576923076923075 42.23076923076923 2.908193100010976
104000 50.73076923076923 0.013307993932522003 82.96153846153847 0.421474358974359 135.8653846153846 45.28846153846154 3.0576923076923075 42.23076923076923 2.908573199994862
106000 50.73076923076923 0.011747598602471234 82.96153846153847 0.421474358974359 135.8653846153846 45.28846153846154 3.0576923076923075 42.23076923076923 2.9224197999574244
108000 50.73076923076923 0.012463738102725445 82.96153846153847 0.421474358974359 135.8653846153846 45.28846153846154 3.0576923076923075 42.23076923076923 2.669983399915509
110000 50.26923076923077 0.01340126921966842 83.09615384615384 0.421474358974359 135.8653846153846 45.28846153846154 3.0576923076923075 42.23076923076923 2.83258280006703
112000 52.98076923076923 0.014016472773370318 82.09615384615384 0.4375 135.8653846153846 45.28846153846154 3.019230769230769 42.26923076923077 2.783433899981901
114000 65.42307692307692 0.01738248382970712 79.57692307692308 0.4663461538461538 135.8653846153846 45.28846153846154 2.826923076923077 42.46153846153846 2.8101737999822944
116000 87.51923076923077 0.025263570516279085 76.6923076923077 0.43589743589743585 135.8653846153846 45.28846153846154 1.2115384615384615 44.07692307692308 2.7698475000215694
118000 87.9423076923077 0.026994156424542674 76.61538461538461 0.43589743589743585 135.8653846153846 45.28846153846154 1.2115384615384615 44.07692307692308 3.11544279998634
120000 87.9423076923077 0.02522444515889458 76.61538461538461 0.43589743589743585 135.8653846153846 45.28846153846154 1.2115384615384615 44.07692307692308 2.8713771000038832
122000 87.9423076923077 0.025126678341263385 76.61538461538461 0.43589743589743585 135.8653846153846 45.28846153846154 1.2115384615384615 44.07692307692308 3.0556625000899658
124000 87.9423076923077 0.025126678341263385 76.61538461538461 0.43589743589743585 135.8653846153846 45.28846153846154 1.2115384615384615 44.07692307692308 2.7756062999833375
126000 87.9423076923077 0.025126678341263385 76.61538461538461 0.43589743589743585 135.8653846153846 45.28846153846154 1.2115384615384615 44.07692307692308 2.749646499985829
128000 87.9423076923077 0.025126678341263385 76.61538461538461 0.43589743589743585 135.8653846153846 45.28846153846154 1.2115384615384615 44.07692307692308 2.7355950000928715
130000 88.07692307692308 0.02476297623487727 76.51923076923077 0.43589743589743585 135.8653846153846 45.28846153846154 1.1923076923076923 44.09615384615385 3.1231149999657646
132000 88.07692307692308 0.023242426382844038 76.51923076923077 0.43589743589743585 135.8653846153846 45.28846153846154 1.1923076923076923 44.09615384615385 2.8396508001023903
134000 88.07692307692308 0.0214299469581769 76.51923076923077 0.43589743589743585 135.8653846153846 45.28846153846154 1.1923076923076923 44.09615384615385 2.896118300035596
136000 88.07692307692308 0.0214299469581769 76.51923076923077 0.43589743589743585 135.8653846153846 45.28846153846154 1.1923076923076923 44.09615384615385 3.1334125999128446
138000 88.07692307692308 0.021147808344507166 76.51923076923077 0.43589743589743585 135.8653846153846 45.28846153846154 1.1923076923076923 44.09615384615385 2.807329099974595
140000 88.03846153846153 0.021067319948130343 76.61538461538461 0.43589743589743585 135.8653846153846 45.28846153846154 1.25 44.03846153846154 2.8148147999309003
142000 88.03846153846153 0.021067319948130343 76.61538461538461 0.43589743589743585 135.8653846153846 45.28846153846154 1.25 44.03846153846154 2.5770225999876857
144000 88.03846153846153 0.021067319948130343 76.61538461538461 0.43589743589743585 135.8653846153846 45.28846153846154 1.25 44.03846153846154 2.897735400008969
146000 87.92307692307692 0.020818672348489366 76.67307692307692 0.43589743589743585 135.8653846153846 45.28846153846154 1.1923076923076923 44.09615384615385 2.936249600024894
148000 87.92307692307692 0.0211008109621591 76.67307692307692 0.43589743589743585 135.8653846153846 45.28846153846154 1.1923076923076923 44.09615384615385 2.7096306000603363
150000 88.03846153846153 0.021349424298661088 76.5576923076923 0.4455128205128205 135.8653846153846 45.28846153846154 1.1923076923076923 44.09615384615385 2.717767499969341
152000 88.03846153846153 0.021067285684991353 76.5576923076923 0.4455128205128205 135.8653846153846 45.28846153846154 1.1923076923076923 44.09615384615385 3.1231053000083193
154000 88.03846153846153 0.021067285684991353 76.5576923076923 0.4455128205128205 135.8653846153846 45.28846153846154 1.1923076923076923 44.09615384615385 2.880881299963221
156000 88.03846153846153 0.021067285684991353 76.5576923076923 0.4455128205128205 135.8653846153846 45.28846153846154 1.1923076923076923 44.09615384615385 2.966022100066766
158000 88.03846153846153 0.020393298225430026 76.5576923076923 0.4455128205128205 135.8653846153846 45.28846153846154 1.1923076923076923 44.09615384615385 2.935011199908331
160000 88.03846153846153 0.020393298225430026 76.5576923076923 0.4455128205128205 135.8653846153846 45.28846153846154 1.1923076923076923 44.09615384615385 2.747178199933842
162000 88.03846153846153 0.020393298225430026 76.5576923076923 0.4455128205128205 135.8653846153846 45.28846153846154 1.1923076923076923 44.09615384615385 2.8896976000396535
164000 88.03846153846153 0.020596845908809516 76.5576923076923 0.4455128205128205 135.8653846153846 45.28846153846154 1.1923076923076923 44.09615384615385 2.9165686999913305
166000 88.36538461538461 0.021293167116692064 76.51923076923077 0.43589743589743585 135.8653846153846 45.28846153846154 1.3076923076923077 43.98076923076923 2.834230500040576
168000 104.63461538461539 0.033381292588070356 75.26923076923077 0.4663461538461538 135.8653846153846 45.28846153846154 2.8076923076923075 42.48076923076923 2.8009834999684244
170000 108.48076923076923 0.03413659920262198 74.36538461538461 0.4887820512820512 135.8653846153846 45.28846153846154 2.8076923076923075 42.48076923076923 2.7553819000022486
172000 114.61538461538461 0.03913714587402443 74.0576923076923 0.49198717948717946 135.8653846153846 45.28846153846154 3.1538461538461537 42.13461538461539 2.9307228999678046
174000 123.5576923076923 0.04221724267567487 73.78846153846153 0.4903846153846153 135.8653846153846 45.28846153846154 3.269230769230769 42.01923076923077 2.8691255999729037
176000 150.32692307692307 0.05583342355363677 72.53846153846153 0.4951923076923076 135.8653846153846 45.28846153846154 4.615384615384615 40.67307692307692 2.881585300085135
178000 159.0 0.05891979067996211 72.28846153846153 0.48717948717948717 135.8653846153846 45.28846153846154 5.076923076923077 40.21153846153846 2.9272497999481857
180000 165.01923076923077 0.06239334744423955 72.15384615384616 0.5064102564102563 135.8653846153846 45.28846153846154 5.3076923076923075 39.98076923076923 2.8574687000364065
182000 165.03846153846155 0.06210356304589763 72.1923076923077 0.4967948717948717 135.8653846153846 45.28846153846154 5.3076923076923075 39.98076923076923 2.597453000023961
184000 171.94230769230768 0.06408334263844474 72.17307692307692 0.4823717948717948 135.8653846153846 45.28846153846154 5.423076923076923 39.86538461538461 2.8307324999477714
186000 171.94230769230768 0.06408334263844474 72.17307692307692 0.4823717948717948 135.8653846153846 45.28846153846154 5.423076923076923 39.86538461538461 3.205781700089574
188000 165.15384615384616 0.06235547643391726 72.21153846153847 0.47756410256410253 135.8653846153846 45.28846153846154 5.423076923076923 39.86538461538461 2.9965156000107527
190000 183.3653846153846 0.06861861892090307 71.96153846153847 0.4887820512820512 135.8653846153846 45.28846153846154 5.865384615384615 39.42307692307692 2.9797517000697553
192000 183.3653846153846 0.06861861892090307 71.96153846153847 0.4887820512820512 135.8653846153846 45.28846153846154 5.865384615384615 39.42307692307692 2.964116599992849
194000 181.32692307692307 0.06920249960372948 71.73076923076923 0.4887820512820512 135.8653846153846 45.28846153846154 5.75 39.53846153846154 2.640938499942422
196000 184.19230769230768 0.07171597978567983 71.34615384615384 0.4951923076923076 135.8653846153846 45.28846153846154 5.75 39.53846153846154 2.663111599977128
198000 187.26923076923077 0.07240159719038075 71.3076923076923 0.4887820512820512 135.8653846153846 45.28846153846154 6.096153846153846 39.19230769230769 3.0453288999851793
200000 187.26923076923077 0.07240159719038075 71.3076923076923 0.4887820512820512 135.8653846153846 45.28846153846154 6.096153846153846 39.19230769230769 2.7735402999678627
202000 187.34615384615384 0.0724195822695236 71.25 0.4839743589743589 135.8653846153846 45.28846153846154 6.1923076923076925 39.09615384615385 2.810927699902095
204000 187.8653846153846 0.07258108079494983 71.25 0.4839743589743589 135.8653846153846 45.28846153846154 6.269230769230769 39.01923076923077 2.816090499982238
206000 187.8653846153846 0.07258108079494983 71.25 0.4839743589743589 135.8653846153846 45.28846153846154 6.269230769230769 39.01923076923077 2.5869849999435246
208000 189.48076923076923 0.07394203497913193 71.1923076923077 0.47916666666666663 135.8653846153846 45.28846153846154 6.5 38.78846153846154 3.187312100082636
210000 189.48076923076923 0.07394203497913193 71.1923076923077 0.47916666666666663 135.8653846153846 45.28846153846154 6.5 38.78846153846154 2.8475233000935987
212000 189.17307692307693 0.07405098154734038 71.13461538461539 0.4887820512820512 135.8653846153846 45.28846153846154 6.5 38.78846153846154 3.083949899999425
214000 189.23076923076923 0.0738545749045254 71.13461538461539 0.47916666666666663 135.8653846153846 45.28846153846154 6.384615384615385 38.90384615384615 3.05384209996555
216000 188.23076923076923 0.07267921073700949 71.17307692307692 0.4839743589743589 135.8653846153846 45.28846153846154 6.269230769230769 39.01923076923077 2.857356399996206
218000 188.23076923076923 0.07267921073700949 71.17307692307692 0.4839743589743589 135.8653846153846 45.28846153846154 6.269230769230769 39.01923076923077 3.197964300052263
220000 188.59615384615384 0.07372813883503779 71.07692307692308 0.49358974358974356 135.8653846153846 45.28846153846154 6.615384615384615 38.67307692307692 3.055391499889083
222000 188.98076923076923 0.07377116088305379 71.1923076923077 0.49358974358974356 135.8653846153846 45.28846153846154 6.615384615384615 38.67307692307692 3.1177204999839887
224000 187.65384615384616 0.07334959526254746 71.09615384615384 0.49358974358974356 135.8653846153846 45.28846153846154 6.615384615384615 38.67307692307692 3.0654269999358803
226000 187.65384615384616 0.07334959526254746 71.09615384615384 0.49358974358974356 135.8653846153846 45.28846153846154 6.615384615384615 38.67307692307692 2.998716100002639
228000 187.3653846153846 0.0730294326770913 71.11538461538461 0.49358974358974356 135.8653846153846 45.28846153846154 6.5 38.78846153846154 2.9780672999331728
230000 187.44230769230768 0.07321173298311465 71.07692307692308 0.49358974358974356 135.8653846153846 45.28846153846154 6.615384615384615 38.67307692307692 2.918418399989605
232000 190.26923076923077 0.07395434154406327 71.21153846153847 0.49358974358974356 135.8653846153846 45.28846153846154 6.730769230769231 38.55769230769231 3.0409566999878734
234000 187.65384615384616 0.07298275081809381 71.09615384615384 0.49358974358974356 135.8653846153846 45.28846153846154 6.615384615384615 38.67307692307692 3.0614776000147685
236000 190.0 0.07384162097832474 71.15384615384616 0.49358974358974356 135.8653846153846 45.28846153846154 6.615384615384615 38.67307692307692 2.7770337000256404
238000 189.8653846153846 0.07372229093033186 71.3076923076923 0.4999999999999999 135.8653846153846 45.28846153846154 6.384615384615385 38.90384615384615 3.1205241999123245
240000 187.76923076923077 0.07314646036004041 71.26923076923077 0.4903846153846153 135.8653846153846 45.28846153846154 6.269230769230769 39.01923076923077 3.053165099932812
242000 187.17307692307693 0.0738832326073912 71.13461538461539 0.47916666666666663 135.8653846153846 45.28846153846154 5.980769230769231 39.30769230769231 3.011191500001587
244000 193.25 0.0753125987505766 70.86538461538461 0.485576923076923 135.8653846153846 45.28846153846154 6.173076923076923 39.11538461538461 2.9734812999377027
246000 193.80769230769232 0.0758516265842156 70.92307692307692 0.4807692307692307 135.8653846153846 45.28846153846154 6.384615384615385 38.90384615384615 2.733119000098668
248000 195.21153846153845 0.07315485830802135 71.13461538461539 0.49038461538461525 135.8653846153846 45.28846153846154 6.5 38.78846153846154 3.184917299891822
250000 195.25 0.07648545869109463 70.82692307692308 0.4807692307692307 135.8653846153846 45.28846153846154 6.615384615384615 38.67307692307692 2.9946431999560446
252000 194.75 0.07619195845186008 70.90384615384616 0.4807692307692307 135.8653846153846 45.28846153846154 6.384615384615385 38.90384615384615 2.9701939000515267
254000 197.34615384615384 0.07702307755654024 70.86538461538461 0.49038461538461525 135.8653846153846 45.28846153846154 6.730769230769231 38.55769230769231 3.008018000051379
256000 197.34615384615384 0.07706128926138607 70.86538461538461 0.49038461538461525 135.8653846153846 45.28846153846154 6.730769230769231 38.55769230769231 2.965736599988304
258000 196.15384615384616 0.0766039473132448 70.9423076923077 0.48557692307692296 135.8653846153846 45.28846153846154 6.730769230769231 38.55769230769231 3.0884698000736535
260000 196.15384615384616 0.0766039473132448 70.9423076923077 0.48557692307692296 135.8653846153846 45.28846153846154 6.730769230769231 38.55769230769231 3.0241321999346837
262000 195.21153846153845 0.07622540374075447 70.96153846153847 0.48557692307692296 135.8653846153846 45.28846153846154 6.730769230769231 38.55769230769231 3.0750991000095382
264000 195.98076923076923 0.0765468830094364 70.92307692307692 0.49038461538461525 135.8653846153846 45.28846153846154 6.730769230769231 38.55769230769231 3.1487370000686496
266000 195.21153846153845 0.07622540374075447 70.96153846153847 0.48557692307692296 135.8653846153846 45.28846153846154 6.730769230769231 38.55769230769231 3.3047128999605775
268000 196.40384615384616 0.07664453398404993 70.88461538461539 0.49038461538461525 135.8653846153846 45.28846153846154 6.730769230769231 38.55769230769231 3.142777099972591
270000 199.57692307692307 0.07985847509982096 70.71153846153847 0.49038461538461525 135.8653846153846 45.28846153846154 6.730769230769231 38.55769230769231 2.968627199996263
272000 198.1153846153846 0.08021526826286635 70.5 0.49038461538461525 135.8653846153846 45.28846153846154 6.615384615384615 38.67307692307692 2.7909419001080096
274000 231.05769230769232 0.0976815718295491 69.4423076923077 0.49999999999999994 135.8653846153846 45.28846153846154 6.615384615384615 38.67307692307692 3.052987299975939
276000 241.21153846153845 0.0958651444472336 68.9423076923077 0.5032051282051282 135.8653846153846 45.28846153846154 6.730769230769231 38.55769230769231 2.94643360003829
278000 252.25 0.10080897990290387 68.09615384615384 0.5192307692307692 135.8653846153846 45.28846153846154 6.846153846153846 38.44230769230769 2.9190989999333397
280000 247.8653846153846 0.0982942690866325 68.3076923076923 0.5256410256410257 135.8653846153846 45.28846153846154 6.730769230769231 38.55769230769231 2.64320819999557
282000 257.9230769230769 0.10403753131991028 67.73076923076923 0.5144230769230769 135.8653846153846 45.28846153846154 6.730769230769231 38.55769230769231 2.7574253999628127
284000 275.1730769230769 0.1114388237436863 66.86538461538461 0.5240384615384616 135.8653846153846 45.28846153846154 6.730769230769231 38.55769230769231 3.112368099973537
286000 288.2307692307692 0.11674874292858717 66.11538461538461 0.5416666666666666 135.8653846153846 45.28846153846154 6.730769230769231 38.55769230769231 2.7533375999191776
288000 291.36538461538464 0.11831776186346785 65.98076923076923 0.5560897435897435 135.8653846153846 45.28846153846154 6.730769230769231 38.55769230769231 3.005355100031011
290000 293.8269230769231 0.12004343727925873 65.76923076923077 0.5400641025641025 135.8653846153846 45.28846153846154 6.846153846153846 38.44230769230769 3.031228900072165
292000 292.6923076923077 0.11910777146787337 65.82692307692308 0.5176282051282051 135.8653846153846 45.28846153846154 6.846153846153846 38.44230769230769 2.9037293000146747
294000 296.9230769230769 0.12320291640747137 65.5576923076923 0.5112179487179487 135.8653846153846 45.28846153846154 6.846153846153846 38.44230769230769 3.40026270004455
296000 296.46153846153845 0.12211425041971394 65.92307692307692 0.5400641025641025 135.8653846153846 45.28846153846154 6.846153846153846 38.44230769230769 2.8851235000183806
298000 296.53846153846155 0.12307412399481242 65.5576923076923 0.5144230769230769 135.8653846153846 45.28846153846154 6.846153846153846 38.44230769230769 2.9459716998972
300000 302.88461538461536 0.1259186132016042 65.3076923076923 0.5336538461538461 135.8653846153846 45.28846153846154 6.846153846153846 38.44230769230769 3.078061299980618
302000 309.9423076923077 0.13018055486002966 65.09615384615384 0.5240384615384616 135.8653846153846 45.28846153846154 6.846153846153846 38.44230769230769 2.7147662000497803
304000 309.71153846153845 0.12826098737249175 65.25 0.5240384615384616 135.8653846153846 45.28846153846154 6.846153846153846 38.44230769230769 2.9577085999771953
306000 305.75 0.1269807896398874 65.34615384615384 0.5240384615384616 135.8653846153846 45.28846153846154 6.846153846153846 38.44230769230769 3.32767689996399
308000 305.84615384615387 0.127405242983763 65.3076923076923 0.5240384615384616 135.8653846153846 45.28846153846154 6.846153846153846 38.44230769230769 2.811407799948938
310000 310.75 0.12843608046677224 65.25 0.5240384615384616 135.8653846153846 45.28846153846154 6.846153846153846 38.44230769230769 3.240696500055492
312000 311.86538461538464 0.1303259582490249 64.96153846153847 0.5288461538461539 135.8653846153846 45.28846153846154 6.846153846153846 38.44230769230769 3.0730444999644533
314000 312.63461538461536 0.1298913412420844 64.8076923076923 0.5448717948717948 135.8653846153846 45.28846153846154 6.846153846153846 38.44230769230769 2.969297999981791
316000 312.63461538461536 0.13058322458536611 64.8076923076923 0.5448717948717948 135.8653846153846 45.28846153846154 6.846153846153846 38.44230769230769 3.0660524000413716
318000 313.03846153846155 0.13049580419133947 64.75 0.5544871794871795 135.8653846153846 45.28846153846154 6.846153846153846 38.44230769230769 3.2868071999400854
320000 309.28846153846155 0.12752844654620563 65.01923076923077 0.5448717948717948 135.8653846153846 45.28846153846154 6.846153846153846 38.44230769230769 3.072592100012116
322000 312.21153846153845 0.1292322822129634 65.07692307692308 0.5400641025641025 135.8653846153846 45.28846153846154 6.75 38.53846153846154 3.092418899992481
324000 312.3269230769231 0.12943946485363353 65.28846153846153 0.5352564102564102 135.8653846153846 45.28846153846154 6.75 38.53846153846154 2.959692999953404
326000 313.6730769230769 0.12979317963617254 65.15384615384616 0.5352564102564102 135.8653846153846 45.28846153846154 6.75 38.53846153846154 2.924890699912794
328000 313.6730769230769 0.1303330578907931 65.15384615384616 0.5352564102564102 135.8653846153846 45.28846153846154 6.75 38.53846153846154 2.8921871000202373
330000 313.6730769230769 0.1303330578907931 65.15384615384616 0.5352564102564102 135.8653846153846 45.28846153846154 6.75 38.53846153846154 3.3320474999491125
332000 313.6730769230769 0.12927342858224164 65.15384615384616 0.5352564102564102 135.8653846153846 45.28846153846154 6.75 38.53846153846154 2.9728287999751046
334000 311.86538461538464 0.12993854477015215 65.23076923076923 0.5352564102564102 135.8653846153846 45.28846153846154 6.634615384615385 38.65384615384615 3.0639926999574527
336000 315.59615384615387 0.1310336138846344 65.25 0.5288461538461539 135.8653846153846 45.28846153846154 6.634615384615385 38.65384615384615 3.163808799930848
338000 310.03846153846155 0.12859139375362416 65.57692307692308 0.5288461538461539 135.8653846153846 45.28846153846154 6.634615384615385 38.65384615384615 3.1595124999294057
340000 316.65384615384613 0.12962453224477574 65.15384615384616 0.5352564102564102 135.8653846153846 45.28846153846154 6.75 38.53846153846154 2.759748399956152
342000 316.65384615384613 0.13158733033929823 65.15384615384616 0.5352564102564102 135.8653846153846 45.28846153846154 6.75 38.53846153846154 2.6744968000566587
344000 316.65384615384613 0.13158733033929823 65.15384615384616 0.5352564102564102 135.8653846153846 45.28846153846154 6.75 38.53846153846154 2.8262365999398753
346000 316.65384615384613 0.12935902233242416 65.15384615384616 0.5352564102564102 135.8653846153846 45.28846153846154 6.75 38.53846153846154 3.2631760999793187
348000 308.63461538461536 0.12662574777404806 65.57692307692308 0.5256410256410257 135.8653846153846 45.28846153846154 6.173076923076923 39.11538461538461 3.027449000044726
350000 308.4807692307692 0.1242440308643303 65.67307692307692 0.5256410256410257 135.8653846153846 45.28846153846154 6.634615384615385 38.65384615384615 2.7878287999192253
352000 308.8076923076923 0.12706861393920219 65.5576923076923 0.5256410256410257 135.8653846153846 45.28846153846154 6.634615384615385 38.65384615384615 2.881010599900037
354000 308.9423076923077 0.12570087158170126 65.51923076923077 0.5256410256410257 135.8653846153846 45.28846153846154 6.634615384615385 38.65384615384615 3.109767399961129
356000 298.09615384615387 0.1181364962440039 66.48076923076923 0.5064102564102564 135.8653846153846 45.28846153846154 6.634615384615385 38.65384615384615 2.774983900017105
358000 316.65384615384613 0.12992660842856424 65.15384615384616 0.5352564102564102 135.8653846153846 45.28846153846154 6.75 38.53846153846154 2.6319159000413492
360000 316.40384615384613 0.1314605531647775 65.11538461538461 0.530448717948718 135.8653846153846 45.28846153846154 6.846153846153846 38.44230769230769 2.9996578000718728
362000 305.0769230769231 0.12635951054068942 65.71153846153847 0.5208333333333334 135.8653846153846 45.28846153846154 6.730769230769231 38.55769230769231 2.7524317000061274
364000 312.3076923076923 0.1283503390496853 65.51923076923077 0.5288461538461539 135.8653846153846 45.28846153846154 6.769230769230769 38.51923076923077 3.1061320999870077
366000 317.88461538461536 0.1299863730155371 65.21153846153847 0.5288461538461539 135.8653846153846 45.28846153846154 6.75 38.53846153846154 2.871905199950561
368000 320.1923076923077 0.13163474446566562 65.17307692307692 0.5384615384615384 135.8653846153846 45.28846153846154 6.75 38.53846153846154 3.149386000004597
370000 309.21153846153845 0.12660349724162107 65.01923076923077 0.530448717948718 135.8653846153846 45.28846153846154 6.846153846153846 38.44230769230769 3.242975499946624
372000 316.40384615384613 0.1306434006512341 65.11538461538461 0.530448717948718 135.8653846153846 45.28846153846154 6.846153846153846 38.44230769230769 2.962789300014265
374000 316.65384615384613 0.12935902233242416 65.15384615384616 0.5352564102564102 135.8653846153846 45.28846153846154 6.75 38.53846153846154 3.0209834000561386
376000 316.9423076923077 0.12946925641302892 65.17307692307692 0.530448717948718 135.8653846153846 45.28846153846154 6.846153846153846 38.44230769230769 2.903348800027743
378000 317.1923076923077 0.12959603358754965 65.21153846153847 0.5352564102564102 135.8653846153846 45.28846153846154 6.75 38.53846153846154 2.9905132999410853
380000 316.9423076923077 0.12946925641302892 65.17307692307692 0.530448717948718 135.8653846153846 45.28846153846154 6.846153846153846 38.44230769230769 3.23807309998665
382000 316.9423076923077 0.1308804119063596 65.17307692307692 0.530448717948718 135.8653846153846 45.28846153846154 6.846153846153846 38.44230769230769 3.3165621000807732
384000 316.9423076923077 0.13280484351297844 65.17307692307692 0.530448717948718 135.8653846153846 45.28846153846154 6.846153846153846 38.44230769230769 3.1683494000462815
386000 319.25 0.13228013506724298 65.13461538461539 0.5400641025641025 135.8653846153846 45.28846153846154 6.846153846153846 38.44230769230769 3.0407118999864906
388000 319.5 0.13122356237832591 65.17307692307692 0.5448717948717948 135.8653846153846 45.28846153846154 6.75 38.53846153846154 2.968140700017102
390000 319.25 0.13168521395929753 65.13461538461539 0.5400641025641025 135.8653846153846 45.28846153846154 6.846153846153846 38.44230769230769 2.8972104999702424
392000 316.9423076923077 0.13003684250916903 65.17307692307692 0.530448717948718 135.8653846153846 45.28846153846154 6.846153846153846 38.44230769230769 2.5879920000443235
394000 317.53846153846155 0.13055731666743856 65.21153846153847 0.5256410256410257 135.8653846153846 45.28846153846154 6.846153846153846 38.44230769230769 2.9903978999936953
396000 317.53846153846155 0.13055731666743856 65.21153846153847 0.5256410256410257 135.8653846153846 45.28846153846154 6.846153846153846 38.44230769230769 2.8581229000119492
398000 317.78846153846155 0.13011650774581918 65.25 0.530448717948718 135.8653846153846 45.28846153846154 6.75 38.53846153846154 2.624114500009455
400000 317.1923076923077 0.12957519092819741 65.21153846153847 0.5352564102564102 135.8653846153846 45.28846153846154 6.75 38.53846153846154 2.897606399958022
402000 317.1923076923077 0.13016361968368975 65.21153846153847 0.5352564102564102 135.8653846153846 45.28846153846154 6.75 38.53846153846154 2.6660787999862805
404000 316.7307692307692 0.12809750755147417 65.36538461538461 0.5352564102564102 135.8653846153846 45.28846153846154 6.75 38.53846153846154 2.912554399925284
406000 320.09615384615387 0.13174403653659544 65.21153846153847 0.5400641025641025 135.8653846153846 45.28846153846154 6.75 38.53846153846154 2.617515599937178
408000 320.09615384615387 0.13174403653659544 65.21153846153847 0.5400641025641025 135.8653846153846 45.28846153846154 6.75 38.53846153846154 2.6141938000218943
410000 320.09615384615387 0.13174403653659544 65.21153846153847 0.5400641025641025 135.8653846153846 45.28846153846154 6.75 38.53846153846154 2.8669114999938756
412000 320.09615384615387 0.13174403653659544 65.21153846153847 0.5400641025641025 135.8653846153846 45.28846153846154 6.75 38.53846153846154 2.4961150999879465
414000 319.5 0.13122356237832591 65.17307692307692 0.5448717948717948 135.8653846153846 45.28846153846154 6.75 38.53846153846154 3.0176131000043824
416000 320.1923076923077 0.13136797603621714 65.36538461538461 0.5400641025641025 135.8653846153846 45.28846153846154 6.75 38.53846153846154 2.9414178000297397
418000 317.88461538461536 0.12974044724544087 65.40384615384616 0.530448717948718 135.8653846153846 45.28846153846154 6.75 38.53846153846154 2.6289733999874443
420000 317.3269230769231 0.1286179817097437 65.40384615384616 0.530448717948718 135.8653846153846 45.28846153846154 6.75 38.53846153846154 3.3899263000348583
422000 319.63461538461536 0.13028719581922446 65.36538461538461 0.5400641025641025 135.8653846153846 45.28846153846154 6.75 38.53846153846154 2.794016300002113
424000 320.09615384615387 0.13174403653659544 65.21153846153847 0.5400641025641025 135.8653846153846 45.28846153846154 6.75 38.53846153846154 2.936591599951498
426000 318.09615384615387 0.13107051078829113 65.21153846153847 0.5256410256410257 135.8653846153846 45.28846153846154 6.846153846153846 38.44230769230769 2.8451194999506697
428000 320.09615384615387 0.13200954644894705 65.21153846153847 0.5400641025641025 135.8653846153846 45.28846153846154 6.75 38.53846153846154 3.0177377000218257
430000 320.1923076923077 0.13136797603621714 65.36538461538461 0.5400641025641025 135.8653846153846 45.28846153846154 6.75 38.53846153846154 2.839018299942836
432000 320.09615384615387 0.13174403653659544 65.21153846153847 0.5400641025641025 135.8653846153846 45.28846153846154 6.75 38.53846153846154 2.9250946999527514
434000 320.40384615384613 0.13271888223841963 65.17307692307692 0.5352564102564102 135.8653846153846 45.28846153846154 6.846153846153846 38.44230769230769 2.7832425999222323
436000 320.09615384615387 0.13174403653659544 65.21153846153847 0.5400641025641025 135.8653846153846 45.28846153846154 6.75 38.53846153846154 2.8689137001056224
438000 320.1923076923077 0.13136797603621714 65.36538461538461 0.5400641025641025 135.8653846153846 45.28846153846154 6.75 38.53846153846154 3.0266221000347286
440000 320.1923076923077 0.13136797603621714 65.36538461538461 0.5400641025641025 135.8653846153846 45.28846153846154 6.75 38.53846153846154 2.373285499983467
442000 320.65384615384613 0.13284565941294035 65.21153846153847 0.5400641025641025 135.8653846153846 45.28846153846154 6.75 38.53846153846154 2.81686040002387
444000 319.9423076923077 0.1312411988616964 65.32692307692308 0.5352564102564102 135.8653846153846 45.28846153846154 6.846153846153846 38.44230769230769 2.8315213000169024
446000 318.34615384615387 0.13119728796281185 65.25 0.530448717948718 135.8653846153846 45.28846153846154 6.75 38.53846153846154 2.791794699965976
448000 320.65384615384613 0.13341324550908043 65.21153846153847 0.5400641025641025 135.8653846153846 45.28846153846154 6.75 38.53846153846154 2.4877031999640167
450000 320.65384615384613 0.13284565941294035 65.21153846153847 0.5400641025641025 135.8653846153846 45.28846153846154 6.75 38.53846153846154 2.167558699962683
452000 320.65384615384613 0.13284565941294035 65.21153846153847 0.5400641025641025 135.8653846153846 45.28846153846154 6.75 38.53846153846154 2.1329342999961227
454000 320.65384615384613 0.13341324550908043 65.21153846153847 0.5400641025641025 135.8653846153846 45.28846153846154 6.75 38.53846153846154 2.4010123000480235
456000 320.65384615384613 0.1334340881684327 65.21153846153847 0.5400641025641025 135.8653846153846 45.28846153846154 6.75 38.53846153846154 1.905331400106661
458000 320.40384615384613 0.13330731099391196 65.17307692307692 0.5352564102564102 135.8653846153846 45.28846153846154 6.846153846153846 38.44230769230769 2.2031193000730127
460000 320.40384615384613 0.13330731099391196 65.17307692307692 0.5352564102564102 135.8653846153846 45.28846153846154 6.846153846153846 38.44230769230769 1.9402877000393346
462000 320.40384615384613 0.13330731099391196 65.17307692307692 0.5352564102564102 135.8653846153846 45.28846153846154 6.846153846153846 38.44230769230769 2.4105012000072747
464000 319.84615384615387 0.13386641002830105 65.17307692307692 0.5352564102564102 135.8653846153846 45.28846153846154 6.846153846153846 38.44230769230769 2.4236542000435293
466000 319.84615384615387 0.13386641002830105 65.17307692307692 0.5352564102564102 135.8653846153846 45.28846153846154 6.846153846153846 38.44230769230769 2.1076719999546185
468000 319.84615384615387 0.13386641002830105 65.17307692307692 0.5352564102564102 135.8653846153846 45.28846153846154 6.846153846153846 38.44230769230769 2.3374391000252217
470000 320.40384615384613 0.13496803290464596 65.17307692307692 0.5352564102564102 135.8653846153846 45.28846153846154 6.846153846153846 38.44230769230769 2.198868300067261
472000 323.3076923076923 0.13536900464591092 64.98076923076923 0.5352564102564102 135.8653846153846 45.28846153846154 6.846153846153846 38.44230769230769 2.3677190999733284
474000 323.0 0.13607173360434 65.0576923076923 0.5352564102564102 135.8653846153846 45.28846153846154 6.846153846153846 38.44230769230769 1.5970838000066578
476000 323.0 0.13607173360434 65.0576923076923 0.5352564102564102 135.8653846153846 45.28846153846154 6.846153846153846 38.44230769230769 1.4861561000579968
478000 318.09615384615387 0.13331966145451743 65.21153846153847 0.5256410256410257 135.8653846153846 45.28846153846154 6.846153846153846 38.44230769230769 1.6129415999166667
480000 320.6923076923077 0.13442336215421144 65.09615384615384 0.5256410256410257 135.8653846153846 45.28846153846154 6.846153846153846 38.44230769230769 1.4706822000443935
482000 323.0 0.134411011693606 65.0576923076923 0.5352564102564102 135.8653846153846 45.28846153846154 6.846153846153846 38.44230769230769 1.376249499968253
484000 318.09615384615387 0.13165893954378347 65.21153846153847 0.5256410256410257 135.8653846153846 45.28846153846154 6.846153846153846 38.44230769230769 1.2399176000617445
486000 320.6923076923077 0.13276264024347748 65.09615384615384 0.5256410256410257 135.8653846153846 45.28846153846154 6.846153846153846 38.44230769230769 1.3050864998949692
488000 318.09615384615387 0.13165893954378347 65.21153846153847 0.5256410256410257 135.8653846153846 45.28846153846154 6.846153846153846 38.44230769230769 1.4283801999408752
490000 321.36538461538464 0.13230921070959772 65.15384615384616 0.5192307692307693 135.8653846153846 45.28846153846154 6.846153846153846 38.44230769230769 1.2612609000643715
492000 320.13461538461536 0.13247816988067596 65.09615384615384 0.5256410256410257 135.8653846153846 45.28846153846154 6.846153846153846 38.44230769230769 1.3668790999799967
494000 320.6923076923077 0.13357979275702087 65.09615384615384 0.5256410256410257 135.8653846153846 45.28846153846154 6.846153846153846 38.44230769230769 1.3344558000098914
496000 322.8076923076923 0.1337967313471012 64.98076923076923 0.530448717948718 135.8653846153846 45.28846153846154 6.75 38.53846153846154 1.2272909000748768
498000 321.9423076923077 0.13280940867369304 65.0576923076923 0.530448717948718 135.8653846153846 45.28846153846154 6.75 38.53846153846154 1.1469198000850156
500000 322.8076923076923 0.1337967313471012 64.98076923076923 0.530448717948718 135.8653846153846 45.28846153846154 6.75 38.53846153846154 1.0621761999791488
