2000 0.07692307692307693 3.8825523685012627e-05 36.084248692307696 0.09455128205128206 45.301282057692305 45.30769230769231 1.1346153846153846 44.17307692307692 3.1739577999687754
4000 0.11538461538461539 5.316381759213387e-05 36.66203626923077 0.08653846153846154 45.301282057692305 45.30769230769231 1.1346153846153846 44.17307692307692 3.69770120002795
6000 0.17307692307692307 4.879444861107421e-05 35.5779539423077 0.14423076923076922 45.301282057692305 45.30769230769231 1.0769230769230769 44.23076923076923 3.388549100025557
8000 0.15384615384615385 5.602774571886117e-05 35.81517776923078 0.08333333333333333 45.301282057692305 45.30769230769231 1.0384615384615385 44.26923076923077 3.490309000015259
10000 0.1346153846153846 -0.3076310232386764 36.30926082692308 0.09134615384615384 45.301282057692305 45.30769230769231 1.1346153846153846 44.17307692307692 3.6418769000447355
12000 0.11538461538461539 9.618915794758085e-05 36.15919528846154 0.08814102564102565 45.301282057692305 45.30769230769231 1.0384615384615385 44.26923076923077 3.623863899963908
14000 0.11538461538461539 4.598004345131727e-05 35.937346673076924 0.13141025641025642 45.301282057692305 45.30769230769231 1.7884615384615385 43.51923076923077 3.725163299997803
16000 0.09615384615384616 4.254965409570761e-05 36.246481384615386 0.1330128205128205 45.301282057692305 45.30769230769231 1.4807692307692308 43.82692307692308 3.5366808000253513
18000 0.11538461538461539 4.308060035761631e-05 35.94253767307692 0.10096153846153846 45.301282057692305 45.30769230769231 1.0769230769230769 44.23076923076923 3.4299976999755017
20000 0.1346153846153846 0.00011856164368987956 35.73895813461539 0.08653846153846154 45.301282057692305 45.30769230769231 1.1538461538461537 44.15384615384615 3.786298499966506
22000 0.11538461538461539 3.706200837681278e-05 35.845849134615385 0.1201923076923077 45.301282057692305 45.30769230769231 1.1346153846153846 44.17307692307692 3.7476163000101224
24000 0.15384615384615385 7.058234842847942e-05 34.99969499999999 0.1266025641025641 45.301282057692305 45.30769230769231 1.1346153846153846 44.17307692307692 3.56822039996041
26000 0.17307692307692307 7.435002184976999e-05 35.1684981923077 0.12980769230769232 45.301282057692305 45.30769230769231 1.0769230769230769 44.23076923076923 3.472502200049348
28000 0.17307692307692307 0.00013393534831462946 34.29307021153847 0.12179487179487179 45.301282057692305 45.30769230769231 1.0576923076923077 44.25 3.4854570999741554
30000 0.11538461538461539 6.364895532980102e-05 34.50546357692307 0.1522435897435897 45.301282057692305 45.30769230769231 1.0961538461538463 44.21153846153846 4.0325455000274815
32000 0.09615384615384616 -0.019195174123412064 34.34028300000001 0.1378205128205128 45.301282057692305 45.30769230769231 1.0961538461538463 44.21153846153846 3.679670699988492
34000 0.11538461538461539 -0.019194768071596004 34.67575315384616 0.1330128205128205 45.301282057692305 45.30769230769231 1.1538461538461537 44.15384615384615 3.6713761999853887
36000 0.09615384615384616 3.921619415783297e-05 34.39412907692308 0.1378205128205128 45.301282057692305 45.30769230769231 1.1538461538461537 44.15384615384615 3.5191314999829046
38000 0.11538461538461539 -0.17302051398990403 34.452676653846154 0.14743589743589744 45.301282057692305 45.30769230769231 1.0576923076923077 44.25 3.6474444000050426
40000 0.11538461538461539 -0.38458352997037976 35.07959992307691 0.1169871794871795 45.301282057692305 45.30769230769231 1.1346153846153846 44.17307692307692 3.2626745000015944
42000 0.09615384615384616 -0.4422900348818632 35.70325984615384 0.09134615384615384 45.301282057692305 45.30769230769231 1.0576923076923077 44.25 3.231607099995017
44000 0.09615384615384616 -0.30766611268172234 35.58280503846153 0.1121794871794872 45.301282057692305 45.30769230769231 1.0576923076923077 44.25 3.2808847000123933
46000 0.15384615384615385 -0.26921022434155406 35.4630496923077 0.1121794871794872 45.301282057692305 45.30769230769231 1.0576923076923077 44.25 3.325156799983233
48000 0.1346153846153846 6.739095229295755e-05 35.228327230769224 0.10737179487179487 45.301282057692305 45.30769230769231 1.0384615384615385 44.26923076923077 3.5981906999950297
50000 0.1346153846153846 3.857460884689292e-05 34.768392038461535 0.16025641025641024 45.301282057692305 45.30769230769231 1.0384615384615385 44.26923076923077 3.5814837000216357
52000 0.1346153846153846 6.454733918965133e-05 35.00824225 0.1426282051282051 45.301282057692305 45.30769230769231 1.0384615384615385 44.26923076923077 3.4966580999898724
54000 0.17307692307692307 5.705608360895579e-05 35.12693944230769 0.16185897435897434 45.301282057692305 45.30769230769231 1.0384615384615385 44.26923076923077 3.6054349999758415
56000 0.17307692307692307 7.356314497112588e-05 34.90567769230769 0.1314102564102564 45.301282057692305 45.30769230769231 1.0384615384615385 44.26923076923077 3.5989096999983303
58000 0.15384615384615385 7.116554595824458e-05 34.91743000000001 0.10256410256410257 45.301282057692305 45.30769230769231 1.0384615384615385 44.26923076923077 3.669735800009221
60000 0.1346153846153846 8.581703572680228e-05 35.24493582692308 0.09455128205128206 45.301282057692305 45.30769230769231 1.0384615384615385 44.26923076923077 3.5975863999919966
62000 0.1346153846153846 4.101332891891059e-05 35.17191740384616 0.10096153846153845 45.301282057692305 45.30769230769231 1.0384615384615385 44.26923076923077 3.6302248999709263
64000 0.1346153846153846 7.152582064320932e-05 35.353274230769244 0.09615384615384616 45.301282057692305 45.30769230769231 1.0384615384615385 44.26923076923077 3.560297099989839
66000 0.1346153846153846 6.286875554435423e-05 35.12484603846154 0.11057692307692307 45.301282057692305 45.30769230769231 1.0384615384615385 44.26923076923077 3.5993467000080273
68000 0.11538461538461539 3.2892483463846176e-05 35.43461701923077 0.1282051282051282 45.301282057692305 45.30769230769231 1.0384615384615385 44.26923076923077 3.617352099972777
70000 0.17307692307692307 7.005371174899399e-05 35.71421586538462 0.1346153846153846 45.301282057692305 45.30769230769231 1.0384615384615385 44.26923076923077 3.5436722000013106
72000 0.11538461538461539 8.536328586666929e-05 35.05331290384616 0.13942307692307693 45.301282057692305 45.30769230769231 1.0384615384615385 44.26923076923077 3.7110009000170976
74000 0.25 0.00015873338914690758 32.921431346153845 0.24839743589743593 45.301282057692305 45.30769230769231 1.0384615384615385 44.26923076923077 3.7071285999845713
76000 0.19230769230769232 0.00011830104914486841 33.133556730769236 0.1971153846153846 45.301282057692305 45.30769230769231 1.0384615384615385 44.26923076923077 3.821541099983733
78000 0.07692307692307693 3.0425961384993893e-05 35.397522057692306 0.10096153846153848 45.301282057692305 45.30769230769231 1.0384615384615385 44.26923076923077 3.4525024000322446
80000 0.1346153846153846 0.00012732952280497398 34.12356351923077 0.19391025641025642 45.301282057692305 45.30769230769231 1.0384615384615385 44.26923076923077 3.9061972000054084
82000 0.09615384615384616 5.5140152959827046e-05 33.69740203846153 0.17628205128205127 45.301282057692305 45.30769230769231 1.0384615384615385 44.26923076923077 3.6496913000009954
84000 0.09615384615384616 6.648687046254708e-05 33.535703153846164 0.19551282051282054 45.301282057692305 45.30769230769231 1.0384615384615385 44.26923076923077 3.7013066000072286
86000 0.1346153846153846 7.699026986892244e-05 34.14028401923076 0.1955128205128205 45.301282057692305 45.30769230769231 1.0384615384615385 44.26923076923077 3.7118822000338696
88000 0.17307692307692307 0.00010834541409640572 32.852030480769216 0.17467948717948717 45.301282057692305 45.30769230769231 1.1730769230769231 44.13461538461539 3.8262437999946997
90000 0.09615384615384616 7.412526492272831e-05 34.693720980769235 0.15705128205128205 45.301282057692305 45.30769230769231 1.3076923076923077 44.0 3.5136293999967165
92000 0.1346153846153846 9.496321404996683e-05 34.60398521153847 0.12820512820512822 45.301282057692305 45.30769230769231 2.3653846153846154 42.94230769230769 3.7949299999745563
94000 0.07692307692307693 0.00015179810966982362 34.793862730769234 0.10096153846153848 45.301282057692305 45.30769230769231 1.0384615384615385 44.26923076923077 3.7198983000125736
96000 0.09615384615384616 6.70031989673981e-05 33.57581578846154 0.14583333333333331 45.301282057692305 45.30769230769231 1.0384615384615385 44.26923076923077 3.6639768999884836
98000 0.1346153846153846 -0.038391687504019424 33.57132386538462 0.16826923076923078 45.301282057692305 45.30769230769231 1.0384615384615385 44.26923076923077 3.49285099998815
100000 0.11538461538461539 -0.057643936532652144 33.85337546153846 0.1987179487179487 45.301282057692305 45.30769230769231 1.1538461538461537 44.15384615384615 3.883727499982342
102000 0.09615384615384616 -0.057632680050571275 33.53201290384616 0.2131410256410256 45.301282057692305 45.30769230769231 1.2692307692307692 44.03846153846154 3.581702099996619
104000 0.11538461538461539 -0.038420149434293255 33.0859656923077 0.21474358974358973 45.301282057692305 45.30769230769231 1.0384615384615385 44.26923076923077 3.5831312999944203
106000 0.17307692307692307 -0.057605724584852476 33.39403211538462 0.16185897435897434 45.301282057692305 45.30769230769231 1.2115384615384615 44.09615384615385 3.710814299993217
108000 0.19230769230769232 -0.019137952253459017 33.3153946923077 0.15544871794871795 45.301282057692305 45.30769230769231 1.2115384615384615 44.09615384615385 3.651138400018681
110000 0.21153846153846154 -0.01911793220741908 33.43316017307693 0.22275641025641024 45.301282057692305 45.30769230769231 2.2115384615384617 43.09615384615385 3.84255599998869
112000 0.21153846153846154 -0.019166900328732316 33.73998451923075 0.11698717948717949 45.301282057692305 45.30769230769231 1.3653846153846154 43.94230769230769 3.7288746999693103
114000 0.19230769230769232 9.796889101149022e-05 33.83756836538462 0.15224358974358976 45.301282057692305 45.30769230769231 1.0384615384615385 44.26923076923077 3.5252849999815226
116000 0.17307692307692307 -0.019128800152489665 33.758775692307694 0.12339743589743589 45.301282057692305 45.30769230769231 1.0384615384615385 44.26923076923077 3.6177479999605566
118000 0.17307692307692307 -0.01915636457086841 33.98190134615384 0.12660256410256412 45.301282057692305 45.30769230769231 1.0384615384615385 44.26923076923077 3.6425735999946482
120000 0.19230769230769232 -0.019178499515118182 33.14594996153845 0.16666666666666666 45.301282057692305 45.30769230769231 1.0384615384615385 44.26923076923077 3.690993600001093
122000 0.19230769230769232 -0.019116493317433043 32.86202923076922 0.2131410256410256 45.301282057692305 45.30769230769231 1.0384615384615385 44.26923076923077 3.590713199984748
124000 0.17307692307692307 -0.019147499524290047 33.805730826923075 0.15384615384615383 45.301282057692305 45.30769230769231 1.0384615384615385 44.26923076923077 3.697351599985268
126000 0.21153846153846154 7.783277810978933e-05 33.1417880576923 0.1939102564102564 45.301282057692305 45.30769230769231 1.0384615384615385 44.26923076923077 3.918351400003303
128000 0.21153846153846154 -0.01913258841450504 32.905992365384606 0.21634615384615385 45.301282057692305 45.30769230769231 1.0384615384615385 44.26923076923077 3.577900300035253
130000 0.19230769230769232 0.00011187465651023754 32.031098923076925 0.2403846153846154 45.301282057692305 45.30769230769231 1.0384615384615385 44.26923076923077 3.786509900004603
132000 0.21153846153846154 -0.03835563550128915 32.059326807692315 0.23076923076923078 45.301282057692305 45.30769230769231 1.5192307692307692 43.78846153846154 3.743600099987816
134000 0.21153846153846154 -0.01912993562265379 32.67597601923077 0.24839743589743588 45.301282057692305 45.30769230769231 1.1538461538461537 44.15384615384615 3.903878999990411
136000 0.19230769230769232 -0.03835883991123182 33.033397019230776 0.21794871794871792 45.301282057692305 45.30769230769231 1.5769230769230769 43.73076923076923 3.848919100011699
138000 0.19230769230769232 -0.038406407152363146 32.90460869230769 0.22916666666666666 45.301282057692305 45.30769230769231 1.5 43.80769230769231 4.1421393000055104
140000 0.21153846153846154 -0.03836606485950574 32.860751461538456 0.23397435897435898 45.301282057692305 45.30769230769231 1.1153846153846154 44.19230769230769 4.0760309000033885
142000 0.19230769230769232 7.859829273221928e-05 33.58569888461538 0.18589743589743588 45.301282057692305 45.30769230769231 1.5 43.80769230769231 4.20701170002576
144000 0.38461538461538464 -0.018916535005150434 33.874427673076916 0.1794871794871795 45.301282057692305 45.30769230769231 1.4038461538461537 43.90384615384615 3.762431300012395
146000 0.4423076923076923 -0.019169609050014132 33.488476826923076 0.16185897435897434 45.301282057692305 45.30769230769231 1.9807692307692308 43.32692307692308 3.734513200004585
148000 0.38461538461538464 -0.03817496768717566 33.631745865384616 0.19871794871794873 45.301282057692305 45.30769230769231 1.4807692307692308 43.82692307692308 3.8168137000175193
150000 0.19230769230769232 -0.057586079128881806 32.54563386538462 0.20673076923076922 45.301282057692305 45.30769230769231 1.2307692307692308 44.07692307692308 3.765234699996654
152000 0.17307692307692307 -0.038379318946488765 32.68024975 0.21474358974358973 45.301282057692305 45.30769230769231 1.2307692307692308 44.07692307692308 3.5020518000237644
154000 0.34615384615384615 -0.05765120713198962 33.900335999999996 0.1778846153846154 45.301282057692305 45.30769230769231 1.4230769230769231 43.88461538461539 3.559885299997404
156000 0.4230769230769231 -0.05760424371710994 32.59584786538461 0.21314102564102566 45.301282057692305 45.30769230769231 1.7884615384615385 43.51923076923077 3.818141099996865
158000 0.17307692307692307 -0.09609339363577121 32.98153173076923 0.21153846153846154 45.301282057692305 45.30769230769231 1.2307692307692308 44.07692307692308 3.5770111000165343
160000 0.17307692307692307 -0.11532791700477216 34.45009184615385 0.16506410256410253 45.301282057692305 45.30769230769231 1.1730769230769231 44.13461538461539 3.984157199971378
162000 0.4423076923076923 -0.03832607026565078 32.821274980769246 0.2467948717948718 45.301282057692305 45.30769230769231 1.0384615384615385 44.26923076923077 3.546440400008578
164000 0.19230769230769232 -0.13454702272708083 34.00244273076923 0.15224358974358976 45.301282057692305 45.30769230769231 1.0384615384615385 44.26923076923077 3.812404999975115
166000 0.17307692307692307 0.00011274458293913214 33.42597699999999 0.2067307692307692 45.301282057692305 45.30769230769231 1.0576923076923077 44.25 3.6666946999612264
168000 0.19230769230769232 7.908780347422384e-05 33.31673515384615 0.20993589743589738 45.301282057692305 45.30769230769231 1.0384615384615385 44.26923076923077 3.969491800002288
170000 0.17307692307692307 5.1055963512054625e-05 33.875038634615386 0.16666666666666666 45.301282057692305 45.30769230769231 1.3846153846153846 43.92307692307692 3.5355401000124402
172000 0.15384615384615385 4.8354229229777e-05 33.76620175000001 0.21955128205128208 45.301282057692305 45.30769230769231 1.5576923076923077 43.75 3.667059200000949
174000 0.28846153846153844 0.00013223163263535495 33.00076301923077 0.24198717948717946 45.301282057692305 45.30769230769231 1.0576923076923077 44.25 3.66548209998291
176000 0.23076923076923078 7.659763563280718e-05 33.59004861538461 0.15384615384615383 45.301282057692305 45.30769230769231 1.2115384615384615 44.09615384615385 3.5927482999977656
178000 0.25 0.00014387415740639526 33.75717384615384 0.2115384615384615 45.301282057692305 45.30769230769231 1.0384615384615385 44.26923076923077 3.6678066000458784
180000 0.1346153846153846 5.449745046189587e-05 34.598039634615375 0.1778846153846154 45.301282057692305 45.30769230769231 1.4230769230769231 43.88461538461539 3.700271000037901
182000 0.25 0.00016592934385830217 33.763583480769235 0.22115384615384612 45.301282057692305 45.30769230769231 1.1346153846153846 44.17307692307692 3.761769299977459
184000 0.25 9.374572252503484e-05 33.18772863461538 0.25 45.301282057692305 45.30769230769231 1.0384615384615385 44.26923076923077 3.65962920000311
186000 0.25 0.00011168420892707396 32.85760057692308 0.25641025641025644 45.301282057692305 45.30769230769231 1.0384615384615385 44.26923076923077 3.7139195000054315
188000 0.28846153846153844 0.00015321814227470577 32.49381753846154 0.23237179487179482 45.301282057692305 45.30769230769231 1.0384615384615385 44.26923076923077 3.579446099989582
190000 0.17307692307692307 7.321995288469684e-05 33.659096461538475 0.2115384615384615 45.301282057692305 45.30769230769231 1.5769230769230769 43.73076923076923 3.7085759000037797
192000 0.19230769230769232 0.0001078311049870186 32.660484576923075 0.21794871794871792 45.301282057692305 45.30769230769231 1.8076923076923077 43.5 3.7427556000184268
194000 0.17307692307692307 8.023236538463886e-05 32.53922409615386 0.22916666666666663 45.301282057692305 45.30769230769231 1.8269230769230769 43.48076923076923 3.799229299998842
196000 0.2692307692307692 0.0001731094998664074 32.96470513461538 0.23878205128205127 45.301282057692305 45.30769230769231 1.9423076923076923 43.36538461538461 3.633222399977967
198000 0.2692307692307692 0.00013577651196321785 32.66048492307693 0.266025641025641 45.301282057692305 45.30769230769231 1.8846153846153846 43.42307692307692 3.878504400025122
200000 0.46153846153846156 0.00015745296922081896 32.49702303846154 0.22916666666666663 45.301282057692305 45.30769230769231 1.3461538461538463 43.96153846153846 3.7134584999876097
202000 0.38461538461538464 0.00011669301255687121 32.15407425 0.22756410256410253 45.301282057692305 45.30769230769231 1.7307692307692308 43.57692307692308 3.6960439999820665
204000 0.40384615384615385 0.0001598677838219415 32.54082661538462 0.22916666666666663 45.301282057692305 45.30769230769231 1.7115384615384615 43.59615384615385 3.5487812000210397
206000 0.2692307692307692 0.00012838421436714488 32.495955326923074 0.24358974358974356 45.301282057692305 45.30769230769231 1.5576923076923077 43.75 3.632621199998539
208000 0.21153846153846154 6.35402722560884e-05 31.97512113461539 0.24679487179487178 45.301282057692305 45.30769230769231 1.3076923076923077 44.0 3.5568356000003405
210000 0.17307692307692307 0.00016026308363606366 32.61809309615384 0.23237179487179488 45.301282057692305 45.30769230769231 1.2115384615384615 44.09615384615385 3.488617399998475
212000 0.21153846153846154 0.00017271146020579001 33.341307942307694 0.25 45.301282057692305 45.30769230769231 1.0384615384615385 44.26923076923077 3.584623000002466
214000 0.15384615384615385 0.00014791155853193013 34.55052032692308 0.19551282051282054 45.301282057692305 45.30769230769231 1.0384615384615385 44.26923076923077 3.573296400019899
216000 0.15384615384615385 0.00017426416961214173 34.44559609615385 0.18589743589743593 45.301282057692305 45.30769230769231 1.0769230769230769 44.23076923076923 3.8661193000152707
218000 0.25 0.0001603500567601453 34.445423192307686 0.21474358974358973 45.301282057692305 45.30769230769231 1.0384615384615385 44.26923076923077 3.6088477000012062
220000 0.21153846153846154 5.077023699204878e-05 34.2853446153846 0.18749999999999997 45.301282057692305 45.30769230769231 1.0384615384615385 44.26923076923077 3.6259674000320956
222000 0.2692307692307692 8.581120123897928e-05 33.20241938461539 0.24839743589743593 45.301282057692305 45.30769230769231 1.2115384615384615 44.09615384615385 3.701997400028631
224000 0.21153846153846154 4.9951652560124504e-05 33.44462115384614 0.2516025641025641 45.301282057692305 45.30769230769231 1.1923076923076923 44.11538461538461 3.5054629999794997
226000 0.09615384615384616 7.220503361286674e-05 33.45540209615385 0.21474358974358973 45.301282057692305 45.30769230769231 1.4423076923076923 43.86538461538461 3.5200370000093244
228000 0.1346153846153846 7.923027296805651e-05 33.40107219230768 0.20032051282051277 45.301282057692305 45.30769230769231 2.2884615384615383 43.01923076923077 3.5733802000177093
230000 0.28846153846153844 0.00012066214797536451 32.477370923076926 0.19070512820512817 45.301282057692305 45.30769230769231 3.1346153846153846 42.17307692307692 3.774175899976399
232000 0.21153846153846154 5.39000900724664e-05 32.998992269230776 0.1987179487179487 45.301282057692305 45.30769230769231 2.1153846153846154 43.19230769230769 3.649967100005597
234000 0.3076923076923077 0.00012466467034987034 32.54291490384615 0.20192307692307693 45.301282057692305 45.30769230769231 2.4038461538461537 42.90384615384615 3.6523997000185773
236000 0.21153846153846154 9.005799620303133e-05 32.88275609615384 0.19871794871794873 45.301282057692305 45.30769230769231 1.7115384615384615 43.59615384615385 4.032681099954061
238000 0.28846153846153844 9.649838446565928e-05 33.236874807692296 0.18108974358974358 45.301282057692305 45.30769230769231 1.25 44.05769230769231 3.7545185000053607
240000 0.2692307692307692 0.00010582369693863447 32.92528748076924 0.16987179487179485 45.301282057692305 45.30769230769231 2.1538461538461537 43.15384615384615 3.698129800031893
242000 0.3076923076923077 0.00020523186113281076 32.98629198076924 0.16987179487179485 45.301282057692305 45.30769230769231 2.3653846153846154 42.94230769230769 3.6349485999671742
244000 0.38461538461538464 0.0002266912031146464 32.84612880769232 0.1987179487179487 45.301282057692305 45.30769230769231 2.269230769230769 43.03846153846154 3.690645799972117
246000 0.3076923076923077 0.00016258167713973596 32.60866842307693 0.21634615384615385 45.301282057692305 45.30769230769231 1.1538461538461537 44.15384615384615 3.8662550000008196
248000 0.23076923076923078 9.061133982126666e-05 33.98260082692307 0.17788461538461536 45.301282057692305 45.30769230769231 1.2307692307692308 44.07692307692308 3.841989399981685
250000 0.2692307692307692 8.33439743925097e-05 33.2753358076923 0.19711538461538458 45.301282057692305 45.30769230769231 1.25 44.05769230769231 3.6444604999851435
252000 0.21153846153846154 7.771758019599371e-05 33.954823307692294 0.18910256410256407 45.301282057692305 45.30769230769231 1.1346153846153846 44.17307692307692 4.181410799967125
254000 0.25 8.322669655686735e-05 33.88511159615384 0.2067307692307692 45.301282057692305 45.30769230769231 1.0384615384615385 44.26923076923077 4.100491299992427
256000 0.21153846153846154 7.056127847224403e-05 34.13190650000001 0.20192307692307693 45.301282057692305 45.30769230769231 1.0384615384615385 44.26923076923077 3.619145300006494
258000 0.25 8.867524122003212e-05 33.87976955769231 0.18910256410256407 45.301282057692305 45.30769230769231 1.0384615384615385 44.26923076923077 3.8079001999576576
260000 0.17307692307692307 -0.01917115023634899 34.08761742307693 0.18589743589743585 45.301282057692305 45.30769230769231 1.0384615384615385 44.26923076923077 3.8043808999937028
262000 0.19230769230769232 -0.03840265321593644 34.22891492307692 0.17147435897435892 45.301282057692305 45.30769230769231 1.0384615384615385 44.26923076923077 3.7954815999837592
264000 0.25 -0.1153062918582009 34.111874326923065 0.21314102564102566 45.301282057692305 45.30769230769231 1.0576923076923077 44.25 3.7010034999693744
266000 0.19230769230769232 -0.019199921702898116 33.66796415384614 0.19070512820512817 45.301282057692305 45.30769230769231 1.0576923076923077 44.25 3.762499000004027
268000 0.21153846153846154 -0.019154793458439155 33.487723711538464 0.19230769230769226 45.301282057692305 45.30769230769231 1.1346153846153846 44.17307692307692 3.6249905999866314
270000 0.21153846153846154 -0.038379276174480406 33.125686423076914 0.19230769230769232 45.301282057692305 45.30769230769231 1.4038461538461537 43.90384615384615 3.7753025999991223
272000 0.21153846153846154 -0.15378168264049757 34.455067365384615 0.18910256410256407 45.301282057692305 45.30769230769231 1.2307692307692308 44.07692307692308 3.3616722999722697
274000 0.23076923076923078 6.78477139819759e-05 34.29892417307693 0.17628205128205127 45.301282057692305 45.30769230769231 1.1730769230769231 44.13461538461539 3.737444600032177
276000 0.2692307692307692 8.866513185119701e-05 33.7670029423077 0.18269230769230768 45.301282057692305 45.30769230769231 1.1923076923076923 44.11538461538461 3.7535308999940753
278000 0.2692307692307692 7.006243095184965e-05 33.54132082692307 0.1939102564102564 45.301282057692305 45.30769230769231 1.0384615384615385 44.26923076923077 3.694290299958084
280000 0.25 -0.01916867848052171 33.31539944230768 0.1474358974358974 45.301282057692305 45.30769230769231 1.0384615384615385 44.26923076923077 3.682795899978373
282000 0.25 5.8002949913179045e-05 33.33062371153845 0.16185897435897434 45.301282057692305 45.30769230769231 1.1153846153846154 44.19230769230769 3.6581696000066586
284000 0.28846153846153844 9.587835515932132e-05 33.549374211538456 0.17307692307692307 45.301282057692305 45.30769230769231 1.1153846153846154 44.19230769230769 3.6844114999985322
286000 0.23076923076923078 -0.019123458305297998 33.7572985 0.15224358974358976 45.301282057692305 45.30769230769231 1.25 44.05769230769231 3.7266365999821573
288000 0.3076923076923077 8.469248995074929e-05 33.48130065384615 0.16506410256410253 45.301282057692305 45.30769230769231 1.1923076923076923 44.11538461538461 3.8838462000130676
290000 0.34615384615384615 -0.038343440433078586 33.21349382692307 0.1394230769230769 45.301282057692305 45.30769230769231 1.1346153846153846 44.17307692307692 3.6988029000349343
292000 0.3076923076923077 -0.019105604698587745 32.98740263461538 0.1939102564102564 45.301282057692305 45.30769230769231 1.3076923076923077 44.0 3.749353000021074
294000 0.28846153846153844 6.037249450566037e-05 33.314908480769226 0.1875 45.301282057692305 45.30769230769231 1.1730769230769231 44.13461538461539 4.095372200012207
296000 0.3076923076923077 -0.01913325810453049 33.51912171153846 0.23076923076923073 45.301282057692305 45.30769230769231 1.1346153846153846 44.17307692307692 3.5002525000018068
298000 0.4423076923076923 -0.019132830302336402 32.79995099999999 0.21153846153846154 45.301282057692305 45.30769230769231 1.0961538461538463 44.21153846153846 3.7207717000273988
300000 0.40384615384615385 -0.01908176306075727 32.13330169230769 0.24519230769230768 45.301282057692305 45.30769230769231 1.0384615384615385 44.26923076923077 3.6273344999644905
302000 0.4230769230769231 9.539649205657096e-05 31.487401673076917 0.27403846153846156 45.301282057692305 45.30769230769231 1.0576923076923077 44.25 3.475258899969049
304000 0.38461538461538464 0.0001487934061083889 32.01819428846153 0.24679487179487175 45.301282057692305 45.30769230769231 1.0384615384615385 44.26923076923077 3.711596399953123
306000 0.3076923076923077 5.188137738458821e-05 32.36972063461538 0.2580128205128205 45.301282057692305 45.30769230769231 1.0576923076923077 44.25 3.4861091999919154
308000 0.4423076923076923 -0.019045240392241626 32.13961546153846 0.25320512820512825 45.301282057692305 45.30769230769231 1.0384615384615385 44.26923076923077 3.7210556999780238
310000 0.4230769230769231 0.000155638370239478 32.01694771153847 0.23397435897435898 45.301282057692305 45.30769230769231 1.0576923076923077 44.25 3.6359014000045136
312000 0.5192307692307693 0.00015932120075061129 31.809736173076924 0.28044871794871795 45.301282057692305 45.30769230769231 1.0576923076923077 44.25 3.866083700035233
314000 0.5 -0.0190530975008913 31.259570769230773 0.22275641025641027 45.301282057692305 45.30769230769231 1.0384615384615385 44.26923076923077 3.666828399989754
316000 0.4230769230769231 -0.01912891371957541 31.57789855769232 0.2548076923076923 45.301282057692305 45.30769230769231 1.0384615384615385 44.26923076923077 3.5748855999554507
318000 0.36538461538461536 9.930335056271192e-05 31.96443717307693 0.21955128205128205 45.301282057692305 45.30769230769231 1.0384615384615385 44.26923076923077 3.7440149000030942
320000 0.4423076923076923 0.0001366775227316491 31.704821423076933 0.24358974358974358 45.301282057692305 45.30769230769231 1.0384615384615385 44.26923076923077 3.757378600013908
322000 0.34615384615384615 0.00015061451872769633 32.20775975000001 0.23878205128205127 45.301282057692305 45.30769230769231 1.0384615384615385 44.26923076923077 3.9723921999684535
324000 0.4423076923076923 0.00022265798142119647 32.06165938461539 0.24358974358974358 45.301282057692305 45.30769230769231 1.0384615384615385 44.26923076923077 3.7107682999921963
326000 0.19230769230769232 0.00010721201643829803 32.62452388461539 0.22115384615384612 45.301282057692305 45.30769230769231 1.0769230769230769 44.23076923076923 3.8691364000551403
328000 0.1346153846153846 6.0157627779200816e-05 33.072076557692306 0.23397435897435898 45.301282057692305 45.30769230769231 1.0384615384615385 44.26923076923077 3.5483270000549965
330000 0.15384615384615385 7.502046968624729e-05 33.02768623076924 0.2403846153846154 45.301282057692305 45.30769230769231 1.5769230769230769 43.73076923076923 3.689443500014022
332000 0.23076923076923078 9.371845442429066e-05 33.250763153846144 0.23717948717948717 45.301282057692305 45.30769230769231 1.0384615384615385 44.26923076923077 3.886999000038486
334000 0.17307692307692307 -0.01912491673113772 32.669780192307705 0.23237179487179482 45.301282057692305 45.30769230769231 1.3269230769230769 43.98076923076923 3.6827641000272706
336000 0.3269230769230769 0.0001659175761159546 31.886825153846157 0.2275641025641025 45.301282057692305 45.30769230769231 2.6923076923076925 42.61538461538461 3.711900099995546
338000 0.5961538461538461 0.00028697372140807585 31.17624805769231 0.2435897435897436 45.301282057692305 45.30769230769231 4.038461538461538 41.26923076923077 3.7486835999879986
340000 0.36538461538461536 0.000169910762695824 31.826790576923084 0.27564102564102566 45.301282057692305 45.30769230769231 2.1538461538461537 43.15384615384615 3.723564099986106
342000 0.36538461538461536 0.00016170822931903326 31.27775163461539 0.2387820512820513 45.301282057692305 45.30769230769231 2.5576923076923075 42.75 3.6726738999714144
344000 0.3269230769230769 0.00015828486368386143 31.99393819230769 0.2003205128205128 45.301282057692305 45.30769230769231 2.826923076923077 42.48076923076923 3.625260700006038
346000 0.23076923076923078 0.00021022660847427323 32.102912288461546 0.2163461538461538 45.301282057692305 45.30769230769231 2.6346153846153846 42.67307692307692 3.8196273000212386
348000 0.28846153846153844 0.0002469718114164522 32.344357326923074 0.22115384615384612 45.301282057692305 45.30769230769231 2.826923076923077 42.48076923076923 3.634090500010643
350000 0.23076923076923078 0.00020606838577282406 32.42469928846153 0.16987179487179485 45.301282057692305 45.30769230769231 3.1153846153846154 42.19230769230769 3.625589300005231
352000 0.2692307692307692 0.00014587643111679214 32.43250659615385 0.16987179487179485 45.301282057692305 45.30769230769231 3.2884615384615383 42.01923076923077 3.7694933000020683
354000 0.36538461538461536 0.00016087016854307844 32.62246394230769 0.2163461538461538 45.301282057692305 45.30769230769231 2.6923076923076925 42.61538461538461 3.817705199995544
356000 0.3076923076923077 0.00022972093165425704 32.45460396153846 0.22275641025641024 45.301282057692305 45.30769230769231 2.3076923076923075 43.0 3.5629725999897346
358000 0.25 0.0001097764027426072 33.10065580769231 0.2067307692307692 45.301282057692305 45.30769230769231 1.3269230769230769 43.98076923076923 3.6579376000445336
360000 0.2692307692307692 6.844402805269974e-05 33.315132192307686 0.20833333333333331 45.301282057692305 45.30769230769231 1.1346153846153846 44.17307692307692 3.827748999989126
362000 0.3076923076923077 7.977689658234423e-05 33.42068303846154 0.1907051282051282 45.301282057692305 45.30769230769231 1.1346153846153846 44.17307692307692 3.7074460000148974
364000 0.38461538461538464 0.00017569770028602637 33.391569673076916 0.21634615384615385 45.301282057692305 45.30769230769231 1.1346153846153846 44.17307692307692 3.737382899969816
366000 0.34615384615384615 0.00021804859402569635 33.77456496153846 0.2099358974358974 45.301282057692305 45.30769230769231 1.0384615384615385 44.26923076923077 3.6803116999799386
368000 0.23076923076923078 0.00018433538168201126 33.36961951923077 0.21794871794871792 45.301282057692305 45.30769230769231 1.1538461538461537 44.15384615384615 3.94082169997273
370000 0.25 0.00013637476879871938 33.18051650000001 0.20833333333333331 45.301282057692305 45.30769230769231 1.0384615384615385 44.26923076923077 3.71162070002174
372000 0.38461538461538464 0.00022877317961566591 33.09825163461538 0.22596153846153844 45.301282057692305 45.30769230769231 1.0384615384615385 44.26923076923077 3.6975939000258222
374000 0.34615384615384615 0.00017083246085637945 33.122824019230784 0.20192307692307693 45.301282057692305 45.30769230769231 1.0384615384615385 44.26923076923077 3.7192114000208676
376000 0.3076923076923077 0.0002120696067253616 33.12282432692309 0.2099358974358974 45.301282057692305 45.30769230769231 1.0384615384615385 44.26923076923077 3.8025536999921314
378000 0.34615384615384615 -0.018978628796630623 33.28735475000001 0.21153846153846154 45.301282057692305 45.30769230769231 1.5576923076923077 43.75 3.691559700004291
380000 0.21153846153846154 0.00013736819580930013 33.71604063461538 0.18429487179487178 45.301282057692305 45.30769230769231 1.3461538461538463 43.96153846153846 3.6894611999741755
382000 0.25 0.00014785538651333475 34.25850894230768 0.19230769230769232 45.301282057692305 45.30769230769231 1.0384615384615385 44.26923076923077 3.73735500004841
384000 0.23076923076923078 0.00014276906245036197 34.39232323076923 0.20993589743589747 45.301282057692305 45.30769230769231 1.0384615384615385 44.26923076923077 3.735623799962923
386000 0.2692307692307692 0.00018479172507448785 34.27953311538461 0.21474358974358973 45.301282057692305 45.30769230769231 1.0384615384615385 44.26923076923077 3.896603699948173
388000 0.23076923076923078 8.494196730955238e-05 33.89135632692308 0.20673076923076927 45.301282057692305 45.30769230769231 1.1538461538461537 44.15384615384615 3.5698078999994323
390000 0.34615384615384615 0.0001629358744054338 33.62656388461539 0.22596153846153846 45.301282057692305 45.30769230769231 1.1538461538461537 44.15384615384615 3.6216739999945275
392000 0.25 0.00010990759410720572 33.58990909615383 0.1939102564102564 45.301282057692305 45.30769230769231 1.1346153846153846 44.17307692307692 3.725690899998881
394000 0.19230769230769232 -0.01903081591604558 33.82334965384616 0.2003205128205128 45.301282057692305 45.30769230769231 1.0384615384615385 44.26923076923077 3.5567902000038885
396000 0.25 0.00015871802151532527 33.34651042307692 0.2243589743589743 45.301282057692305 45.30769230769231 1.0769230769230769 44.23076923076923 3.7986058000242338
398000 0.3269230769230769 0.00011327107587304521 33.566783653846144 0.18269230769230768 45.301282057692305 45.30769230769231 1.0769230769230769 44.23076923076923 3.781141599989496
400000 0.3269230769230769 0.0001118355969989475 33.40888250000001 0.22756410256410253 45.301282057692305 45.30769230769231 1.0384615384615385 44.26923076923077 3.886331599962432
402000 0.21153846153846154 5.84397018330752e-05 33.4531085 0.17307692307692307 45.301282057692305 45.30769230769231 1.0769230769230769 44.23076923076923 3.979479900037404
404000 0.25 0.00016138755969057427 33.518973807692305 0.2019230769230769 45.301282057692305 45.30769230769231 1.0384615384615385 44.26923076923077 3.5227788000483997
406000 0.3076923076923077 -0.01914996547968139 33.621538057692305 0.1971153846153846 45.301282057692305 45.30769230769231 1.1346153846153846 44.17307692307692 3.6461647000396624
408000 0.3269230769230769 -0.019026953177188447 33.82538440384616 0.15705128205128205 45.301282057692305 45.30769230769231 1.0384615384615385 44.26923076923077 3.6790382000035606
410000 0.23076923076923078 -0.019112164133566253 33.49403225 0.1955128205128205 45.301282057692305 45.30769230769231 1.0384615384615385 44.26923076923077 3.8863674000022
412000 0.3076923076923077 -0.019081358679203856 33.43409609615385 0.20673076923076922 45.301282057692305 45.30769230769231 1.0384615384615385 44.26923076923077 3.8160416999598965
414000 0.28846153846153844 0.00019414882379690095 33.56144182692308 0.2003205128205128 45.301282057692305 45.30769230769231 1.0769230769230769 44.23076923076923 3.7192931000026874
416000 0.23076923076923078 -0.019111987256349123 33.42250411538461 0.2131410256410256 45.301282057692305 45.30769230769231 1.0384615384615385 44.26923076923077 3.6405547999893315
418000 0.2692307692307692 0.00011063204846090629 33.32821980769231 0.22275641025641024 45.301282057692305 45.30769230769231 1.0384615384615385 44.26923076923077 3.970737299998291
420000 0.3269230769230769 -0.03838988807545632 33.462491942307686 0.2163461538461538 45.301282057692305 45.30769230769231 1.0384615384615385 44.26923076923077 3.601715400000103
422000 0.4230769230769231 0.00016414672198612746 33.28407265384615 0.22115384615384615 45.301282057692305 45.30769230769231 1.0384615384615385 44.26923076923077 3.626320100040175
424000 0.40384615384615385 -0.03836568126753325 33.27693744230769 0.23557692307692302 45.301282057692305 45.30769230769231 1.0384615384615385 44.26923076923077 3.948291699984111
426000 0.34615384615384615 -0.03835088430454002 33.32314475 0.23076923076923078 45.301282057692305 45.30769230769231 1.0384615384615385 44.26923076923077 3.77531470003305
428000 0.4423076923076923 -0.0382654557848402 33.18612544230769 0.22115384615384612 45.301282057692305 45.30769230769231 1.0384615384615385 44.26923076923077 3.87938060000306
430000 0.38461538461538464 -0.038328858093981254 32.912002923076926 0.21794871794871795 45.301282057692305 45.30769230769231 1.0384615384615385 44.26923076923077 3.7122423000400886
432000 0.34615384615384615 -0.03837720639565844 32.962941673076934 0.23397435897435892 45.301282057692305 45.30769230769231 1.0384615384615385 44.26923076923077 3.5780359999625944
434000 0.25 -0.038389654702713556 32.96935213461539 0.219551282051282 45.301282057692305 45.30769230769231 1.0384615384615385 44.26923076923077 3.5950931000406854
436000 0.40384615384615385 -0.03833815899457925 32.738582769230774 0.23237179487179482 45.301282057692305 45.30769230769231 1.0384615384615385 44.26923076923077 3.5359080000198446
438000 0.34615384615384615 -0.03832906597813862 33.01269780769231 0.23557692307692304 45.301282057692305 45.30769230769231 1.0384615384615385 44.26923076923077 3.785065100004431
440000 0.46153846153846156 -0.038284988299335715 32.51101846153846 0.2532051282051282 45.301282057692305 45.30769230769231 1.0384615384615385 44.26923076923077 3.5983421999844722
442000 0.5 -0.038281297419047636 32.79368040384615 0.24999999999999997 45.301282057692305 45.30769230769231 1.1346153846153846 44.17307692307692 3.6080943000270054
444000 0.46153846153846156 -0.03821339453427054 32.653112634615375 0.23717948717948711 45.301282057692305 45.30769230769231 1.1346153846153846 44.17307692307692 3.637076400045771
446000 0.5 -0.038212241370229445 32.644031115384614 0.2516025641025641 45.301282057692305 45.30769230769231 1.0384615384615385 44.26923076923077 3.4120165000203997
448000 0.5192307692307693 -0.038198775086152006 32.63601828846154 0.25 45.301282057692305 45.30769230769231 1.0384615384615385 44.26923076923077 4.004610799951479
450000 0.40384615384615385 -0.01903881015972144 32.963368807692305 0.2243589743589743 45.301282057692305 45.30769230769231 1.0384615384615385 44.26923076923077 3.868079000036232
452000 0.5 -0.03823720231537568 32.89883896153846 0.22916666666666669 45.301282057692305 45.30769230769231 1.0384615384615385 44.26923076923077 3.819180399994366
454000 0.5961538461538461 0.00023823511804364512 33.02811259615383 0.23878205128205124 45.301282057692305 45.30769230769231 1.0384615384615385 44.26923076923077 3.7094155000522733
456000 0.5192307692307693 0.00019853403022659355 33.15439471153846 0.24999999999999997 45.301282057692305 45.30769230769231 1.0384615384615385 44.26923076923077 3.638906100008171
458000 0.40384615384615385 0.00019862818965473482 33.31304865384616 0.23397435897435892 45.301282057692305 45.30769230769231 1.0384615384615385 44.26923076923077 3.8151310000102967
460000 0.40384615384615385 0.00018817994954051822 32.890291826923075 0.2548076923076923 45.301282057692305 45.30769230769231 1.0384615384615385 44.26923076923077 3.2940550999483094
462000 0.28846153846153844 0.0001628503058313503 33.415933326923074 0.22435897435897434 45.301282057692305 45.30769230769231 1.0384615384615385 44.26923076923077 3.3724861999507993
464000 0.23076923076923078 0.00015044326889706794 33.420304096153856 0.24519230769230768 45.301282057692305 45.30769230769231 1.0384615384615385 44.26923076923077 2.7932768000173382
466000 0.28846153846153844 0.00019884920018040558 33.47175623076923 0.22916666666666669 45.301282057692305 45.30769230769231 1.0384615384615385 44.26923076923077 2.860550199984573
468000 0.34615384615384615 0.0001224079085461689 33.37773909615384 0.21794871794871795 45.301282057692305 45.30769230769231 1.0384615384615385 44.26923076923077 2.744255899975542
470000 0.34615384615384615 0.00019397923353811096 33.28799542307692 0.21794871794871795 45.301282057692305 45.30769230769231 1.0384615384615385 44.26923076923077 2.827097000030335
472000 0.34615384615384615 0.00016338269365398538 33.1585518076923 0.233974358974359 45.301282057692305 45.30769230769231 1.0384615384615385 44.26923076923077 2.9441224999609403
474000 0.25 0.00012176211804387378 33.47389298076922 0.20833333333333334 45.301282057692305 45.30769230769231 1.0384615384615385 44.26923076923077 2.988168300013058
476000 0.3269230769230769 0.00019891168472951004 33.061927 0.23557692307692307 45.301282057692305 45.30769230769231 1.25 44.05769230769231 2.771575600025244
478000 0.3076923076923077 0.0001714070135814284 33.16689494230768 0.23717948717948717 45.301282057692305 45.30769230769231 1.25 44.05769230769231 2.717218900041189
480000 0.38461538461538464 0.00015970152714248423 33.192584576923075 0.25 45.301282057692305 45.30769230769231 1.25 44.05769230769231 2.9143195999786258
482000 0.38461538461538464 0.00018513990392207425 33.16918707692307 0.21794871794871795 45.301282057692305 45.30769230769231 1.25 44.05769230769231 2.544468700012658
484000 0.34615384615384615 0.00021227017998509394 33.357381730769234 0.21314102564102566 45.301282057692305 45.30769230769231 1.25 44.05769230769231 2.5849577000481077
486000 0.25 0.00018856780551229648 33.443760173076925 0.1907051282051282 45.301282057692305 45.30769230769231 1.3653846153846154 43.94230769230769 2.2263447999721393
488000 0.3076923076923077 0.00016509571815147094 33.391837 0.16826923076923078 45.301282057692305 45.30769230769231 1.3653846153846154 43.94230769230769 2.0298947999835946
490000 0.23076923076923078 0.00014867396036850455 33.201131749999995 0.1810897435897436 45.301282057692305 45.30769230769231 1.3653846153846154 43.94230769230769 2.013420600036625
492000 0.3269230769230769 0.00021865228167651074 33.26256325 0.2003205128205128 45.301282057692305 45.30769230769231 1.25 44.05769230769231 2.0655253999866545
494000 0.34615384615384615 0.00019054754964536495 33.256344 0.1987179487179487 45.301282057692305 45.30769230769231 1.25 44.05769230769231 2.115635599999223
496000 0.3269230769230769 0.00019674933633146859 33.34523292307693 0.1987179487179487 45.301282057692305 45.30769230769231 1.25 44.05769230769231 2.1168478000327013
498000 0.4230769230769231 0.0002145272391180284 33.18433538461539 0.203525641025641 45.301282057692305 45.30769230769231 1.3653846153846154 43.94230769230769 2.007986000040546
500000 0.40384615384615385 0.00016566274253299507 33.298918615384615 0.20032051282051277 45.301282057692305 45.30769230769231 1.25 44.05769230769231 2.2800615999731235
