2000 2.9038461538461537 0.0007563188010712957 105.88461538461539 0.15224358974358976 135.8653846153846 45.28846153846154 1.1923076923076923 44.09615384615385 3.443443499971181
4000 4.5576923076923075 -0.05682177684376858 103.96153846153847 0.1298076923076923 135.8653846153846 45.28846153846154 2.0576923076923075 43.23076923076923 3.920964799996
6000 9.942307692307692 0.0013767360873330305 100.75 0.15705128205128208 135.8653846153846 45.28846153846154 1.7884615384615385 43.5 3.7262826999649405
8000 2.8846153846153846 0.00038005998564749274 103.34615384615384 0.11698717948717949 135.8653846153846 45.28846153846154 1.4807692307692308 43.80769230769231 3.75308589998167
10000 2.6923076923076925 0.00040478183857734173 105.28846153846153 0.09455128205128206 135.8653846153846 45.28846153846154 1.1923076923076923 44.09615384615385 4.1764535999973305
12000 2.3653846153846154 0.00023504336227708102 105.84615384615384 0.08173076923076923 135.8653846153846 45.28846153846154 1.1923076923076923 44.09615384615385 3.709910200035665
14000 2.8461538461538463 0.0006169750015713713 106.07692307692308 0.10416666666666667 135.8653846153846 45.28846153846154 1.1923076923076923 44.09615384615385 3.705098500009626
16000 3.6538461538461537 0.0009429920528998217 103.11538461538461 0.12019230769230768 135.8653846153846 45.28846153846154 1.1923076923076923 44.09615384615385 3.978020300040953
18000 4.538461538461538 0.0006083188436070187 103.63461538461539 0.12339743589743589 135.8653846153846 45.28846153846154 1.1923076923076923 44.09615384615385 3.6428370000212453
20000 3.0384615384615383 0.00023911497377333282 104.4423076923077 0.09134615384615384 135.8653846153846 45.28846153846154 1.1923076923076923 44.09615384615385 3.6494644000194967
22000 2.980769230769231 0.000278250187874659 102.25 0.14262820512820512 135.8653846153846 45.28846153846154 1.1923076923076923 44.09615384615385 3.597260499955155
24000 3.3653846153846154 0.0004017640451234946 101.11538461538461 0.16346153846153846 135.8653846153846 45.28846153846154 1.1923076923076923 44.09615384615385 3.6998915000003763
26000 3.3653846153846154 0.00039542141587578397 104.09615384615384 0.08814102564102565 135.8653846153846 45.28846153846154 1.1923076923076923 44.09615384615385 3.6340756999561563
28000 21.923076923076923 0.005688536816794563 91.86538461538461 0.22435897435897434 135.8653846153846 45.28846153846154 1.1923076923076923 44.09615384615385 3.6968102999962866
30000 14.692307692307692 0.005731761706196135 96.25 0.14903846153846154 135.8653846153846 45.28846153846154 1.1923076923076923 44.09615384615385 3.6011669999570586
32000 14.711538461538462 0.005660531843707928 95.61538461538461 0.15705128205128205 135.8653846153846 45.28846153846154 1.1923076923076923 44.09615384615385 3.8383060000487603
34000 2.8461538461538463 0.0005321358770038601 104.65384615384616 0.10096153846153846 135.8653846153846 45.28846153846154 1.1923076923076923 44.09615384615385 3.5841568000032566
36000 2.6538461538461537 0.0005373314103828259 105.1923076923077 0.09775641025641027 135.8653846153846 45.28846153846154 1.1923076923076923 44.09615384615385 3.8203509000013582
38000 2.5576923076923075 0.00035582322919836017 105.25 0.09615384615384616 135.8653846153846 45.28846153846154 1.1923076923076923 44.09615384615385 3.4805960999801755
40000 4.5 0.0009328509363711076 103.03846153846153 0.08493589743589743 135.8653846153846 45.28846153846154 1.1923076923076923 44.09615384615385 3.6528511999640614
42000 7.288461538461538 0.0021712074498836096 101.0 0.15064102564102563 135.8653846153846 45.28846153846154 1.2307692307692308 44.05769230769231 3.868183800019324
44000 27.46153846153846 0.004722548629054662 87.73076923076923 0.25320512820512825 135.8653846153846 45.28846153846154 2.019230769230769 43.26923076923077 3.7308660999988206
46000 26.692307692307693 0.006082162771947226 88.96153846153847 0.26282051282051283 135.8653846153846 45.28846153846154 1.4807692307692308 43.80769230769231 3.5725785000249743
48000 27.78846153846154 0.0035090861098510734 88.57692307692308 0.26282051282051283 135.8653846153846 45.28846153846154 1.2307692307692308 44.05769230769231 3.619020599988289
50000 24.134615384615383 0.004857228545826694 90.40384615384616 0.25160256410256415 135.8653846153846 45.28846153846154 1.2692307692307692 44.01923076923077 3.6728547000093386
52000 23.673076923076923 0.005189997872386185 91.34615384615384 0.2548076923076923 135.8653846153846 45.28846153846154 1.3461538461538463 43.94230769230769 3.6343841000343673
54000 25.865384615384617 0.004452042297269692 90.0576923076923 0.25801282051282054 135.8653846153846 45.28846153846154 1.2307692307692308 44.05769230769231 3.533224100014195
56000 22.75 0.004714015984989931 93.67307692307692 0.21634615384615385 135.8653846153846 45.28846153846154 1.9615384615384615 43.32692307692308 3.724724999978207
58000 18.942307692307693 0.003626832198640751 96.11538461538461 0.1875 135.8653846153846 45.28846153846154 2.576923076923077 42.71153846153846 3.5998814999475144
60000 17.596153846153847 0.0026216017939830337 96.88461538461539 0.18108974358974358 135.8653846153846 45.28846153846154 1.5961538461538463 43.69230769230769 3.5634002000442706
62000 22.46153846153846 0.0038192187039205712 91.1923076923077 0.21634615384615385 135.8653846153846 45.28846153846154 1.7307692307692308 43.55769230769231 3.510864599957131
64000 15.307692307692308 0.0020341192341019752 97.9423076923077 0.1362179487179487 135.8653846153846 45.28846153846154 1.5961538461538463 43.69230769230769 3.9387140999897383
66000 16.26923076923077 0.0031770829875451736 95.03846153846153 0.1955128205128205 135.8653846153846 45.28846153846154 1.2307692307692308 44.05769230769231 3.8978505000122823
68000 26.25 0.008344313308226338 89.42307692307692 0.27564102564102566 135.8653846153846 45.28846153846154 1.4807692307692308 43.80769230769231 3.7804250000044703
70000 17.846153846153847 0.0035634693543565394 94.96153846153847 0.2099358974358974 135.8653846153846 45.28846153846154 1.1923076923076923 44.09615384615385 3.9715082999900915
72000 18.673076923076923 0.0029554181441146044 92.03846153846153 0.2227564102564103 135.8653846153846 45.28846153846154 1.1923076923076923 44.09615384615385 3.953309000004083
74000 20.057692307692307 0.0031850999619315815 91.26923076923077 0.26121794871794873 135.8653846153846 45.28846153846154 1.1923076923076923 44.09615384615385 3.565403399989009
76000 20.23076923076923 0.0034013395761837983 92.82692307692308 0.2371794871794872 135.8653846153846 45.28846153846154 1.1923076923076923 44.09615384615385 3.5514182000188157
78000 16.692307692307693 0.0018566834804843635 95.34615384615384 0.20673076923076922 135.8653846153846 45.28846153846154 1.1923076923076923 44.09615384615385 3.5480105000315234
80000 18.923076923076923 0.0031007988463306576 93.1923076923077 0.24519230769230774 135.8653846153846 45.28846153846154 1.1923076923076923 44.09615384615385 3.682894000026863
82000 13.711538461538462 0.0013298940118781567 96.88461538461539 0.18108974358974356 135.8653846153846 45.28846153846154 1.2692307692307692 44.01923076923077 3.6411186999757774
84000 13.26923076923077 0.0010089991388006407 97.0 0.1939102564102564 135.8653846153846 45.28846153846154 1.1923076923076923 44.09615384615385 3.5323831000132486
86000 13.615384615384615 0.0011652133290578738 97.03846153846153 0.2003205128205128 135.8653846153846 45.28846153846154 1.1923076923076923 44.09615384615385 3.5846324999583885
88000 14.173076923076923 0.0017776578228942154 94.09615384615384 0.20512820512820512 135.8653846153846 45.28846153846154 1.5 43.78846153846154 3.669242500036489
90000 22.23076923076923 0.006238854263401682 87.92307692307692 0.2980769230769231 135.8653846153846 45.28846153846154 1.1923076923076923 44.09615384615385 3.7301656000199728
92000 27.653846153846153 0.00552621982948763 85.0576923076923 0.34615384615384615 135.8653846153846 45.28846153846154 1.1923076923076923 44.09615384615385 3.548752599977888
94000 39.90384615384615 0.007598233142340256 79.42307692307692 0.3894230769230769 135.8653846153846 45.28846153846154 1.1923076923076923 44.09615384615385 3.7276870000059716
96000 49.71153846153846 0.0027684880970771453 77.90384615384616 0.39262820512820507 135.8653846153846 45.28846153846154 1.2307692307692308 44.05769230769231 3.738568300032057
98000 65.5 0.010837154561710359 76.26923076923077 0.4038461538461538 135.8653846153846 45.28846153846154 2.519230769230769 42.76923076923077 3.750477100024
100000 111.0 0.020569162243143837 70.03846153846153 0.5288461538461537 135.8653846153846 45.28846153846154 2.1538461538461537 43.13461538461539 3.4705302999936976
102000 180.01923076923077 0.06049017006630271 66.0576923076923 0.5657051282051282 135.8653846153846 45.28846153846154 1.1923076923076923 44.09615384615385 3.6124060000292957
104000 210.57692307692307 0.035028498567768865 64.07692307692308 0.5833333333333334 135.8653846153846 45.28846153846154 1.1923076923076923 44.09615384615385 3.611676800006535
106000 239.26923076923077 0.026171680906032332 64.0576923076923 0.6041666666666667 135.8653846153846 45.28846153846154 1.1923076923076923 44.09615384615385 3.5715593000059016
108000 240.44230769230768 0.026233972925944146 64.07692307692308 0.5849358974358975 135.8653846153846 45.28846153846154 1.1923076923076923 44.09615384615385 3.70911039999919
110000 259.3269230769231 0.037035247799325974 64.75 0.5817307692307693 135.8653846153846 45.28846153846154 1.1923076923076923 44.09615384615385 3.710089700005483
112000 259.3269230769231 0.03857567874743289 64.75 0.5817307692307693 135.8653846153846 45.28846153846154 1.1923076923076923 44.09615384615385 3.5708100000047125
114000 273.65384615384613 0.04965364923338304 64.36538461538461 0.5913461538461539 135.8653846153846 45.28846153846154 1.9230769230769231 43.36538461538461 3.8635843999800272
116000 273.65384615384613 0.04965364923338304 64.36538461538461 0.5913461538461539 135.8653846153846 45.28846153846154 1.9230769230769231 43.36538461538461 3.7822141999495216
118000 454.75 0.13618004054164648 60.32692307692308 0.6153846153846154 135.8653846153846 45.28846153846154 8.75 36.53846153846154 4.0068084000376984
120000 467.7307692307692 0.13461571307027295 59.73076923076923 0.625 135.8653846153846 45.28846153846154 8.75 36.53846153846154 3.6465718000545166
122000 467.1923076923077 0.1328510850048659 59.61538461538461 0.6201923076923077 135.8653846153846 45.28846153846154 8.75 36.53846153846154 3.8921372999902815
124000 465.6730769230769 0.13313512698144303 59.57692307692308 0.6201923076923077 135.8653846153846 45.28846153846154 8.75 36.53846153846154 3.6373298999969848
126000 465.9807692307692 0.13422959139241858 59.34615384615385 0.6105769230769231 135.8653846153846 45.28846153846154 8.75 36.53846153846154 3.490298399992753
128000 465.9807692307692 0.13308253444454066 59.34615384615385 0.6105769230769231 135.8653846153846 45.28846153846154 8.75 36.53846153846154 4.019393900001887
130000 469.53846153846155 0.1378896570105332 59.15384615384615 0.625 135.8653846153846 45.28846153846154 8.75 36.53846153846154 3.5953686999855563
132000 469.53846153846155 0.137810053909652 59.15384615384615 0.625 135.8653846153846 45.28846153846154 8.75 36.53846153846154 3.605185699998401
134000 469.53846153846155 0.12567428001889241 59.15384615384615 0.625 135.8653846153846 45.28846153846154 8.75 36.53846153846154 3.607551999972202
136000 469.53846153846155 0.12176421057668563 59.15384615384615 0.625 135.8653846153846 45.28846153846154 8.75 36.53846153846154 3.631777099973988
138000 469.53846153846155 0.13906087368907827 59.15384615384615 0.625 135.8653846153846 45.28846153846154 8.75 36.53846153846154 3.6146693999762647
140000 469.53846153846155 0.13847647276725947 59.15384615384615 0.625 135.8653846153846 45.28846153846154 8.75 36.53846153846154 3.818534300022293
142000 469.53846153846155 0.13850620191450744 59.15384615384615 0.625 135.8653846153846 45.28846153846154 8.75 36.53846153846154 3.7347892000107095
144000 469.53846153846155 0.12111353974650434 59.15384615384615 0.625 135.8653846153846 45.28846153846154 8.75 36.53846153846154 3.7416791999712586
146000 469.53846153846155 0.12157881267703312 59.15384615384615 0.625 135.8653846153846 45.28846153846154 8.75 36.53846153846154 3.624811800022144
148000 469.53846153846155 0.12293513541819297 59.15384615384615 0.625 135.8653846153846 45.28846153846154 8.75 36.53846153846154 3.739369999966584
150000 469.53846153846155 0.12293513541819297 59.15384615384615 0.625 135.8653846153846 45.28846153846154 8.75 36.53846153846154 3.605163400003221
152000 469.53846153846155 0.12293513541819297 59.15384615384615 0.625 135.8653846153846 45.28846153846154 8.75 36.53846153846154 3.6122843000339344
154000 469.53846153846155 0.12071759868516446 59.15384615384615 0.625 135.8653846153846 45.28846153846154 8.75 36.53846153846154 3.597636299964506
156000 469.53846153846155 0.12538257834822705 59.15384615384615 0.625 135.8653846153846 45.28846153846154 8.75 36.53846153846154 3.6531765999970958
158000 469.53846153846155 0.12229306539368824 59.15384615384615 0.625 135.8653846153846 45.28846153846154 8.75 36.53846153846154 3.7503166000242345
160000 469.53846153846155 0.12229306539368824 59.15384615384615 0.625 135.8653846153846 45.28846153846154 8.75 36.53846153846154 3.655856999976095
162000 522.8653846153846 0.15159515020234268 58.84615384615385 0.6394230769230769 135.8653846153846 45.28846153846154 9.788461538461538 35.5 3.574574999976903
164000 522.0 0.14958199051828325 58.88461538461539 0.6394230769230769 135.8653846153846 45.28846153846154 9.711538461538462 35.57692307692308 3.6278818999999203
166000 528.4807692307693 0.15146367178614642 58.88461538461539 0.6394230769230769 135.8653846153846 45.28846153846154 9.788461538461538 35.5 3.4525446000043303
168000 602.4807692307693 0.1937696568288962 58.28846153846154 0.6394230769230768 135.8653846153846 45.28846153846154 10.76923076923077 34.51923076923077 3.5265619000419974
170000 525.2115384615385 0.1908565605221916 60.51923076923077 0.6233974358974359 135.8653846153846 45.28846153846154 11.846153846153847 33.44230769230769 3.473858300014399
172000 525.2115384615385 0.1908565605221916 60.51923076923077 0.6233974358974359 135.8653846153846 45.28846153846154 11.846153846153847 33.44230769230769 3.8793335999944247
174000 518.2884615384615 0.18011962931451614 60.67307692307692 0.6233974358974359 135.8653846153846 45.28846153846154 11.846153846153847 33.44230769230769 3.7165991999791004
176000 531.1923076923077 0.19098913447299085 60.59615384615385 0.6282051282051282 135.8653846153846 45.28846153846154 11.846153846153847 33.44230769230769 3.5703745000064373
178000 558.1538461538462 0.20352623703345782 60.21153846153846 0.6233974358974359 135.8653846153846 45.28846153846154 11.846153846153847 33.44230769230769 4.076518499990925
180000 551.2307692307693 0.18636509965317194 60.36538461538461 0.6233974358974359 135.8653846153846 45.28846153846154 11.846153846153847 33.44230769230769 3.6855093000340275
182000 554.3846153846154 0.1814279580304693 60.17307692307692 0.6233974358974359 135.8653846153846 45.28846153846154 11.846153846153847 33.44230769230769 3.5410798999946564
184000 611.4230769230769 0.18960320797908323 59.01923076923077 0.626602564102564 135.8653846153846 45.28846153846154 11.288461538461538 34.0 3.762902300048154
186000 614.8269230769231 0.18894737548291277 59.36538461538461 0.6249999999999999 135.8653846153846 45.28846153846154 12.038461538461538 33.25 3.6514152999734506
188000 645.3846153846154 0.19209241680570027 59.03846153846154 0.6346153846153845 135.8653846153846 45.28846153846154 12.134615384615385 33.15384615384615 3.594131199992262
190000 649.1538461538462 0.1948710391225646 59.19230769230769 0.6298076923076922 135.8653846153846 45.28846153846154 12.326923076923077 32.96153846153846 3.762539600022137
192000 620.4230769230769 0.15953654289429375 59.67307692307692 0.6249999999999999 135.8653846153846 45.28846153846154 12.326923076923077 32.96153846153846 3.5400731000117958
194000 633.6538461538462 0.16460191449572958 59.36538461538461 0.6394230769230769 135.8653846153846 45.28846153846154 12.326923076923077 32.96153846153846 3.7572644999600016
196000 633.0384615384615 0.17531000157424986 59.46153846153846 0.6458333333333333 135.8653846153846 45.28846153846154 12.423076923076923 32.86538461538461 3.7044099000049755
198000 641.4423076923077 0.1824660163599914 59.30769230769231 0.6458333333333333 135.8653846153846 45.28846153846154 12.423076923076923 32.86538461538461 3.52731869998388
200000 665.4038461538462 0.20134079269628544 58.88461538461539 0.626602564102564 135.8653846153846 45.28846153846154 12.326923076923077 32.96153846153846 3.6192722000414506
202000 665.4038461538462 0.20007076811760946 58.88461538461539 0.626602564102564 135.8653846153846 45.28846153846154 12.326923076923077 32.96153846153846 3.9642036000150256
204000 670.7115384615385 0.19778199740966004 58.80769230769231 0.626602564102564 135.8653846153846 45.28846153846154 12.326923076923077 32.96153846153846 3.4307930000359192
206000 663.5384615384615 0.19527480800732236 58.90384615384615 0.626602564102564 135.8653846153846 45.28846153846154 12.346153846153847 32.94230769230769 3.505485800036695
208000 669.0 0.19791559342086382 58.82692307692308 0.626602564102564 135.8653846153846 45.28846153846154 12.346153846153847 32.94230769230769 3.556328599981498
210000 663.5384615384615 0.1982379866377537 58.90384615384615 0.626602564102564 135.8653846153846 45.28846153846154 12.346153846153847 32.94230769230769 3.482954900013283
212000 661.6923076923077 0.19786625661774052 58.92307692307692 0.6314102564102563 135.8653846153846 45.28846153846154 12.288461538461538 33.0 3.501276199996937
214000 663.5384615384615 0.19657021536266564 58.90384615384615 0.626602564102564 135.8653846153846 45.28846153846154 12.346153846153847 32.94230769230769 3.7929311000043526
216000 663.5384615384615 0.1987628346954774 58.90384615384615 0.626602564102564 135.8653846153846 45.28846153846154 12.346153846153847 32.94230769230769 3.8069004000280984
218000 665.5961538461538 0.20186089986381212 58.94230769230769 0.626602564102564 135.8653846153846 45.28846153846154 12.346153846153847 32.94230769230769 3.604284400003962
220000 657.2115384615385 0.19982909390122605 59.09615384615385 0.626602564102564 135.8653846153846 45.28846153846154 12.346153846153847 32.94230769230769 3.661687300016638
222000 651.4038461538462 0.19127468576242482 59.25 0.626602564102564 135.8653846153846 45.28846153846154 12.423076923076923 32.86538461538461 4.08707210002467
224000 658.8269230769231 0.19232222179888045 59.13461538461539 0.626602564102564 135.8653846153846 45.28846153846154 12.423076923076923 32.86538461538461 3.746664399979636
226000 662.4807692307693 0.19928066293080657 59.05769230769231 0.626602564102564 135.8653846153846 45.28846153846154 12.423076923076923 32.86538461538461 3.6066000999999233
228000 662.4807692307693 0.19892363295779633 59.05769230769231 0.626602564102564 135.8653846153846 45.28846153846154 12.423076923076923 32.86538461538461 3.7560286999796517
230000 667.2115384615385 0.20177538691775343 58.98076923076923 0.626602564102564 135.8653846153846 45.28846153846154 12.423076923076923 32.86538461538461 3.5394388000131585
232000 667.2115384615385 0.19588839352136306 58.98076923076923 0.626602564102564 135.8653846153846 45.28846153846154 12.423076923076923 32.86538461538461 3.4504346000030637
234000 666.6730769230769 0.19418432612726855 58.98076923076923 0.626602564102564 135.8653846153846 45.28846153846154 12.423076923076923 32.86538461538461 3.6598655999987386
236000 666.6730769230769 0.20016388766292123 58.98076923076923 0.626602564102564 135.8653846153846 45.28846153846154 12.423076923076923 32.86538461538461 3.4802508000284433
238000 673.5384615384615 0.20364654478803768 58.80769230769231 0.6362179487179487 135.8653846153846 45.28846153846154 12.25 33.03846153846154 3.815132099960465
240000 669.6923076923077 0.1995187757322459 58.92307692307692 0.6362179487179487 135.8653846153846 45.28846153846154 12.326923076923077 32.96153846153846 3.8447610000148416
242000 669.6923076923077 0.20284270992330436 58.92307692307692 0.6362179487179487 135.8653846153846 45.28846153846154 12.326923076923077 32.96153846153846 3.5374120000051335
244000 669.7884615384615 0.2037811026105474 58.86538461538461 0.6362179487179487 135.8653846153846 45.28846153846154 12.23076923076923 33.05769230769231 3.7648122999817133
246000 668.0769230769231 0.20403612285205303 58.88461538461539 0.6362179487179487 135.8653846153846 45.28846153846154 12.25 33.03846153846154 3.7492956000496633
248000 668.0769230769231 0.20126045159427497 58.88461538461539 0.6362179487179487 135.8653846153846 45.28846153846154 12.25 33.03846153846154 3.3859578000265174
250000 669.6923076923077 0.2012152064704091 58.92307692307692 0.6362179487179487 135.8653846153846 45.28846153846154 12.326923076923077 32.96153846153846 3.49152260000119
252000 669.6923076923077 0.20117493864821628 58.92307692307692 0.6362179487179487 135.8653846153846 45.28846153846154 12.326923076923077 32.96153846153846 3.7508587000193074
254000 673.5384615384615 0.2025213613544516 58.80769230769231 0.6362179487179487 135.8653846153846 45.28846153846154 12.25 33.03846153846154 3.627347000001464
256000 674.6153846153846 0.19998290586305115 58.84615384615385 0.6362179487179487 135.8653846153846 45.28846153846154 12.326923076923077 32.96153846153846 3.703817599976901
258000 673.0 0.19620622666081772 58.80769230769231 0.6362179487179487 135.8653846153846 45.28846153846154 12.25 33.03846153846154 3.720380100014154
260000 670.9423076923077 0.1953555084031581 58.76923076923077 0.6362179487179487 135.8653846153846 45.28846153846154 12.25 33.03846153846154 4.015493399987463
262000 672.2115384615385 0.19643254264951818 58.71153846153846 0.6458333333333333 135.8653846153846 45.28846153846154 12.153846153846153 33.13461538461539 3.652978099999018
264000 673.1923076923077 0.1981853077266481 58.75 0.6362179487179487 135.8653846153846 45.28846153846154 12.23076923076923 33.05769230769231 3.749403699999675
266000 673.8653846153846 0.19690864314135997 58.69230769230769 0.6458333333333333 135.8653846153846 45.28846153846154 12.134615384615385 33.15384615384615 3.600628400046844
268000 674.8076923076923 0.19654991451363982 58.75 0.6458333333333333 135.8653846153846 45.28846153846154 12.153846153846153 33.13461538461539 3.583565599983558
270000 675.9230769230769 0.19888906333390846 58.73076923076923 0.6458333333333333 135.8653846153846 45.28846153846154 12.134615384615385 33.15384615384615 3.604252799996175
272000 675.8269230769231 0.19558385950087423 58.78846153846154 0.6458333333333333 135.8653846153846 45.28846153846154 12.23076923076923 33.05769230769231 3.6697702000383288
274000 675.8269230769231 0.19423989375279566 58.78846153846154 0.6458333333333333 135.8653846153846 45.28846153846154 12.23076923076923 33.05769230769231 3.628374999971129
276000 674.7115384615385 0.19567114790722784 58.80769230769231 0.6458333333333333 135.8653846153846 45.28846153846154 12.25 33.03846153846154 3.553122900018934
278000 675.8269230769231 0.19472423473118478 58.78846153846154 0.6458333333333333 135.8653846153846 45.28846153846154 12.23076923076923 33.05769230769231 3.6260538999922574
280000 669.8461538461538 0.1898517800576339 58.86538461538461 0.6458333333333333 135.8653846153846 45.28846153846154 12.23076923076923 33.05769230769231 3.5580058000050485
282000 665.1153846153846 0.18760651221124386 58.94230769230769 0.6458333333333333 135.8653846153846 45.28846153846154 12.23076923076923 33.05769230769231 3.880950299964752
284000 672.1730769230769 0.1898648757624995 58.84615384615385 0.6458333333333333 135.8653846153846 45.28846153846154 12.326923076923077 32.96153846153846 3.6243152000242844
286000 672.1730769230769 0.18936926361298664 58.84615384615385 0.6458333333333333 135.8653846153846 45.28846153846154 12.326923076923077 32.96153846153846 3.555026200017892
288000 672.1730769230769 0.1901833939754693 58.84615384615385 0.6458333333333333 135.8653846153846 45.28846153846154 12.326923076923077 32.96153846153846 3.5520254999864846
290000 672.9807692307693 0.19269303348754818 58.80769230769231 0.6458333333333333 135.8653846153846 45.28846153846154 12.326923076923077 32.96153846153846 3.695612000010442
292000 678.4423076923077 0.191492020004665 58.73076923076923 0.6458333333333333 135.8653846153846 45.28846153846154 12.326923076923077 32.96153846153846 3.6103442000458017
294000 675.9423076923077 0.19060427700255006 58.80769230769231 0.6458333333333333 135.8653846153846 45.28846153846154 12.326923076923077 32.96153846153846 3.589789399993606
296000 663.75 0.17984091076989975 59.03846153846154 0.6458333333333333 135.8653846153846 45.28846153846154 12.326923076923077 32.96153846153846 3.6881963000050746
298000 668.0576923076923 0.1781718188658462 58.84615384615385 0.6362179487179487 135.8653846153846 45.28846153846154 12.326923076923077 32.96153846153846 3.769898099999409
300000 668.0576923076923 0.18292869159913835 58.84615384615385 0.6362179487179487 135.8653846153846 45.28846153846154 12.326923076923077 32.96153846153846 3.7384448999655433
302000 675.4230769230769 0.20160075560652244 58.73076923076923 0.6458333333333333 135.8653846153846 45.28846153846154 12.134615384615385 33.15384615384615 3.603888699959498
304000 674.1923076923077 0.19883222132446046 58.80769230769231 0.6458333333333333 135.8653846153846 45.28846153846154 12.25 33.03846153846154 3.5248737999936566
306000 675.5384615384615 0.19509124768832214 58.75 0.6458333333333333 135.8653846153846 45.28846153846154 12.23076923076923 33.05769230769231 4.304923599993344
308000 675.3076923076923 0.1973312178843512 58.78846153846154 0.6458333333333333 135.8653846153846 45.28846153846154 12.23076923076923 33.05769230769231 3.8872032000217587
310000 675.4230769230769 0.20017588151734278 58.73076923076923 0.6458333333333333 135.8653846153846 45.28846153846154 12.134615384615385 33.15384615384615 3.625075999996625
312000 673.8846153846154 0.19908238304526568 58.69230769230769 0.6458333333333333 135.8653846153846 45.28846153846154 12.134615384615385 33.15384615384615 3.5703548999736086
314000 672.7692307692307 0.202572740829668 58.71153846153846 0.6458333333333333 135.8653846153846 45.28846153846154 12.153846153846153 33.13461538461539 3.8367583999643102
316000 672.5961538461538 0.1975786862695896 58.76923076923077 0.6362179487179487 135.8653846153846 45.28846153846154 12.173076923076923 33.11538461538461 3.6703687999979593
318000 673.7692307692307 0.1981896924032634 58.75 0.6458333333333333 135.8653846153846 45.28846153846154 12.23076923076923 33.05769230769231 3.5757091999985278
320000 675.8269230769231 0.2003539172605122 58.78846153846154 0.6458333333333333 135.8653846153846 45.28846153846154 12.23076923076923 33.05769230769231 3.629015500016976
322000 675.3076923076923 0.1973091130965603 58.78846153846154 0.6458333333333333 135.8653846153846 45.28846153846154 12.23076923076923 33.05769230769231 3.6388796999817714
324000 675.3076923076923 0.19491119740413773 58.78846153846154 0.6458333333333333 135.8653846153846 45.28846153846154 12.23076923076923 33.05769230769231 3.5948267999920063
326000 670.9423076923077 0.19673506269760654 58.80769230769231 0.6506410256410255 135.8653846153846 45.28846153846154 12.134615384615385 33.15384615384615 3.6460171999642625
328000 670.6923076923077 0.19752172196882953 58.80769230769231 0.6458333333333333 135.8653846153846 45.28846153846154 12.134615384615385 33.15384615384615 3.6116342999739572
330000 663.4807692307693 0.19283821905847584 58.88461538461539 0.6458333333333333 135.8653846153846 45.28846153846154 12.134615384615385 33.15384615384615 3.7937622999888845
332000 675.4230769230769 0.1971069948662532 58.73076923076923 0.6458333333333333 135.8653846153846 45.28846153846154 12.134615384615385 33.15384615384615 3.9165754000423476
334000 665.1730769230769 0.1904098723836891 58.92307692307692 0.6458333333333333 135.8653846153846 45.28846153846154 12.326923076923077 32.96153846153846 4.004843300033826
336000 672.3846153846154 0.19405702102221337 58.84615384615385 0.6458333333333333 135.8653846153846 45.28846153846154 12.326923076923077 32.96153846153846 3.807158699957654
338000 659.7115384615385 0.19278835807458797 59.0 0.6458333333333333 135.8653846153846 45.28846153846154 12.326923076923077 32.96153846153846 3.7458444999647327
340000 669.9038461538462 0.19488657242191718 58.84615384615385 0.6458333333333333 135.8653846153846 45.28846153846154 12.326923076923077 32.96153846153846 3.6618883999763057
342000 670.4230769230769 0.19247941650625722 58.84615384615385 0.6458333333333333 135.8653846153846 45.28846153846154 12.326923076923077 32.96153846153846 3.5584378000348806
344000 676.6153846153846 0.19862920551691882 58.59615384615385 0.6458333333333333 135.8653846153846 45.28846153846154 12.153846153846153 33.13461538461539 3.5099882000358775
346000 677.1153846153846 0.1962806855142378 58.76923076923077 0.6458333333333333 135.8653846153846 45.28846153846154 12.326923076923077 32.96153846153846 3.530363900004886
348000 674.2307692307693 0.20244767701642663 58.61538461538461 0.6362179487179487 135.8653846153846 45.28846153846154 11.98076923076923 33.30769230769231 3.6324295999947935
350000 674.9615384615385 0.19625460271736597 58.69230769230769 0.6458333333333333 135.8653846153846 45.28846153846154 12.057692307692308 33.23076923076923 3.5496042000013404
352000 681.0192307692307 0.19551785987199038 58.67307692307692 0.6458333333333333 135.8653846153846 45.28846153846154 12.23076923076923 33.05769230769231 3.5218201999668963
354000 680.1730769230769 0.1998554714608076 58.65384615384615 0.6362179487179487 135.8653846153846 45.28846153846154 12.25 33.03846153846154 3.529608399956487
356000 680.1730769230769 0.19896515283122776 58.65384615384615 0.6362179487179487 135.8653846153846 45.28846153846154 12.25 33.03846153846154 3.541483699984383
358000 680.1730769230769 0.1998554714608076 58.65384615384615 0.6362179487179487 135.8653846153846 45.28846153846154 12.25 33.03846153846154 3.61209329997655
360000 680.1730769230769 0.1998554714608076 58.65384615384615 0.6362179487179487 135.8653846153846 45.28846153846154 12.25 33.03846153846154 3.845695100026205
362000 680.3846153846154 0.20166000451484759 58.53846153846154 0.6362179487179487 135.8653846153846 45.28846153846154 12.057692307692308 33.23076923076923 3.4580167999956757
364000 682.1538461538462 0.20548650561467377 58.48076923076923 0.6458333333333333 135.8653846153846 45.28846153846154 11.961538461538462 33.32692307692308 3.595094099990092
366000 679.0961538461538 0.19415135277909135 58.61538461538461 0.6458333333333333 135.8653846153846 45.28846153846154 12.134615384615385 33.15384615384615 3.756673800002318
368000 681.8076923076923 0.2006569597433325 58.55769230769231 0.6506410256410255 135.8653846153846 45.28846153846154 11.961538461538462 33.32692307692308 3.7250261000008322
370000 681.8076923076923 0.20103112520346958 58.55769230769231 0.6506410256410255 135.8653846153846 45.28846153846154 11.961538461538462 33.32692307692308 3.659319600032177
372000 680.9615384615385 0.2053687367922868 58.53846153846154 0.641025641025641 135.8653846153846 45.28846153846154 11.98076923076923 33.30769230769231 3.611047000042163
374000 680.9615384615385 0.2053687367922868 58.53846153846154 0.641025641025641 135.8653846153846 45.28846153846154 11.98076923076923 33.30769230769231 3.5683489000075497
376000 680.9615384615385 0.2053687367922868 58.53846153846154 0.641025641025641 135.8653846153846 45.28846153846154 11.98076923076923 33.30769230769231 3.3764912000042386
378000 680.9615384615385 0.2053687367922868 58.53846153846154 0.641025641025641 135.8653846153846 45.28846153846154 11.98076923076923 33.30769230769231 3.301385600003414
380000 680.9615384615385 0.20499457133214974 58.53846153846154 0.641025641025641 135.8653846153846 45.28846153846154 11.98076923076923 33.30769230769231 3.262671999982558
382000 680.9615384615385 0.20634401273197295 58.53846153846154 0.641025641025641 135.8653846153846 45.28846153846154 11.98076923076923 33.30769230769231 3.1132388000260107
384000 680.9615384615385 0.20727198645710695 58.53846153846154 0.641025641025641 135.8653846153846 45.28846153846154 11.98076923076923 33.30769230769231 2.9896336999954656
386000 681.1923076923077 0.20580927090133555 58.51923076923077 0.6362179487179487 135.8653846153846 45.28846153846154 12.076923076923077 33.21153846153846 2.943385299993679
388000 680.9615384615385 0.20485258362284403 58.53846153846154 0.641025641025641 135.8653846153846 45.28846153846154 11.98076923076923 33.30769230769231 2.8043569999863394
390000 680.9615384615385 0.20727198645710695 58.53846153846154 0.641025641025641 135.8653846153846 45.28846153846154 11.98076923076923 33.30769230769231 2.826544300012756
392000 680.9615384615385 0.2062967105174208 58.53846153846154 0.641025641025641 135.8653846153846 45.28846153846154 11.98076923076923 33.30769230769231 2.78168860002188
394000 681.1923076923077 0.20442217440595817 58.51923076923077 0.6362179487179487 135.8653846153846 45.28846153846154 12.076923076923077 33.21153846153846 2.758929800009355
396000 681.1923076923077 0.20442217440595817 58.51923076923077 0.6362179487179487 135.8653846153846 45.28846153846154 12.076923076923077 33.21153846153846 2.873022800020408
398000 681.1923076923077 0.20442217440595817 58.51923076923077 0.6362179487179487 135.8653846153846 45.28846153846154 12.076923076923077 33.21153846153846 2.711805800034199
400000 681.1923076923077 0.20442217440595817 58.51923076923077 0.6362179487179487 135.8653846153846 45.28846153846154 12.076923076923077 33.21153846153846 2.77565569995204
402000 681.1923076923077 0.20442217440595817 58.51923076923077 0.6362179487179487 135.8653846153846 45.28846153846154 12.076923076923077 33.21153846153846 2.8320296999881975
404000 681.0961538461538 0.2033039192597334 58.57692307692308 0.6362179487179487 135.8653846153846 45.28846153846154 12.173076923076923 33.11538461538461 2.78515279997373
406000 681.0961538461538 0.2033039192597334 58.57692307692308 0.6362179487179487 135.8653846153846 45.28846153846154 12.173076923076923 33.11538461538461 2.7566417999914847
408000 681.1923076923077 0.20502328488550725 58.51923076923077 0.6362179487179487 135.8653846153846 45.28846153846154 12.076923076923077 33.21153846153846 2.8371168000157923
410000 681.1923076923077 0.20487177251823066 58.51923076923077 0.6362179487179487 135.8653846153846 45.28846153846154 12.076923076923077 33.21153846153846 2.882862899976317
412000 681.1923076923077 0.20442217440595817 58.51923076923077 0.6362179487179487 135.8653846153846 45.28846153846154 12.076923076923077 33.21153846153846 2.7963138000341132
414000 681.1923076923077 0.20442217440595817 58.51923076923077 0.6362179487179487 135.8653846153846 45.28846153846154 12.076923076923077 33.21153846153846 2.6793751000077464
416000 681.0961538461538 0.20278776609029062 58.57692307692308 0.6362179487179487 135.8653846153846 45.28846153846154 12.173076923076923 33.11538461538461 2.525449899956584
418000 682.4230769230769 0.20766968875692152 58.40384615384615 0.641025641025641 135.8653846153846 45.28846153846154 11.903846153846153 33.38461538461539 2.515984700003173
420000 675.9230769230769 0.19663653779318524 58.65384615384615 0.6362179487179487 135.8653846153846 45.28846153846154 12.173076923076923 33.11538461538461 2.4077316999901086
422000 675.7307692307693 0.19756557105293976 58.63461538461539 0.641025641025641 135.8653846153846 45.28846153846154 12.0 33.28846153846154 2.399208999995608
424000 675.9615384615385 0.1971351618360539 58.61538461538461 0.6362179487179487 135.8653846153846 45.28846153846154 12.096153846153847 33.19230769230769 2.451387499982957
426000 675.9423076923077 0.19946033911388067 58.59615384615385 0.641025641025641 135.8653846153846 45.28846153846154 12.0 33.28846153846154 2.5529716999735683
428000 675.9423076923077 0.19894418594443788 58.59615384615385 0.641025641025641 135.8653846153846 45.28846153846154 12.0 33.28846153846154 2.447783299954608
430000 676.0384615384615 0.20006244109066262 58.53846153846154 0.641025641025641 135.8653846153846 45.28846153846154 11.903846153846153 33.38461538461539 2.4657342999707907
432000 676.9423076923077 0.20216357905927185 58.42307692307692 0.6346153846153846 135.8653846153846 45.28846153846154 11.807692307692308 33.48076923076923 2.6445964999729767
434000 677.25 0.20054318452012995 58.48076923076923 0.641025641025641 135.8653846153846 45.28846153846154 11.903846153846153 33.38461538461539 2.59915359999286
436000 677.25 0.20114429499967906 58.48076923076923 0.641025641025641 135.8653846153846 45.28846153846154 11.903846153846153 33.38461538461539 2.7162194999982603
438000 668.2692307692307 0.20118376970015556 58.48076923076923 0.6346153846153846 135.8653846153846 45.28846153846154 11.615384615384615 33.67307692307692 2.6096800999948755
440000 668.4230769230769 0.19978470784281682 58.53846153846154 0.6346153846153846 135.8653846153846 45.28846153846154 11.711538461538462 33.57692307692308 2.4199572000070475
442000 669.4807692307693 0.20166451312962289 58.42307692307692 0.6346153846153846 135.8653846153846 45.28846153846154 11.615384615384615 33.67307692307692 2.5833591999835335
444000 676.9038461538462 0.2052654026076866 58.30769230769231 0.6346153846153846 135.8653846153846 45.28846153846154 11.615384615384615 33.67307692307692 2.4342556999763474
446000 677.2307692307693 0.203640450768841 58.34615384615385 0.6346153846153846 135.8653846153846 45.28846153846154 11.615384615384615 33.67307692307692 2.534698900009971
448000 677.3846153846154 0.20346032593061247 58.34615384615385 0.641025641025641 135.8653846153846 45.28846153846154 11.615384615384615 33.67307692307692 2.488973699975759
450000 670.1730769230769 0.20077892857380344 58.42307692307692 0.641025641025641 135.8653846153846 45.28846153846154 11.615384615384615 33.67307692307692 2.4522084000054747
452000 670.1730769230769 0.20077892857380344 58.42307692307692 0.641025641025641 135.8653846153846 45.28846153846154 11.615384615384615 33.67307692307692 2.6467344000120647
454000 670.1730769230769 0.20257796808589917 58.42307692307692 0.641025641025641 135.8653846153846 45.28846153846154 11.615384615384615 33.67307692307692 2.4546552000101656
456000 673.8269230769231 0.20843977094981392 58.34615384615385 0.641025641025641 135.8653846153846 45.28846153846154 11.51923076923077 33.76923076923077 2.5167182000004686
458000 674.1346153846154 0.20824845295353725 58.40384615384615 0.641025641025641 135.8653846153846 45.28846153846154 11.615384615384615 33.67307692307692 2.557906700007152
460000 675.3461538461538 0.20872919638300458 58.34615384615385 0.641025641025641 135.8653846153846 45.28846153846154 11.615384615384615 33.67307692307692 2.306216900004074
462000 674.9615384615385 0.20753526362943872 58.40384615384615 0.641025641025641 135.8653846153846 45.28846153846154 11.711538461538462 33.57692307692308 2.147921599971596
464000 670.1730769230769 0.20257796808589917 58.42307692307692 0.641025641025641 135.8653846153846 45.28846153846154 11.615384615384615 33.67307692307692 2.038156899972819
466000 670.1730769230769 0.20257796808589917 58.42307692307692 0.641025641025641 135.8653846153846 45.28846153846154 11.615384615384615 33.67307692307692 2.223087200021837
468000 670.3269230769231 0.20113769838498582 58.48076923076923 0.641025641025641 135.8653846153846 45.28846153846154 11.711538461538462 33.57692307692308 2.041652299987618
470000 670.3269230769231 0.20062154521554307 58.48076923076923 0.641025641025641 135.8653846153846 45.28846153846154 11.711538461538462 33.57692307692308 2.0579520000028424
472000 675.1923076923077 0.20808555764882358 58.34615384615385 0.6346153846153846 135.8653846153846 45.28846153846154 11.615384615384615 33.67307692307692 1.9586296000052243
474000 675.5 0.20728892668209123 58.40384615384615 0.641025641025641 135.8653846153846 45.28846153846154 11.711538461538462 33.57692307692308 1.998630599991884
476000 675.3461538461538 0.20872919638300458 58.34615384615385 0.641025641025641 135.8653846153846 45.28846153846154 11.615384615384615 33.67307692307692 2.025539399997797
478000 675.5 0.2064651631096817 58.40384615384615 0.641025641025641 135.8653846153846 45.28846153846154 11.711538461538462 33.57692307692308 1.86095820000628
480000 675.5 0.2064651631096817 58.40384615384615 0.641025641025641 135.8653846153846 45.28846153846154 11.711538461538462 33.57692307692308 1.611277499992866
482000 675.5 0.2064651631096817 58.40384615384615 0.641025641025641 135.8653846153846 45.28846153846154 11.711538461538462 33.57692307692308 1.5180270000128075
484000 675.5 0.2064651631096817 58.40384615384615 0.641025641025641 135.8653846153846 45.28846153846154 11.711538461538462 33.57692307692308 1.4502766999648884
486000 675.1153846153846 0.20527123035611583 58.46153846153846 0.641025641025641 135.8653846153846 45.28846153846154 11.807692307692308 33.48076923076923 1.393155099998694
488000 675.1153846153846 0.20527123035611583 58.46153846153846 0.641025641025641 135.8653846153846 45.28846153846154 11.807692307692308 33.48076923076923 1.309586399991531
490000 675.5 0.2064651631096817 58.40384615384615 0.641025641025641 135.8653846153846 45.28846153846154 11.711538461538462 33.57692307692308 1.2607560000033118
492000 675.5 0.2064651631096817 58.40384615384615 0.641025641025641 135.8653846153846 45.28846153846154 11.711538461538462 33.57692307692308 1.323084999981802
494000 682.7115384615385 0.20868743769624729 58.32692307692308 0.641025641025641 135.8653846153846 45.28846153846154 11.711538461538462 33.57692307692308 1.0333312000147998
496000 675.5 0.20728892668209123 58.40384615384615 0.641025641025641 135.8653846153846 45.28846153846154 11.711538461538462 33.57692307692308 0.9575406999792904
498000 675.5 0.20631365074240507 58.40384615384615 0.641025641025641 135.8653846153846 45.28846153846154 11.711538461538462 33.57692307692308 1.0544763000216335
500000 682.7115384615385 0.2085359253289707 58.32692307692308 0.641025641025641 135.8653846153846 45.28846153846154 11.711538461538462 33.57692307692308 0.9455403000465594
