2000 0.09615384615384616 3.998895961899002e-05 39.89760653846155 0.08814102564102565 45.301282057692305 45.30769230769231 1.0769230769230769 44.23076923076923 2.4911550999968313
4000 0.25 -0.019137106171471834 39.61041175000002 0.1330128205128205 45.301282057692305 45.30769230769231 1.0384615384615385 44.26923076923077 2.516559599986067
6000 0.4807692307692308 -0.03825247288026949 38.17735371153848 0.2003205128205128 45.301282057692305 45.30769230769231 1.0384615384615385 44.26923076923077 3.4018875999900047
8000 0.6730769230769231 -0.038228564810399275 36.72770634615385 0.3028846153846155 45.301282057692305 45.30769230769231 1.0384615384615385 44.26923076923077 3.6903223000117578
10000 1.7692307692307692 -0.038137591256972594 37.044176634615376 0.1971153846153846 45.301282057692305 45.30769230769231 1.0384615384615385 44.26923076923077 3.448340500006452
12000 1.4038461538461537 0.0003837009589131478 37.29979388461539 0.16506410256410253 45.301282057692305 45.30769230769231 1.0384615384615385 44.26923076923077 4.367057900002692
14000 0.7115384615384616 0.00012070101341555603 38.19009273076924 0.19230769230769232 45.301282057692305 45.30769230769231 1.0384615384615385 44.26923076923077 3.9329403000010643
16000 1.4038461538461537 0.0005403161854099724 37.83358423076922 0.18589743589743585 45.301282057692305 45.30769230769231 1.3846153846153846 43.92307692307692 3.6992369999934454
18000 1.8846153846153846 0.0006209992577084823 35.422205500000004 0.23397435897435898 45.301282057692305 45.30769230769231 1.0384615384615385 44.26923076923077 3.665051799995126
20000 2.0576923076923075 0.0006305880346360365 35.70390886538461 0.21474358974358973 45.301282057692305 45.30769230769231 3.6153846153846154 41.69230769230769 3.4745334000035655
22000 1.4230769230769231 0.00037314618977320196 36.66879101923076 0.22435897435897434 45.301282057692305 45.30769230769231 1.8076923076923077 43.5 3.7802760000049602
24000 1.4615384615384615 -0.01877045464846861 36.77690698076924 0.2692307692307692 45.301282057692305 45.30769230769231 1.2692307692307692 44.03846153846154 3.683909899991704
26000 2.5 -0.19136701144484483 37.68231909615384 0.13942307692307693 45.301282057692305 45.30769230769231 1.4230769230769231 43.88461538461539 3.297870400012471
28000 1.5576923076923077 0.0004296337985930365 37.920406403846165 0.1810897435897436 45.301282057692305 45.30769230769231 2.269230769230769 43.03846153846154 3.671484499995131
30000 3.230769230769231 0.0007450662235604143 34.06463880769232 0.27403846153846156 45.301282057692305 45.30769230769231 1.0384615384615385 44.26923076923077 3.7473872999835294
32000 4.4423076923076925 0.0011627730378070441 33.53471992307693 0.31570512820512814 45.301282057692305 45.30769230769231 2.269230769230769 43.03846153846154 3.81203979998827
34000 3.6153846153846154 0.0008983769148311509 35.143988673076926 0.24519230769230768 45.301282057692305 45.30769230769231 1.2692307692307692 44.03846153846154 3.723613700014539
36000 2.9423076923076925 0.0008344870162234208 34.48630725000001 0.2932692307692308 45.301282057692305 45.30769230769231 1.1923076923076923 44.11538461538461 3.7211598999856506
38000 4.230769230769231 0.0009253350698241667 34.256013769230776 0.30288461538461536 45.301282057692305 45.30769230769231 1.6538461538461537 43.65384615384615 3.7748868000053335
40000 4.288461538461538 0.0011524501014411514 33.00551413461538 0.3060897435897436 45.301282057692305 45.30769230769231 2.5 42.80769230769231 3.8424330000125337
42000 4.0576923076923075 0.0012405558763330905 33.13720311538461 0.3477564102564103 45.301282057692305 45.30769230769231 1.8846153846153846 43.42307692307692 4.045217700011563
44000 5.615384615384615 0.00143115200843252 32.3746195576923 0.358974358974359 45.301282057692305 45.30769230769231 2.8461538461538463 42.46153846153846 3.9908125000074506
46000 3.75 0.0008718061650613969 32.94547748076923 0.391025641025641 45.301282057692305 45.30769230769231 1.8461538461538463 43.46153846153846 3.8559084000007715
48000 4.038461538461538 -0.017806952739217494 32.93917682692307 0.40384615384615385 45.301282057692305 45.30769230769231 1.6153846153846154 43.69230769230769 3.742666600010125
50000 3.326923076923077 -0.05635487952099361 35.11769103846154 0.3253205128205129 45.301282057692305 45.30769230769231 1.9038461538461537 43.40384615384615 3.8646257999935187
52000 3.826923076923077 0.0009284486043142693 35.10951601923077 0.3125 45.301282057692305 45.30769230769231 1.4423076923076923 43.86538461538461 4.310817399993539
54000 3.1346153846153846 -0.03735361069570738 35.24189248076922 0.3541666666666667 45.301282057692305 45.30769230769231 1.3269230769230769 43.98076923076923 4.216293200006476
56000 2.9038461538461537 -0.018524593062227028 35.361433730769235 0.3125 45.301282057692305 45.30769230769231 1.4807692307692308 43.82692307692308 4.098586100008106
58000 2.25 0.0009210824202899406 36.04454675 0.28365384615384615 45.301282057692305 45.30769230769231 1.1153846153846154 44.19230769230769 4.291594600013923
60000 0.8653846153846154 0.0002777471368004064 38.09824253846155 0.18429487179487178 45.301282057692305 45.30769230769231 1.0384615384615385 44.26923076923077 4.073907699988922
62000 0.9615384615384616 0.0003339037454361204 37.817316692307706 0.22435897435897434 45.301282057692305 45.30769230769231 1.0384615384615385 44.26923076923077 4.370666200004052
64000 5.596153846153846 0.0011720044528244296 35.09498534615386 0.3285256410256411 45.301282057692305 45.30769230769231 1.0576923076923077 44.25 4.273592700017616
66000 9.307692307692308 0.0027328394980198575 33.71522440384616 0.39903846153846145 45.301282057692305 45.30769230769231 1.5 43.80769230769231 4.661267899995437
68000 7.1923076923076925 0.0009921127547996506 33.57512455769232 0.3926282051282052 45.301282057692305 45.30769230769231 1.2884615384615385 44.01923076923077 4.1698999000072945
70000 12.615384615384615 0.002520487280811106 32.641691634615384 0.3798076923076923 45.301282057692305 45.30769230769231 1.0384615384615385 44.26923076923077 4.519222200004151
72000 8.461538461538462 0.0009204288012549356 33.43739711538463 0.35096153846153844 45.301282057692305 45.30769230769231 1.0576923076923077 44.25 4.390312299976358
74000 7.3076923076923075 0.0010662267296317402 33.69681540384616 0.3397435897435897 45.301282057692305 45.30769230769231 1.0384615384615385 44.26923076923077 4.486991099984152
76000 6.634615384615385 0.0006937581818684865 34.923061326923076 0.26121794871794873 45.301282057692305 45.30769230769231 1.0576923076923077 44.25 4.281121900014114
78000 7.346153846153846 0.0009630752504373758 33.85374407692307 0.3653846153846153 45.301282057692305 45.30769230769231 1.0384615384615385 44.26923076923077 4.348210099997232
80000 9.057692307692308 0.0018384560112215944 33.886780980769224 0.3317307692307692 45.301282057692305 45.30769230769231 1.0384615384615385 44.26923076923077 4.465056199987885
82000 9.538461538461538 0.002093026370461192 33.43413786538461 0.36698717948717946 45.301282057692305 45.30769230769231 1.0384615384615385 44.26923076923077 4.214057000004686
84000 7.519230769230769 -0.01782864051331097 35.87002232692308 0.2467948717948718 45.301282057692305 45.30769230769231 1.0384615384615385 44.26923076923077 4.377309300005436
86000 5.615384615384615 -0.01895681704905733 35.39038121153845 0.2419871794871795 45.301282057692305 45.30769230769231 1.0384615384615385 44.26923076923077 4.363304600003175
88000 6.615384615384615 0.0013426173029405036 34.872187019230765 0.28044871794871795 45.301282057692305 45.30769230769231 1.0384615384615385 44.26923076923077 4.382088100013789
90000 4.769230769230769 0.000977140528823749 36.002455980769234 0.21955128205128208 45.301282057692305 45.30769230769231 1.0384615384615385 44.26923076923077 4.228547799983062
92000 4.846153846153846 0.00084079029588588 35.315865019230756 0.21314102564102566 45.301282057692305 45.30769230769231 1.0384615384615385 44.26923076923077 4.263762899994617
94000 5.846153846153846 0.0018932766507090038 34.92794038461539 0.22916666666666669 45.301282057692305 45.30769230769231 1.0384615384615385 44.26923076923077 4.447733600012725
96000 31.75 0.01807701740124152 31.57341148076923 0.3798076923076923 45.301282057692305 45.30769230769231 1.0384615384615385 44.26923076923077 4.252362500003073
98000 39.51923076923077 0.009003407050220156 30.438271615384622 0.3766025641025641 45.301282057692305 45.30769230769231 1.1153846153846154 44.19230769230769 4.437583599996287
100000 44.90384615384615 0.013798320576291082 28.63469826923077 0.4583333333333333 45.301282057692305 45.30769230769231 1.0576923076923077 44.25 4.287614700006088
102000 46.51923076923077 0.005480664294258237 30.519500250000007 0.34775641025641024 45.301282057692305 45.30769230769231 1.0384615384615385 44.26923076923077 4.238404500007164
104000 95.26923076923077 0.01770800641504191 24.63872271153846 0.6314102564102565 45.301282057692305 45.30769230769231 1.0384615384615385 44.26923076923077 4.427873099979479
106000 88.6923076923077 -0.0608126188374447 26.028485057692304 0.6137820512820513 45.301282057692305 45.30769230769231 1.0384615384615385 44.26923076923077 4.118744900013553
108000 89.48076923076923 0.01786817114466998 24.956259038461535 0.6378205128205129 45.301282057692305 45.30769230769231 1.0384615384615385 44.26923076923077 4.584888100012904
110000 71.26923076923077 -0.07070746945376788 26.387460884615386 0.5785256410256411 45.301282057692305 45.30769230769231 1.0384615384615385 44.26923076923077 4.009827900008531
112000 94.67307692307692 -0.0593931053454371 25.83617726923077 0.623397435897436 45.301282057692305 45.30769230769231 1.0384615384615385 44.26923076923077 4.230225300008897
114000 90.01923076923077 0.013159153474484535 24.79600190384616 0.6410256410256411 45.301282057692305 45.30769230769231 1.0384615384615385 44.26923076923077 4.422892700007651
116000 89.78846153846153 0.012946387520175177 24.80882242307693 0.6410256410256411 45.301282057692305 45.30769230769231 1.0384615384615385 44.26923076923077 4.262029200006509
118000 77.67307692307692 0.008416884339416935 25.324049288461534 0.623397435897436 45.301282057692305 45.30769230769231 1.0384615384615385 44.26923076923077 4.3107782999868505
120000 77.67307692307692 0.01078831683879168 25.285590326923074 0.6266025641025643 45.301282057692305 45.30769230769231 1.1730769230769231 44.13461538461539 4.742023800004972
122000 97.09615384615384 0.017411883847162565 24.721488173076928 0.6474358974358976 45.301282057692305 45.30769230769231 1.2884615384615385 44.01923076923077 4.560087999998359
124000 261.0 0.08594362696111259 21.95449373076923 0.6298076923076923 45.301282057692305 45.30769230769231 7.711538461538462 37.59615384615385 4.546153199975379
126000 370.0576923076923 0.11191297259063517 20.564893576923076 0.6746794871794873 45.301282057692305 45.30769230769231 7.711538461538462 37.59615384615385 4.40329550000024
128000 370.0576923076923 0.11191297259063517 20.564893576923076 0.6746794871794873 45.301282057692305 45.30769230769231 7.711538461538462 37.59615384615385 4.366964399989229
130000 370.0576923076923 0.11191297259063517 20.564893576923076 0.6746794871794873 45.301282057692305 45.30769230769231 7.711538461538462 37.59615384615385 4.312991900020279
132000 415.1923076923077 0.13176462386507526 21.34558073076925 0.6282051282051283 45.301282057692305 45.30769230769231 11.538461538461538 33.76923076923077 4.295883799990406
134000 423.71153846153845 0.13570031894332496 21.29109417307694 0.6346153846153846 45.301282057692305 45.30769230769231 11.538461538461538 33.76923076923077 4.406210400018608
136000 423.71153846153845 0.13570031894332496 21.29109417307694 0.6346153846153846 45.301282057692305 45.30769230769231 11.538461538461538 33.76923076923077 4.454964200005634
138000 423.71153846153845 0.13584343665882256 21.29109417307694 0.6346153846153846 45.301282057692305 45.30769230769231 11.538461538461538 33.76923076923077 4.251376500003971
140000 423.71153846153845 0.13392948703213098 21.29109417307694 0.6346153846153846 45.301282057692305 45.30769230769231 11.538461538461538 33.76923076923077 4.25294199999189
142000 425.75 0.11136368475460326 21.30712046153848 0.6346153846153846 45.301282057692305 45.30769230769231 11.576923076923077 33.73076923076923 4.6074509999889415
144000 415.1923076923077 0.10690773786401718 21.34558073076925 0.6282051282051283 45.301282057692305 45.30769230769231 11.538461538461538 33.76923076923077 4.380761799984612
146000 548.0192307692307 0.17225256003104 20.847612211538454 0.6891025641025643 45.301282057692305 45.30769230769231 9.596153846153847 35.71153846153846 4.415041400003247
148000 548.0192307692307 0.172198029605682 20.847612211538454 0.6891025641025643 45.301282057692305 45.30769230769231 9.596153846153847 35.71153846153846 4.556552399997599
150000 548.0192307692307 0.15559415533985244 20.847612211538454 0.6891025641025643 45.301282057692305 45.30769230769231 9.596153846153847 35.71153846153846 4.395986099989386
152000 548.0192307692307 0.15559415533985244 20.847612211538454 0.6891025641025643 45.301282057692305 45.30769230769231 9.596153846153847 35.71153846153846 4.54548909998266
154000 548.0192307692307 0.15559415533985244 20.847612211538454 0.6891025641025643 45.301282057692305 45.30769230769231 9.596153846153847 35.71153846153846 4.6514908999961335
156000 548.0192307692307 0.15559415533985244 20.847612211538454 0.6891025641025643 45.301282057692305 45.30769230769231 9.596153846153847 35.71153846153846 4.800705700006802
158000 548.0192307692307 0.15559415533985244 20.847612211538454 0.6891025641025643 45.301282057692305 45.30769230769231 9.596153846153847 35.71153846153846 4.397211600007722
160000 548.0192307692307 0.15559415533985244 20.847612211538454 0.6891025641025643 45.301282057692305 45.30769230769231 9.596153846153847 35.71153846153846 4.402691700001014
162000 548.0192307692307 0.15822745378610645 20.847612211538454 0.6891025641025643 45.301282057692305 45.30769230769231 9.596153846153847 35.71153846153846 4.634516399994027
164000 548.0192307692307 0.15822745378610645 20.847612211538454 0.6891025641025643 45.301282057692305 45.30769230769231 9.596153846153847 35.71153846153846 4.367858300014632
166000 548.0192307692307 0.15822745378610645 20.847612211538454 0.6891025641025643 45.301282057692305 45.30769230769231 9.596153846153847 35.71153846153846 4.269720000011148
168000 555.0384615384615 0.16422231317361397 21.042049 0.684294871794872 45.301282057692305 45.30769230769231 10.557692307692308 34.75 4.488267499982612
170000 555.0384615384615 0.16422231317361397 21.042049 0.684294871794872 45.301282057692305 45.30769230769231 10.557692307692308 34.75 4.275022699992405
172000 555.0384615384615 0.16422231317361397 21.042049 0.684294871794872 45.301282057692305 45.30769230769231 10.557692307692308 34.75 4.513976099988213
174000 557.4038461538462 0.16618418721029132 21.01366073076923 0.684294871794872 45.301282057692305 45.30769230769231 10.596153846153847 34.71153846153846 4.3825139999971725
176000 585.2692307692307 0.18279351931090673 19.18074561538462 0.7147435897435899 45.301282057692305 45.30769230769231 12.403846153846153 32.90384615384615 4.480591900006402
178000 585.2692307692307 0.1804056110260931 19.18074561538462 0.7147435897435899 45.301282057692305 45.30769230769231 12.403846153846153 32.90384615384615 4.397460200008936
180000 585.2692307692307 0.1804056110260931 19.18074561538462 0.7147435897435899 45.301282057692305 45.30769230769231 12.403846153846153 32.90384615384615 4.322106600011466
182000 585.2692307692307 0.1804056110260931 19.18074561538462 0.7147435897435899 45.301282057692305 45.30769230769231 12.403846153846153 32.90384615384615 4.677551800006768
184000 585.2692307692307 0.1804056110260931 19.18074561538462 0.7147435897435899 45.301282057692305 45.30769230769231 12.403846153846153 32.90384615384615 4.293845300009707
186000 585.2692307692307 0.1804056110260931 19.18074561538462 0.7147435897435899 45.301282057692305 45.30769230769231 12.403846153846153 32.90384615384615 4.45181820000289
188000 585.2692307692307 0.1804056110260931 19.18074561538462 0.7147435897435899 45.301282057692305 45.30769230769231 12.403846153846153 32.90384615384615 5.124508900014916
190000 585.2692307692307 0.1804056110260931 19.18074561538462 0.7147435897435899 45.301282057692305 45.30769230769231 12.403846153846153 32.90384615384615 4.770431800017832
192000 594.3846153846154 0.187898419973793 19.123053961538464 0.7147435897435899 45.301282057692305 45.30769230769231 12.5 32.80769230769231 4.540493500011507
194000 594.3846153846154 0.187898419973793 19.123053961538464 0.7147435897435899 45.301282057692305 45.30769230769231 12.5 32.80769230769231 4.583311700000195
196000 594.3846153846154 0.187898419973793 19.123053961538464 0.7147435897435899 45.301282057692305 45.30769230769231 12.5 32.80769230769231 4.199521400005324
198000 654.0576923076923 0.21667538471038267 19.399764865384615 0.6987179487179489 45.301282057692305 45.30769230769231 11.634615384615385 33.67307692307692 4.287036800000351
200000 654.0576923076923 0.21667538471038267 19.399764865384615 0.6987179487179489 45.301282057692305 45.30769230769231 11.634615384615385 33.67307692307692 4.989666300010867
202000 654.0576923076923 0.21667538471038267 19.399764865384615 0.6987179487179489 45.301282057692305 45.30769230769231 11.634615384615385 33.67307692307692 4.38523559999885
204000 655.1923076923077 0.21822117321614634 19.406175115384617 0.7035256410256412 45.301282057692305 45.30769230769231 11.615384615384615 33.69230769230769 4.329737299995031
206000 649.7692307692307 0.218320567056187 19.463867384615387 0.7227564102564105 45.301282057692305 45.30769230769231 11.461538461538462 33.84615384615385 4.494613000017125
208000 649.7692307692307 0.218320567056187 19.463867384615387 0.7227564102564105 45.301282057692305 45.30769230769231 11.461538461538462 33.84615384615385 4.268560800002888
210000 649.7692307692307 0.218320567056187 19.463867384615387 0.7227564102564105 45.301282057692305 45.30769230769231 11.461538461538462 33.84615384615385 4.418352300010156
212000 655.4423076923077 0.22387312842513546 19.460204423076924 0.7227564102564105 45.301282057692305 45.30769230769231 11.557692307692308 33.75 4.26133419998223
214000 655.4423076923077 0.22387312842513546 19.460204423076924 0.7227564102564105 45.301282057692305 45.30769230769231 11.557692307692308 33.75 4.327928099985002
216000 654.9230769230769 0.21722741885219 19.47210926923077 0.6987179487179489 45.301282057692305 45.30769230769231 11.596153846153847 33.71153846153846 4.4846940000134055
218000 654.9038461538462 0.2171218383903325 19.504160500000005 0.6987179487179489 45.301282057692305 45.30769230769231 11.596153846153847 33.71153846153846 4.39845539999078
220000 654.9038461538462 0.2171218383903325 19.504160500000005 0.6987179487179489 45.301282057692305 45.30769230769231 11.596153846153847 33.71153846153846 4.474732200003928
222000 655.3076923076923 0.21831356848289307 19.482182461538464 0.7035256410256412 45.301282057692305 45.30769230769231 11.576923076923077 33.73076923076923 4.598188999982085
224000 655.3076923076923 0.21831356848289307 19.482182461538464 0.7035256410256412 45.301282057692305 45.30769230769231 11.576923076923077 33.73076923076923 4.233297800004948
226000 655.3076923076923 0.21831356848289307 19.482182461538464 0.7035256410256412 45.301282057692305 45.30769230769231 11.576923076923077 33.73076923076923 4.631091099989135
228000 654.9038461538462 0.2171218383903325 19.504160500000005 0.6987179487179489 45.301282057692305 45.30769230769231 11.596153846153847 33.71153846153846 4.4775869000004604
230000 654.9038461538462 0.2171218383903325 19.504160500000005 0.6987179487179489 45.301282057692305 45.30769230769231 11.596153846153847 33.71153846153846 4.40344379999442
232000 654.9038461538462 0.2171218383903325 19.504160500000005 0.6987179487179489 45.301282057692305 45.30769230769231 11.596153846153847 33.71153846153846 4.310338300012518
234000 654.9038461538462 0.2171218383903325 19.504160500000005 0.6987179487179489 45.301282057692305 45.30769230769231 11.596153846153847 33.71153846153846 5.616992099996423
236000 647.5961538461538 0.20999843938858523 19.5334645 0.6939102564102566 45.301282057692305 45.30769230769231 11.5 33.80769230769231 5.079297899996163
238000 654.5 0.213423860791452 19.504160500000005 0.6987179487179489 45.301282057692305 45.30769230769231 11.596153846153847 33.71153846153846 4.478135400015162
240000 655.4423076923077 0.22387312842513546 19.460204423076924 0.7227564102564105 45.301282057692305 45.30769230769231 11.557692307692308 33.75 4.585823600005824
242000 655.3076923076923 0.21831356848289307 19.482182461538464 0.7035256410256412 45.301282057692305 45.30769230769231 11.576923076923077 33.73076923076923 4.18818180001108
244000 655.3076923076923 0.21831356848289307 19.482182461538464 0.7035256410256412 45.301282057692305 45.30769230769231 11.576923076923077 33.73076923076923 4.310884099977557
246000 655.3076923076923 0.21831356848289307 19.482182461538464 0.7035256410256412 45.301282057692305 45.30769230769231 11.576923076923077 33.73076923076923 4.6543018000083975
248000 655.3076923076923 0.21831356848289307 19.482182461538464 0.7035256410256412 45.301282057692305 45.30769230769231 11.576923076923077 33.73076923076923 4.3889462999941316
250000 655.3076923076923 0.21831356848289307 19.482182461538464 0.7035256410256412 45.301282057692305 45.30769230769231 11.576923076923077 33.73076923076923 4.800656099978369
252000 654.9038461538462 0.2171218383903325 19.504160500000005 0.6987179487179489 45.301282057692305 45.30769230769231 11.596153846153847 33.71153846153846 4.260483699996257
254000 654.9038461538462 0.2171218383903325 19.504160500000005 0.6987179487179489 45.301282057692305 45.30769230769231 11.596153846153847 33.71153846153846 4.587014499993529
256000 655.0576923076923 0.21570203596646984 19.532550057692312 0.6987179487179489 45.301282057692305 45.30769230769231 11.596153846153847 33.71153846153846 4.487435600021854
258000 654.9038461538462 0.2171218383903325 19.504160500000005 0.6987179487179489 45.301282057692305 45.30769230769231 11.596153846153847 33.71153846153846 4.746401000011247
260000 655.3076923076923 0.21831356848289307 19.482182461538464 0.7035256410256412 45.301282057692305 45.30769230769231 11.576923076923077 33.73076923076923 4.577291299996432
262000 655.0576923076923 0.21570203596646984 19.532550057692312 0.6987179487179489 45.301282057692305 45.30769230769231 11.596153846153847 33.71153846153846 4.36070920000202
264000 654.9038461538462 0.2171218383903325 19.504160500000005 0.6987179487179489 45.301282057692305 45.30769230769231 11.596153846153847 33.71153846153846 4.37553280001157
266000 655.0576923076923 0.2131334099406929 19.532550057692312 0.6987179487179489 45.301282057692305 45.30769230769231 11.596153846153847 33.71153846153846 4.491548899997724
268000 655.0576923076923 0.2142216065619347 19.532550057692312 0.6987179487179489 45.301282057692305 45.30769230769231 11.596153846153847 33.71153846153846 4.453630700008944
270000 655.0576923076923 0.2142216065619347 19.532550057692312 0.6987179487179489 45.301282057692305 45.30769230769231 11.596153846153847 33.71153846153846 4.417210499988869
272000 655.0576923076923 0.2142216065619347 19.532550057692312 0.6987179487179489 45.301282057692305 45.30769230769231 11.596153846153847 33.71153846153846 4.581203700014157
274000 655.0576923076923 0.21570203596646984 19.532550057692312 0.6987179487179489 45.301282057692305 45.30769230769231 11.596153846153847 33.71153846153846 4.448534900002414
276000 655.0576923076923 0.21570203596646984 19.532550057692312 0.6987179487179489 45.301282057692305 45.30769230769231 11.596153846153847 33.71153846153846 4.45047819998581
278000 655.0576923076923 0.21570203596646984 19.532550057692312 0.6987179487179489 45.301282057692305 45.30769230769231 11.596153846153847 33.71153846153846 4.281495000002906
280000 655.0576923076923 0.21570203596646984 19.532550057692312 0.6987179487179489 45.301282057692305 45.30769230769231 11.596153846153847 33.71153846153846 4.512706800014712
282000 655.0576923076923 0.21338584947510153 19.532550057692312 0.6987179487179489 45.301282057692305 45.30769230769231 11.596153846153847 33.71153846153846 4.345321400003741
284000 655.0576923076923 0.21570203596646984 19.532550057692312 0.6987179487179489 45.301282057692305 45.30769230769231 11.596153846153847 33.71153846153846 4.5705158000055235
286000 655.0576923076923 0.21570203596646984 19.532550057692312 0.6987179487179489 45.301282057692305 45.30769230769231 11.596153846153847 33.71153846153846 4.539031499996781
288000 655.0576923076923 0.21570203596646984 19.532550057692312 0.6987179487179489 45.301282057692305 45.30769230769231 11.596153846153847 33.71153846153846 4.58226680001826
290000 654.3461538461538 0.21491029006558282 19.604893788461542 0.6987179487179489 45.301282057692305 45.30769230769231 11.634615384615385 33.67307692307692 4.569685599999502
292000 659.0961538461538 0.2171096958995862 20.43919486538463 0.684294871794872 45.301282057692305 45.30769230769231 12.403846153846153 32.90384615384615 4.7343002000125125
294000 657.4615384615385 0.21556854501507125 20.533517269230778 0.684294871794872 45.301282057692305 45.30769230769231 12.461538461538462 32.84615384615385 4.628324299992528
296000 657.4615384615385 0.21556854501507125 20.533517269230778 0.684294871794872 45.301282057692305 45.30769230769231 12.461538461538462 32.84615384615385 4.626464900007704
298000 659.0961538461538 0.2171096958995862 20.43919486538463 0.684294871794872 45.301282057692305 45.30769230769231 12.403846153846153 32.90384615384615 4.402586399985012
300000 658.6153846153846 0.2169231888070403 20.46117353846155 0.684294871794872 45.301282057692305 45.30769230769231 12.423076923076923 32.88461538461539 4.390553699980956
302000 658.7307692307693 0.2164682628214591 20.439195500000007 0.684294871794872 45.301282057692305 45.30769230769231 12.403846153846153 32.90384615384615 4.473901900026249
304000 664.0961538461538 0.2193754204908882 20.042012403846158 0.6987179487179489 45.301282057692305 45.30769230769231 12.153846153846153 33.15384615384615 4.618031299993163
306000 666.6538461538462 0.22309605955005074 19.944027019230777 0.6987179487179489 45.301282057692305 45.30769230769231 12.153846153846153 33.15384615384615 4.322526400006609
308000 665.25 0.22167386547392737 20.060327461538467 0.6987179487179489 45.301282057692305 45.30769230769231 12.23076923076923 33.07692307692308 4.414783199987141
310000 666.9038461538462 0.22210545857625913 19.92204898076924 0.6987179487179489 45.301282057692305 45.30769230769231 12.134615384615385 33.17307692307692 4.255804600019474
312000 664.8846153846154 0.2216008695735852 20.066736442307697 0.6987179487179489 45.301282057692305 45.30769230769231 12.211538461538462 33.09615384615385 4.503010999993421
314000 662.25 0.21804573769345093 20.2837701923077 0.6987179487179489 45.301282057692305 45.30769230769231 12.365384615384615 32.94230769230769 4.454920199990738
316000 663.9807692307693 0.22429432438841912 20.208678557692316 0.7227564102564105 45.301282057692305 45.30769230769231 12.288461538461538 33.01923076923077 4.586079200002132
318000 664.3846153846154 0.22496882381063815 20.076809692307698 0.7227564102564105 45.301282057692305 45.30769230769231 12.173076923076923 33.13461538461539 4.218788700003643
320000 663.6346153846154 0.22287779496686805 20.07131388461539 0.7227564102564105 45.301282057692305 45.30769230769231 12.096153846153847 33.21153846153846 4.3284930999798235
322000 663.5192307692307 0.2227779779690996 20.09329192307693 0.7227564102564105 45.301282057692305 45.30769230769231 12.115384615384615 33.19230769230769 4.480449000024237
324000 664.8653846153846 0.22621325193717245 20.14274317307693 0.7227564102564105 45.301282057692305 45.30769230769231 12.23076923076923 33.07692307692308 4.230304299999261
326000 665.0 0.22530534259337215 20.120765769230772 0.7227564102564105 45.301282057692305 45.30769230769231 12.211538461538462 33.09615384615385 4.426080700010061
328000 665.4038461538462 0.2252283275593217 20.03285361538462 0.7227564102564105 45.301282057692305 45.30769230769231 12.134615384615385 33.17307692307692 4.496790100005455
330000 667.5192307692307 0.22790882388212966 19.9000709423077 0.7227564102564105 45.301282057692305 45.30769230769231 12.115384615384615 33.19230769230769 4.535754199983785
332000 667.3653846153846 0.22743630455586142 19.85611486538462 0.7227564102564105 45.301282057692305 45.30769230769231 12.076923076923077 33.23076923076923 4.253012500004843
334000 666.3653846153846 0.22577234908288388 19.850619057692313 0.7227564102564105 45.301282057692305 45.30769230769231 12.0 33.30769230769231 4.635275699984049
336000 667.4038461538462 0.22853782251875068 19.92204898076924 0.7227564102564105 45.301282057692305 45.30769230769231 12.134615384615385 33.17307692307692 4.580900000000838
338000 667.5576923076923 0.2282172764289367 19.834136826923082 0.7227564102564105 45.301282057692305 45.30769230769231 12.057692307692308 33.25 4.338445600005798
340000 667.5961538461538 0.2270834324015782 19.834136826923082 0.7227564102564105 45.301282057692305 45.30769230769231 12.057692307692308 33.25 4.21276019999641
342000 667.1923076923077 0.22683634508367057 19.812158788461545 0.7227564102564105 45.301282057692305 45.30769230769231 12.038461538461538 33.26923076923077 4.6183695000072476
344000 667.7307692307693 0.22749002522944012 19.87809290384616 0.7227564102564105 45.301282057692305 45.30769230769231 12.096153846153847 33.21153846153846 4.282524200010812
346000 667.1538461538462 0.2274151692113451 20.009961769230777 0.7227564102564105 45.301282057692305 45.30769230769231 12.211538461538462 33.09615384615385 4.614489900006447
348000 667.0769230769231 0.2268472627764741 19.987983730769237 0.7227564102564105 45.301282057692305 45.30769230769231 12.192307692307692 33.11538461538461 4.369090899999719
350000 667.5192307692307 0.22723733318771322 19.944027653846163 0.7227564102564105 45.301282057692305 45.30769230769231 12.153846153846153 33.15384615384615 4.389204400009476
352000 666.1346153846154 0.22624951409393235 20.016372019230776 0.7227564102564105 45.301282057692305 45.30769230769231 12.192307692307692 33.11538461538461 4.679334699991159
354000 666.3269230769231 0.22677175511278092 19.99439398076924 0.7227564102564105 45.301282057692305 45.30769230769231 12.173076923076923 33.13461538461539 4.395641999988584
356000 666.3269230769231 0.22713521336333903 19.99439398076924 0.7227564102564105 45.301282057692305 45.30769230769231 12.173076923076923 33.13461538461539 4.313672599993879
358000 666.8076923076923 0.2272014331605844 19.972415307692316 0.7227564102564105 45.301282057692305 45.30769230769231 12.153846153846153 33.15384615384615 4.384767599985935
360000 665.6153846153846 0.22437102323267435 20.08230550000001 0.7179487179487182 45.301282057692305 45.30769230769231 12.25 33.05769230769231 4.6513673000154085
362000 666.25 0.22524902603525782 20.03834942307693 0.7179487179487182 45.301282057692305 45.30769230769231 12.211538461538462 33.09615384615385 4.244800600019516
364000 664.9230769230769 0.22437191306215085 20.148239615384625 0.7179487179487182 45.301282057692305 45.30769230769231 12.307692307692308 33.0 4.385456799995154
366000 665.8846153846154 0.22507660151626913 20.038348788461544 0.7179487179487182 45.301282057692305 45.30769230769231 12.211538461538462 33.09615384615385 4.262953099998413
368000 666.25 0.2254476760498236 19.95043726923078 0.7179487179487182 45.301282057692305 45.30769230769231 12.134615384615385 33.17307692307692 4.210925899998983
370000 666.6923076923077 0.22631779398380553 19.928459230769242 0.7227564102564105 45.301282057692305 45.30769230769231 12.115384615384615 33.19230769230769 4.367427099990891
372000 666.6923076923077 0.22662434911716955 19.928459230769242 0.7227564102564105 45.301282057692305 45.30769230769231 12.115384615384615 33.19230769230769 4.557758999988437
374000 666.4423076923077 0.22660603374532015 19.95043726923078 0.7227564102564105 45.301282057692305 45.30769230769231 12.134615384615385 33.17307692307692 4.527045900002122
376000 666.6923076923077 0.22665466956343036 19.928459230769242 0.7227564102564105 45.301282057692305 45.30769230769231 12.115384615384615 33.19230769230769 4.4161684999999125
378000 665.9615384615385 0.22638463559520813 19.9724159423077 0.7227564102564105 45.301282057692305 45.30769230769231 12.153846153846153 33.15384615384615 4.855209700006526
380000 665.7692307692307 0.22625411000560475 19.9724159423077 0.7227564102564105 45.301282057692305 45.30769230769231 12.153846153846153 33.15384615384615 4.300938300002599
382000 665.9615384615385 0.2263052971107392 19.9724159423077 0.7227564102564105 45.301282057692305 45.30769230769231 12.153846153846153 33.15384615384615 4.395996899984311
384000 665.9615384615385 0.2256664226236629 19.9724159423077 0.7227564102564105 45.301282057692305 45.30769230769231 12.153846153846153 33.15384615384615 4.441000999999233
386000 665.7115384615385 0.22484416110209202 19.950437903846158 0.7227564102564105 45.301282057692305 45.30769230769231 12.134615384615385 33.17307692307692 4.451070600014646
388000 665.5192307692307 0.2251432039447909 19.99439398076924 0.7227564102564105 45.301282057692305 45.30769230769231 12.173076923076923 33.13461538461539 4.748624800005928
390000 665.25 0.22406240720410653 20.114356153846163 0.7227564102564105 45.301282057692305 45.30769230769231 12.23076923076923 33.07692307692308 4.517489899997599
392000 665.9615384615385 0.22672364868277337 20.038350057692316 0.7227564102564105 45.301282057692305 45.30769230769231 12.211538461538462 33.09615384615385 4.386590000009164
394000 665.0576923076923 0.2251671230064097 20.092378750000005 0.7227564102564105 45.301282057692305 45.30769230769231 12.211538461538462 33.09615384615385 4.380260500009172
396000 665.9615384615385 0.22639781757764643 20.038350057692316 0.7227564102564105 45.301282057692305 45.30769230769231 12.211538461538462 33.09615384615385 4.772660699993139
398000 665.0576923076923 0.2239945262157148 20.092378750000005 0.7227564102564105 45.301282057692305 45.30769230769231 12.211538461538462 33.09615384615385 4.24438689998351
400000 665.5961538461538 0.22554172759605193 20.01637201923078 0.7227564102564105 45.301282057692305 45.30769230769231 12.192307692307692 33.11538461538461 4.520085900003323
402000 665.3461538461538 0.22422369149148919 20.070401346153854 0.7227564102564105 45.301282057692305 45.30769230769231 12.192307692307692 33.11538461538461 4.510455300012836
404000 665.9615384615385 0.22563039037654742 20.038350057692316 0.7227564102564105 45.301282057692305 45.30769230769231 12.211538461538462 33.09615384615385 4.3780676999886055
406000 664.9038461538462 0.22378506032579704 20.09237938461539 0.7179487179487182 45.301282057692305 45.30769230769231 12.211538461538462 33.09615384615385 4.299793200014392
408000 664.6153846153846 0.22355589505002268 20.114356788461546 0.7179487179487182 45.301282057692305 45.30769230769231 12.23076923076923 33.07692307692308 4.343491800012998
410000 665.4615384615385 0.2253546335965744 19.99439398076924 0.7227564102564105 45.301282057692305 45.30769230769231 12.173076923076923 33.13461538461539 4.523412000009557
412000 665.3461538461538 0.22422369149148919 20.070401346153854 0.7227564102564105 45.301282057692305 45.30769230769231 12.192307692307692 33.11538461538461 4.4094125000119675
414000 665.9038461538462 0.22554240267102676 19.9724159423077 0.7227564102564105 45.301282057692305 45.30769230769231 12.153846153846153 33.15384615384615 4.571582100004889
416000 665.9038461538462 0.2262455535151144 19.9724159423077 0.7227564102564105 45.301282057692305 45.30769230769231 12.153846153846153 33.15384615384615 4.284681399993133
418000 665.9038461538462 0.2262455535151144 19.9724159423077 0.7227564102564105 45.301282057692305 45.30769230769231 12.153846153846153 33.15384615384615 4.424581500003114
420000 665.2307692307693 0.2259806718465498 20.01637201923078 0.7227564102564105 45.301282057692305 45.30769230769231 12.192307692307692 33.11538461538461 4.490224099979969
422000 665.6730769230769 0.22616844092100216 19.99439398076924 0.7227564102564105 45.301282057692305 45.30769230769231 12.173076923076923 33.13461538461539 4.410268699983135
424000 665.8076923076923 0.22629125856346835 20.01637201923078 0.7227564102564105 45.301282057692305 45.30769230769231 12.192307692307692 33.11538461538461 4.270789799978957
426000 665.7307692307693 0.2282123372405296 20.060328096153853 0.7227564102564105 45.301282057692305 45.30769230769231 12.23076923076923 33.07692307692308 4.343397799995728
428000 665.1153846153846 0.22680563835547135 20.09237938461539 0.7227564102564105 45.301282057692305 45.30769230769231 12.211538461538462 33.09615384615385 4.496646000014152
430000 665.1153846153846 0.22610248751138362 20.09237938461539 0.7227564102564105 45.301282057692305 45.30769230769231 12.211538461538462 33.09615384615385 4.460725200013258
432000 665.1153846153846 0.22610248751138362 20.09237938461539 0.7227564102564105 45.301282057692305 45.30769230769231 12.211538461538462 33.09615384615385 4.4375043000036385
434000 665.1153846153846 0.22515783125693398 20.09237938461539 0.7227564102564105 45.301282057692305 45.30769230769231 12.211538461538462 33.09615384615385 4.465380899986485
436000 665.1153846153846 0.22622382200878116 20.09237938461539 0.7227564102564105 45.301282057692305 45.30769230769231 12.211538461538462 33.09615384615385 4.453525699995225
438000 664.8269230769231 0.22529150588891914 20.114356788461546 0.7227564102564105 45.301282057692305 45.30769230769231 12.23076923076923 33.07692307692308 4.390093900001375
440000 664.8269230769231 0.22529150588891914 20.114356788461546 0.7227564102564105 45.301282057692305 45.30769230769231 12.23076923076923 33.07692307692308 4.559772400010843
442000 665.1153846153846 0.22622382200878116 20.09237938461539 0.7227564102564105 45.301282057692305 45.30769230769231 12.211538461538462 33.09615384615385 4.433366300014313
444000 665.3461538461538 0.22688275094958363 20.070401346153854 0.7227564102564105 45.301282057692305 45.30769230769231 12.192307692307692 33.11538461538461 4.2784682999772485
446000 665.4615384615385 0.22692951285371044 20.04842330769231 0.7227564102564105 45.301282057692305 45.30769230769231 12.173076923076923 33.13461538461539 4.468623400025535
448000 665.4615384615385 0.22692951285371044 20.04842330769231 0.7227564102564105 45.301282057692305 45.30769230769231 12.173076923076923 33.13461538461539 4.662436000013258
450000 666.1538461538462 0.2283710416757142 19.9724159423077 0.7227564102564105 45.301282057692305 45.30769230769231 12.153846153846153 33.15384615384615 4.422680399991805
452000 666.1538461538462 0.2283710416757142 19.9724159423077 0.7227564102564105 45.301282057692305 45.30769230769231 12.153846153846153 33.15384615384615 4.509115399996517
454000 665.0961538461538 0.22619475736951347 20.026445269230774 0.7227564102564105 45.301282057692305 45.30769230769231 12.153846153846153 33.15384615384615 4.22895420002169
456000 666.1538461538462 0.2283710416757142 19.9724159423077 0.7227564102564105 45.301282057692305 45.30769230769231 12.153846153846153 33.15384615384615 4.632185499998741
458000 666.1538461538462 0.2283710416757142 19.9724159423077 0.7227564102564105 45.301282057692305 45.30769230769231 12.153846153846153 33.15384615384615 4.370035800006008
460000 666.1538461538462 0.22778922532902407 19.9724159423077 0.7227564102564105 45.301282057692305 45.30769230769231 12.153846153846153 33.15384615384615 4.110050599992974
462000 665.7115384615385 0.2276014562545717 19.99439398076924 0.7227564102564105 45.301282057692305 45.30769230769231 12.173076923076923 33.13461538461539 4.517809299984947
464000 665.4615384615385 0.2263476965070203 20.04842330769231 0.7227564102564105 45.301282057692305 45.30769230769231 12.173076923076923 33.13461538461539 4.196681600005832
466000 665.1730769230769 0.2254153803871582 20.07040071153847 0.7227564102564105 45.301282057692305 45.30769230769231 12.192307692307692 33.11538461538461 4.313591800018912
468000 664.8653846153846 0.22542349056156458 20.09237938461539 0.7227564102564105 45.301282057692305 45.30769230769231 12.211538461538462 33.09615384615385 4.168972799991025
470000 664.8653846153846 0.22542349056156458 20.09237938461539 0.7227564102564105 45.301282057692305 45.30769230769231 12.211538461538462 33.09615384615385 3.941956399998162
472000 664.8653846153846 0.22472033971747685 20.09237938461539 0.7227564102564105 45.301282057692305 45.30769230769231 12.211538461538462 33.09615384615385 3.748979900003178
474000 664.8653846153846 0.22472033971747685 20.09237938461539 0.7227564102564105 45.301282057692305 45.30769230769231 12.211538461538462 33.09615384615385 3.1825688000244554
476000 664.8653846153846 0.22472033971747685 20.09237938461539 0.7227564102564105 45.301282057692305 45.30769230769231 12.211538461538462 33.09615384615385 3.121049400011543
478000 664.8653846153846 0.22472033971747685 20.09237938461539 0.7227564102564105 45.301282057692305 45.30769230769231 12.211538461538462 33.09615384615385 2.9090532999834977
480000 664.8653846153846 0.22472033971747685 20.09237938461539 0.7227564102564105 45.301282057692305 45.30769230769231 12.211538461538462 33.09615384615385 2.918148199998541
482000 666.2307692307693 0.22700984834666882 20.01637138461539 0.7227564102564105 45.301282057692305 45.30769230769231 12.192307692307692 33.11538461538461 2.9483041999919806
484000 666.2307692307693 0.22700984834666882 20.01637138461539 0.7227564102564105 45.301282057692305 45.30769230769231 12.192307692307692 33.11538461538461 2.8468035999976564
486000 666.5192307692307 0.22852398081322103 19.99439398076924 0.7227564102564105 45.301282057692305 45.30769230769231 12.173076923076923 33.13461538461539 2.7209752000053413
488000 666.1538461538462 0.2283710416757142 19.9724159423077 0.7227564102564105 45.301282057692305 45.30769230769231 12.153846153846153 33.15384615384615 2.145161399996141
490000 666.2692307692307 0.2284215073413433 19.950437903846158 0.7227564102564105 45.301282057692305 45.30769230769231 12.134615384615385 33.17307692307692 2.1248349999950733
492000 666.1538461538462 0.2283710416757142 19.9724159423077 0.7227564102564105 45.301282057692305 45.30769230769231 12.153846153846153 33.15384615384615 1.9890882999752648
494000 666.2692307692307 0.2284215073413433 19.950437903846158 0.7227564102564105 45.301282057692305 45.30769230769231 12.134615384615385 33.17307692307692 1.7733082000049762
496000 666.2692307692307 0.2284215073413433 19.950437903846158 0.7227564102564105 45.301282057692305 45.30769230769231 12.134615384615385 33.17307692307692 1.6560277000244241
498000 666.2692307692307 0.2284215073413433 19.950437903846158 0.7227564102564105 45.301282057692305 45.30769230769231 12.134615384615385 33.17307692307692 1.6613048000144772
500000 666.1538461538462 0.2283710416757142 19.9724159423077 0.7227564102564105 45.301282057692305 45.30769230769231 12.153846153846153 33.15384615384615 1.4422021999780554
