2000 0.07692307692307693 3.9682873102454e-05 39.7818754423077 0.08814102564102565 45.301282057692305 45.30769230769231 1.0576923076923077 44.25 2.482003499986604
4000 0.23076923076923078 -0.03837805143262347 39.51400284615385 0.14262820512820512 45.301282057692305 45.30769230769231 1.0384615384615385 44.26923076923077 3.77920799999265
6000 0.17307692307692307 -0.038386922472870316 38.55179390384616 0.17147435897435898 45.301282057692305 45.30769230769231 1.0384615384615385 44.26923076923077 3.6812351999979
8000 0.6538461538461539 -0.03821861661241028 36.74925317307693 0.27724358974358976 45.301282057692305 45.30769230769231 1.0384615384615385 44.26923076923077 4.1156689999916125
10000 1.6730769230769231 -0.038185660604724336 37.01747140384615 0.18269230769230768 45.301282057692305 45.30769230769231 1.0384615384615385 44.26923076923077 4.200214699987555
12000 1.4615384615384615 0.00040301367153590444 37.22997611538463 0.16506410256410253 45.301282057692305 45.30769230769231 1.0384615384615385 44.26923076923077 3.9328556999971624
14000 0.75 -0.01911770889854089 38.2783129423077 0.19551282051282054 45.301282057692305 45.30769230769231 1.0384615384615385 44.26923076923077 3.560699600027874
16000 1.5384615384615385 0.0005859445910041778 37.806249903846144 0.19230769230769232 45.301282057692305 45.30769230769231 1.3846153846153846 43.92307692307692 3.6101767999934964
18000 1.8269230769230769 0.0006051953676664401 35.43405548076924 0.23397435897435898 45.301282057692305 45.30769230769231 1.0384615384615385 44.26923076923077 3.735603299981449
20000 2.0384615384615383 0.0006686261035634713 35.71668459615383 0.22435897435897434 45.301282057692305 45.30769230769231 3.5961538461538463 41.71153846153846 3.7035167000140063
22000 1.4230769230769231 0.00036882000751227727 36.64314349999999 0.22435897435897434 45.301282057692305 45.30769230769231 1.8076923076923077 43.5 3.765766700002132
24000 1.5 -0.018794540683992788 36.69815086538463 0.26442307692307687 45.301282057692305 45.30769230769231 1.3269230769230769 43.98076923076923 3.5776363000040874
26000 2.5576923076923075 -0.17202809600065802 37.65722036538461 0.11057692307692306 45.301282057692305 45.30769230769231 1.4230769230769231 43.88461538461539 3.3654912000056356
28000 1.6538461538461537 0.00042824946243862197 37.87797896153846 0.1810897435897436 45.301282057692305 45.30769230769231 2.326923076923077 42.98076923076923 3.7895713000034448
30000 3.25 0.0007237569743137907 34.218628692307696 0.2692307692307692 45.301282057692305 45.30769230769231 1.0384615384615385 44.26923076923077 3.8049773999955505
32000 4.384615384615385 0.0011032439442666753 33.715073211538474 0.31570512820512814 45.301282057692305 45.30769230769231 2.1153846153846154 43.19230769230769 3.547728699981235
34000 3.3461538461538463 0.0008157894497886718 35.147599365384615 0.22115384615384615 45.301282057692305 45.30769230769231 1.2692307692307692 44.03846153846154 3.8472718999837525
36000 3.0961538461538463 0.0008764453436501093 34.47521800000001 0.2932692307692308 45.301282057692305 45.30769230769231 1.1923076923076923 44.11538461538461 3.9249278999923263
38000 4.538461538461538 0.0009974272214863316 34.20794903846154 0.30288461538461536 45.301282057692305 45.30769230769231 1.6538461538461537 43.65384615384615 3.8811097999860067
40000 4.230769230769231 0.0011076822388218514 33.05969613461538 0.3060897435897436 45.301282057692305 45.30769230769231 2.3653846153846154 42.94230769230769 3.636867599998368
42000 4.134615384615385 0.0012398338178545908 32.99269451923077 0.35416666666666674 45.301282057692305 45.30769230769231 1.9615384615384615 43.34615384615385 4.224463200022001
44000 5.6923076923076925 0.0014159339283770307 32.28621065384614 0.36538461538461536 45.301282057692305 45.30769230769231 2.7884615384615383 42.51923076923077 3.923186500003794
46000 3.826923076923077 0.0008208915513014764 32.991623923076915 0.3798076923076923 45.301282057692305 45.30769230769231 1.9230769230769231 43.38461538461539 4.010790500004077
48000 4.0576923076923075 -0.01786453468456212 33.01515484615384 0.3862179487179487 45.301282057692305 45.30769230769231 1.6923076923076923 43.61538461538461 3.9651000000012573
50000 3.480769230769231 -0.037067080925709026 35.14415025 0.3253205128205129 45.301282057692305 45.30769230769231 1.9807692307692308 43.32692307692308 4.651715599989984
52000 4.0 0.0009528771644427782 35.08966278846154 0.3189102564102564 45.301282057692305 45.30769230769231 1.5192307692307692 43.78846153846154 4.521490600018296
54000 3.326923076923077 -0.037339012599411074 35.21900451923078 0.35096153846153844 45.301282057692305 45.30769230769231 1.4038461538461537 43.90384615384615 4.4454066999896895
56000 2.8653846153846154 0.0007553849585857686 35.168584384615386 0.310897435897436 45.301282057692305 45.30769230769231 1.6346153846153846 43.67307692307692 4.5044207999890205
58000 2.2884615384615383 0.0009137523923338925 36.05452501923077 0.28365384615384615 45.301282057692305 45.30769230769231 1.1153846153846154 44.19230769230769 4.399685100011993
60000 0.9230769230769231 0.0002949964972661462 38.05942665384616 0.18429487179487178 45.301282057692305 45.30769230769231 1.0384615384615385 44.26923076923077 4.449551800003974
62000 0.9807692307692307 0.0003322883194629605 37.815215923076934 0.22435897435897434 45.301282057692305 45.30769230769231 1.0384615384615385 44.26923076923077 4.45537169999443
64000 5.8076923076923075 0.001206713393378746 34.989975192307696 0.3285256410256411 45.301282057692305 45.30769230769231 1.0576923076923077 44.25 4.53607919998467
66000 9.692307692307692 0.002834020013423798 33.665247134615385 0.39903846153846145 45.301282057692305 45.30769230769231 1.5 43.80769230769231 4.450024599995231
68000 7.326923076923077 0.0009153338305104483 33.519149192307694 0.39903846153846156 45.301282057692305 45.30769230769231 1.2884615384615385 44.01923076923077 4.412247300002491
70000 13.461538461538462 0.002410798846319365 32.48652163461539 0.39423076923076916 45.301282057692305 45.30769230769231 1.0384615384615385 44.26923076923077 4.704104000004008
72000 9.115384615384615 0.0011274597291556887 33.62416650000001 0.3397435897435897 45.301282057692305 45.30769230769231 1.0384615384615385 44.26923076923077 4.608133100002306
74000 7.480769230769231 0.00100802337676428 33.849902442307695 0.3237179487179486 45.301282057692305 45.30769230769231 1.0384615384615385 44.26923076923077 4.51748249999946
76000 6.826923076923077 0.0007233723267902054 34.82332123076923 0.266025641025641 45.301282057692305 45.30769230769231 1.0769230769230769 44.23076923076923 4.416751999990083
78000 7.788461538461538 0.0010682668618231374 33.71014607692308 0.3605769230769231 45.301282057692305 45.30769230769231 1.0384615384615385 44.26923076923077 4.3098813999968115
80000 8.903846153846153 0.0018126394272280702 33.967920576923085 0.3060897435897436 45.301282057692305 45.30769230769231 1.0384615384615385 44.26923076923077 4.481816499988781
82000 9.461538461538462 0.0020883537132424536 33.510083211538465 0.34775641025641024 45.301282057692305 45.30769230769231 1.0384615384615385 44.26923076923077 4.344718599983025
84000 7.576923076923077 0.0014090173673530653 35.719898576923086 0.2467948717948718 45.301282057692305 45.30769230769231 1.0384615384615385 44.26923076923077 4.726876400003675
86000 5.653846153846154 0.0002760510402828344 35.28299057692308 0.2419871794871795 45.301282057692305 45.30769230769231 1.0384615384615385 44.26923076923077 4.185739999986254
88000 6.884615384615385 0.001420168295931976 34.7029439423077 0.2932692307692308 45.301282057692305 45.30769230769231 1.0384615384615385 44.26923076923077 4.432116100011626
90000 4.884615384615385 0.0010100398763250894 35.86690169230769 0.22916666666666669 45.301282057692305 45.30769230769231 1.0384615384615385 44.26923076923077 4.1877098999975715
92000 4.9423076923076925 0.0008708727045837679 35.21365626923076 0.21794871794871795 45.301282057692305 45.30769230769231 1.0384615384615385 44.26923076923077 4.356850199983455
94000 5.903846153846154 0.0018073184900239505 34.88444576923076 0.22916666666666669 45.301282057692305 45.30769230769231 1.0384615384615385 44.26923076923077 4.284628300025361
96000 31.846153846153847 0.01808422012114376 31.55233017307692 0.3798076923076923 45.301282057692305 45.30769230769231 1.0384615384615385 44.26923076923077 4.252253599988762
98000 39.65384615384615 0.009085557634365273 30.4192136923077 0.3766025641025641 45.301282057692305 45.30769230769231 1.1153846153846154 44.19230769230769 4.565626299998257
100000 45.92307692307692 0.014227054746677466 28.53953165384615 0.47756410256410253 45.301282057692305 45.30769230769231 1.0576923076923077 44.25 4.334115700010443
102000 46.05769230769231 0.004801176295010119 30.850756596153857 0.33012820512820507 45.301282057692305 45.30769230769231 1.0384615384615385 44.26923076923077 4.618015900021419
104000 96.38461538461539 0.017233256240562298 24.599777769230776 0.6298076923076923 45.301282057692305 45.30769230769231 1.0384615384615385 44.26923076923077 4.445789299992612
106000 92.26923076923077 -0.0029088268461949698 25.173320346153847 0.6378205128205129 45.301282057692305 45.30769230769231 1.0384615384615385 44.26923076923077 4.33353299999726
108000 89.92307692307692 0.018218836523996723 24.94682276923077 0.6378205128205129 45.301282057692305 45.30769230769231 1.0384615384615385 44.26923076923077 4.444584099983331
110000 73.84615384615384 -0.013008245348839488 25.731014230769233 0.5881410256410257 45.301282057692305 45.30769230769231 1.0384615384615385 44.26923076923077 4.404034800012596
112000 100.0 0.0005742198210791756 24.92331957692308 0.6522435897435899 45.301282057692305 45.30769230769231 1.0384615384615385 44.26923076923077 4.323571299988544
114000 90.3076923076923 0.014264090330056779 24.799386153846164 0.6410256410256411 45.301282057692305 45.30769230769231 1.0384615384615385 44.26923076923077 4.34154949997901
116000 90.07692307692308 0.014051324375747421 24.812206673076933 0.6410256410256411 45.301282057692305 45.30769230769231 1.0384615384615385 44.26923076923077 4.374251200002618
118000 77.75 0.008382439040448428 25.329052769230767 0.6169871794871795 45.301282057692305 45.30769230769231 1.0384615384615385 44.26923076923077 4.31307529998594
120000 77.9423076923077 0.010856900675055394 25.290593807692307 0.6266025641025643 45.301282057692305 45.30769230769231 1.1730769230769231 44.13461538461539 4.494199300010223
122000 97.67307692307692 0.017495634567156398 24.71367113461539 0.6474358974358976 45.301282057692305 45.30769230769231 1.2884615384615385 44.01923076923077 4.332602599984966
124000 270.5769230769231 0.08741808981147943 21.849467730769234 0.6298076923076923 45.301282057692305 45.30769230769231 7.711538461538462 37.59615384615385 4.488828600005945
126000 371.78846153846155 0.1123459194096137 20.558870442307693 0.6746794871794873 45.301282057692305 45.30769230769231 7.711538461538462 37.59615384615385 4.362224900018191
128000 371.78846153846155 0.1123459194096137 20.558870442307693 0.6746794871794873 45.301282057692305 45.30769230769231 7.711538461538462 37.59615384615385 4.302208699984476
130000 371.78846153846155 0.1123459194096137 20.558870442307693 0.6746794871794873 45.301282057692305 45.30769230769231 7.711538461538462 37.59615384615385 4.405889499990735
132000 415.6730769230769 0.13131588071805633 21.344716615384634 0.6282051282051283 45.301282057692305 45.30769230769231 11.538461538461538 33.76923076923077 4.401327100000344
134000 424.1923076923077 0.13525157579630603 21.290230057692323 0.6346153846153846 45.301282057692305 45.30769230769231 11.538461538461538 33.76923076923077 4.223726199998055
136000 424.1923076923077 0.13525157579630603 21.290230057692323 0.6346153846153846 45.301282057692305 45.30769230769231 11.538461538461538 33.76923076923077 4.584364399983315
138000 424.1923076923077 0.1353946935118036 21.290230057692323 0.6346153846153846 45.301282057692305 45.30769230769231 11.538461538461538 33.76923076923077 4.481061800004682
140000 425.2307692307692 0.1310206353620964 21.26138390384617 0.6346153846153846 45.301282057692305 45.30769230769231 11.538461538461538 33.76923076923077 4.411925699998392
142000 426.2307692307692 0.11143849043991201 21.306256346153866 0.6346153846153846 45.301282057692305 45.30769230769231 11.576923076923077 33.73076923076923 4.343949699978111
144000 415.6730769230769 0.10698254354932593 21.344716615384634 0.6282051282051283 45.301282057692305 45.30769230769231 11.538461538461538 33.76923076923077 4.389436900004512
146000 548.6730769230769 0.17241762688812196 20.845932076923074 0.6891025641025643 45.301282057692305 45.30769230769231 9.596153846153847 35.71153846153846 4.238448199990671
148000 548.6730769230769 0.17236309646276396 20.845932076923074 0.6891025641025643 45.301282057692305 45.30769230769231 9.596153846153847 35.71153846153846 4.171011599974008
150000 548.6730769230769 0.15523523861993002 20.845932076923074 0.6891025641025643 45.301282057692305 45.30769230769231 9.596153846153847 35.71153846153846 4.52395269999397
152000 548.6730769230769 0.15523523861993002 20.845932076923074 0.6891025641025643 45.301282057692305 45.30769230769231 9.596153846153847 35.71153846153846 4.556072300008964
154000 550.9807692307693 0.15670963657878484 20.820292346153842 0.6891025641025643 45.301282057692305 45.30769230769231 9.673076923076923 35.63461538461539 4.328578100015875
156000 548.6730769230769 0.15523523861993002 20.845932076923074 0.6891025641025643 45.301282057692305 45.30769230769231 9.596153846153847 35.71153846153846 4.584029000019655
158000 548.6730769230769 0.15523523861993002 20.845932076923074 0.6891025641025643 45.301282057692305 45.30769230769231 9.596153846153847 35.71153846153846 4.350987700017868
160000 548.6730769230769 0.15523523861993002 20.845932076923074 0.6891025641025643 45.301282057692305 45.30769230769231 9.596153846153847 35.71153846153846 4.463629499980016
162000 548.6730769230769 0.15786853706618406 20.845932076923074 0.6891025641025643 45.301282057692305 45.30769230769231 9.596153846153847 35.71153846153846 4.394287800008897
164000 548.6730769230769 0.15786853706618406 20.845932076923074 0.6891025641025643 45.301282057692305 45.30769230769231 9.596153846153847 35.71153846153846 4.6234197999874596
166000 548.6730769230769 0.15786853706618406 20.845932076923074 0.6891025641025643 45.301282057692305 45.30769230769231 9.596153846153847 35.71153846153846 4.50252979999641
168000 557.0576923076923 0.1648550188189168 21.03662403846154 0.684294871794872 45.301282057692305 45.30769230769231 10.557692307692308 34.75 4.540758099989034
170000 557.0576923076923 0.1648550188189168 21.03662403846154 0.684294871794872 45.301282057692305 45.30769230769231 10.557692307692308 34.75 4.532995299989125
172000 557.0576923076923 0.1648550188189168 21.03662403846154 0.684294871794872 45.301282057692305 45.30769230769231 10.557692307692308 34.75 4.7448029999795835
174000 559.4230769230769 0.16681689285559415 21.00823576923077 0.684294871794872 45.301282057692305 45.30769230769231 10.596153846153847 34.71153846153846 4.6785571000073105
176000 587.2307692307693 0.18336388316910066 19.175612538461543 0.7147435897435899 45.301282057692305 45.30769230769231 12.403846153846153 32.90384615384615 4.461440099985339
178000 587.2307692307693 0.18097597488428704 19.175612538461543 0.7147435897435899 45.301282057692305 45.30769230769231 12.403846153846153 32.90384615384615 4.57011179998517
180000 587.2307692307693 0.18097597488428704 19.175612538461543 0.7147435897435899 45.301282057692305 45.30769230769231 12.403846153846153 32.90384615384615 4.381144399987534
182000 587.2307692307693 0.18097597488428704 19.175612538461543 0.7147435897435899 45.301282057692305 45.30769230769231 12.403846153846153 32.90384615384615 4.521075399999972
184000 587.2307692307693 0.18097597488428704 19.175612538461543 0.7147435897435899 45.301282057692305 45.30769230769231 12.403846153846153 32.90384615384615 4.229044300009264
186000 587.2307692307693 0.18097597488428704 19.175612538461543 0.7147435897435899 45.301282057692305 45.30769230769231 12.403846153846153 32.90384615384615 4.306951899983687
188000 587.2307692307693 0.18097597488428704 19.175612538461543 0.7147435897435899 45.301282057692305 45.30769230769231 12.403846153846153 32.90384615384615 4.62532629998168
190000 587.2307692307693 0.18097597488428704 19.175612538461543 0.7147435897435899 45.301282057692305 45.30769230769231 12.403846153846153 32.90384615384615 4.333190000004834
192000 596.3461538461538 0.18846878383198692 19.117920884615387 0.7147435897435899 45.301282057692305 45.30769230769231 12.5 32.80769230769231 5.121894699987024
194000 596.3461538461538 0.18846878383198692 19.117920884615387 0.7147435897435899 45.301282057692305 45.30769230769231 12.5 32.80769230769231 4.3956878000171855
196000 596.3461538461538 0.18846878383198692 19.117920884615387 0.7147435897435899 45.301282057692305 45.30769230769231 12.5 32.80769230769231 4.566656800016062
198000 655.8461538461538 0.21714604149683098 19.39463178846154 0.6987179487179489 45.301282057692305 45.30769230769231 11.634615384615385 33.67307692307692 4.38157900000806
200000 655.8461538461538 0.21714604149683098 19.39463178846154 0.6987179487179489 45.301282057692305 45.30769230769231 11.634615384615385 33.67307692307692 4.295733700011624
202000 655.8461538461538 0.21714604149683098 19.39463178846154 0.6987179487179489 45.301282057692305 45.30769230769231 11.634615384615385 33.67307692307692 4.884687400015537
204000 656.9807692307693 0.21869183000259465 19.40104203846154 0.7035256410256412 45.301282057692305 45.30769230769231 11.615384615384615 33.69230769230769 4.485778400005074
206000 651.5576923076923 0.21879122384263525 19.458734307692307 0.7227564102564105 45.301282057692305 45.30769230769231 11.461538461538462 33.84615384615385 4.425364499998977
208000 651.5576923076923 0.21879122384263525 19.458734307692307 0.7227564102564105 45.301282057692305 45.30769230769231 11.461538461538462 33.84615384615385 4.499571399996057
210000 651.5576923076923 0.21879122384263525 19.458734307692307 0.7227564102564105 45.301282057692305 45.30769230769231 11.461538461538462 33.84615384615385 4.725151199992979
212000 657.2307692307693 0.22434378521158377 19.455071346153847 0.7227564102564105 45.301282057692305 45.30769230769231 11.557692307692308 33.75 4.253013400011696
214000 657.2307692307693 0.22434378521158377 19.455071346153847 0.7227564102564105 45.301282057692305 45.30769230769231 11.557692307692308 33.75 4.586378100008005
216000 656.7115384615385 0.21769807563863827 19.466976192307694 0.6987179487179489 45.301282057692305 45.30769230769231 11.596153846153847 33.71153846153846 4.333283799991477
218000 656.6923076923077 0.2175924951767808 19.499027423076924 0.6987179487179489 45.301282057692305 45.30769230769231 11.596153846153847 33.71153846153846 4.506349800009048
220000 656.6923076923077 0.2175924951767808 19.499027423076924 0.6987179487179489 45.301282057692305 45.30769230769231 11.596153846153847 33.71153846153846 4.582878999994136
222000 657.0961538461538 0.21878422526934133 19.477049384615388 0.7035256410256412 45.301282057692305 45.30769230769231 11.576923076923077 33.73076923076923 4.7139735000091605
224000 657.0961538461538 0.21878422526934133 19.477049384615388 0.7035256410256412 45.301282057692305 45.30769230769231 11.576923076923077 33.73076923076923 4.474195299990242
226000 657.0961538461538 0.21878422526934133 19.477049384615388 0.7035256410256412 45.301282057692305 45.30769230769231 11.576923076923077 33.73076923076923 4.487848999997368
228000 656.6923076923077 0.2175924951767808 19.499027423076924 0.6987179487179489 45.301282057692305 45.30769230769231 11.596153846153847 33.71153846153846 4.627394600014668
230000 656.6923076923077 0.2175924951767808 19.499027423076924 0.6987179487179489 45.301282057692305 45.30769230769231 11.596153846153847 33.71153846153846 4.497591499995906
232000 656.6923076923077 0.2175924951767808 19.499027423076924 0.6987179487179489 45.301282057692305 45.30769230769231 11.596153846153847 33.71153846153846 4.4541709999903105
234000 656.6923076923077 0.2175924951767808 19.499027423076924 0.6987179487179489 45.301282057692305 45.30769230769231 11.596153846153847 33.71153846153846 4.606157700007316
236000 649.3846153846154 0.2104690961750335 19.528331423076924 0.6939102564102566 45.301282057692305 45.30769230769231 11.5 33.80769230769231 4.301538500003517
238000 656.2884615384615 0.2138945175779003 19.499027423076924 0.6987179487179489 45.301282057692305 45.30769230769231 11.596153846153847 33.71153846153846 4.572074700001394
240000 657.2307692307693 0.22434378521158377 19.455071346153847 0.7227564102564105 45.301282057692305 45.30769230769231 11.557692307692308 33.75 4.767374400020344
242000 657.0961538461538 0.21878422526934133 19.477049384615388 0.7035256410256412 45.301282057692305 45.30769230769231 11.576923076923077 33.73076923076923 4.232265300001018
244000 657.0961538461538 0.21878422526934133 19.477049384615388 0.7035256410256412 45.301282057692305 45.30769230769231 11.576923076923077 33.73076923076923 4.314836800011108
246000 657.0961538461538 0.21878422526934133 19.477049384615388 0.7035256410256412 45.301282057692305 45.30769230769231 11.576923076923077 33.73076923076923 4.370323199982522
248000 657.0961538461538 0.21878422526934133 19.477049384615388 0.7035256410256412 45.301282057692305 45.30769230769231 11.576923076923077 33.73076923076923 4.641319800022757
250000 657.0961538461538 0.21878422526934133 19.477049384615388 0.7035256410256412 45.301282057692305 45.30769230769231 11.576923076923077 33.73076923076923 4.426470699982019
252000 656.6923076923077 0.2175924951767808 19.499027423076924 0.6987179487179489 45.301282057692305 45.30769230769231 11.596153846153847 33.71153846153846 4.489148799999384
254000 656.6923076923077 0.2175924951767808 19.499027423076924 0.6987179487179489 45.301282057692305 45.30769230769231 11.596153846153847 33.71153846153846 4.478754399984609
256000 656.8461538461538 0.21617269275291814 19.527416980769235 0.6987179487179489 45.301282057692305 45.30769230769231 11.596153846153847 33.71153846153846 4.543897800002014
258000 656.6923076923077 0.2175924951767808 19.499027423076924 0.6987179487179489 45.301282057692305 45.30769230769231 11.596153846153847 33.71153846153846 4.250932199996896
260000 657.0961538461538 0.21878422526934133 19.477049384615388 0.7035256410256412 45.301282057692305 45.30769230769231 11.576923076923077 33.73076923076923 4.376988999982132
262000 656.8461538461538 0.21617269275291814 19.527416980769235 0.6987179487179489 45.301282057692305 45.30769230769231 11.596153846153847 33.71153846153846 4.535523200000171
264000 656.6923076923077 0.2175924951767808 19.499027423076924 0.6987179487179489 45.301282057692305 45.30769230769231 11.596153846153847 33.71153846153846 4.365136899985373
266000 656.8461538461538 0.21359344311023262 19.527416980769235 0.6987179487179489 45.301282057692305 45.30769230769231 11.596153846153847 33.71153846153846 4.397699399996782
268000 656.8461538461538 0.21384588578127595 19.527416980769235 0.6987179487179489 45.301282057692305 45.30769230769231 11.596153846153847 33.71153846153846 4.512552700005472
270000 656.8461538461538 0.21469226334838298 19.527416980769235 0.6987179487179489 45.301282057692305 45.30769230769231 11.596153846153847 33.71153846153846 4.811436999996658
272000 656.8461538461538 0.21469226334838298 19.527416980769235 0.6987179487179489 45.301282057692305 45.30769230769231 11.596153846153847 33.71153846153846 4.474604199989699
274000 656.8461538461538 0.21617269275291814 19.527416980769235 0.6987179487179489 45.301282057692305 45.30769230769231 11.596153846153847 33.71153846153846 4.622893699997803
276000 656.8461538461538 0.21617269275291814 19.527416980769235 0.6987179487179489 45.301282057692305 45.30769230769231 11.596153846153847 33.71153846153846 4.3436579999979585
278000 656.8461538461538 0.21617269275291814 19.527416980769235 0.6987179487179489 45.301282057692305 45.30769230769231 11.596153846153847 33.71153846153846 4.596997900021961
280000 656.8461538461538 0.21617269275291814 19.527416980769235 0.6987179487179489 45.301282057692305 45.30769230769231 11.596153846153847 33.71153846153846 5.003968100005295
282000 656.8461538461538 0.21384588578127595 19.527416980769235 0.6987179487179489 45.301282057692305 45.30769230769231 11.596153846153847 33.71153846153846 4.644135200011078
284000 656.8461538461538 0.21617269275291814 19.527416980769235 0.6987179487179489 45.301282057692305 45.30769230769231 11.596153846153847 33.71153846153846 4.381625500012888
286000 656.8461538461538 0.21617269275291814 19.527416980769235 0.6987179487179489 45.301282057692305 45.30769230769231 11.596153846153847 33.71153846153846 4.161997199989855
288000 656.8461538461538 0.21617269275291814 19.527416980769235 0.6987179487179489 45.301282057692305 45.30769230769231 11.596153846153847 33.71153846153846 4.825697699998273
290000 656.3461538461538 0.21545054048271928 19.599760711538465 0.6987179487179489 45.301282057692305 45.30769230769231 11.634615384615385 33.67307692307692 4.121125100005884
292000 659.8269230769231 0.21679832083895878 20.43751473076924 0.684294871794872 45.301282057692305 45.30769230769231 12.403846153846153 32.90384615384615 4.423158099991269
294000 658.1923076923077 0.21525716995444386 20.53183713461539 0.684294871794872 45.301282057692305 45.30769230769231 12.461538461538462 32.84615384615385 4.279029899975285
296000 658.1923076923077 0.21525716995444386 20.53183713461539 0.684294871794872 45.301282057692305 45.30769230769231 12.461538461538462 32.84615384615385 4.423408599977847
298000 659.8269230769231 0.21679832083895878 20.43751473076924 0.684294871794872 45.301282057692305 45.30769230769231 12.403846153846153 32.90384615384615 4.27829010001733
300000 659.3461538461538 0.21661181374641286 20.459493403846164 0.684294871794872 45.301282057692305 45.30769230769231 12.423076923076923 32.88461538461539 4.413340599974617
302000 659.4615384615385 0.2161568877608317 20.437515365384623 0.684294871794872 45.301282057692305 45.30769230769231 12.403846153846153 32.90384615384615 4.978022300027078
304000 665.0576923076923 0.21931940360986585 20.038338038461543 0.6987179487179489 45.301282057692305 45.30769230769231 12.153846153846153 33.15384615384615 4.4124726000009105
306000 667.6153846153846 0.22304004266902838 19.94035265384616 0.6987179487179489 45.301282057692305 45.30769230769231 12.153846153846153 33.15384615384615 4.466747599974042
308000 666.2115384615385 0.221617848592905 20.056653096153852 0.6987179487179489 45.301282057692305 45.30769230769231 12.23076923076923 33.07692307692308 4.517851100012194
310000 667.8653846153846 0.22203882121496285 19.91837461538462 0.6987179487179489 45.301282057692305 45.30769230769231 12.134615384615385 33.17307692307692 4.518289800005732
312000 665.8461538461538 0.2216309292035623 20.06306207692308 0.6987179487179489 45.301282057692305 45.30769230769231 12.211538461538462 33.09615384615385 4.313083800021559
314000 663.2115384615385 0.21807579732342802 20.28009582692308 0.6987179487179489 45.301282057692305 45.30769230769231 12.365384615384615 32.94230769230769 4.5627433999907225
316000 664.9423076923077 0.22432438401839627 20.205004192307698 0.7227564102564105 45.301282057692305 45.30769230769231 12.288461538461538 33.01923076923077 4.192011100007221
318000 665.3461538461538 0.22499888344061528 20.07313532692308 0.7227564102564105 45.301282057692305 45.30769230769231 12.173076923076923 33.13461538461539 4.608965100022033
320000 664.5961538461538 0.22290785459684517 20.067639519230774 0.7227564102564105 45.301282057692305 45.30769230769231 12.096153846153847 33.21153846153846 4.237286799994763
322000 664.4807692307693 0.22280803759907675 20.08961755769231 0.7227564102564105 45.301282057692305 45.30769230769231 12.115384615384615 33.19230769230769 4.365013500006171
324000 665.8269230769231 0.22625393204742344 20.139068807692315 0.7227564102564105 45.301282057692305 45.30769230769231 12.23076923076923 33.07692307692308 4.855750100017758
326000 665.9615384615385 0.2253354022233493 20.117091403846157 0.7227564102564105 45.301282057692305 45.30769230769231 12.211538461538462 33.09615384615385 4.496354400005657
328000 666.3653846153846 0.22525838718929878 20.029179250000006 0.7227564102564105 45.301282057692305 45.30769230769231 12.134615384615385 33.17307692307692 4.422394600027474
330000 668.4807692307693 0.2279388835121068 19.896396576923085 0.7227564102564105 45.301282057692305 45.30769230769231 12.115384615384615 33.19230769230769 4.354295099998126
332000 668.3269230769231 0.22746636418583857 19.852440500000004 0.7227564102564105 45.301282057692305 45.30769230769231 12.076923076923077 33.23076923076923 4.3233419000171125
334000 667.3269230769231 0.225802408712861 19.846944692307698 0.7227564102564105 45.301282057692305 45.30769230769231 12.0 33.30769230769231 4.400895700004185
336000 668.3653846153846 0.22856788214872778 19.91837461538462 0.7227564102564105 45.301282057692305 45.30769230769231 12.134615384615385 33.17307692307692 4.691474500024924
338000 668.5192307692307 0.22824733605891379 19.830462461538467 0.7227564102564105 45.301282057692305 45.30769230769231 12.057692307692308 33.25 4.535965999995824
340000 668.5576923076923 0.2271134888949206 19.830462461538467 0.7227564102564105 45.301282057692305 45.30769230769231 12.057692307692308 33.25 4.24830840001232
342000 668.1538461538462 0.22686640157701296 19.80848442307693 0.7227564102564105 45.301282057692305 45.30769230769231 12.038461538461538 33.26923076923077 4.1789488999929745
344000 668.6923076923077 0.2275200817227826 19.874418538461548 0.7227564102564105 45.301282057692305 45.30769230769231 12.096153846153847 33.21153846153846 4.302967299998272
346000 668.1153846153846 0.2274452257046876 20.00628740384616 0.7227564102564105 45.301282057692305 45.30769230769231 12.211538461538462 33.09615384615385 4.46843040001113
348000 668.0384615384615 0.2268773192698165 19.98430936538462 0.7227564102564105 45.301282057692305 45.30769230769231 12.192307692307692 33.11538461538461 4.236059699993348
350000 668.4807692307693 0.22726738968105561 19.940353288461544 0.7227564102564105 45.301282057692305 45.30769230769231 12.153846153846153 33.15384615384615 4.4083799999789335
352000 667.0961538461538 0.22627957058727483 20.01269765384616 0.7227564102564105 45.301282057692305 45.30769230769231 12.192307692307692 33.11538461538461 4.427157800004352
354000 667.2884615384615 0.22680181160612334 19.990719615384617 0.7227564102564105 45.301282057692305 45.30769230769231 12.173076923076923 33.13461538461539 4.520283899997594
356000 667.2884615384615 0.22716526985668142 19.990719615384617 0.7227564102564105 45.301282057692305 45.30769230769231 12.173076923076923 33.13461538461539 4.560893400019268
358000 667.7692307692307 0.22723148965392678 19.968740942307697 0.7227564102564105 45.301282057692305 45.30769230769231 12.153846153846153 33.15384615384615 4.361209199996665
360000 666.5769230769231 0.2244010797260168 20.07863113461539 0.7179487179487182 45.301282057692305 45.30769230769231 12.25 33.05769230769231 4.183375699998578
362000 667.2115384615385 0.22527908252860024 20.034675057692315 0.7179487179487182 45.301282057692305 45.30769230769231 12.211538461538462 33.09615384615385 4.484226300002774
364000 665.8846153846154 0.22440196955549332 20.144565250000007 0.7179487179487182 45.301282057692305 45.30769230769231 12.307692307692308 33.0 4.380038900009822
366000 666.8461538461538 0.22510665800961152 20.03467442307693 0.7179487179487182 45.301282057692305 45.30769230769231 12.211538461538462 33.09615384615385 4.459003100026166
368000 667.2115384615385 0.22547773254316608 19.946762903846164 0.7179487179487182 45.301282057692305 45.30769230769231 12.134615384615385 33.17307692307692 4.231438700022409
370000 667.6538461538462 0.226347850477148 19.92478486538462 0.7227564102564105 45.301282057692305 45.30769230769231 12.115384615384615 33.19230769230769 4.53229870001087
372000 667.6538461538462 0.22665440561051195 19.92478486538462 0.7227564102564105 45.301282057692305 45.30769230769231 12.115384615384615 33.19230769230769 4.786778699985007
374000 667.4038461538462 0.22663609023866263 19.946762903846157 0.7227564102564105 45.301282057692305 45.30769230769231 12.134615384615385 33.17307692307692 4.325829800014617
376000 667.6538461538462 0.22668472605677284 19.92478486538462 0.7227564102564105 45.301282057692305 45.30769230769231 12.115384615384615 33.19230769230769 4.75717130000703
378000 666.9230769230769 0.2264146920885506 19.96874157692308 0.7227564102564105 45.301282057692305 45.30769230769231 12.153846153846153 33.15384615384615 4.388483099988662
380000 666.7307692307693 0.22628416649894723 19.968741576923087 0.7227564102564105 45.301282057692305 45.30769230769231 12.153846153846153 33.15384615384615 4.504329900024459
382000 666.9230769230769 0.2263353536040817 19.96874157692308 0.7227564102564105 45.301282057692305 45.30769230769231 12.153846153846153 33.15384615384615 4.572901200008346
384000 666.9230769230769 0.2256964791170053 19.96874157692308 0.7227564102564105 45.301282057692305 45.30769230769231 12.153846153846153 33.15384615384615 4.352914099988993
386000 666.6730769230769 0.2248742175954345 19.946763538461543 0.7227564102564105 45.301282057692305 45.30769230769231 12.134615384615385 33.17307692307692 4.689374300010968
388000 666.4807692307693 0.22517326043813338 19.990719615384624 0.7227564102564105 45.301282057692305 45.30769230769231 12.173076923076923 33.13461538461539 4.357068299985258
390000 666.2115384615385 0.22409246369744895 20.11068178846154 0.7227564102564105 45.301282057692305 45.30769230769231 12.23076923076923 33.07692307692308 4.38306619998184
392000 666.9230769230769 0.22675370517611576 20.034675692307697 0.7227564102564105 45.301282057692305 45.30769230769231 12.211538461538462 33.09615384615385 4.641828899999382
394000 666.0192307692307 0.22519717949975218 20.08870438461539 0.7227564102564105 45.301282057692305 45.30769230769231 12.211538461538462 33.09615384615385 4.225886300002458
396000 666.9230769230769 0.2264278740709889 20.034675692307697 0.7227564102564105 45.301282057692305 45.30769230769231 12.211538461538462 33.09615384615385 4.437786900001811
398000 666.0192307692307 0.22402458270905726 20.08870438461539 0.7227564102564105 45.301282057692305 45.30769230769231 12.211538461538462 33.09615384615385 4.478598600020632
400000 666.5576923076923 0.22557178408939438 20.01269765384616 0.7227564102564105 45.301282057692305 45.30769230769231 12.192307692307692 33.11538461538461 4.3520230000140145
402000 666.3076923076923 0.22425374798483158 20.066726980769236 0.7227564102564105 45.301282057692305 45.30769230769231 12.192307692307692 33.11538461538461 4.628825899999356
404000 666.9230769230769 0.2256604468698898 20.034675692307697 0.7227564102564105 45.301282057692305 45.30769230769231 12.211538461538462 33.09615384615385 4.2778073999797925
406000 665.8653846153846 0.22381511681913946 20.088705019230776 0.7179487179487182 45.301282057692305 45.30769230769231 12.211538461538462 33.09615384615385 4.269192200008547
408000 665.5769230769231 0.2235859515433651 20.110682423076927 0.7179487179487182 45.301282057692305 45.30769230769231 12.23076923076923 33.07692307692308 4.3968983000086155
410000 666.4230769230769 0.22538469008991682 19.990719615384624 0.7227564102564105 45.301282057692305 45.30769230769231 12.173076923076923 33.13461538461539 4.267599000013433
412000 666.3076923076923 0.22425374798483158 20.066726980769236 0.7227564102564105 45.301282057692305 45.30769230769231 12.192307692307692 33.11538461538461 4.480525899998611
414000 666.8653846153846 0.22557245916436916 19.968741576923087 0.7227564102564105 45.301282057692305 45.30769230769231 12.153846153846153 33.15384615384615 4.541339699993841
416000 666.8653846153846 0.2262756100084569 19.968741576923087 0.7227564102564105 45.301282057692305 45.30769230769231 12.153846153846153 33.15384615384615 4.415041299973382
418000 666.8653846153846 0.2262756100084569 19.968741576923087 0.7227564102564105 45.301282057692305 45.30769230769231 12.153846153846153 33.15384615384615 4.45754620002117
420000 666.1923076923077 0.22601072833989228 20.012697653846164 0.7227564102564105 45.301282057692305 45.30769230769231 12.192307692307692 33.11538461538461 4.504082900006324
422000 666.6346153846154 0.22619849741434464 19.990719615384624 0.7227564102564105 45.301282057692305 45.30769230769231 12.173076923076923 33.13461538461539 4.324741999997059
424000 666.7692307692307 0.22632131505681083 20.01269765384616 0.7227564102564105 45.301282057692305 45.30769230769231 12.192307692307692 33.11538461538461 4.238364700024249
426000 666.6923076923077 0.228242393733872 20.056653730769238 0.7227564102564105 45.301282057692305 45.30769230769231 12.23076923076923 33.07692307692308 4.816605300002266
428000 666.0769230769231 0.22683569484881377 20.088705019230776 0.7227564102564105 45.301282057692305 45.30769230769231 12.211538461538462 33.09615384615385 4.526692499988712
430000 666.0769230769231 0.2261325440047261 20.088705019230776 0.7227564102564105 45.301282057692305 45.30769230769231 12.211538461538462 33.09615384615385 4.660876599984476
432000 666.0769230769231 0.2261325440047261 20.088705019230776 0.7227564102564105 45.301282057692305 45.30769230769231 12.211538461538462 33.09615384615385 4.599306899996009
434000 666.0769230769231 0.22509119075900313 20.088705019230776 0.7227564102564105 45.301282057692305 45.30769230769231 12.211538461538462 33.09615384615385 4.298422499996377
436000 666.0769230769231 0.22683569484881377 20.088705019230776 0.7227564102564105 45.301282057692305 45.30769230769231 12.211538461538462 33.09615384615385 4.398205200006487
438000 665.7884615384615 0.22590337872895175 20.110682423076927 0.7227564102564105 45.301282057692305 45.30769230769231 12.23076923076923 33.07692307692308 4.353084400005173
440000 665.7884615384615 0.22590337872895175 20.110682423076927 0.7227564102564105 45.301282057692305 45.30769230769231 12.23076923076923 33.07692307692308 4.140251500008162
442000 666.0769230769231 0.22683569484881377 20.088705019230776 0.7227564102564105 45.301282057692305 45.30769230769231 12.211538461538462 33.09615384615385 4.310953300009714
444000 666.3076923076923 0.2269128074429261 20.066726980769236 0.7227564102564105 45.301282057692305 45.30769230769231 12.192307692307692 33.11538461538461 4.1927347000164445
446000 666.4230769230769 0.22695956934705291 20.0447489423077 0.7227564102564105 45.301282057692305 45.30769230769231 12.173076923076923 33.13461538461539 4.523683199979132
448000 666.4230769230769 0.22695956934705291 20.0447489423077 0.7227564102564105 45.301282057692305 45.30769230769231 12.173076923076923 33.13461538461539 4.797483200003626
450000 667.1153846153846 0.22840109816905668 19.96874157692308 0.7227564102564105 45.301282057692305 45.30769230769231 12.153846153846153 33.15384615384615 4.464908199995989
452000 667.1153846153846 0.22840109816905668 19.96874157692308 0.7227564102564105 45.301282057692305 45.30769230769231 12.153846153846153 33.15384615384615 4.183868399995845
454000 666.0576923076923 0.22680663020954606 20.02277090384616 0.7227564102564105 45.301282057692305 45.30769230769231 12.153846153846153 33.15384615384615 4.512393300014082
456000 667.1153846153846 0.22840109816905668 19.96874157692308 0.7227564102564105 45.301282057692305 45.30769230769231 12.153846153846153 33.15384615384615 4.358361300022807
458000 667.1153846153846 0.22840109816905668 19.96874157692308 0.7227564102564105 45.301282057692305 45.30769230769231 12.153846153846153 33.15384615384615 4.153254100005142
460000 667.1153846153846 0.22840109816905668 19.96874157692308 0.7227564102564105 45.301282057692305 45.30769230769231 12.153846153846153 33.15384615384615 4.36396099999547
462000 666.6730769230769 0.2282133290946043 19.990719615384624 0.7227564102564105 45.301282057692305 45.30769230769231 12.173076923076923 33.13461538461539 4.479821700020693
464000 666.4230769230769 0.22628105600908938 20.0447489423077 0.7227564102564105 45.301282057692305 45.30769230769231 12.173076923076923 33.13461538461539 3.943409100000281
466000 666.1346153846154 0.22534873988922735 20.06672634615385 0.7227564102564105 45.301282057692305 45.30769230769231 12.192307692307692 33.11538461538461 3.713923400006024
468000 665.8269230769231 0.22535685006363365 20.088705019230773 0.7227564102564105 45.301282057692305 45.30769230769231 12.211538461538462 33.09615384615385 3.7426718000206165
470000 665.8269230769231 0.22535685006363365 20.088705019230773 0.7227564102564105 45.301282057692305 45.30769230769231 12.211538461538462 33.09615384615385 3.348100600007456
472000 665.8269230769231 0.22465369921954598 20.088705019230773 0.7227564102564105 45.301282057692305 45.30769230769231 12.211538461538462 33.09615384615385 3.3548516999871936
474000 665.8269230769231 0.22465369921954598 20.088705019230773 0.7227564102564105 45.301282057692305 45.30769230769231 12.211538461538462 33.09615384615385 2.8250358999939635
476000 665.8269230769231 0.22465369921954598 20.088705019230773 0.7227564102564105 45.301282057692305 45.30769230769231 12.211538461538462 33.09615384615385 2.823015400004806
478000 665.8269230769231 0.22465369921954598 20.088705019230773 0.7227564102564105 45.301282057692305 45.30769230769231 12.211538461538462 33.09615384615385 2.9276835000200663
480000 665.8269230769231 0.22465369921954598 20.088705019230773 0.7227564102564105 45.301282057692305 45.30769230769231 12.211538461538462 33.09615384615385 2.508519100025296
482000 667.1923076923077 0.2276217211867014 20.012697019230774 0.7227564102564105 45.301282057692305 45.30769230769231 12.192307692307692 33.11538461538461 2.372887199977413
484000 667.1923076923077 0.2276217211867014 20.012697019230774 0.7227564102564105 45.301282057692305 45.30769230769231 12.192307692307692 33.11538461538461 2.042446999985259
486000 667.4807692307693 0.22855403730656343 19.990719615384617 0.7227564102564105 45.301282057692305 45.30769230769231 12.173076923076923 33.13461538461539 2.050687899987679
488000 667.1153846153846 0.22840109816905668 19.96874157692308 0.7227564102564105 45.301282057692305 45.30769230769231 12.153846153846153 33.15384615384615 1.89302069999394
490000 667.2307692307693 0.2284515638346858 19.946763538461543 0.7227564102564105 45.301282057692305 45.30769230769231 12.134615384615385 33.17307692307692 1.664856699993834
492000 667.1153846153846 0.22840109816905668 19.96874157692308 0.7227564102564105 45.301282057692305 45.30769230769231 12.153846153846153 33.15384615384615 1.6501327999867499
494000 667.2307692307693 0.2284515638346858 19.946763538461543 0.7227564102564105 45.301282057692305 45.30769230769231 12.134615384615385 33.17307692307692 1.5199033000099007
496000 667.2307692307693 0.2284515638346858 19.946763538461543 0.7227564102564105 45.301282057692305 45.30769230769231 12.134615384615385 33.17307692307692 1.1632834999763872
498000 667.2307692307693 0.2284515638346858 19.946763538461543 0.7227564102564105 45.301282057692305 45.30769230769231 12.134615384615385 33.17307692307692 1.079803400003584
500000 667.1153846153846 0.22840109816905668 19.96874157692308 0.7227564102564105 45.301282057692305 45.30769230769231 12.153846153846153 33.15384615384615 1.4321559999953024
