2000 2.5 -0.018829007031020847 35.93282990384616 0.09455128205128206 45.301282057692305 45.30769230769231 1.6538461538461537 43.65384615384615 1.1603819000010844
4000 3.673076923076923 -0.07625617625043397 35.17562800000001 0.11698717948717949 45.301282057692305 45.30769230769231 1.6730769230769231 43.63461538461539 1.2954116000037175
6000 5.519230769230769 -0.1914162105989799 34.36927051923076 0.1201923076923077 45.301282057692305 45.30769230769231 1.9038461538461537 43.40384615384615 1.375041199993575
8000 2.519230769230769 0.0006485155131290244 35.32084798076923 0.18269230769230765 45.301282057692305 45.30769230769231 1.6730769230769231 43.63461538461539 1.7012612999824341
10000 10.51923076923077 -0.05602213802301436 30.85985832692308 0.30288461538461536 45.301282057692305 45.30769230769231 2.0576923076923075 43.25 2.167102400009753
12000 11.576923076923077 0.003956763411456608 30.95040211538461 0.2708333333333333 45.301282057692305 45.30769230769231 2.576923076923077 42.73076923076923 2.3088010999781545
14000 5.346153846153846 0.0012573226938338963 32.79103011538463 0.2644230769230769 45.301282057692305 45.30769230769231 2.5961538461538463 42.71153846153846 2.532852800010005
16000 7.5576923076923075 0.001667652604140987 33.03401255769231 0.22596153846153844 45.301282057692305 45.30769230769231 1.6730769230769231 43.63461538461539 4.2834760999830905
18000 20.75 0.003599290598687789 29.599439461538466 0.3205128205128206 45.301282057692305 45.30769230769231 1.6730769230769231 43.63461538461539 3.9816668999847025
20000 7.403846153846154 0.0019917215542822994 32.13368257692308 0.25 45.301282057692305 45.30769230769231 1.6730769230769231 43.63461538461539 4.0945957000076305
22000 5.365384615384615 -0.0371756056918951 33.758803057692305 0.17147435897435892 45.301282057692305 45.30769230769231 1.8653846153846154 43.44230769230769 3.7090585000114515
24000 4.230769230769231 -0.03786577805054842 34.02892107692308 0.11698717948717949 45.301282057692305 45.30769230769231 1.6538461538461537 43.65384615384615 3.7882984000025317
26000 13.51923076923077 -0.6906904289319957 33.50991476923077 0.1618589743589744 45.301282057692305 45.30769230769231 1.6538461538461537 43.65384615384615 3.332987600006163
28000 26.615384615384617 -0.6121234605122685 30.62892144230769 0.2724358974358974 45.301282057692305 45.30769230769231 1.8461538461538463 43.46153846153846 3.20102219999535
30000 8.211538461538462 -0.7470231121049096 33.60367584615385 0.16987179487179485 45.301282057692305 45.30769230769231 1.8653846153846154 43.44230769230769 2.3816204000031576
32000 5.673076923076923 0.0006926532126278753 33.15041244230769 0.18269230769230765 45.301282057692305 45.30769230769231 2.1538461538461537 43.15384615384615 3.4611024000041652
34000 16.365384615384617 0.005083491268669752 31.55176586538463 0.22596153846153844 45.301282057692305 45.30769230769231 2.2115384615384617 43.09615384615385 3.660065400006715
36000 12.557692307692308 0.006587361595625318 32.29405955769232 0.18269230769230768 45.301282057692305 45.30769230769231 2.576923076923077 42.73076923076923 3.757329399988521
38000 13.115384615384615 0.0069554969083345675 32.10095042307693 0.25641025641025644 45.301282057692305 45.30769230769231 2.6153846153846154 42.69230769230769 3.674245600006543
40000 37.51923076923077 0.010007936843034896 29.26012728846155 0.3076923076923077 45.301282057692305 45.30769230769231 2.6153846153846154 42.69230769230769 3.7109855999879073
42000 32.61538461538461 0.005883710789499581 29.300191403846163 0.32211538461538464 45.301282057692305 45.30769230769231 2.519230769230769 42.78846153846154 3.7797307000146247
44000 27.384615384615383 0.005956168602558364 30.837692307692315 0.2884615384615385 45.301282057692305 45.30769230769231 2.7884615384615383 42.51923076923077 3.747770100017078
46000 35.5 0.011497039415874318 30.155010653846155 0.3044871794871795 45.301282057692305 45.30769230769231 3.6153846153846154 41.69230769230769 3.9162985000002664
48000 39.05769230769231 -0.2944023621724393 30.484230788461552 0.27403846153846156 45.301282057692305 45.30769230769231 3.519230769230769 41.78846153846154 3.342838699987624
50000 38.69230769230769 0.01293485731444751 29.288235769230766 0.342948717948718 45.301282057692305 45.30769230769231 6.903846153846154 38.40384615384615 3.906227500003297
52000 86.32692307692308 0.031885631584810274 26.177763903846156 0.4375 45.301282057692305 45.30769230769231 6.9423076923076925 38.36538461538461 3.757674799999222
54000 136.0 0.058802171047388656 24.504686192307688 0.49198717948717946 45.301282057692305 45.30769230769231 7.480769230769231 37.82692307692308 3.7633097000070848
56000 206.23076923076923 0.08045680311989468 22.62730794230769 0.5112179487179487 45.301282057692305 45.30769230769231 7.211538461538462 38.09615384615385 3.815249900013441
58000 117.57692307692308 0.027667405050884056 24.88218761538461 0.42467948717948717 45.301282057692305 45.30769230769231 3.5 41.80769230769231 3.9187169000215363
60000 124.01923076923077 0.03853407305704765 24.039238346153844 0.4631410256410256 45.301282057692305 45.30769230769231 3.5576923076923075 41.75 4.088625500007765
62000 117.88461538461539 0.03356634571755843 24.13539192307692 0.4503205128205127 45.301282057692305 45.30769230769231 2.8076923076923075 42.5 4.55277149999165
64000 138.46153846153845 0.02548145389358462 23.359750749999996 0.49198717948717946 45.301282057692305 45.30769230769231 3.423076923076923 41.88461538461539 4.207900799985509
66000 154.21153846153845 0.0357909005746788 23.26680230769231 0.47275641025641024 45.301282057692305 45.30769230769231 4.230769230769231 41.07692307692308 4.408956300001591
68000 132.07692307692307 0.024132460741180643 23.74276413461539 0.4711538461538461 45.301282057692305 45.30769230769231 4.269230769230769 41.03846153846154 4.361929800012149
70000 150.3653846153846 0.027340794541966914 23.345327826923075 0.5016025641025641 45.301282057692305 45.30769230769231 3.923076923076923 41.38461538461539 4.151519700011704
72000 178.6153846153846 0.028166367863609494 22.552057499999993 0.530448717948718 45.301282057692305 45.30769230769231 2.3653846153846154 42.94230769230769 4.219113700004527
74000 194.53846153846155 0.03063136600205914 22.080928980769222 0.5496794871794871 45.301282057692305 45.30769230769231 1.6730769230769231 43.63461538461539 4.358911600022111
76000 194.26923076923077 0.0238030316368862 22.13335563461538 0.5464743589743589 45.301282057692305 45.30769230769231 1.6730769230769231 43.63461538461539 4.5211497000127565
78000 194.26923076923077 0.0238030316368862 22.13335563461538 0.5464743589743589 45.301282057692305 45.30769230769231 1.6730769230769231 43.63461538461539 4.709239700023318
80000 435.9423076923077 0.1532105473671318 18.937104999999995 0.6266025641025641 45.301282057692305 45.30769230769231 10.076923076923077 35.23076923076923 4.236725700000534
82000 435.9423076923077 0.1532105473671318 18.937104999999995 0.6266025641025641 45.301282057692305 45.30769230769231 10.076923076923077 35.23076923076923 4.358148800005438
84000 424.21153846153845 0.10246960082868319 19.01402811538461 0.6201923076923077 45.301282057692305 45.30769230769231 10.076923076923077 35.23076923076923 4.184840100002475
86000 425.84615384615387 0.10565799881717848 19.01723326923076 0.6201923076923077 45.301282057692305 45.30769230769231 10.153846153846153 35.15384615384615 4.536841599998297
88000 425.84615384615387 0.10565799881717848 19.01723326923076 0.6201923076923077 45.301282057692305 45.30769230769231 10.153846153846153 35.15384615384615 4.475444499985315
90000 534.9807692307693 0.15825465359188332 18.96658559615385 0.6217948717948718 45.301282057692305 45.30769230769231 13.788461538461538 31.51923076923077 4.377287699986482
92000 534.9807692307693 0.15825465359188332 18.96658559615385 0.6217948717948718 45.301282057692305 45.30769230769231 13.788461538461538 31.51923076923077 4.244171300000744
94000 534.9807692307693 0.15825465359188332 18.96658559615385 0.6217948717948718 45.301282057692305 45.30769230769231 13.788461538461538 31.51923076923077 4.262151899980381
96000 534.9807692307693 0.15825465359188332 18.96658559615385 0.6217948717948718 45.301282057692305 45.30769230769231 13.788461538461538 31.51923076923077 4.441593600000488
98000 688.4615384615385 0.24874942609976258 18.59092042307692 0.6314102564102565 45.301282057692305 45.30769230769231 12.846153846153847 32.46153846153846 4.310654600005364
100000 688.4615384615385 0.24874942609976258 18.59092042307692 0.6314102564102565 45.301282057692305 45.30769230769231 12.846153846153847 32.46153846153846 4.508654600009322
102000 688.4615384615385 0.24874942609976258 18.59092042307692 0.6314102564102565 45.301282057692305 45.30769230769231 12.846153846153847 32.46153846153846 4.5466367000190075
104000 688.4615384615385 0.24874942609976258 18.59092042307692 0.6314102564102565 45.301282057692305 45.30769230769231 12.846153846153847 32.46153846153846 4.204373699991265
106000 688.4615384615385 0.2097825282521726 18.59092042307692 0.6314102564102565 45.301282057692305 45.30769230769231 12.846153846153847 32.46153846153846 4.223510699986946
108000 688.4615384615385 0.2097825282521726 18.59092042307692 0.6314102564102565 45.301282057692305 45.30769230769231 12.846153846153847 32.46153846153846 4.291830500005744
110000 736.8461538461538 0.24310763720209236 18.880650673076925 0.6298076923076923 45.301282057692305 45.30769230769231 11.846153846153847 33.46153846153846 4.308110000012675
112000 736.8461538461538 0.24310763720209236 18.880650673076925 0.6298076923076923 45.301282057692305 45.30769230769231 11.846153846153847 33.46153846153846 4.3434297000057995
114000 736.8461538461538 0.24310763720209236 18.880650673076925 0.6298076923076923 45.301282057692305 45.30769230769231 11.846153846153847 33.46153846153846 4.585295800003223
116000 736.8461538461538 0.24310763720209236 18.880650673076925 0.6298076923076923 45.301282057692305 45.30769230769231 11.846153846153847 33.46153846153846 4.470784800010733
118000 736.8461538461538 0.23759362156779867 18.880650673076925 0.6298076923076923 45.301282057692305 45.30769230769231 11.846153846153847 33.46153846153846 4.70152020000387
120000 736.8461538461538 0.23759362156779867 18.880650673076925 0.6298076923076923 45.301282057692305 45.30769230769231 11.846153846153847 33.46153846153846 4.377808399993228
122000 736.8461538461538 0.23759362156779867 18.880650673076925 0.6298076923076923 45.301282057692305 45.30769230769231 11.846153846153847 33.46153846153846 4.290069199982099
124000 736.8461538461538 0.23759362156779867 18.880650673076925 0.6298076923076923 45.301282057692305 45.30769230769231 11.846153846153847 33.46153846153846 4.631608600000618
126000 736.8461538461538 0.24310763720209236 18.880650673076925 0.6298076923076923 45.301282057692305 45.30769230769231 11.846153846153847 33.46153846153846 4.608293900004355
128000 736.8461538461538 0.24310763720209236 18.880650673076925 0.6298076923076923 45.301282057692305 45.30769230769231 11.846153846153847 33.46153846153846 4.461136099998839
130000 736.8461538461538 0.24310763720209236 18.880650673076925 0.6298076923076923 45.301282057692305 45.30769230769231 11.846153846153847 33.46153846153846 4.483532500016736
132000 736.8461538461538 0.23759362156779867 18.880650673076925 0.6298076923076923 45.301282057692305 45.30769230769231 11.846153846153847 33.46153846153846 4.2264155999873765
134000 736.8461538461538 0.23759362156779867 18.880650673076925 0.6298076923076923 45.301282057692305 45.30769230769231 11.846153846153847 33.46153846153846 4.315330499986885
136000 736.8461538461538 0.23759362156779867 18.880650673076925 0.6298076923076923 45.301282057692305 45.30769230769231 11.846153846153847 33.46153846153846 4.276809200004209
138000 736.8461538461538 0.23759362156779867 18.880650673076925 0.6298076923076923 45.301282057692305 45.30769230769231 11.846153846153847 33.46153846153846 4.253718200023286
140000 736.8461538461538 0.23759362156779867 18.880650673076925 0.6298076923076923 45.301282057692305 45.30769230769231 11.846153846153847 33.46153846153846 4.341499800008023
142000 736.8461538461538 0.23759362156779867 18.880650673076925 0.6298076923076923 45.301282057692305 45.30769230769231 11.846153846153847 33.46153846153846 4.339055499993265
144000 736.8461538461538 0.23759362156779867 18.880650673076925 0.6298076923076923 45.301282057692305 45.30769230769231 11.846153846153847 33.46153846153846 4.260251700005028
146000 728.4423076923077 0.23580741431243568 18.908397923076926 0.6298076923076923 45.301282057692305 45.30769230769231 11.807692307692308 33.5 4.2586162999796215
148000 728.4423076923077 0.23580741431243568 18.908397923076926 0.6298076923076923 45.301282057692305 45.30769230769231 11.807692307692308 33.5 4.56040019998909
150000 736.8461538461538 0.23759362156779867 18.880650673076925 0.6298076923076923 45.301282057692305 45.30769230769231 11.846153846153847 33.46153846153846 4.271819299989147
152000 736.8461538461538 0.23759362156779867 18.880650673076925 0.6298076923076923 45.301282057692305 45.30769230769231 11.846153846153847 33.46153846153846 4.229660400014836
154000 736.8461538461538 0.23759362156779867 18.880650673076925 0.6298076923076923 45.301282057692305 45.30769230769231 11.846153846153847 33.46153846153846 4.158358000015141
156000 736.8461538461538 0.23759362156779867 18.880650673076925 0.6298076923076923 45.301282057692305 45.30769230769231 11.846153846153847 33.46153846153846 4.248605399974622
158000 736.8461538461538 0.23759362156779867 18.880650673076925 0.6298076923076923 45.301282057692305 45.30769230769231 11.846153846153847 33.46153846153846 4.275475600006757
160000 736.8461538461538 0.23759362156779867 18.880650673076925 0.6298076923076923 45.301282057692305 45.30769230769231 11.846153846153847 33.46153846153846 4.30611289999797
162000 736.8461538461538 0.23759362156779867 18.880650673076925 0.6298076923076923 45.301282057692305 45.30769230769231 11.846153846153847 33.46153846153846 4.397326000005705
164000 736.8461538461538 0.23759362156779867 18.880650673076925 0.6298076923076923 45.301282057692305 45.30769230769231 11.846153846153847 33.46153846153846 4.397194799996214
166000 736.8461538461538 0.23759362156779867 18.880650673076925 0.6298076923076923 45.301282057692305 45.30769230769231 11.846153846153847 33.46153846153846 4.466954200004693
168000 736.8461538461538 0.23759362156779867 18.880650673076925 0.6298076923076923 45.301282057692305 45.30769230769231 11.846153846153847 33.46153846153846 4.758492799999658
170000 736.8461538461538 0.23759362156779867 18.880650673076925 0.6298076923076923 45.301282057692305 45.30769230769231 11.846153846153847 33.46153846153846 4.409240100008901
172000 736.8461538461538 0.23759362156779867 18.880650673076925 0.6298076923076923 45.301282057692305 45.30769230769231 11.846153846153847 33.46153846153846 4.405482500005746
174000 736.8461538461538 0.23759362156779867 18.880650673076925 0.6298076923076923 45.301282057692305 45.30769230769231 11.846153846153847 33.46153846153846 4.340054700005567
176000 736.8461538461538 0.23759362156779867 18.880650673076925 0.6298076923076923 45.301282057692305 45.30769230769231 11.846153846153847 33.46153846153846 4.569476499978919
178000 736.8461538461538 0.23759362156779867 18.880650673076925 0.6298076923076923 45.301282057692305 45.30769230769231 11.846153846153847 33.46153846153846 4.21351770000183
180000 736.8461538461538 0.23759362156779867 18.880650673076925 0.6298076923076923 45.301282057692305 45.30769230769231 11.846153846153847 33.46153846153846 4.430282499990426
182000 736.8461538461538 0.23759362156779867 18.880650673076925 0.6298076923076923 45.301282057692305 45.30769230769231 11.846153846153847 33.46153846153846 4.629626200010534
184000 736.8461538461538 0.23759362156779867 18.880650673076925 0.6298076923076923 45.301282057692305 45.30769230769231 11.846153846153847 33.46153846153846 4.35195469998871
186000 736.8461538461538 0.23759362156779867 18.880650673076925 0.6298076923076923 45.301282057692305 45.30769230769231 11.846153846153847 33.46153846153846 4.410041900002398
188000 736.8461538461538 0.23759362156779867 18.880650673076925 0.6298076923076923 45.301282057692305 45.30769230769231 11.846153846153847 33.46153846153846 4.3281803999852855
190000 736.8461538461538 0.23759362156779867 18.880650673076925 0.6298076923076923 45.301282057692305 45.30769230769231 11.846153846153847 33.46153846153846 4.423543100012466
192000 736.8461538461538 0.24310763720209236 18.880650673076925 0.6298076923076923 45.301282057692305 45.30769230769231 11.846153846153847 33.46153846153846 4.523776900023222
194000 736.8461538461538 0.23759362156779867 18.880650673076925 0.6298076923076923 45.301282057692305 45.30769230769231 11.846153846153847 33.46153846153846 4.315640299988445
196000 736.8461538461538 0.24310763720209236 18.880650673076925 0.6298076923076923 45.301282057692305 45.30769230769231 11.846153846153847 33.46153846153846 4.595742200006498
198000 736.8461538461538 0.23759362156779867 18.880650673076925 0.6298076923076923 45.301282057692305 45.30769230769231 11.846153846153847 33.46153846153846 4.351919100008672
200000 736.8461538461538 0.23759362156779867 18.880650673076925 0.6298076923076923 45.301282057692305 45.30769230769231 11.846153846153847 33.46153846153846 4.221195899997838
202000 736.8461538461538 0.24310763720209236 18.880650673076925 0.6298076923076923 45.301282057692305 45.30769230769231 11.846153846153847 33.46153846153846 4.296562200004701
204000 736.8461538461538 0.23759362156779867 18.880650673076925 0.6298076923076923 45.301282057692305 45.30769230769231 11.846153846153847 33.46153846153846 4.609961600013776
206000 736.8461538461538 0.23759362156779867 18.880650673076925 0.6298076923076923 45.301282057692305 45.30769230769231 11.846153846153847 33.46153846153846 4.583538300008513
208000 736.8461538461538 0.23759362156779867 18.880650673076925 0.6298076923076923 45.301282057692305 45.30769230769231 11.846153846153847 33.46153846153846 4.480434900004184
210000 736.8461538461538 0.23759362156779867 18.880650673076925 0.6298076923076923 45.301282057692305 45.30769230769231 11.846153846153847 33.46153846153846 4.384855400014203
212000 736.8461538461538 0.23759362156779867 18.880650673076925 0.6298076923076923 45.301282057692305 45.30769230769231 11.846153846153847 33.46153846153846 4.512415100005455
214000 736.8461538461538 0.23759362156779867 18.880650673076925 0.6298076923076923 45.301282057692305 45.30769230769231 11.846153846153847 33.46153846153846 4.488148800010094
216000 736.8461538461538 0.23759362156779867 18.880650673076925 0.6298076923076923 45.301282057692305 45.30769230769231 11.846153846153847 33.46153846153846 4.601860199996736
218000 736.8461538461538 0.23759362156779867 18.880650673076925 0.6298076923076923 45.301282057692305 45.30769230769231 11.846153846153847 33.46153846153846 4.328999500023201
220000 736.8461538461538 0.23759362156779867 18.880650673076925 0.6298076923076923 45.301282057692305 45.30769230769231 11.846153846153847 33.46153846153846 4.20338720001746
222000 736.8461538461538 0.23759362156779867 18.880650673076925 0.6298076923076923 45.301282057692305 45.30769230769231 11.846153846153847 33.46153846153846 4.4277784999867436
224000 736.8461538461538 0.23759362156779867 18.880650673076925 0.6298076923076923 45.301282057692305 45.30769230769231 11.846153846153847 33.46153846153846 4.67811680000159
226000 736.8461538461538 0.23759362156779867 18.880650673076925 0.6298076923076923 45.301282057692305 45.30769230769231 11.846153846153847 33.46153846153846 4.228126600006362
228000 736.8461538461538 0.23759362156779867 18.880650673076925 0.6298076923076923 45.301282057692305 45.30769230769231 11.846153846153847 33.46153846153846 5.027120600017952
230000 736.8461538461538 0.23759362156779867 18.880650673076925 0.6298076923076923 45.301282057692305 45.30769230769231 11.846153846153847 33.46153846153846 4.444472700008191
232000 736.8461538461538 0.23759362156779867 18.880650673076925 0.6298076923076923 45.301282057692305 45.30769230769231 11.846153846153847 33.46153846153846 4.323134500009473
234000 736.8461538461538 0.23759362156779867 18.880650673076925 0.6298076923076923 45.301282057692305 45.30769230769231 11.846153846153847 33.46153846153846 4.516827799991006
236000 736.8461538461538 0.23759362156779867 18.880650673076925 0.6298076923076923 45.301282057692305 45.30769230769231 11.846153846153847 33.46153846153846 4.4138105000020005
238000 736.8461538461538 0.23759362156779867 18.880650673076925 0.6298076923076923 45.301282057692305 45.30769230769231 11.846153846153847 33.46153846153846 4.47638310000184
240000 736.8461538461538 0.23759362156779867 18.880650673076925 0.6298076923076923 45.301282057692305 45.30769230769231 11.846153846153847 33.46153846153846 4.384656999987783
242000 736.8461538461538 0.23759362156779867 18.880650673076925 0.6298076923076923 45.301282057692305 45.30769230769231 11.846153846153847 33.46153846153846 4.5251830000197515
244000 736.8461538461538 0.23759362156779867 18.880650673076925 0.6298076923076923 45.301282057692305 45.30769230769231 11.846153846153847 33.46153846153846 4.277565199998207
246000 736.8461538461538 0.23759362156779867 18.880650673076925 0.6298076923076923 45.301282057692305 45.30769230769231 11.846153846153847 33.46153846153846 4.282772900012787
248000 736.8461538461538 0.23759362156779867 18.880650673076925 0.6298076923076923 45.301282057692305 45.30769230769231 11.846153846153847 33.46153846153846 4.441231800010428
250000 736.8461538461538 0.23759362156779867 18.880650673076925 0.6298076923076923 45.301282057692305 45.30769230769231 11.846153846153847 33.46153846153846 4.447417599993059
252000 736.8461538461538 0.23759362156779867 18.880650673076925 0.6298076923076923 45.301282057692305 45.30769230769231 11.846153846153847 33.46153846153846 4.369753300008597
254000 736.8461538461538 0.23759362156779867 18.880650673076925 0.6298076923076923 45.301282057692305 45.30769230769231 11.846153846153847 33.46153846153846 4.260931099997833
256000 736.8461538461538 0.23759362156779867 18.880650673076925 0.6298076923076923 45.301282057692305 45.30769230769231 11.846153846153847 33.46153846153846 4.350359799980652
258000 736.8461538461538 0.23759362156779867 18.880650673076925 0.6298076923076923 45.301282057692305 45.30769230769231 11.846153846153847 33.46153846153846 4.289990299992496
260000 736.8461538461538 0.23759362156779867 18.880650673076925 0.6298076923076923 45.301282057692305 45.30769230769231 11.846153846153847 33.46153846153846 4.353967100003501
262000 736.8461538461538 0.23759362156779867 18.880650673076925 0.6298076923076923 45.301282057692305 45.30769230769231 11.846153846153847 33.46153846153846 4.440450600028271
264000 736.8461538461538 0.23759362156779867 18.880650673076925 0.6298076923076923 45.301282057692305 45.30769230769231 11.846153846153847 33.46153846153846 4.323642900009872
266000 736.8461538461538 0.23759362156779867 18.880650673076925 0.6298076923076923 45.301282057692305 45.30769230769231 11.846153846153847 33.46153846153846 4.263228900003014
268000 736.8461538461538 0.23759362156779867 18.880650673076925 0.6298076923076923 45.301282057692305 45.30769230769231 11.846153846153847 33.46153846153846 4.204410400008783
270000 736.8461538461538 0.23759362156779867 18.880650673076925 0.6298076923076923 45.301282057692305 45.30769230769231 11.846153846153847 33.46153846153846 4.434511200000998
272000 736.8461538461538 0.23759362156779867 18.880650673076925 0.6298076923076923 45.301282057692305 45.30769230769231 11.846153846153847 33.46153846153846 4.290307000017492
274000 736.8461538461538 0.23759362156779867 18.880650673076925 0.6298076923076923 45.301282057692305 45.30769230769231 11.846153846153847 33.46153846153846 4.347078499995405
276000 736.8461538461538 0.23759362156779867 18.880650673076925 0.6298076923076923 45.301282057692305 45.30769230769231 11.846153846153847 33.46153846153846 4.36151659997995
278000 736.8461538461538 0.23759362156779867 18.880650673076925 0.6298076923076923 45.301282057692305 45.30769230769231 11.846153846153847 33.46153846153846 4.171027400007006
280000 736.8461538461538 0.23759362156779867 18.880650673076925 0.6298076923076923 45.301282057692305 45.30769230769231 11.846153846153847 33.46153846153846 4.327562999998918
282000 736.8461538461538 0.23759362156779867 18.880650673076925 0.6298076923076923 45.301282057692305 45.30769230769231 11.846153846153847 33.46153846153846 4.569943000009516
284000 736.8461538461538 0.23759362156779867 18.880650673076925 0.6298076923076923 45.301282057692305 45.30769230769231 11.846153846153847 33.46153846153846 4.847144900006242
286000 736.8461538461538 0.23759362156779867 18.880650673076925 0.6298076923076923 45.301282057692305 45.30769230769231 11.846153846153847 33.46153846153846 4.308762899978319
288000 736.8461538461538 0.23759362156779867 18.880650673076925 0.6298076923076923 45.301282057692305 45.30769230769231 11.846153846153847 33.46153846153846 4.404327600001125
290000 736.8461538461538 0.23759362156779867 18.880650673076925 0.6298076923076923 45.301282057692305 45.30769230769231 11.846153846153847 33.46153846153846 4.768185499997344
292000 736.8461538461538 0.23759362156779867 18.880650673076925 0.6298076923076923 45.301282057692305 45.30769230769231 11.846153846153847 33.46153846153846 4.482567099999869
294000 736.8461538461538 0.23759362156779867 18.880650673076925 0.6298076923076923 45.301282057692305 45.30769230769231 11.846153846153847 33.46153846153846 4.539813099981984
296000 736.8461538461538 0.23759362156779867 18.880650673076925 0.6298076923076923 45.301282057692305 45.30769230769231 11.846153846153847 33.46153846153846 4.810331199987559
298000 736.8461538461538 0.23759362156779867 18.880650673076925 0.6298076923076923 45.301282057692305 45.30769230769231 11.846153846153847 33.46153846153846 4.300004000018816
300000 736.8461538461538 0.23759362156779867 18.880650673076925 0.6298076923076923 45.301282057692305 45.30769230769231 11.846153846153847 33.46153846153846 4.264338400011184
302000 736.8461538461538 0.23759362156779867 18.880650673076925 0.6298076923076923 45.301282057692305 45.30769230769231 11.846153846153847 33.46153846153846 4.3542438999866135
304000 736.8461538461538 0.24310763720209236 18.880650673076925 0.6298076923076923 45.301282057692305 45.30769230769231 11.846153846153847 33.46153846153846 4.319419300009031
306000 736.8461538461538 0.23759362156779867 18.880650673076925 0.6298076923076923 45.301282057692305 45.30769230769231 11.846153846153847 33.46153846153846 4.598806299996795
308000 736.8461538461538 0.23759362156779867 18.880650673076925 0.6298076923076923 45.301282057692305 45.30769230769231 11.846153846153847 33.46153846153846 4.2215342999843415
310000 736.8461538461538 0.23759362156779867 18.880650673076925 0.6298076923076923 45.301282057692305 45.30769230769231 11.846153846153847 33.46153846153846 4.190948600007687
312000 736.8461538461538 0.23759362156779867 18.880650673076925 0.6298076923076923 45.301282057692305 45.30769230769231 11.846153846153847 33.46153846153846 4.462604399974225
314000 736.8461538461538 0.23759362156779867 18.880650673076925 0.6298076923076923 45.301282057692305 45.30769230769231 11.846153846153847 33.46153846153846 4.38672080001561
316000 736.8461538461538 0.23759362156779867 18.880650673076925 0.6298076923076923 45.301282057692305 45.30769230769231 11.846153846153847 33.46153846153846 4.324152300017886
318000 736.8461538461538 0.23759362156779867 18.880650673076925 0.6298076923076923 45.301282057692305 45.30769230769231 11.846153846153847 33.46153846153846 4.586717999976827
320000 736.8461538461538 0.23759362156779867 18.880650673076925 0.6298076923076923 45.301282057692305 45.30769230769231 11.846153846153847 33.46153846153846 4.353131200012285
322000 736.8461538461538 0.23759362156779867 18.880650673076925 0.6298076923076923 45.301282057692305 45.30769230769231 11.846153846153847 33.46153846153846 4.4812416000058874
324000 736.8461538461538 0.23759362156779867 18.880650673076925 0.6298076923076923 45.301282057692305 45.30769230769231 11.846153846153847 33.46153846153846 4.461212299996987
326000 736.8461538461538 0.23759362156779867 18.880650673076925 0.6298076923076923 45.301282057692305 45.30769230769231 11.846153846153847 33.46153846153846 4.481789100012975
328000 736.8461538461538 0.23759362156779867 18.880650673076925 0.6298076923076923 45.301282057692305 45.30769230769231 11.846153846153847 33.46153846153846 4.6400797000096645
330000 736.8461538461538 0.23759362156779867 18.880650673076925 0.6298076923076923 45.301282057692305 45.30769230769231 11.846153846153847 33.46153846153846 4.204291800007923
332000 736.8461538461538 0.23759362156779867 18.880650673076925 0.6298076923076923 45.301282057692305 45.30769230769231 11.846153846153847 33.46153846153846 4.385079800005769
334000 736.8461538461538 0.23759362156779867 18.880650673076925 0.6298076923076923 45.301282057692305 45.30769230769231 11.846153846153847 33.46153846153846 4.329824600019492
336000 736.8461538461538 0.23759362156779867 18.880650673076925 0.6298076923076923 45.301282057692305 45.30769230769231 11.846153846153847 33.46153846153846 4.371694900008151
338000 736.8461538461538 0.23759362156779867 18.880650673076925 0.6298076923076923 45.301282057692305 45.30769230769231 11.846153846153847 33.46153846153846 4.53862899998785
340000 736.8461538461538 0.23759362156779867 18.880650673076925 0.6298076923076923 45.301282057692305 45.30769230769231 11.846153846153847 33.46153846153846 4.172080999996979
342000 736.8461538461538 0.23759362156779867 18.880650673076925 0.6298076923076923 45.301282057692305 45.30769230769231 11.846153846153847 33.46153846153846 4.609608099999605
344000 736.8461538461538 0.23759362156779867 18.880650673076925 0.6298076923076923 45.301282057692305 45.30769230769231 11.846153846153847 33.46153846153846 4.549540899985004
346000 736.8461538461538 0.2435202383518504 18.880650673076925 0.6298076923076923 45.301282057692305 45.30769230769231 11.846153846153847 33.46153846153846 4.514738300000317
348000 736.8461538461538 0.23759362156779867 18.880650673076925 0.6298076923076923 45.301282057692305 45.30769230769231 11.846153846153847 33.46153846153846 4.267031900002621
350000 736.8461538461538 0.23759362156779867 18.880650673076925 0.6298076923076923 45.301282057692305 45.30769230769231 11.846153846153847 33.46153846153846 4.266407100018114
352000 736.8461538461538 0.23759362156779867 18.880650673076925 0.6298076923076923 45.301282057692305 45.30769230769231 11.846153846153847 33.46153846153846 4.250278499996057
354000 736.8461538461538 0.23759362156779867 18.880650673076925 0.6298076923076923 45.301282057692305 45.30769230769231 11.846153846153847 33.46153846153846 4.705876799998805
356000 736.8461538461538 0.23759362156779867 18.880650673076925 0.6298076923076923 45.301282057692305 45.30769230769231 11.846153846153847 33.46153846153846 4.420338800002355
358000 736.8461538461538 0.23759362156779867 18.880650673076925 0.6298076923076923 45.301282057692305 45.30769230769231 11.846153846153847 33.46153846153846 4.552389100019354
360000 736.8461538461538 0.23759362156779867 18.880650673076925 0.6298076923076923 45.301282057692305 45.30769230769231 11.846153846153847 33.46153846153846 4.3390093999914825
362000 736.8461538461538 0.23759362156779867 18.880650673076925 0.6298076923076923 45.301282057692305 45.30769230769231 11.846153846153847 33.46153846153846 4.64975450001657
364000 736.8461538461538 0.23759362156779867 18.880650673076925 0.6298076923076923 45.301282057692305 45.30769230769231 11.846153846153847 33.46153846153846 4.473853000003146
366000 736.8461538461538 0.23759362156779867 18.880650673076925 0.6298076923076923 45.301282057692305 45.30769230769231 11.846153846153847 33.46153846153846 4.260648700001184
368000 736.8461538461538 0.23759362156779867 18.880650673076925 0.6298076923076923 45.301282057692305 45.30769230769231 11.846153846153847 33.46153846153846 4.316391999978805
370000 736.8461538461538 0.23759362156779867 18.880650673076925 0.6298076923076923 45.301282057692305 45.30769230769231 11.846153846153847 33.46153846153846 4.570181400020374
372000 736.8461538461538 0.23759362156779867 18.880650673076925 0.6298076923076923 45.301282057692305 45.30769230769231 11.846153846153847 33.46153846153846 4.240820700011682
374000 736.8461538461538 0.23759362156779867 18.880650673076925 0.6298076923076923 45.301282057692305 45.30769230769231 11.846153846153847 33.46153846153846 4.277939899999183
376000 736.8461538461538 0.23759362156779867 18.880650673076925 0.6298076923076923 45.301282057692305 45.30769230769231 11.846153846153847 33.46153846153846 4.19316140000592
378000 736.8461538461538 0.23759362156779867 18.880650673076925 0.6298076923076923 45.301282057692305 45.30769230769231 11.846153846153847 33.46153846153846 4.387378699990222
380000 736.8461538461538 0.23759362156779867 18.880650673076925 0.6298076923076923 45.301282057692305 45.30769230769231 11.846153846153847 33.46153846153846 4.16849650000222
382000 736.8461538461538 0.23759362156779867 18.880650673076925 0.6298076923076923 45.301282057692305 45.30769230769231 11.846153846153847 33.46153846153846 4.344855400006054
384000 736.8461538461538 0.23759362156779867 18.880650673076925 0.6298076923076923 45.301282057692305 45.30769230769231 11.846153846153847 33.46153846153846 4.627922100014985
386000 736.8461538461538 0.23759362156779867 18.880650673076925 0.6298076923076923 45.301282057692305 45.30769230769231 11.846153846153847 33.46153846153846 4.354955799994059
388000 736.8461538461538 0.23759362156779867 18.880650673076925 0.6298076923076923 45.301282057692305 45.30769230769231 11.846153846153847 33.46153846153846 4.566446500015445
390000 736.8461538461538 0.23759362156779867 18.880650673076925 0.6298076923076923 45.301282057692305 45.30769230769231 11.846153846153847 33.46153846153846 4.294896100007463
392000 736.8461538461538 0.23759362156779867 18.880650673076925 0.6298076923076923 45.301282057692305 45.30769230769231 11.846153846153847 33.46153846153846 4.409201199974632
394000 736.8461538461538 0.24310763720209236 18.880650673076925 0.6298076923076923 45.301282057692305 45.30769230769231 11.846153846153847 33.46153846153846 4.72404010000173
396000 736.8461538461538 0.24310763720209236 18.880650673076925 0.6298076923076923 45.301282057692305 45.30769230769231 11.846153846153847 33.46153846153846 4.229532700002892
398000 736.8461538461538 0.24310763720209236 18.880650673076925 0.6298076923076923 45.301282057692305 45.30769230769231 11.846153846153847 33.46153846153846 4.261003299994627
400000 736.8461538461538 0.23759362156779867 18.880650673076925 0.6298076923076923 45.301282057692305 45.30769230769231 11.846153846153847 33.46153846153846 4.602206900017336
402000 736.8461538461538 0.24310763720209236 18.880650673076925 0.6298076923076923 45.301282057692305 45.30769230769231 11.846153846153847 33.46153846153846 4.328886199975386
404000 736.8461538461538 0.24310763720209236 18.880650673076925 0.6298076923076923 45.301282057692305 45.30769230769231 11.846153846153847 33.46153846153846 4.173055200022645
406000 736.8461538461538 0.23759362156779867 18.880650673076925 0.6298076923076923 45.301282057692305 45.30769230769231 11.846153846153847 33.46153846153846 4.383897899999283
408000 736.8461538461538 0.23759362156779867 18.880650673076925 0.6298076923076923 45.301282057692305 45.30769230769231 11.846153846153847 33.46153846153846 4.4975102999887895
410000 736.8461538461538 0.23759362156779867 18.880650673076925 0.6298076923076923 45.301282057692305 45.30769230769231 11.846153846153847 33.46153846153846 4.6517990000138525
412000 736.8461538461538 0.23759362156779867 18.880650673076925 0.6298076923076923 45.301282057692305 45.30769230769231 11.846153846153847 33.46153846153846 4.577435299986973
414000 736.8461538461538 0.24310763720209236 18.880650673076925 0.6298076923076923 45.301282057692305 45.30769230769231 11.846153846153847 33.46153846153846 4.2098677000030875
416000 736.8461538461538 0.23759362156779867 18.880650673076925 0.6298076923076923 45.301282057692305 45.30769230769231 11.846153846153847 33.46153846153846 4.160676699975738
418000 736.8461538461538 0.24310763720209236 18.880650673076925 0.6298076923076923 45.301282057692305 45.30769230769231 11.846153846153847 33.46153846153846 4.336616700020386
420000 736.8461538461538 0.23759362156779867 18.880650673076925 0.6298076923076923 45.301282057692305 45.30769230769231 11.846153846153847 33.46153846153846 4.654513899993617
422000 736.8461538461538 0.23759362156779867 18.880650673076925 0.6298076923076923 45.301282057692305 45.30769230769231 11.846153846153847 33.46153846153846 4.276309000008041
424000 736.8461538461538 0.23759362156779867 18.880650673076925 0.6298076923076923 45.301282057692305 45.30769230769231 11.846153846153847 33.46153846153846 4.487798999994993
426000 736.8461538461538 0.23759362156779867 18.880650673076925 0.6298076923076923 45.301282057692305 45.30769230769231 11.846153846153847 33.46153846153846 4.659762399998726
428000 736.8461538461538 0.23759362156779867 18.880650673076925 0.6298076923076923 45.301282057692305 45.30769230769231 11.846153846153847 33.46153846153846 4.440700000006473
430000 736.8461538461538 0.23759362156779867 18.880650673076925 0.6298076923076923 45.301282057692305 45.30769230769231 11.846153846153847 33.46153846153846 4.485482999996748
432000 736.8461538461538 0.23759362156779867 18.880650673076925 0.6298076923076923 45.301282057692305 45.30769230769231 11.846153846153847 33.46153846153846 4.3573665999865625
434000 736.8461538461538 0.23759362156779867 18.880650673076925 0.6298076923076923 45.301282057692305 45.30769230769231 11.846153846153847 33.46153846153846 4.305591200012714
436000 736.8461538461538 0.23759362156779867 18.880650673076925 0.6298076923076923 45.301282057692305 45.30769230769231 11.846153846153847 33.46153846153846 4.5079358000075445
438000 736.8461538461538 0.23759362156779867 18.880650673076925 0.6298076923076923 45.301282057692305 45.30769230769231 11.846153846153847 33.46153846153846 4.632300400000531
440000 736.8461538461538 0.23759362156779867 18.880650673076925 0.6298076923076923 45.301282057692305 45.30769230769231 11.846153846153847 33.46153846153846 4.374983899993822
442000 736.8461538461538 0.23759362156779867 18.880650673076925 0.6298076923076923 45.301282057692305 45.30769230769231 11.846153846153847 33.46153846153846 4.429898400005186
444000 736.8461538461538 0.23759362156779867 18.880650673076925 0.6298076923076923 45.301282057692305 45.30769230769231 11.846153846153847 33.46153846153846 4.712043500010623
446000 736.8461538461538 0.23759362156779867 18.880650673076925 0.6298076923076923 45.301282057692305 45.30769230769231 11.846153846153847 33.46153846153846 4.3053332999988925
448000 736.8461538461538 0.23759362156779867 18.880650673076925 0.6298076923076923 45.301282057692305 45.30769230769231 11.846153846153847 33.46153846153846 4.217356399982236
450000 736.8461538461538 0.23759362156779867 18.880650673076925 0.6298076923076923 45.301282057692305 45.30769230769231 11.846153846153847 33.46153846153846 4.386719300004188
452000 736.8461538461538 0.23759362156779867 18.880650673076925 0.6298076923076923 45.301282057692305 45.30769230769231 11.846153846153847 33.46153846153846 4.4323861000011675
454000 736.8461538461538 0.23759362156779867 18.880650673076925 0.6298076923076923 45.301282057692305 45.30769230769231 11.846153846153847 33.46153846153846 4.300448099995265
456000 736.8461538461538 0.23759362156779867 18.880650673076925 0.6298076923076923 45.301282057692305 45.30769230769231 11.846153846153847 33.46153846153846 4.384195799997542
458000 736.8461538461538 0.23759362156779867 18.880650673076925 0.6298076923076923 45.301282057692305 45.30769230769231 11.846153846153847 33.46153846153846 4.191342000005534
460000 736.8461538461538 0.23759362156779867 18.880650673076925 0.6298076923076923 45.301282057692305 45.30769230769231 11.846153846153847 33.46153846153846 4.2649857999931555
462000 736.8461538461538 0.23759362156779867 18.880650673076925 0.6298076923076923 45.301282057692305 45.30769230769231 11.846153846153847 33.46153846153846 4.504145900020376
464000 736.8461538461538 0.23759362156779867 18.880650673076925 0.6298076923076923 45.301282057692305 45.30769230769231 11.846153846153847 33.46153846153846 4.50596750000841
466000 736.8461538461538 0.23759362156779867 18.880650673076925 0.6298076923076923 45.301282057692305 45.30769230769231 11.846153846153847 33.46153846153846 4.517707699997118
468000 736.8461538461538 0.23759362156779867 18.880650673076925 0.6298076923076923 45.301282057692305 45.30769230769231 11.846153846153847 33.46153846153846 4.476021400012542
470000 736.8461538461538 0.23759362156779867 18.880650673076925 0.6298076923076923 45.301282057692305 45.30769230769231 11.846153846153847 33.46153846153846 4.779715599986957
472000 736.8461538461538 0.23759362156779867 18.880650673076925 0.6298076923076923 45.301282057692305 45.30769230769231 11.846153846153847 33.46153846153846 4.422125899989624
474000 736.8461538461538 0.23759362156779867 18.880650673076925 0.6298076923076923 45.301282057692305 45.30769230769231 11.846153846153847 33.46153846153846 4.154368499992415
476000 736.8461538461538 0.23759362156779867 18.880650673076925 0.6298076923076923 45.301282057692305 45.30769230769231 11.846153846153847 33.46153846153846 4.1874944000155665
478000 736.8461538461538 0.23759362156779867 18.880650673076925 0.6298076923076923 45.301282057692305 45.30769230769231 11.846153846153847 33.46153846153846 4.046818299975712
480000 736.8461538461538 0.23759362156779867 18.880650673076925 0.6298076923076923 45.301282057692305 45.30769230769231 11.846153846153847 33.46153846153846 3.7818076999974437
482000 736.8461538461538 0.23759362156779867 18.880650673076925 0.6298076923076923 45.301282057692305 45.30769230769231 11.846153846153847 33.46153846153846 3.738987899996573
484000 736.8461538461538 0.23759362156779867 18.880650673076925 0.6298076923076923 45.301282057692305 45.30769230769231 11.846153846153847 33.46153846153846 3.2234340999857523
486000 736.8461538461538 0.23759362156779867 18.880650673076925 0.6298076923076923 45.301282057692305 45.30769230769231 11.846153846153847 33.46153846153846 3.1781978999788407
488000 736.8461538461538 0.23759362156779867 18.880650673076925 0.6298076923076923 45.301282057692305 45.30769230769231 11.846153846153847 33.46153846153846 3.1002358999976423
490000 736.8461538461538 0.23759362156779867 18.880650673076925 0.6298076923076923 45.301282057692305 45.30769230769231 11.846153846153847 33.46153846153846 2.7033333999861497
492000 736.8461538461538 0.23759362156779867 18.880650673076925 0.6298076923076923 45.301282057692305 45.30769230769231 11.846153846153847 33.46153846153846 2.750988999992842
494000 736.8461538461538 0.23759362156779867 18.880650673076925 0.6298076923076923 45.301282057692305 45.30769230769231 11.846153846153847 33.46153846153846 2.2953272000013385
496000 736.8461538461538 0.23759362156779867 18.880650673076925 0.6298076923076923 45.301282057692305 45.30769230769231 11.846153846153847 33.46153846153846 2.49997330000042
498000 736.8461538461538 0.23759362156779867 18.880650673076925 0.6298076923076923 45.301282057692305 45.30769230769231 11.846153846153847 33.46153846153846 2.3698718000086956
500000 736.8461538461538 0.23759362156779867 18.880650673076925 0.6298076923076923 45.301282057692305 45.30769230769231 11.846153846153847 33.46153846153846 2.3160423999943305
