2000 2.076923076923077 0.00033066060431980723 36.60016430769231 0.07532051282051283 45.301282057692305 45.30769230769231 3.230769230769231 42.07692307692308 3.9177503999962937
4000 2.6923076923076925 -0.018618290492347582 36.01401740384616 0.125 45.301282057692305 45.30769230769231 3.2115384615384617 42.09615384615385 3.782874399999855
6000 2.480769230769231 0.00046960755084331034 35.589550576923074 0.15064102564102563 45.301282057692305 45.30769230769231 3.2115384615384617 42.09615384615385 3.652422099985415
8000 4.134615384615385 0.000898097975950639 34.443484596153844 0.23878205128205127 45.301282057692305 45.30769230769231 3.2115384615384617 42.09615384615385 3.479331500013359
10000 6.826923076923077 0.0009085741903348307 34.34113411538461 0.15224358974358973 45.301282057692305 45.30769230769231 3.2115384615384617 42.09615384615385 3.6468031000113115
12000 5.423076923076923 0.0006958449860830935 34.352140538461555 0.15224358974358973 45.301282057692305 45.30769230769231 3.2115384615384617 42.09615384615385 3.4846255000156816
14000 3.4038461538461537 0.00046966967282609733 35.40348090384616 0.1490384615384615 45.301282057692305 45.30769230769231 3.2115384615384617 42.09615384615385 3.5262571000203025
16000 5.884615384615385 0.0014036388217713754 34.92970867307692 0.14262820512820512 45.301282057692305 45.30769230769231 3.8846153846153846 41.42307692307692 3.932758000009926
18000 5.634615384615385 0.0011079681801762333 33.25171238461539 0.17628205128205127 45.301282057692305 45.30769230769231 3.2115384615384617 42.09615384615385 4.235037599981297
20000 8.096153846153847 0.00230336993359913 33.23390578846154 0.18269230769230765 45.301282057692305 45.30769230769231 5.6923076923076925 39.61538461538461 3.882193199999165
22000 5.365384615384615 0.0006575807137329159 34.14671603846154 0.18910256410256412 45.301282057692305 45.30769230769231 4.019230769230769 41.28846153846154 3.896260000008624
24000 5.826923076923077 -0.03691635828365852 34.1469761923077 0.21794871794871795 45.301282057692305 45.30769230769231 3.6346153846153846 41.67307692307692 4.09311990000424
26000 5.0576923076923075 -0.11451580431318274 35.00140846153847 0.11378205128205127 45.301282057692305 45.30769230769231 3.4423076923076925 41.86538461538461 4.232252999994671
28000 5.038461538461538 0.0010691633273135195 34.90700069230769 0.1362179487179487 45.301282057692305 45.30769230769231 4.25 41.05769230769231 4.020583800011082
30000 6.5 0.0008698813655574416 32.52820474999999 0.24038461538461536 45.301282057692305 45.30769230769231 3.2115384615384617 42.09615384615385 3.953583199996501
32000 7.980769230769231 0.0016272448472108272 32.15448871153846 0.22435897435897434 45.301282057692305 45.30769230769231 3.75 41.55769230769231 4.2581460000074
34000 8.26923076923077 0.0023263046508123944 33.01506725000001 0.1842948717948718 45.301282057692305 45.30769230769231 3.2884615384615383 42.01923076923077 4.273328999988735
36000 8.057692307692308 0.0015775275337512008 32.306197634615394 0.2227564102564103 45.301282057692305 45.30769230769231 3.25 42.05769230769231 4.421118799975375
38000 7.673076923076923 0.0016375865195912584 32.76666940384616 0.217948717948718 45.301282057692305 45.30769230769231 3.3653846153846154 41.94230769230769 4.535109799995553
40000 12.01923076923077 0.002443047370373097 30.852173673076926 0.2227564102564103 45.301282057692305 45.30769230769231 4.153846153846154 41.15384615384615 4.321988999989117
42000 12.038461538461538 0.0021579263502999007 30.78911121153846 0.2435897435897436 45.301282057692305 45.30769230769231 4.096153846153846 41.21153846153846 4.517541200009873
44000 14.346153846153847 0.0023442252784807295 30.30133298076923 0.27403846153846156 45.301282057692305 45.30769230769231 4.519230769230769 40.78846153846154 4.533693900011713
46000 11.134615384615385 0.0033769928310889317 31.03697107692307 0.2932692307692308 45.301282057692305 45.30769230769231 3.9423076923076925 41.36538461538461 4.434455699985847
48000 11.0 0.003364921122112092 31.01773775 0.280448717948718 45.301282057692305 45.30769230769231 3.6153846153846154 41.69230769230769 4.43067939998582
50000 7.634615384615385 0.00255361562402937 32.83718976923077 0.22435897435897434 45.301282057692305 45.30769230769231 3.980769230769231 41.32692307692308 4.367301299993414
52000 9.057692307692308 0.0021733823038339634 32.820623499999996 0.23237179487179485 45.301282057692305 45.30769230769231 3.7115384615384617 41.59615384615385 4.8114108000008855
54000 7.269230769230769 0.001708795080351981 33.08771921153846 0.23237179487179488 45.301282057692305 45.30769230769231 3.4423076923076925 41.86538461538461 4.394075699994573
56000 6.615384615384615 0.0008626837700376388 32.98088324999999 0.17307692307692307 45.301282057692305 45.30769230769231 3.3846153846153846 41.92307692307692 4.576454399997601
58000 7.153846153846154 0.0016831032940113086 33.441351519230764 0.20032051282051277 45.301282057692305 45.30769230769231 3.3076923076923075 42.0 4.507826799992472
60000 4.884615384615385 0.0011317908433656017 34.603743134615385 0.15064102564102566 45.301282057692305 45.30769230769231 3.230769230769231 42.07692307692308 4.3280815000180155
62000 4.115384615384615 0.000860588058372294 34.554064326923076 0.17628205128205127 45.301282057692305 45.30769230769231 3.230769230769231 42.07692307692308 4.492538000020431
64000 21.75 0.003660855810542502 31.728206384615387 0.27403846153846156 45.301282057692305 45.30769230769231 3.230769230769231 42.07692307692308 4.393385600007605
66000 27.673076923076923 0.007113391150687555 30.91344313461537 0.3076923076923077 45.301282057692305 45.30769230769231 3.8461538461538463 41.46153846153846 4.333080399985192
68000 22.384615384615383 0.0026470858707030405 31.02435884615384 0.28205128205128205 45.301282057692305 45.30769230769231 3.6153846153846154 41.69230769230769 4.392381399986334
70000 27.192307692307693 0.0038413566158025927 30.534294692307697 0.2916666666666667 45.301282057692305 45.30769230769231 3.2115384615384617 42.09615384615385 4.416787800000748
72000 21.28846153846154 0.00400673557932494 31.155022096153854 0.27083333333333337 45.301282057692305 45.30769230769231 3.25 42.05769230769231 4.372311899991473
74000 19.615384615384617 0.0033071994489699396 31.331307057692314 0.2868589743589744 45.301282057692305 45.30769230769231 3.2115384615384617 42.09615384615385 4.533361799985869
76000 19.134615384615383 0.0018332774895846297 31.89077996153846 0.26282051282051283 45.301282057692305 45.30769230769231 3.326923076923077 41.98076923076923 4.818382600002224
78000 21.115384615384617 0.0026152706363481455 31.1357910576923 0.2852564102564103 45.301282057692305 45.30769230769231 3.2115384615384617 42.09615384615385 4.377710099972319
80000 20.153846153846153 0.0023811901512256293 31.338782403846167 0.27403846153846156 45.301282057692305 45.30769230769231 3.2115384615384617 42.09615384615385 4.372739899990847
82000 21.51923076923077 0.003320230315935 31.20523478846155 0.27083333333333337 45.301282057692305 45.30769230769231 3.2115384615384617 42.09615384615385 4.430674600007478
84000 20.25 0.003222533160880704 32.50224719230769 0.22435897435897434 45.301282057692305 45.30769230769231 3.2115384615384617 42.09615384615385 4.230914399988251
86000 15.711538461538462 0.0010421977945619238 32.36976980769229 0.2371794871794872 45.301282057692305 45.30769230769231 3.2115384615384617 42.09615384615385 4.514627199998358
88000 19.096153846153847 0.002032805724690342 32.09519515384616 0.24839743589743593 45.301282057692305 45.30769230769231 3.2115384615384617 42.09615384615385 4.854439699993236
90000 16.25 0.0021288633012619108 32.94348623076923 0.21314102564102566 45.301282057692305 45.30769230769231 3.2115384615384617 42.09615384615385 4.467221700004302
92000 22.692307692307693 0.0059736698677776085 32.37959373076923 0.20512820512820515 45.301282057692305 45.30769230769231 3.2115384615384617 42.09615384615385 4.641611700004432
94000 31.057692307692307 0.00821745514178018 31.811002230769226 0.22596153846153846 45.301282057692305 45.30769230769231 3.2115384615384617 42.09615384615385 4.357827500003623
96000 82.78846153846153 0.03665296775102845 28.65932917307692 0.30929487179487186 45.301282057692305 45.30769230769231 3.25 42.05769230769231 4.259492500015767
98000 107.17307692307692 0.02346123151842958 27.69561496153846 0.358974358974359 45.301282057692305 45.30769230769231 3.2884615384615383 42.01923076923077 4.6209298000030685
100000 116.38461538461539 0.029401170232608933 25.60266267307692 0.41506410256410253 45.301282057692305 45.30769230769231 3.230769230769231 42.07692307692308 4.207196399976965
102000 103.9423076923077 0.01794183242116868 27.646680365384608 0.296474358974359 45.301282057692305 45.30769230769231 3.2115384615384617 42.09615384615385 4.269791099999566
104000 170.25 0.023353700169881274 23.34838148076923 0.5064102564102563 45.301282057692305 45.30769230769231 3.2115384615384617 42.09615384615385 4.56018669999321
106000 162.44230769230768 0.01024275917062654 23.645391884615385 0.5176282051282051 45.301282057692305 45.30769230769231 3.2115384615384617 42.09615384615385 4.150163399986923
108000 166.05769230769232 0.03607621592775751 23.53427898076923 0.5224358974358974 45.301282057692305 45.30769230769231 3.2115384615384617 42.09615384615385 4.523771999985911
110000 130.76923076923077 -0.003444812255421646 24.15821265384615 0.4823717948717948 45.301282057692305 45.30769230769231 3.2115384615384617 42.09615384615385 4.223121399991214
112000 183.1346153846154 0.021783338910012964 23.433852673076924 0.5272435897435896 45.301282057692305 45.30769230769231 3.2115384615384617 42.09615384615385 4.185151300014695
114000 161.07692307692307 0.0302403968868479 23.48940651923077 0.5224358974358974 45.301282057692305 45.30769230769231 3.2115384615384617 42.09615384615385 4.322123200021451
116000 160.65384615384616 0.03000034349172562 23.502227038461537 0.5224358974358974 45.301282057692305 45.30769230769231 3.2115384615384617 42.09615384615385 4.38169090001611
118000 142.69230769230768 0.020727728303147938 23.93171636538461 0.49679487179487175 45.301282057692305 45.30769230769231 3.2115384615384617 42.09615384615385 4.581166200019652
120000 155.71153846153845 0.02784824438254532 23.8667483076923 0.5080128205128205 45.301282057692305 45.30769230769231 3.480769230769231 41.82692307692308 4.462934899987886
122000 177.92307692307693 0.03651038341083097 23.366117134615386 0.5288461538461537 45.301282057692305 45.30769230769231 3.576923076923077 41.73076923076923 4.408516800001962
124000 480.9807692307692 0.15005337343189717 20.283198326923074 0.5560897435897436 45.301282057692305 45.30769230769231 9.23076923076923 36.07692307692308 4.613175699982094
126000 529.0 0.16249348506098985 19.76717384615385 0.5849358974358975 45.301282057692305 45.30769230769231 9.23076923076923 36.07692307692308 4.556490799994208
128000 529.0 0.16249348506098985 19.76717384615385 0.5849358974358975 45.301282057692305 45.30769230769231 9.23076923076923 36.07692307692308 4.546496800001478
130000 529.0 0.16249348506098985 19.76717384615385 0.5849358974358975 45.301282057692305 45.30769230769231 9.23076923076923 36.07692307692308 4.52372200001264
132000 523.3269230769231 0.14459314861505917 20.559684673076926 0.5576923076923077 45.301282057692305 45.30769230769231 12.826923076923077 32.48076923076923 4.422457700013183
134000 533.7692307692307 0.15086463589160098 20.505198115384623 0.5641025641025641 45.301282057692305 45.30769230769231 12.826923076923077 32.48076923076923 4.636094300018158
136000 533.7692307692307 0.15086463589160098 20.505198115384623 0.5641025641025641 45.301282057692305 45.30769230769231 12.826923076923077 32.48076923076923 4.222363699984271
138000 533.7692307692307 0.14809884050325953 20.505198115384623 0.5641025641025641 45.301282057692305 45.30769230769231 12.826923076923077 32.48076923076923 4.272877699986566
140000 546.3461538461538 0.15262132833862355 20.421864769230773 0.5641025641025641 45.301282057692305 45.30769230769231 12.826923076923077 32.48076923076923 4.2485841999878176
142000 546.2692307692307 0.13568024711064705 20.485220461538464 0.5641025641025641 45.301282057692305 45.30769230769231 12.903846153846153 32.40384615384615 4.233577400009381
144000 523.3269230769231 0.12527896255576373 20.559684673076926 0.5576923076923077 45.301282057692305 45.30769230769231 12.826923076923077 32.48076923076923 4.50210749998223
146000 683.6730769230769 0.20732284202901557 20.07258011538461 0.594551282051282 45.301282057692305 45.30769230769231 11.076923076923077 34.23076923076923 4.309479700023076
148000 683.6730769230769 0.20732284202901557 20.07258011538461 0.594551282051282 45.301282057692305 45.30769230769231 11.076923076923077 34.23076923076923 4.677922899980331
150000 678.8076923076923 0.17779023751465853 20.087003826923073 0.594551282051282 45.301282057692305 45.30769230769231 11.01923076923077 34.28846153846154 4.466629899980035
152000 683.6730769230769 0.1798598978180856 20.07258011538461 0.594551282051282 45.301282057692305 45.30769230769231 11.076923076923077 34.23076923076923 4.351797699986491
154000 686.3076923076923 0.18291043322376843 20.046940384615382 0.594551282051282 45.301282057692305 45.30769230769231 11.153846153846153 34.15384615384615 4.378689499979373
156000 683.6730769230769 0.18079685738635476 20.07258011538461 0.594551282051282 45.301282057692305 45.30769230769231 11.076923076923077 34.23076923076923 4.616893300000811
158000 683.6730769230769 0.1798598978180856 20.07258011538461 0.594551282051282 45.301282057692305 45.30769230769231 11.076923076923077 34.23076923076923 4.522395900014089
160000 678.8076923076923 0.1798579579344573 20.087003826923073 0.594551282051282 45.301282057692305 45.30769230769231 11.01923076923077 34.28846153846154 4.197091399983037
162000 678.8076923076923 0.17810620530261342 20.087003826923073 0.594551282051282 45.301282057692305 45.30769230769231 11.01923076923077 34.28846153846154 4.470308100018883
164000 678.8076923076923 0.17810620530261342 20.087003826923073 0.594551282051282 45.301282057692305 45.30769230769231 11.01923076923077 34.28846153846154 4.591379199991934
166000 678.8076923076923 0.17810620530261342 20.087003826923073 0.594551282051282 45.301282057692305 45.30769230769231 11.01923076923077 34.28846153846154 4.244524000008823
168000 708.4230769230769 0.19573386157374864 20.309635307692304 0.5993589743589743 45.301282057692305 45.30769230769231 11.826923076923077 33.48076923076923 4.209010299993679
170000 708.4230769230769 0.19573386157374864 20.309635307692304 0.5993589743589743 45.301282057692305 45.30769230769231 11.826923076923077 33.48076923076923 4.4519138999748975
172000 708.4230769230769 0.19573386157374864 20.309635307692304 0.5993589743589743 45.301282057692305 45.30769230769231 11.826923076923077 33.48076923076923 4.376474999997299
174000 710.7884615384615 0.197695735610426 20.281247038461537 0.5993589743589743 45.301282057692305 45.30769230769231 11.865384615384615 33.44230769230769 4.263349699991522
176000 722.7115384615385 0.2146001542307055 18.49498459615385 0.6298076923076923 45.301282057692305 45.30769230769231 13.73076923076923 31.576923076923077 4.612943999993149
178000 722.7115384615385 0.21317374713630988 18.49498459615385 0.6298076923076923 45.301282057692305 45.30769230769231 13.73076923076923 31.576923076923077 4.46094700001413
180000 722.7115384615385 0.21317374713630988 18.49498459615385 0.6298076923076923 45.301282057692305 45.30769230769231 13.73076923076923 31.576923076923077 4.287493700016057
182000 722.7115384615385 0.21471204075269665 18.49498459615385 0.6298076923076923 45.301282057692305 45.30769230769231 13.73076923076923 31.576923076923077 4.555006199982017
184000 722.7115384615385 0.21471204075269665 18.49498459615385 0.6298076923076923 45.301282057692305 45.30769230769231 13.73076923076923 31.576923076923077 4.508169999986421
186000 722.7115384615385 0.21317374713630988 18.49498459615385 0.6298076923076923 45.301282057692305 45.30769230769231 13.73076923076923 31.576923076923077 4.4676682999997865
188000 722.7115384615385 0.21317374713630988 18.49498459615385 0.6298076923076923 45.301282057692305 45.30769230769231 13.73076923076923 31.576923076923077 4.456535500008613
190000 722.7115384615385 0.21471204075269665 18.49498459615385 0.6298076923076923 45.301282057692305 45.30769230769231 13.73076923076923 31.576923076923077 4.572851999982959
192000 730.25 0.22220851099916958 18.44156665384616 0.6298076923076923 45.301282057692305 45.30769230769231 13.826923076923077 31.48076923076923 4.487331899988931
194000 730.25 0.22220851099916958 18.44156665384616 0.6298076923076923 45.301282057692305 45.30769230769231 13.826923076923077 31.48076923076923 4.609532200003741
196000 730.25 0.22067021738278275 18.44156665384616 0.6298076923076923 45.301282057692305 45.30769230769231 13.826923076923077 31.48076923076923 4.435968499979936
198000 778.4615384615385 0.24247517264024815 18.650153769230766 0.608974358974359 45.301282057692305 45.30769230769231 13.153846153846153 32.15384615384615 4.455301599984523
200000 778.4615384615385 0.24247517264024815 18.650153769230766 0.608974358974359 45.301282057692305 45.30769230769231 13.153846153846153 32.15384615384615 5.0685883999976795
202000 778.4615384615385 0.24247517264024815 18.650153769230766 0.608974358974359 45.301282057692305 45.30769230769231 13.153846153846153 32.15384615384615 4.350877700024284
204000 777.3653846153846 0.24030677831499164 18.65976913461538 0.608974358974359 45.301282057692305 45.30769230769231 13.115384615384615 32.19230769230769 4.470313600002555
206000 771.6346153846154 0.2426727310992297 18.76895801923077 0.6378205128205129 45.301282057692305 45.30769230769231 12.807692307692308 32.5 4.569896700006211
208000 771.6346153846154 0.2426727310992297 18.76895801923077 0.6378205128205129 45.301282057692305 45.30769230769231 12.807692307692308 32.5 4.495344899973134
210000 771.6346153846154 0.2426727310992297 18.76895801923077 0.6378205128205129 45.301282057692305 45.30769230769231 12.807692307692308 32.5 4.5230447000067215
212000 777.5192307692307 0.24908107842156169 18.787731923076926 0.6378205128205129 45.301282057692305 45.30769230769231 12.923076923076923 32.38461538461539 4.677972800011048
214000 776.2884615384615 0.25000621846998367 18.824056923076924 0.6282051282051283 45.301282057692305 45.30769230769231 12.884615384615385 32.42307692307692 4.605705800000578
216000 774.3076923076923 0.2377289384118188 18.91938532692307 0.6041666666666667 45.301282057692305 45.30769230769231 12.942307692307692 32.36538461538461 4.2020134999766015
218000 774.4230769230769 0.23818083409962507 18.970667269230763 0.594551282051282 45.301282057692305 45.30769230769231 12.942307692307692 32.36538461538461 4.316405499994289
220000 774.4230769230769 0.23818083409962507 18.970667269230763 0.594551282051282 45.301282057692305 45.30769230769231 12.942307692307692 32.36538461538461 4.304755199991632
222000 774.6923076923077 0.239781654977429 18.86032017307692 0.5993589743589743 45.301282057692305 45.30769230769231 12.903846153846153 32.40384615384615 4.261739800014766
224000 774.3269230769231 0.23739627988017936 18.91709613461538 0.594551282051282 45.301282057692305 45.30769230769231 12.942307692307692 32.36538461538461 4.544791499996791
226000 772.25 0.2374090720571679 18.91434886538461 0.594551282051282 45.301282057692305 45.30769230769231 12.903846153846153 32.40384615384615 4.438933400000678
228000 774.4230769230769 0.23818083409962507 18.970667269230763 0.594551282051282 45.301282057692305 45.30769230769231 12.942307692307692 32.36538461538461 4.403037100011716
230000 774.4230769230769 0.23818083409962507 18.970667269230763 0.594551282051282 45.301282057692305 45.30769230769231 12.942307692307692 32.36538461538461 4.3004388000117615
232000 774.4230769230769 0.23818083409962507 18.970667269230763 0.594551282051282 45.301282057692305 45.30769230769231 12.942307692307692 32.36538461538461 4.804289899999276
234000 774.4230769230769 0.23818083409962507 18.970667269230763 0.594551282051282 45.301282057692305 45.30769230769231 12.942307692307692 32.36538461538461 4.551768400007859
236000 737.3269230769231 0.21845224902367025 19.076436192307693 0.5833333333333333 45.301282057692305 45.30769230769231 12.846153846153847 32.46153846153846 4.332429399975808
238000 741.8461538461538 0.20205305103739948 19.060410903846154 0.5833333333333333 45.301282057692305 45.30769230769231 12.942307692307692 32.36538461538461 4.589983099984238
240000 769.9423076923077 0.2423517105673498 18.851162653846153 0.6185897435897437 45.301282057692305 45.30769230769231 12.884615384615385 32.42307692307692 4.4613183999899775
242000 769.7884615384615 0.2346611007855515 18.873140692307693 0.5993589743589743 45.301282057692305 45.30769230769231 12.903846153846153 32.40384615384615 4.673059900000226
244000 769.5192307692307 0.23306027990774758 18.983487788461535 0.594551282051282 45.301282057692305 45.30769230769231 12.942307692307692 32.36538461538461 4.512923600006616
246000 774.6923076923077 0.239781654977429 18.86032017307692 0.5993589743589743 45.301282057692305 45.30769230769231 12.903846153846153 32.40384615384615 4.390165799995884
248000 777.5192307692307 0.239754563764728 18.88504548076923 0.5993589743589743 45.301282057692305 45.30769230769231 12.961538461538462 32.34615384615385 4.2532079000084195
250000 774.4230769230769 0.23818083409962507 18.970667269230763 0.594551282051282 45.301282057692305 45.30769230769231 12.942307692307692 32.36538461538461 4.526076599984663
252000 774.4230769230769 0.23818083409962507 18.970667269230763 0.594551282051282 45.301282057692305 45.30769230769231 12.942307692307692 32.36538461538461 4.474153099989053
254000 774.4230769230769 0.23818083409962507 18.970667269230763 0.594551282051282 45.301282057692305 45.30769230769231 12.942307692307692 32.36538461538461 4.615613200003281
256000 771.5961538461538 0.2338409536850801 19.035171384615378 0.594551282051282 45.301282057692305 45.30769230769231 12.942307692307692 32.36538461538461 4.2730049999954645
258000 774.4230769230769 0.23818083409962507 18.970667269230763 0.594551282051282 45.301282057692305 45.30769230769231 12.942307692307692 32.36538461538461 4.319739900005516
260000 775.0769230769231 0.2373819808444669 18.939074173076918 0.594551282051282 45.301282057692305 45.30769230769231 12.961538461538462 32.34615384615385 4.5703666000044905
262000 771.5961538461538 0.2338409536850801 19.035171384615378 0.594551282051282 45.301282057692305 45.30769230769231 12.942307692307692 32.36538461538461 4.288897499995073
264000 775.0769230769231 0.23639803515341254 18.939074173076918 0.594551282051282 45.301282057692305 45.30769230769231 12.961538461538462 32.34615384615385 4.5171685999957845
266000 773.8269230769231 0.2402677722927097 19.00546707692307 0.594551282051282 45.301282057692305 45.30769230769231 12.923076923076923 32.38461538461539 4.82830510000349
268000 771.5961538461538 0.23431800791713028 19.035171384615378 0.594551282051282 45.301282057692305 45.30769230769231 12.942307692307692 32.36538461538461 4.2993193000147585
270000 771.5961538461538 0.23431800791713028 19.035171384615378 0.594551282051282 45.301282057692305 45.30769230769231 12.942307692307692 32.36538461538461 4.329979100002674
272000 776.6923076923077 0.23743059435936903 18.99029959615384 0.594551282051282 45.301282057692305 45.30769230769231 13.0 32.30769230769231 4.488407800003188
274000 771.5961538461538 0.2338409536850801 19.035171384615378 0.594551282051282 45.301282057692305 45.30769230769231 12.942307692307692 32.36538461538461 4.489260000002105
276000 771.5961538461538 0.2338409536850801 19.035171384615378 0.594551282051282 45.301282057692305 45.30769230769231 12.942307692307692 32.36538461538461 4.278240299987374
278000 771.5961538461538 0.2338409536850801 19.035171384615378 0.594551282051282 45.301282057692305 45.30769230769231 12.942307692307692 32.36538461538461 4.382779900013702
280000 771.5961538461538 0.2338409536850801 19.035171384615378 0.594551282051282 45.301282057692305 45.30769230769231 12.942307692307692 32.36538461538461 4.333784599992214
282000 776.6923076923077 0.23743059435936903 18.99029959615384 0.594551282051282 45.301282057692305 45.30769230769231 13.0 32.30769230769231 4.344892799999798
284000 771.5961538461538 0.23387318110913005 19.035171384615378 0.594551282051282 45.301282057692305 45.30769230769231 12.942307692307692 32.36538461538461 4.428189999976894
286000 771.5961538461538 0.2338409536850801 19.035171384615378 0.594551282051282 45.301282057692305 45.30769230769231 12.942307692307692 32.36538461538461 4.869685499987099
288000 771.5961538461538 0.2338409536850801 19.035171384615378 0.594551282051282 45.301282057692305 45.30769230769231 12.942307692307692 32.36538461538461 4.619361100019887
290000 772.6153846153846 0.2342446458170781 19.10879665384615 0.594551282051282 45.301282057692305 45.30769230769231 12.98076923076923 32.32692307692308 4.611799799982691
292000 783.0384615384615 0.2369390182638647 19.86407603846154 0.5897435897435898 45.301282057692305 45.30769230769231 13.596153846153847 31.71153846153846 4.440182500024093
294000 782.4807692307693 0.23540461478464264 19.900294307692313 0.5897435897435898 45.301282057692305 45.30769230769231 13.576923076923077 31.73076923076923 4.420726899988949
296000 782.4807692307693 0.23540461478464264 19.900294307692313 0.5897435897435898 45.301282057692305 45.30769230769231 13.576923076923077 31.73076923076923 4.460016299999552
298000 784.75 0.23768655651743226 19.84057217307693 0.5897435897435898 45.301282057692305 45.30769230769231 13.576923076923077 31.73076923076923 4.381803600001149
300000 784.75 0.23768655651743226 19.84057217307693 0.5897435897435898 45.301282057692305 45.30769230769231 13.576923076923077 31.73076923076923 4.450794599979417
302000 784.75 0.23768655651743226 19.84057217307693 0.5897435897435898 45.301282057692305 45.30769230769231 13.576923076923077 31.73076923076923 4.403134299995145
304000 785.6346153846154 0.24037983962123516 19.507573846153846 0.594551282051282 45.301282057692305 45.30769230769231 13.423076923076923 31.884615384615383 4.635175200004596
306000 787.5961538461538 0.24457087789663545 19.40867273076923 0.594551282051282 45.301282057692305 45.30769230769231 13.48076923076923 31.826923076923077 4.930079899990233
308000 789.1730769230769 0.24382937998939266 19.528849134615385 0.594551282051282 45.301282057692305 45.30769230769231 13.51923076923077 31.78846153846154 4.597910400014371
310000 788.4807692307693 0.24507795796098383 19.383489884615383 0.594551282051282 45.301282057692305 45.30769230769231 13.48076923076923 31.826923076923077 4.898252799990587
312000 789.2884615384615 0.24543475811216614 19.525185499999996 0.594551282051282 45.301282057692305 45.30769230769231 13.538461538461538 31.76923076923077 4.517479700007243
314000 789.4038461538462 0.24078530822297994 19.67482026923077 0.5897435897435898 45.301282057692305 45.30769230769231 13.692307692307692 31.615384615384617 4.568846400012262
316000 788.7115384615385 0.23873831614439073 19.58516817307693 0.594551282051282 45.301282057692305 45.30769230769231 13.576923076923077 31.73076923076923 4.6193171000049915
318000 791.5384615384615 0.24842233074703582 19.424667769230773 0.6330128205128206 45.301282057692305 45.30769230769231 13.51923076923077 31.78846153846154 4.9531206999963615
320000 792.8653846153846 0.24958998516870112 19.377963807692314 0.6378205128205129 45.301282057692305 45.30769230769231 13.48076923076923 31.826923076923077 4.704042700002901
322000 789.3076923076923 0.24804343588003488 19.4215189423077 0.6378205128205129 45.301282057692305 45.30769230769231 13.403846153846153 31.903846153846153 4.870577599998796
324000 793.2884615384615 0.25172250231317883 19.455803980769236 0.6330128205128206 45.301282057692305 45.30769230769231 13.596153846153847 31.71153846153846 4.304308700026013
326000 793.6538461538462 0.2510838043917748 19.455803346153854 0.6330128205128206 45.301282057692305 45.30769230769231 13.596153846153847 31.71153846153846 4.924593500007177
328000 794.1346153846154 0.25064698407265146 19.39673640384616 0.6330128205128206 45.301282057692305 45.30769230769231 13.51923076923077 31.78846153846154 4.429308300022967
330000 795.0576923076923 0.24943434490213667 19.287855980769233 0.6330128205128206 45.301282057692305 45.30769230769231 13.51923076923077 31.78846153846154 4.398113699979149
332000 796.0961538461538 0.25425950441859413 19.189871211538463 0.6378205128205129 45.301282057692305 45.30769230769231 13.48076923076923 31.826923076923077 4.317753799987258
334000 793.75 0.25242042550397575 19.206352807692312 0.6378205128205129 45.301282057692305 45.30769230769231 13.423076923076923 31.884615384615383 4.207148500019684
336000 795.1153846153846 0.2538395026545062 19.240236903846156 0.6378205128205129 45.301282057692305 45.30769230769231 13.5 31.807692307692307 4.431987399992067
338000 794.9423076923077 0.2503866520356042 19.218258865384616 0.6378205128205129 45.301282057692305 45.30769230769231 13.48076923076923 31.826923076923077 4.212846400012495
340000 794.5961538461538 0.25026505274204186 19.21825886538462 0.6378205128205129 45.301282057692305 45.30769230769231 13.48076923076923 31.826923076923077 4.547741299989866
342000 798.5961538461538 0.25213388543896276 19.18666736538462 0.6378205128205129 45.301282057692305 45.30769230769231 13.48076923076923 31.826923076923077 4.376681699999608
344000 798.0192307692307 0.25133517276840484 19.25901109615385 0.6378205128205129 45.301282057692305 45.30769230769231 13.51923076923077 31.78846153846154 4.294055800011847
346000 799.4038461538462 0.2524496689527163 19.318534961538465 0.6330128205128206 45.301282057692305 45.30769230769231 13.596153846153847 31.71153846153846 4.410009999992326
348000 797.6923076923077 0.2515349945845914 19.306171980769236 0.6378205128205129 45.301282057692305 45.30769230769231 13.538461538461538 31.76923076923077 4.765752699982841
350000 797.8269230769231 0.2532509186731191 19.25901109615385 0.6378205128205129 45.301282057692305 45.30769230769231 13.51923076923077 31.78846153846154 4.542858400003752
352000 798.0961538461538 0.25261631271818763 19.34820511538462 0.6330128205128206 45.301282057692305 45.30769230769231 13.576923076923077 31.73076923076923 4.648309300013352
354000 798.0961538461538 0.25375108650490374 19.34820511538462 0.6330128205128206 45.301282057692305 45.30769230769231 13.576923076923077 31.73076923076923 4.83784769999329
356000 798.9807692307693 0.2554464512951673 19.323022269230773 0.6330128205128206 45.301282057692305 45.30769230769231 13.576923076923077 31.73076923076923 4.564616399991792
358000 798.9807692307693 0.254636687612238 19.323022269230773 0.6330128205128206 45.301282057692305 45.30769230769231 13.576923076923077 31.73076923076923 4.762259900016943
360000 797.2884615384615 0.2512142845143025 19.38025640384616 0.6330128205128206 45.301282057692305 45.30769230769231 13.557692307692308 31.75 4.49647179999738
362000 799.0576923076923 0.253775952120864 19.345000307692313 0.6330128205128206 45.301282057692305 45.30769230769231 13.596153846153847 31.71153846153846 4.351412699994398
364000 797.5576923076923 0.25055237294752286 19.424211846153852 0.6330128205128206 45.301282057692305 45.30769230769231 13.596153846153847 31.71153846153846 4.324631099996623
366000 797.4423076923077 0.2508840119979946 19.402233807692316 0.6330128205128206 45.301282057692305 45.30769230769231 13.576923076923077 31.73076923076923 4.373909499990987
368000 798.4230769230769 0.2535425987090302 19.301044230769236 0.6330128205128206 45.301282057692305 45.30769230769231 13.557692307692308 31.75 4.32390960000339
370000 798.4230769230769 0.2542457495531179 19.301044230769236 0.6330128205128206 45.301282057692305 45.30769230769231 13.557692307692308 31.75 4.266284700017422
372000 798.4230769230769 0.2541930596152589 19.301044230769236 0.6330128205128206 45.301282057692305 45.30769230769231 13.557692307692308 31.75 4.278802099986933
374000 798.4230769230769 0.25324455992239586 19.301044230769236 0.6330128205128206 45.301282057692305 45.30769230769231 13.557692307692308 31.75 4.650034200021764
376000 797.6730769230769 0.2528483781938982 19.285476442307697 0.6378205128205129 45.301282057692305 45.30769230769231 13.51923076923077 31.78846153846154 4.375047200010158
378000 797.6153846153846 0.251305736365002 19.333095519230774 0.6330128205128206 45.301282057692305 45.30769230769231 13.538461538461538 31.76923076923077 4.282417600014014
380000 798.4230769230769 0.25402767505871515 19.301044230769236 0.6330128205128206 45.301282057692305 45.30769230769231 13.557692307692308 31.75 4.746756000007736
382000 800.0576923076923 0.2520918156360646 19.32456542307693 0.6330128205128206 45.301282057692305 45.30769230769231 13.557692307692308 31.75 4.328082699998049
384000 799.1730769230769 0.2523730692912029 19.349748269230776 0.6330128205128206 45.301282057692305 45.30769230769231 13.557692307692308 31.75 4.602051199995913
386000 799.5 0.25175137689946236 19.302587384615393 0.6330128205128206 45.301282057692305 45.30769230769231 13.538461538461538 31.76923076923077 4.46526980001363
388000 798.6153846153846 0.25078813396652405 19.32777023076924 0.6330128205128206 45.301282057692305 45.30769230769231 13.538461538461538 31.76923076923077 4.2961125999863725
390000 797.7115384615385 0.24933164546145795 19.446189250000007 0.6330128205128206 45.301282057692305 45.30769230769231 13.615384615384615 31.692307692307693 4.363253400020767
392000 799.25 0.25294259067863484 19.371726307692317 0.6330128205128206 45.301282057692305 45.30769230769231 13.576923076923077 31.73076923076923 4.402679499995429
394000 799.25 0.2530219291631038 19.371726307692317 0.6330128205128206 45.301282057692305 45.30769230769231 13.576923076923077 31.73076923076923 4.883947700000135
396000 799.25 0.2526167595735079 19.371726307692317 0.6330128205128206 45.301282057692305 45.30769230769231 13.576923076923077 31.73076923076923 4.482617000001483
398000 797.3653846153846 0.24916528906359361 19.402234442307698 0.6330128205128206 45.301282057692305 45.30769230769231 13.576923076923077 31.73076923076923 4.349829999991925
400000 799.25 0.25277606235020844 19.371726307692317 0.6330128205128206 45.301282057692305 45.30769230769231 13.576923076923077 31.73076923076923 4.5685699000023305
402000 797.3653846153846 0.24999903744514682 19.402234442307698 0.6330128205128206 45.301282057692305 45.30769230769231 13.576923076923077 31.73076923076923 5.249424799985718
404000 799.25 0.25094465877458866 19.371726307692317 0.6330128205128206 45.301282057692305 45.30769230769231 13.576923076923077 31.73076923076923 4.560526500019478
406000 797.3653846153846 0.25206550543681333 19.402234442307698 0.6330128205128206 45.301282057692305 45.30769230769231 13.576923076923077 31.73076923076923 4.393956300016725
408000 797.3653846153846 0.25206550543681333 19.402234442307698 0.6330128205128206 45.301282057692305 45.30769230769231 13.576923076923077 31.73076923076923 4.350050899985945
410000 799.25 0.2524361433381631 19.371726307692317 0.6330128205128206 45.301282057692305 45.30769230769231 13.576923076923077 31.73076923076923 4.395373800012749
412000 797.3653846153846 0.25151922724795633 19.402234442307698 0.6330128205128206 45.301282057692305 45.30769230769231 13.576923076923077 31.73076923076923 4.636970499996096
414000 798.5 0.25162233479687746 19.356158519230778 0.6378205128205129 45.301282057692305 45.30769230769231 13.538461538461538 31.76923076923077 4.502854300022591
416000 796.5 0.2530360664750084 19.364688615384622 0.6378205128205129 45.301282057692305 45.30769230769231 13.51923076923077 31.78846153846154 4.336430700001074
418000 796.6153846153846 0.2533480825129473 19.38666665384616 0.6378205128205129 45.301282057692305 45.30769230769231 13.538461538461538 31.76923076923077 4.420123099989723
420000 797.0192307692307 0.2539791215989935 19.4022344423077 0.6330128205128206 45.301282057692305 45.30769230769231 13.576923076923077 31.73076923076923 4.309481300006155
422000 798.1538461538462 0.25442214815995995 19.356158519230778 0.6378205128205129 45.301282057692305 45.30769230769231 13.538461538461538 31.76923076923077 4.571385400020517
424000 796.3846153846154 0.2536108889308804 19.4086446923077 0.6378205128205129 45.301282057692305 45.30769230769231 13.557692307692308 31.75 4.609098999993876
426000 796.3846153846154 0.2531660621228802 19.4086446923077 0.6378205128205129 45.301282057692305 45.30769230769231 13.557692307692308 31.75 4.622198099998059
428000 796.3846153846154 0.2531660621228802 19.4086446923077 0.6378205128205129 45.301282057692305 45.30769230769231 13.557692307692308 31.75 4.477748600009363
430000 797.1346153846154 0.2532767198200781 19.42421248076924 0.6330128205128206 45.301282057692305 45.30769230769231 13.596153846153847 31.71153846153846 4.457160499994643
432000 797.1346153846154 0.25109684229306495 19.42421248076924 0.6330128205128206 45.301282057692305 45.30769230769231 13.596153846153847 31.71153846153846 4.283571000007214
434000 797.1346153846154 0.24960535772949052 19.42421248076924 0.6330128205128206 45.301282057692305 45.30769230769231 13.596153846153847 31.71153846153846 4.4297124999866355
436000 797.1346153846154 0.2517999931371527 19.42421248076924 0.6330128205128206 45.301282057692305 45.30769230769231 13.596153846153847 31.71153846153846 4.361929500009865
438000 797.1346153846154 0.24960535772949052 19.42421248076924 0.6330128205128206 45.301282057692305 45.30769230769231 13.596153846153847 31.71153846153846 4.39464680000674
440000 797.2884615384615 0.24973028559073346 19.446189884615393 0.6330128205128206 45.301282057692305 45.30769230769231 13.615384615384615 31.692307692307693 4.315361999993911
442000 797.1346153846154 0.2503085085735782 19.42421248076924 0.6330128205128206 45.301282057692305 45.30769230769231 13.596153846153847 31.71153846153846 4.707229999999981
444000 796.6153846153846 0.2510632971899792 19.38666665384616 0.6378205128205129 45.301282057692305 45.30769230769231 13.538461538461538 31.76923076923077 4.7865325000020675
446000 796.6153846153846 0.2532431747169924 19.38666665384616 0.6378205128205129 45.301282057692305 45.30769230769231 13.538461538461538 31.76923076923077 4.604483399976743
448000 796.4423076923077 0.25282765425715653 19.364688615384622 0.6378205128205129 45.301282057692305 45.30769230769231 13.51923076923077 31.78846153846154 4.517182100011269
450000 798.3269230769231 0.25408448935940864 19.334180480769238 0.6378205128205129 45.301282057692305 45.30769230769231 13.51923076923077 31.78846153846154 4.207056499988539
452000 798.3269230769231 0.25408448935940864 19.334180480769238 0.6378205128205129 45.301282057692305 45.30769230769231 13.51923076923077 31.78846153846154 4.529135000018869
454000 798.5 0.2523201322922314 19.356158519230778 0.6378205128205129 45.301282057692305 45.30769230769231 13.538461538461538 31.76923076923077 4.181993399979547
456000 799.2115384615385 0.2549314884358024 19.30899763461539 0.6378205128205129 45.301282057692305 45.30769230769231 13.51923076923077 31.78846153846154 4.4983507999859285
458000 799.2115384615385 0.2549314884358024 19.30899763461539 0.6378205128205129 45.301282057692305 45.30769230769231 13.51923076923077 31.78846153846154 4.312172800011467
460000 797.9038461538462 0.2543251882282668 19.265041557692317 0.6378205128205129 45.301282057692305 45.30769230769231 13.48076923076923 31.826923076923077 4.304979099979391
462000 799.2115384615385 0.2549314884358024 19.30899763461539 0.6378205128205129 45.301282057692305 45.30769230769231 13.51923076923077 31.78846153846154 3.9654396999976598
464000 796.4423076923077 0.25098769574218865 19.364688615384622 0.6378205128205129 45.301282057692305 45.30769230769231 13.51923076923077 31.78846153846154 3.908200300007593
466000 797.3653846153846 0.2511739548871772 19.402234442307698 0.6330128205128206 45.301282057692305 45.30769230769231 13.576923076923077 31.73076923076923 3.948617899994133
468000 797.3461538461538 0.25192643214471727 19.402233807692316 0.6330128205128206 45.301282057692305 45.30769230769231 13.576923076923077 31.73076923076923 3.891953799990006
470000 797.5192307692307 0.25200203359250783 19.424211846153852 0.6330128205128206 45.301282057692305 45.30769230769231 13.596153846153847 31.71153846153846 3.5981228000018746
472000 797.5192307692307 0.25129888274842016 19.424211846153852 0.6330128205128206 45.301282057692305 45.30769230769231 13.596153846153847 31.71153846153846 3.2125273999990895
474000 797.5192307692307 0.25129888274842016 19.424211846153852 0.6330128205128206 45.301282057692305 45.30769230769231 13.596153846153847 31.71153846153846 3.3625836999854073
476000 796.7692307692307 0.2504850742071345 19.408644057692314 0.6378205128205129 45.301282057692305 45.30769230769231 13.557692307692308 31.75 2.8441177000058815
478000 796.5961538461538 0.25040947275934394 19.386666019230777 0.6378205128205129 45.301282057692305 45.30769230769231 13.538461538461538 31.76923076923077 2.4816841000283603
480000 796.5961538461538 0.25040947275934394 19.386666019230777 0.6378205128205129 45.301282057692305 45.30769230769231 13.538461538461538 31.76923076923077 2.527047699986724
482000 796.4423076923077 0.2502845448981009 19.364688615384622 0.6378205128205129 45.301282057692305 45.30769230769231 13.51923076923077 31.78846153846154 2.655033099988941
484000 796.4423076923077 0.25246442242511413 19.364688615384622 0.6378205128205129 45.301282057692305 45.30769230769231 13.51923076923077 31.78846153846154 2.6620964000176173
486000 796.4423076923077 0.25316757326920186 19.364688615384622 0.6378205128205129 45.301282057692305 45.30769230769231 13.51923076923077 31.78846153846154 2.100444699986838
488000 796.4423076923077 0.25316757326920186 19.364688615384622 0.6378205128205129 45.301282057692305 45.30769230769231 13.51923076923077 31.78846153846154 1.9905500000168104
490000 798.7115384615385 0.25626401178566066 19.232990269230775 0.6378205128205129 45.301282057692305 45.30769230769231 13.5 31.807692307692307 1.9002057000179775
492000 797.25 0.25510639682659575 19.33263732692308 0.6378205128205129 45.301282057692305 45.30769230769231 13.538461538461538 31.76923076923077 1.54849810001906
494000 799.2692307692307 0.2565016253817263 19.254968307692312 0.6378205128205129 45.301282057692305 45.30769230769231 13.51923076923077 31.78846153846154 1.513454300002195
496000 799.2692307692307 0.2565016253817263 19.254968307692312 0.6378205128205129 45.301282057692305 45.30769230769231 13.51923076923077 31.78846153846154 1.514809400017839
498000 799.2692307692307 0.2565016253817263 19.254968307692312 0.6378205128205129 45.301282057692305 45.30769230769231 13.51923076923077 31.78846153846154 1.4596375999972224
500000 798.3846153846154 0.25599454531737786 19.28015115384616 0.6378205128205129 45.301282057692305 45.30769230769231 13.51923076923077 31.78846153846154 1.4579670999955852
