2000 2.0961538461538463 0.0002945263552972949 36.905814557692324 0.08653846153846154 45.301282057692305 45.30769230769231 2.4038461538461537 42.90384615384615 1.7003541000012774
4000 2.519230769230769 -0.018745710858346795 36.3119963076923 0.125 45.301282057692305 45.30769230769231 2.3653846153846154 42.94230769230769 1.6659871999872848
6000 2.769230769230769 0.0005016155588815717 35.547397730769234 0.16666666666666666 45.301282057692305 45.30769230769231 2.3653846153846154 42.94230769230769 1.837364200007869
8000 3.8653846153846154 0.0008084609022024302 34.64648536538462 0.23397435897435898 45.301282057692305 45.30769230769231 2.3653846153846154 42.94230769230769 2.2195582000131253
10000 6.480769230769231 0.0008639927838548121 34.56464617307692 0.16346153846153846 45.301282057692305 45.30769230769231 2.3653846153846154 42.94230769230769 3.7297643999918364
12000 4.9423076923076925 0.0006322410121237748 34.580956923076926 0.17307692307692307 45.301282057692305 45.30769230769231 2.3653846153846154 42.94230769230769 3.3152657999889925
14000 3.25 0.0005017010081734644 35.655299538461534 0.15384615384615383 45.301282057692305 45.30769230769231 2.3653846153846154 42.94230769230769 3.6386438999907114
16000 5.8076923076923075 0.00130036934884236 35.16003573076922 0.16346153846153844 45.301282057692305 45.30769230769231 3.1346153846153846 42.17307692307692 3.56535960000474
18000 4.769230769230769 0.0009579574908334579 33.53127636538463 0.17628205128205127 45.301282057692305 45.30769230769231 2.3653846153846154 42.94230769230769 3.647347499994794
20000 6.980769230769231 0.001948216800672157 33.51294465384616 0.18749999999999997 45.301282057692305 45.30769230769231 5.0 40.30769230769231 3.7369833999837283
22000 5.0576923076923075 0.000677890990832739 34.42231584615386 0.18429487179487178 45.301282057692305 45.30769230769231 3.2115384615384617 42.09615384615385 4.262099100014893
24000 5.461538461538462 -0.036832897419441 34.424908211538465 0.2275641025641026 45.301282057692305 45.30769230769231 2.7884615384615383 42.51923076923077 3.709979800012661
26000 4.961538461538462 -0.11455497616098484 35.27599069230768 0.10897435897435896 45.301282057692305 45.30769230769231 2.6538461538461537 42.65384615384615 3.765672399982577
28000 4.711538461538462 0.001155720699974322 35.22496596153846 0.14102564102564102 45.301282057692305 45.30769230769231 3.4423076923076925 41.86538461538461 3.5438452000089455
30000 5.634615384615385 0.0007867164837298355 32.819827480769234 0.2548076923076923 45.301282057692305 45.30769230769231 2.3653846153846154 42.94230769230769 3.823250299989013
32000 7.153846153846154 0.001338619312747627 32.44019751923077 0.2403846153846154 45.301282057692305 45.30769230769231 2.9038461538461537 42.40384615384615 3.669393999996828
34000 7.211538461538462 0.0018254179662565778 33.23400042307693 0.20833333333333337 45.301282057692305 45.30769230769231 2.4423076923076925 42.86538461538461 3.8708868000248913
36000 7.365384615384615 0.0013734573278799968 32.58229169230768 0.23717948717948723 45.301282057692305 45.30769230769231 2.4038461538461537 42.90384615384615 3.9854085000115447
38000 7.0 0.0014027160633387754 33.029941346153855 0.22756410256410262 45.301282057692305 45.30769230769231 2.519230769230769 42.78846153846154 4.070577700011199
40000 11.057692307692308 0.0023855337619952703 31.251383403846145 0.2323717948717949 45.301282057692305 45.30769230769231 3.3076923076923075 42.0 4.3418983000156
42000 10.673076923076923 0.0017165904498668044 30.84524521153846 0.2403846153846154 45.301282057692305 45.30769230769231 3.230769230769231 42.07692307692308 4.699229200021364
44000 12.403846153846153 0.0019484808893812044 30.56930182692307 0.29487179487179493 45.301282057692305 45.30769230769231 3.673076923076923 41.63461538461539 4.410836600000039
46000 10.826923076923077 0.003232377297800328 31.13530976923077 0.3060897435897436 45.301282057692305 45.30769230769231 3.2115384615384617 42.09615384615385 4.398677499993937
48000 10.384615384615385 0.003039645945720335 31.174706038461544 0.296474358974359 45.301282057692305 45.30769230769231 2.923076923076923 42.38461538461539 4.287978300009854
50000 7.134615384615385 0.0024459733834829656 32.93432263461539 0.25801282051282054 45.301282057692305 45.30769230769231 3.1923076923076925 42.11538461538461 4.654219700023532
52000 7.673076923076923 0.0018365660205564708 33.13303984615384 0.24679487179487178 45.301282057692305 45.30769230769231 2.730769230769231 42.57692307692308 4.433534900017548
54000 6.4423076923076925 0.0015235690298487858 33.34885238461539 0.25320512820512825 45.301282057692305 45.30769230769231 2.576923076923077 42.73076923076923 4.214358600002015
56000 6.269230769230769 0.000805865144192783 33.2404120576923 0.18108974358974356 45.301282057692305 45.30769230769231 2.5961538461538463 42.71153846153846 4.4494387000158895
58000 6.4423076923076925 0.0015822822980052869 33.67844605769232 0.203525641025641 45.301282057692305 45.30769230769231 2.4423076923076925 42.86538461538461 4.5204337000031956
60000 4.5576923076923075 0.0009768086815966622 34.988276269230774 0.14583333333333334 45.301282057692305 45.30769230769231 2.3653846153846154 42.94230769230769 4.201533200015547
62000 3.9038461538461537 0.0005758755892649292 34.95943030769232 0.17147435897435898 45.301282057692305 45.30769230769231 2.3653846153846154 42.94230769230769 4.707385699992301
64000 22.192307692307693 0.00358895767546354 31.87128663461539 0.29807692307692313 45.301282057692305 45.30769230769231 2.3846153846153846 42.92307692307692 4.432631700008642
66000 27.25 0.007781328740200415 31.108836000000004 0.3253205128205129 45.301282057692305 45.30769230769231 2.9423076923076925 42.36538461538461 4.371038699988276
68000 22.03846153846154 0.0021542909451535194 31.1829673076923 0.31891025641025644 45.301282057692305 45.30769230769231 2.769230769230769 42.53846153846154 4.632574300019769
70000 25.865384615384617 0.002856216450382494 30.719576192307695 0.31570512820512825 45.301282057692305 45.30769230769231 2.3653846153846154 42.94230769230769 4.2322893999808
72000 20.28846153846154 0.0035751203936818287 31.41722607692307 0.29166666666666663 45.301282057692305 45.30769230769231 2.3846153846153846 42.92307692307692 4.390004899993073
74000 19.557692307692307 0.0034301130104468784 31.49308113461539 0.296474358974359 45.301282057692305 45.30769230769231 2.3653846153846154 42.94230769230769 4.7066921000077855
76000 19.0 0.0015088634616296488 32.00447703846154 0.27724358974358976 45.301282057692305 45.30769230769231 2.480769230769231 42.82692307692308 4.847354099998483
78000 20.826923076923077 0.002320441798042406 31.29649990384616 0.3044871794871795 45.301282057692305 45.30769230769231 2.3653846153846154 42.94230769230769 4.464356399985263
80000 19.807692307692307 0.00234602978398155 31.59885026923077 0.2980769230769231 45.301282057692305 45.30769230769231 2.3653846153846154 42.94230769230769 4.51093829999445
82000 21.48076923076923 0.0033947994015008486 31.364875846153843 0.2948717948717949 45.301282057692305 45.30769230769231 2.3653846153846154 42.94230769230769 4.465921900002286
84000 20.25 0.0036389408200509185 32.77940617307692 0.24839743589743593 45.301282057692305 45.30769230769231 2.3653846153846154 42.94230769230769 4.339064499974484
86000 15.038461538461538 0.0009650321801062361 32.58068819230769 0.2548076923076923 45.301282057692305 45.30769230769231 2.3653846153846154 42.94230769230769 4.838912399980472
88000 19.03846153846154 0.002245414180275292 32.23239717307692 0.28044871794871795 45.301282057692305 45.30769230769231 2.3653846153846154 42.94230769230769 4.571404899994377
90000 15.307692307692308 0.0019393651413049421 33.14799598076923 0.22596153846153846 45.301282057692305 45.30769230769231 2.3653846153846154 42.94230769230769 4.220926699985284
92000 18.03846153846154 0.004393157641840149 32.75339126923078 0.20512820512820515 45.301282057692305 45.30769230769231 2.3653846153846154 42.94230769230769 4.466120199998841
94000 33.78846153846154 0.011162246105382752 31.93886071153846 0.23557692307692307 45.301282057692305 45.30769230769231 2.3653846153846154 42.94230769230769 4.491059299994959
96000 83.88461538461539 0.03666461674576002 28.793103807692304 0.3397435897435897 45.301282057692305 45.30769230769231 2.4038461538461537 42.90384615384615 4.296140899998136
98000 106.26923076923077 0.022382482939304168 27.786080576923077 0.37820512820512825 45.301282057692305 45.30769230769231 2.4423076923076925 42.86538461538461 4.596625100006349
100000 113.28846153846153 0.028345050700350108 25.60018176923076 0.439102564102564 45.301282057692305 45.30769230769231 2.3846153846153846 42.92307692307692 4.553946300002281
102000 100.98076923076923 0.016459335271189778 27.99761884615384 0.30608974358974356 45.301282057692305 45.30769230769231 2.3653846153846154 42.94230769230769 4.72555529998499
104000 156.09615384615384 0.022201302170475442 23.787146576923075 0.516025641025641 45.301282057692305 45.30769230769231 2.3653846153846154 42.94230769230769 4.2774740000022575
106000 155.15384615384616 0.007858198077359355 23.827744903846146 0.5416666666666666 45.301282057692305 45.30769230769231 2.3653846153846154 42.94230769230769 4.421696500008693
108000 161.1153846153846 0.03336101857156469 23.690992653846145 0.5464743589743589 45.301282057692305 45.30769230769231 2.3653846153846154 42.94230769230769 4.626976500003366
110000 128.05769230769232 -0.003892989298687252 24.302104115384605 0.5112179487179487 45.301282057692305 45.30769230769231 2.3653846153846154 42.94230769230769 4.233765300014056
112000 175.19230769230768 0.018480651385255596 23.629026846153845 0.5512820512820512 45.301282057692305 45.30769230769231 2.3653846153846154 42.94230769230769 4.2564529000082985
114000 152.1346153846154 0.027251556788747907 23.671761865384617 0.5400641025641024 45.301282057692305 45.30769230769231 2.3653846153846154 42.94230769230769 4.494485999981407
116000 153.1346153846154 0.027470877257879747 23.68458238461539 0.5464743589743589 45.301282057692305 45.30769230769231 2.3653846153846154 42.94230769230769 4.299611199996434
118000 137.23076923076923 0.019877804451743405 24.114069807692303 0.5208333333333333 45.301282057692305 45.30769230769231 2.3653846153846154 42.94230769230769 4.408069600001909
120000 136.76923076923077 0.021897965551842345 24.07560828846153 0.532051282051282 45.301282057692305 45.30769230769231 2.5 42.80769230769231 4.607584899989888
122000 169.98076923076923 0.03526801232242298 23.550736865384618 0.5528846153846154 45.301282057692305 45.30769230769231 2.730769230769231 42.57692307692308 4.423960099986289
124000 450.7692307692308 0.14101901839423078 20.525508903846156 0.5608974358974359 45.301282057692305 45.30769230769231 8.557692307692308 36.75 4.23499629998696
126000 509.59615384615387 0.15578755667518684 19.894454653846157 0.5897435897435898 45.301282057692305 45.30769230769231 8.557692307692308 36.75 4.6099169999943115
128000 509.59615384615387 0.15578755667518684 19.894454653846157 0.5897435897435898 45.301282057692305 45.30769230769231 8.557692307692308 36.75 4.391823399986606
130000 509.59615384615387 0.15578755667518684 19.894454653846157 0.5897435897435898 45.301282057692305 45.30769230769231 8.557692307692308 36.75 4.5334577999892645
132000 503.28846153846155 0.14030314748640124 20.688596461538474 0.5625 45.301282057692305 45.30769230769231 12.25 33.05769230769231 4.335943599988241
134000 513.5769230769231 0.14609445980595348 20.634109269230784 0.5689102564102564 45.301282057692305 45.30769230769231 12.25 33.05769230769231 4.27393039999879
136000 513.5769230769231 0.14609445980595348 20.634109269230784 0.5689102564102564 45.301282057692305 45.30769230769231 12.25 33.05769230769231 4.397429799981182
138000 513.5769230769231 0.14625608263232082 20.634109269230784 0.5689102564102564 45.301282057692305 45.30769230769231 12.25 33.05769230769231 4.527192000008654
140000 525.6153846153846 0.14763811991609485 20.550775923076934 0.5689102564102564 45.301282057692305 45.30769230769231 12.25 33.05769230769231 4.515370100009022
142000 525.8653846153846 0.13204368567226715 20.613881442307704 0.5689102564102564 45.301282057692305 45.30769230769231 12.326923076923077 32.98076923076923 4.530797900020843
144000 503.28846153846155 0.12158834330579724 20.688596461538474 0.5625 45.301282057692305 45.30769230769231 12.25 33.05769230769231 4.460610800015274
146000 663.4807692307693 0.20105197495698357 20.196965269230766 0.6282051282051283 45.301282057692305 45.30769230769231 10.557692307692308 34.75 4.456655199988745
148000 663.4807692307693 0.20105197495698357 20.196965269230766 0.6282051282051283 45.301282057692305 45.30769230769231 10.557692307692308 34.75 4.352133000007598
150000 660.7115384615385 0.17511168937045296 20.20764925 0.6282051282051283 45.301282057692305 45.30769230769231 10.5 34.80769230769231 4.267609700007597
152000 663.4807692307693 0.17456185091448873 20.196965269230766 0.6282051282051283 45.301282057692305 45.30769230769231 10.557692307692308 34.75 4.538718199997675
154000 666.1153846153846 0.1776733052777867 20.17132426923077 0.6282051282051283 45.301282057692305 45.30769230769231 10.634615384615385 34.67307692307692 4.330744100006996
156000 663.4807692307693 0.17456185091448873 20.196965269230766 0.6282051282051283 45.301282057692305 45.30769230769231 10.557692307692308 34.75 4.573082100017928
158000 663.4807692307693 0.17456185091448873 20.196965269230766 0.6282051282051283 45.301282057692305 45.30769230769231 10.557692307692308 34.75 4.463832800014643
160000 660.7115384615385 0.17686868878895398 20.20764925 0.6282051282051283 45.301282057692305 45.30769230769231 10.5 34.80769230769231 4.264258599985624
162000 660.7115384615385 0.17550711447571163 20.20764925 0.6282051282051283 45.301282057692305 45.30769230769231 10.5 34.80769230769231 4.3303250999888405
164000 660.7115384615385 0.17550711447571163 20.20764925 0.6282051282051283 45.301282057692305 45.30769230769231 10.5 34.80769230769231 4.209884200012311
166000 660.7115384615385 0.17550711447571163 20.20764925 0.6282051282051283 45.301282057692305 45.30769230769231 10.5 34.80769230769231 4.569916499982355
168000 685.2115384615385 0.190232868866225 20.43158348076923 0.5993589743589743 45.301282057692305 45.30769230769231 11.307692307692308 34.0 4.401835500000743
170000 685.2115384615385 0.190232868866225 20.43158348076923 0.5993589743589743 45.301282057692305 45.30769230769231 11.307692307692308 34.0 4.380157900013728
172000 685.2115384615385 0.190232868866225 20.43158348076923 0.5993589743589743 45.301282057692305 45.30769230769231 11.307692307692308 34.0 4.194999400002416
174000 687.5769230769231 0.19219474290290237 20.403195211538463 0.5993589743589743 45.301282057692305 45.30769230769231 11.346153846153847 33.96153846153846 4.248461000010138
176000 713.2884615384615 0.2134250985655708 18.58250803846154 0.6490384615384616 45.301282057692305 45.30769230769231 13.288461538461538 32.01923076923077 4.658339899993734
178000 713.2884615384615 0.21229023236808492 18.58250803846154 0.6490384615384616 45.301282057692305 45.30769230769231 13.288461538461538 32.01923076923077 4.359935800021049
180000 713.2884615384615 0.21229023236808492 18.58250803846154 0.6490384615384616 45.301282057692305 45.30769230769231 13.288461538461538 32.01923076923077 4.500056300021242
182000 713.2884615384615 0.21363105563828053 18.58250803846154 0.6490384615384616 45.301282057692305 45.30769230769231 13.288461538461538 32.01923076923077 4.218430200009607
184000 713.2884615384615 0.21363105563828053 18.58250803846154 0.6490384615384616 45.301282057692305 45.30769230769231 13.288461538461538 32.01923076923077 4.53615489997901
186000 713.2884615384615 0.21229023236808492 18.58250803846154 0.6490384615384616 45.301282057692305 45.30769230769231 13.288461538461538 32.01923076923077 4.379787600017153
188000 713.2884615384615 0.21229023236808492 18.58250803846154 0.6490384615384616 45.301282057692305 45.30769230769231 13.288461538461538 32.01923076923077 4.2315737000026274
190000 713.2884615384615 0.21363105563828053 18.58250803846154 0.6490384615384616 45.301282057692305 45.30769230769231 13.288461538461538 32.01923076923077 4.365145799994934
192000 720.7884615384615 0.22089432152917493 18.529089250000002 0.6490384615384616 45.301282057692305 45.30769230769231 13.384615384615385 31.923076923076923 4.100085500016576
194000 720.7884615384615 0.22089432152917493 18.529089250000002 0.6490384615384616 45.301282057692305 45.30769230769231 13.384615384615385 31.923076923076923 4.409521100023994
196000 720.7884615384615 0.21955349825897932 18.529089250000002 0.6490384615384616 45.301282057692305 45.30769230769231 13.384615384615385 31.923076923076923 4.222698900004616
198000 763.0769230769231 0.23967493358917263 18.761214000000002 0.6378205128205129 45.301282057692305 45.30769230769231 12.634615384615385 32.67307692307692 4.369873999996344
200000 763.0769230769231 0.23967493358917263 18.761214000000002 0.6378205128205129 45.301282057692305 45.30769230769231 12.634615384615385 32.67307692307692 4.711083000001963
202000 763.0769230769231 0.23967493358917263 18.761214000000002 0.6378205128205129 45.301282057692305 45.30769230769231 12.634615384615385 32.67307692307692 4.424144899996463
204000 762.8461538461538 0.23803315142543122 18.775713365384618 0.6378205128205129 45.301282057692305 45.30769230769231 12.615384615384615 32.69230769230769 4.496276499994565
206000 755.5961538461538 0.23886173292743595 18.888320423076927 0.6666666666666667 45.301282057692305 45.30769230769231 12.288461538461538 33.01923076923077 4.4080042999994475
208000 755.5961538461538 0.23886173292743595 18.888320423076927 0.6666666666666667 45.301282057692305 45.30769230769231 12.288461538461538 33.01923076923077 4.5764107999857515
210000 755.5961538461538 0.23886173292743595 18.888320423076927 0.6666666666666667 45.301282057692305 45.30769230769231 12.288461538461538 33.01923076923077 4.568414500012295
212000 761.7307692307693 0.24536221124101193 18.9066355 0.6666666666666667 45.301282057692305 45.30769230769231 12.403846153846153 32.90384615384615 4.8720602999965195
214000 761.7307692307693 0.24536221124101193 18.9066355 0.6666666666666667 45.301282057692305 45.30769230769231 12.403846153846153 32.90384615384615 4.471358299982967
216000 758.3653846153846 0.23528000222215822 19.032419538461543 0.6330128205128206 45.301282057692305 45.30769230769231 12.51923076923077 32.78846153846154 4.527697599987732
218000 758.4807692307693 0.23573189790884205 19.083701480769232 0.623397435897436 45.301282057692305 45.30769230769231 12.51923076923077 32.78846153846154 4.640339200006565
220000 758.4807692307693 0.23573189790884205 19.083701480769232 0.623397435897436 45.301282057692305 45.30769230769231 12.51923076923077 32.78846153846154 4.502707300009206
222000 758.8076923076923 0.2365891019582206 18.97564880769231 0.6282051282051283 45.301282057692305 45.30769230769231 12.442307692307692 32.86538461538461 4.465076000022236
224000 757.8461538461538 0.23610451960401527 19.061723442307695 0.623397435897436 45.301282057692305 45.30769230769231 12.5 32.80769230769231 4.594466100010322
226000 759.0576923076923 0.23659169444509132 19.004946865384618 0.6282051282051283 45.301282057692305 45.30769230769231 12.5 32.80769230769231 4.581233600009
228000 758.4807692307693 0.23573189790884205 19.083701480769232 0.623397435897436 45.301282057692305 45.30769230769231 12.51923076923077 32.78846153846154 4.545625400001882
230000 758.4807692307693 0.23573189790884205 19.083701480769232 0.623397435897436 45.301282057692305 45.30769230769231 12.51923076923077 32.78846153846154 4.338782999984687
232000 758.4807692307693 0.23573189790884205 19.083701480769232 0.623397435897436 45.301282057692305 45.30769230769231 12.51923076923077 32.78846153846154 4.288148999999976
234000 758.4807692307693 0.23573189790884205 19.083701480769232 0.623397435897436 45.301282057692305 45.30769230769231 12.51923076923077 32.78846153846154 4.305628899979638
236000 719.8076923076923 0.2160354339601845 19.18992859615385 0.6121794871794871 45.301282057692305 45.30769230769231 12.423076923076923 32.88461538461539 4.623459599999478
238000 724.5384615384615 0.2000862280908843 19.17344511538462 0.6121794871794871 45.301282057692305 45.30769230769231 12.51923076923077 32.78846153846154 4.620547400001669
240000 752.8653846153846 0.23789433084966938 18.96649128846154 0.6474358974358976 45.301282057692305 45.30769230769231 12.423076923076923 32.88461538461539 4.36469180000131
242000 752.7115384615385 0.23046720887566077 18.988469326923077 0.6282051282051283 45.301282057692305 45.30769230769231 12.442307692307692 32.86538461538461 4.729565600020578
244000 756.5769230769231 0.23287940617273198 19.083701480769232 0.623397435897436 45.301282057692305 45.30769230769231 12.51923076923077 32.78846153846154 4.211883199983276
246000 758.8076923076923 0.2365891019582206 18.97564880769231 0.6282051282051283 45.301282057692305 45.30769230769231 12.442307692307692 32.86538461538461 4.39732589997584
248000 760.9230769230769 0.23666901560499273 19.00149753846154 0.6282051282051283 45.301282057692305 45.30769230769231 12.5 32.80769230769231 4.40362689999165
250000 758.4807692307693 0.23573189790884205 19.083701480769232 0.623397435897436 45.301282057692305 45.30769230769231 12.51923076923077 32.78846153846154 4.876401499990607
252000 758.4807692307693 0.23573189790884205 19.083701480769232 0.623397435897436 45.301282057692305 45.30769230769231 12.51923076923077 32.78846153846154 4.440454399998998
254000 758.4807692307693 0.23573189790884205 19.083701480769232 0.623397435897436 45.301282057692305 45.30769230769231 12.51923076923077 32.78846153846154 4.360808800003724
256000 754.4615384615385 0.23142493783150953 19.150263884615388 0.6282051282051283 45.301282057692305 45.30769230769231 12.51923076923077 32.78846153846154 4.334222799981944
258000 758.4807692307693 0.23573189790884205 19.083701480769232 0.623397435897436 45.301282057692305 45.30769230769231 12.51923076923077 32.78846153846154 4.521623300010106
260000 759.6923076923077 0.23621907274991813 19.026924903846155 0.6282051282051283 45.301282057692305 45.30769230769231 12.51923076923077 32.78846153846154 4.302351599995745
262000 754.4615384615385 0.23142493783150953 19.150263884615388 0.6282051282051283 45.301282057692305 45.30769230769231 12.51923076923077 32.78846153846154 4.2617744999879505
264000 759.0384615384615 0.2339740143702644 19.05210805769231 0.623397435897436 45.301282057692305 45.30769230769231 12.538461538461538 32.76923076923077 4.233378200005973
266000 757.8846153846154 0.23631291930335813 19.118500019230773 0.623397435897436 45.301282057692305 45.30769230769231 12.5 32.80769230769231 4.552927600016119
268000 759.3269230769231 0.2342757286182554 19.10539209615385 0.6282051282051283 45.301282057692305 45.30769230769231 12.576923076923077 32.73076923076923 4.464616599987494
270000 759.3269230769231 0.2342757286182554 19.10539209615385 0.6282051282051283 45.301282057692305 45.30769230769231 12.576923076923077 32.73076923076923 4.211626700009219
272000 759.3269230769231 0.2342757286182554 19.10539209615385 0.6282051282051283 45.301282057692305 45.30769230769231 12.576923076923077 32.73076923076923 4.852036700001918
274000 754.4615384615385 0.23142493783150953 19.150263884615388 0.6282051282051283 45.301282057692305 45.30769230769231 12.51923076923077 32.78846153846154 4.424434100015787
276000 754.4615384615385 0.23142493783150953 19.150263884615388 0.6282051282051283 45.301282057692305 45.30769230769231 12.51923076923077 32.78846153846154 4.3094791999901645
278000 754.4615384615385 0.23142493783150953 19.150263884615388 0.6282051282051283 45.301282057692305 45.30769230769231 12.51923076923077 32.78846153846154 4.370679799991194
280000 754.4615384615385 0.23142493783150953 19.150263884615388 0.6282051282051283 45.301282057692305 45.30769230769231 12.51923076923077 32.78846153846154 4.334035200008657
282000 759.3269230769231 0.23477168657397218 19.10539209615385 0.6282051282051283 45.301282057692305 45.30769230769231 12.576923076923077 32.73076923076923 4.4356615000288
284000 759.3269230769231 0.23405720674309125 19.10539209615385 0.6282051282051283 45.301282057692305 45.30769230769231 12.576923076923077 32.73076923076923 4.247876599984011
286000 754.4615384615385 0.23142493783150953 19.150263884615388 0.6282051282051283 45.301282057692305 45.30769230769231 12.51923076923077 32.78846153846154 4.652088400005596
288000 754.4615384615385 0.23142493783150953 19.150263884615388 0.6282051282051283 45.301282057692305 45.30769230769231 12.51923076923077 32.78846153846154 4.435176200000569
290000 753.8076923076923 0.2310552592611324 19.20223303846154 0.6282051282051283 45.301282057692305 45.30769230769231 12.538461538461538 32.76923076923077 4.853349600016372
292000 765.3846153846154 0.23382317116881302 19.981431692307698 0.623397435897436 45.301282057692305 45.30769230769231 13.23076923076923 32.07692307692308 4.316523599991342
294000 769.8269230769231 0.23579711310850476 19.993794365384623 0.623397435897436 45.301282057692305 45.30769230769231 13.26923076923077 32.03846153846154 4.534996500005946
296000 769.8269230769231 0.23579711310850476 19.993794365384623 0.623397435897436 45.301282057692305 45.30769230769231 13.26923076923077 32.03846153846154 4.358247199998004
298000 766.2884615384615 0.23420588304333773 19.95926315384616 0.623397435897436 45.301282057692305 45.30769230769231 13.211538461538462 32.09615384615385 4.3653801000036765
300000 770.7307692307693 0.23617982498302947 19.971625826923084 0.623397435897436 45.301282057692305 45.30769230769231 13.25 32.05769230769231 4.3263860999722965
302000 770.7307692307693 0.23617982498302947 19.971625826923084 0.623397435897436 45.301282057692305 45.30769230769231 13.25 32.05769230769231 4.746558900020318
304000 770.2115384615385 0.23721234758835671 19.614946057692308 0.6282051282051283 45.301282057692305 45.30769230769231 13.057692307692308 32.25 4.2192672999808565
306000 772.1730769230769 0.24233791488933856 19.516044942307694 0.6282051282051283 45.301282057692305 45.30769230769231 13.115384615384615 32.19230769230769 4.439705600001616
308000 773.9615384615385 0.24111398700467493 19.656641692307694 0.6282051282051283 45.301282057692305 45.30769230769231 13.173076923076923 32.13461538461539 4.482461499981582
310000 771.0576923076923 0.24167182156481182 19.44779603846154 0.6282051282051283 45.301282057692305 45.30769230769231 13.057692307692308 32.25 4.339881899999455
312000 773.6538461538462 0.24316784672246844 19.63100065384615 0.6282051282051283 45.301282057692305 45.30769230769231 13.173076923076923 32.13461538461539 4.999204599997029
314000 773.9615384615385 0.23946354735506153 19.779352403846154 0.623397435897436 45.301282057692305 45.30769230769231 13.326923076923077 31.98076923076923 4.117111400002614
316000 773.5961538461538 0.2367286985744436 19.690072615384615 0.6282051282051283 45.301282057692305 45.30769230769231 13.192307692307692 32.11538461538461 4.507831499999156
318000 776.7884615384615 0.24659738832565303 19.555125192307692 0.6666666666666667 45.301282057692305 45.30769230769231 13.096153846153847 32.21153846153846 4.3242603999970015
320000 777.6923076923077 0.24578291379175296 19.511627 0.671474358974359 45.301282057692305 45.30769230769231 13.038461538461538 32.26923076923077 5.120411499985494
322000 775.5576923076923 0.24459208116648196 19.553123211538463 0.6666666666666667 45.301282057692305 45.30769230769231 12.961538461538462 32.34615384615385 4.335428199992748
324000 777.2884615384615 0.24698253992579197 19.573898115384615 0.671474358974359 45.301282057692305 45.30769230769231 13.115384615384615 32.19230769230769 4.405421100003878
326000 778.0769230769231 0.2459800873081493 19.567487865384617 0.6666666666666667 45.301282057692305 45.30769230769231 13.134615384615385 32.17307692307692 4.355189399997471
328000 777.7884615384615 0.24514870208816752 19.51109282692308 0.6666666666666667 45.301282057692305 45.30769230769231 13.038461538461538 32.26923076923077 4.177982000022894
330000 778.0192307692307 0.24576256127536458 19.435085461538463 0.671474358974359 45.301282057692305 45.30769230769231 13.01923076923077 32.28846153846154 4.382757600018522
332000 778.25 0.248785709055599 19.285130903846156 0.671474358974359 45.301282057692305 45.30769230769231 12.961538461538462 32.34615384615385 4.521761999989394
334000 777.2307692307693 0.24670078695405595 19.321989884615387 0.671474358974359 45.301282057692305 45.30769230769231 12.942307692307692 32.36538461538461 4.54556820000289
336000 778.9038461538462 0.24827384333163477 19.37785075 0.671474358974359 45.301282057692305 45.30769230769231 13.038461538461538 32.26923076923077 4.3874756999721285
338000 778.7307692307693 0.24516697997065007 19.355872711538463 0.671474358974359 45.301282057692305 45.30769230769231 13.01923076923077 32.28846153846154 4.271182600001339
340000 778.0961538461538 0.2441165901712154 19.333894673076927 0.671474358974359 45.301282057692305 45.30769230769231 13.0 32.30769230769231 4.419669900002191
342000 777.5384615384615 0.24387897657510102 19.311916634615386 0.671474358974359 45.301282057692305 45.30769230769231 12.98076923076923 32.32692307692308 4.353111999982502
344000 782.1538461538462 0.24520766062106739 19.34625734615385 0.671474358974359 45.301282057692305 45.30769230769231 13.038461538461538 32.26923076923077 4.290220499999123
346000 783.3076923076923 0.2457450032057757 19.434703673076925 0.671474358974359 45.301282057692305 45.30769230769231 13.115384615384615 32.19230769230769 4.26065120002022
348000 782.5192307692307 0.24693178378699437 19.41593101923077 0.671474358974359 45.301282057692305 45.30769230769231 13.076923076923077 32.23076923076923 4.31363279998186
350000 782.6346153846154 0.24699728403649435 19.39341880769231 0.671474358974359 45.301282057692305 45.30769230769231 13.057692307692308 32.25 4.384231300005922
352000 782.5192307692307 0.24645022456114998 19.41593101923077 0.671474358974359 45.301282057692305 45.30769230769231 13.076923076923077 32.23076923076923 4.464041100000031
354000 783.9038461538462 0.2486269558597124 19.453476846153844 0.6666666666666667 45.301282057692305 45.30769230769231 13.134615384615385 32.17307692307692 4.737640699982876
356000 781.3846153846154 0.24909443484658872 19.433991692307693 0.6666666666666667 45.301282057692305 45.30769230769231 13.115384615384615 32.19230769230769 4.346074200002477
358000 781.3846153846154 0.24813176627474498 19.433991692307693 0.6666666666666667 45.301282057692305 45.30769230769231 13.115384615384615 32.19230769230769 4.355516899988288
360000 783.0961538461538 0.2463108125633577 19.485528134615386 0.6666666666666667 45.301282057692305 45.30769230769231 13.115384615384615 32.19230769230769 4.405937000003178
362000 783.9807692307693 0.24742858529124592 19.475454884615385 0.6666666666666667 45.301282057692305 45.30769230769231 13.153846153846153 32.15384615384615 4.256832100014435
364000 783.3653846153846 0.24523310572434218 19.529484211538463 0.6666666666666667 45.301282057692305 45.30769230769231 13.153846153846153 32.15384615384615 4.286802199989324
366000 783.25 0.2455790625500975 19.507506173076926 0.6666666666666667 45.301282057692305 45.30769230769231 13.134615384615385 32.17307692307692 4.341179000010015
368000 783.4615384615385 0.2478302353646505 19.408986596153845 0.6666666666666667 45.301282057692305 45.30769230769231 13.096153846153847 32.21153846153846 4.3226476999989245
370000 782.7115384615385 0.24776145685293957 19.393418807692306 0.671474358974359 45.301282057692305 45.30769230769231 13.057692307692308 32.25 4.183042000018759
372000 782.7115384615385 0.24776145685293957 19.393418807692306 0.671474358974359 45.301282057692305 45.30769230769231 13.057692307692308 32.25 4.291271699999925
374000 782.5961538461538 0.24667579452213423 19.41593101923077 0.671474358974359 45.301282057692305 45.30769230769231 13.076923076923077 32.23076923076923 4.239610599994194
376000 782.7115384615385 0.24748544146831378 19.393418807692306 0.671474358974359 45.301282057692305 45.30769230769231 13.057692307692308 32.25 4.411657599994214
378000 782.5384615384615 0.24550890032053896 19.463550096153845 0.6666666666666667 45.301282057692305 45.30769230769231 13.096153846153847 32.21153846153846 4.455300300003728
380000 783.4615384615385 0.24839655421480764 19.408986596153845 0.6666666666666667 45.301282057692305 45.30769230769231 13.096153846153847 32.21153846153846 4.297671600012109
382000 784.0 0.2469788417723375 19.440408923076923 0.671474358974359 45.301282057692305 45.30769230769231 13.057692307692308 32.25 4.518191500013927
384000 784.0 0.2462756909282498 19.440408923076923 0.671474358974359 45.301282057692305 45.30769230769231 13.057692307692308 32.25 4.5097648999944795
386000 783.4423076923077 0.24631440742539537 19.418430884615386 0.671474358974359 45.301282057692305 45.30769230769231 13.038461538461538 32.26923076923077 4.716855200007558
388000 783.4423076923077 0.2453345499988324 19.418430884615386 0.671474358974359 45.301282057692305 45.30769230769231 13.038461538461538 32.26923076923077 4.541396700020414
390000 783.5192307692307 0.24549542244919592 19.55146225 0.6666666666666667 45.301282057692305 45.30769230769231 13.173076923076923 32.13461538461539 4.23797420001938
392000 784.0769230769231 0.24675835649855585 19.462386961538463 0.671474358974359 45.301282057692305 45.30769230769231 13.076923076923077 32.23076923076923 4.469865799997933
394000 784.8269230769231 0.24760962433882344 19.477954750000002 0.6666666666666667 45.301282057692305 45.30769230769231 13.115384615384615 32.19230769230769 4.470201999996789
396000 784.8269230769231 0.2472044547492276 19.477954750000002 0.6666666666666667 45.301282057692305 45.30769230769231 13.115384615384615 32.19230769230769 4.678950599976815
398000 783.1730769230769 0.24478318020822537 19.507506173076926 0.6666666666666667 45.301282057692305 45.30769230769231 13.134615384615385 32.17307692307692 4.6604468000005
400000 784.8269230769231 0.24818483181856676 19.477954750000002 0.6666666666666667 45.301282057692305 45.30769230769231 13.115384615384615 32.19230769230769 4.243329999997513
402000 783.1730769230769 0.2483029033595624 19.507506173076926 0.6666666666666667 45.301282057692305 45.30769230769231 13.134615384615385 32.17307692307692 4.445777300017653
404000 783.1730769230769 0.2467106265482214 19.507506173076926 0.6666666666666667 45.301282057692305 45.30769230769231 13.134615384615385 32.17307692307692 4.520385500014527
406000 783.1730769230769 0.24706390469445874 19.507506173076926 0.6666666666666667 45.301282057692305 45.30769230769231 13.134615384615385 32.17307692307692 4.420856500015361
408000 783.1730769230769 0.24706390469445874 19.507506173076926 0.6666666666666667 45.301282057692305 45.30769230769231 13.134615384615385 32.17307692307692 4.953858000022592
410000 784.8269230769231 0.24783155367232942 19.477954750000002 0.6666666666666667 45.301282057692305 45.30769230769231 13.115384615384615 32.19230769230769 4.341102600010345
412000 783.1730769230769 0.2483029033595624 19.507506173076926 0.6666666666666667 45.301282057692305 45.30769230769231 13.134615384615385 32.17307692307692 4.32104629999958
414000 784.0769230769231 0.24705962431653078 19.462386961538463 0.671474358974359 45.301282057692305 45.30769230769231 13.076923076923077 32.23076923076923 4.4853129999828525
416000 782.3076923076923 0.24874576814976265 19.469960346153847 0.671474358974359 45.301282057692305 45.30769230769231 13.076923076923077 32.23076923076923 4.3014005000004545
418000 782.4230769230769 0.24849814686466618 19.491938384615388 0.671474358974359 45.301282057692305 45.30769230769231 13.096153846153847 32.21153846153846 4.386542699998245
420000 782.0769230769231 0.24831537740941306 19.491938384615388 0.671474358974359 45.301282057692305 45.30769230769231 13.096153846153847 32.21153846153846 4.261110200022813
422000 783.7307692307693 0.24943630453352109 19.462386961538467 0.671474358974359 45.301282057692305 45.30769230769231 13.076923076923077 32.23076923076923 5.035489399975631
424000 782.1923076923077 0.24877431241679118 19.513916423076925 0.671474358974359 45.301282057692305 45.30769230769231 13.115384615384615 32.19230769230769 4.367469699995127
426000 782.1923076923077 0.24855579054162705 19.513916423076925 0.671474358974359 45.301282057692305 45.30769230769231 13.115384615384615 32.19230769230769 4.419719600002281
428000 782.1923076923077 0.24855579054162705 19.513916423076925 0.671474358974359 45.301282057692305 45.30769230769231 13.115384615384615 32.19230769230769 4.632080799987307
430000 782.1923076923077 0.24571587359013722 19.513916423076925 0.671474358974359 45.301282057692305 45.30769230769231 13.115384615384615 32.19230769230769 4.337415699992562
432000 782.9423076923077 0.24648780294593584 19.529484211538463 0.6666666666666667 45.301282057692305 45.30769230769231 13.153846153846153 32.15384615384615 4.341197000001557
434000 782.5576923076923 0.24369337424829524 19.563698961538464 0.6666666666666667 45.301282057692305 45.30769230769231 13.153846153846153 32.15384615384615 4.17396899999585
436000 782.9423076923077 0.24719095379002354 19.529484211538463 0.6666666666666667 45.301282057692305 45.30769230769231 13.153846153846153 32.15384615384615 4.650792900007218
438000 782.1923076923077 0.2443978176757476 19.513916423076925 0.671474358974359 45.301282057692305 45.30769230769231 13.115384615384615 32.19230769230769 4.273635500023374
440000 782.3461538461538 0.24452274549758052 19.535894461538465 0.671474358974359 45.301282057692305 45.30769230769231 13.134615384615385 32.17307692307692 4.571159699989948
442000 782.1923076923077 0.24510096851983526 19.513916423076925 0.671474358974359 45.301282057692305 45.30769230769231 13.115384615384615 32.19230769230769 4.700660100003006
444000 782.4230769230769 0.2464961370283372 19.491938384615388 0.671474358974359 45.301282057692305 45.30769230769231 13.096153846153847 32.21153846153846 4.6106772999919485
446000 782.4230769230769 0.24863290313573932 19.491938384615388 0.671474358974359 45.301282057692305 45.30769230769231 13.096153846153847 32.21153846153846 4.241588700009743
448000 782.25 0.2482040235416443 19.469960346153847 0.671474358974359 45.301282057692305 45.30769230769231 13.076923076923077 32.23076923076923 4.704857499978971
450000 783.9038461538462 0.2493249506657523 19.440408923076923 0.671474358974359 45.301282057692305 45.30769230769231 13.057692307692308 32.25 4.46447849998367
452000 783.9038461538462 0.2493249506657523 19.440408923076923 0.671474358974359 45.301282057692305 45.30769230769231 13.057692307692308 32.25 4.26573039998766
454000 784.0769230769231 0.24761706415244522 19.462386961538463 0.671474358974359 45.301282057692305 45.30769230769231 13.076923076923077 32.23076923076923 4.32550629999605
456000 783.2692307692307 0.24937607362059358 19.418430884615386 0.671474358974359 45.301282057692305 45.30769230769231 13.038461538461538 32.26923076923077 4.32368359999964
458000 783.2692307692307 0.24937607362059358 19.418430884615386 0.671474358974359 45.301282057692305 45.30769230769231 13.038461538461538 32.26923076923077 4.534622600011062
460000 782.7115384615385 0.2491384600244792 19.39645284615385 0.671474358974359 45.301282057692305 45.30769230769231 13.01923076923077 32.28846153846154 4.382255800010171
462000 783.2692307692307 0.24937607362059358 19.418430884615386 0.671474358974359 45.301282057692305 45.30769230769231 13.038461538461538 32.26923076923077 4.342354100022931
464000 781.6153846153846 0.24611838038908343 19.44798230769231 0.671474358974359 45.301282057692305 45.30769230769231 13.057692307692308 32.25 4.117968700011261
466000 782.4230769230769 0.2457929861842495 19.491938384615388 0.671474358974359 45.301282057692305 45.30769230769231 13.096153846153847 32.21153846153846 4.168149400007678
468000 782.4038461538462 0.24654546340231243 19.491938384615388 0.671474358974359 45.301282057692305 45.30769230769231 13.096153846153847 32.21153846153846 4.049329100002069
470000 783.3269230769231 0.24739299420596875 19.529484211538463 0.6666666666666667 45.301282057692305 45.30769230769231 13.153846153846153 32.15384615384615 4.055355299991788
472000 782.5769230769231 0.24591791400608243 19.513916423076925 0.671474358974359 45.301282057692305 45.30769230769231 13.115384615384615 32.19230769230769 4.290958699973999
474000 782.5769230769231 0.24591791400608243 19.513916423076925 0.671474358974359 45.301282057692305 45.30769230769231 13.115384615384615 32.19230769230769 3.8103385000140406
476000 782.5769230769231 0.24591791400608243 19.513916423076925 0.671474358974359 45.301282057692305 45.30769230769231 13.115384615384615 32.19230769230769 4.1300867999962065
478000 782.4038461538462 0.24584231255822472 19.491938384615388 0.671474358974359 45.301282057692305 45.30769230769231 13.096153846153847 32.21153846153846 4.075003100006143
480000 782.4038461538462 0.24584231255822472 19.491938384615388 0.671474358974359 45.301282057692305 45.30769230769231 13.096153846153847 32.21153846153846 3.7591602000175044
482000 782.25 0.2457173847363918 19.469960346153847 0.671474358974359 45.301282057692305 45.30769230769231 13.076923076923077 32.23076923076923 3.1616670999792404
484000 781.6153846153846 0.24755199565239788 19.44798230769231 0.671474358974359 45.301282057692305 45.30769230769231 13.057692307692308 32.25 3.1886683000193443
486000 781.6153846153846 0.24825514649648556 19.44798230769231 0.671474358974359 45.301282057692305 45.30769230769231 13.057692307692308 32.25 2.838100499997381
488000 781.6153846153846 0.24825514649648556 19.44798230769231 0.671474358974359 45.301282057692305 45.30769230769231 13.057692307692308 32.25 2.527089299983345
490000 783.5192307692307 0.2510772835818731 19.364401557692307 0.671474358974359 45.301282057692305 45.30769230769231 13.038461538461538 32.26923076923077 2.4859101000183728
492000 782.4230769230769 0.25019397005387944 19.41593101923077 0.671474358974359 45.301282057692305 45.30769230769231 13.076923076923077 32.23076923076923 2.5539334999921266
494000 782.4230769230769 0.25019397005387944 19.41593101923077 0.671474358974359 45.301282057692305 45.30769230769231 13.076923076923077 32.23076923076923 2.364373799995519
496000 784.0769230769231 0.2513148971779875 19.386379596153848 0.671474358974359 45.301282057692305 45.30769230769231 13.057692307692308 32.25 2.3659126999846194
498000 784.0769230769231 0.2513148971779875 19.386379596153848 0.671474358974359 45.301282057692305 45.30769230769231 13.057692307692308 32.25 2.0149963999865577
500000 784.0769230769231 0.2513148971779875 19.386379596153848 0.671474358974359 45.301282057692305 45.30769230769231 13.057692307692308 32.25 2.1290631000010762
