2000 0.07692307692307693 -0.7115303121459063 38.688753596153845 0.03685897435897435 45.286538461538456 45.30769230769231 0.0 45.30769230769231 1.731360600097105
4000 0.09615384615384616 -0.7499924885640303 39.23798873076923 0.07051282051282051 45.286538461538456 45.30769230769231 0.0 45.30769230769231 2.433669399935752
6000 0.3076923076923077 -0.7692164730180342 37.413469500000005 0.11538461538461539 45.286538461538456 45.30769230769231 0.0 45.30769230769231 2.80987949995324
8000 0.5961538461538461 -0.05763181908688966 33.59952719230768 0.3076923076923077 45.286538461538456 45.30769230769231 0.019230769230769232 45.28846153846154 3.508273100014776
10000 0.5576923076923077 -0.8269197952251386 35.139151326923056 0.27724358974358976 45.286538461538456 45.30769230769231 0.0 45.30769230769231 3.22008080012165
12000 0.40384615384615385 -0.2691979222723532 35.97818542307692 0.23237179487179485 45.286538461538456 45.30769230769231 0.0 45.30769230769231 3.1518856999464333
14000 0.46153846153846156 -0.11528973141647536 35.29606565384614 0.22596153846153846 45.286538461538456 45.30769230769231 0.0 45.30769230769231 3.4275753998663276
16000 0.34615384615384615 -0.7307623636889236 37.1301085 0.17147435897435898 45.286538461538456 45.30769230769231 0.0 45.30769230769231 2.667786199832335
18000 0.15384615384615385 -0.9230744034743628 37.90278769230769 0.09775641025641027 45.286538461538456 45.30769230769231 0.0 45.30769230769231 2.6202330000232905
20000 0.15384615384615385 -0.7884552373272722 37.83495551923077 0.1137820512820513 45.286538461538456 45.30769230769231 0.0 45.30769230769231 2.5290770998690277
22000 0.28846153846153844 -0.019136323653240507 36.09588209615385 0.21634615384615385 45.286538461538456 45.30769230769231 0.0 45.30769230769231 3.4257549999747425
24000 0.28846153846153844 -0.2691390040321925 36.03506478846155 0.18910256410256407 45.286538461538456 45.30769230769231 0.0 45.30769230769231 3.545010899892077
26000 0.3269230769230769 -0.01915178548520281 35.0639109423077 0.20673076923076922 45.286538461538456 45.30769230769231 0.0 45.30769230769231 3.6650484001729637
28000 0.25 0.00010714536802300758 35.50645901923077 0.14262820512820512 45.286538461538456 45.30769230769231 0.019230769230769232 45.28846153846154 3.520484099863097
30000 0.28846153846153844 -0.846144551486871 35.6545359423077 0.14423076923076922 45.286538461538456 45.30769230769231 0.0 45.30769230769231 3.6583820001687855
32000 0.5769230769230769 0.00023501767576975506 31.59299748076923 0.35737179487179493 45.286538461538456 45.30769230769231 0.019230769230769232 45.28846153846154 3.4380289001856
34000 0.7307692307692307 0.0002648110416483885 31.173766711538466 0.3685897435897436 45.286538461538456 45.30769230769231 0.019230769230769232 45.28846153846154 3.692046199925244
36000 0.34615384615384615 5.759896025188915e-05 34.6449205576923 0.2419871794871795 45.286538461538456 45.30769230769231 0.019230769230769232 45.28846153846154 3.5441488998476416
38000 0.3269230769230769 4.410360999179014e-05 34.96126671153847 0.21955128205128205 45.286538461538456 45.30769230769231 0.0 45.30769230769231 4.002008399926126
40000 0.3076923076923077 6.714926611874645e-05 35.02184363461538 0.22916666666666669 45.286538461538456 45.30769230769231 0.019230769230769232 45.28846153846154 3.567156499950215
42000 0.25 0.0001327712587597363 35.103574403846146 0.22596153846153846 45.286538461538456 45.30769230769231 0.019230769230769232 45.28846153846154 4.048544699791819
44000 0.19230769230769232 4.283100088339987e-05 35.20453594230769 0.21153846153846154 45.286538461538456 45.30769230769231 0.019230769230769232 45.28846153846154 3.7496068999171257
46000 0.2692307692307692 7.64062473940888e-05 35.478024961538466 0.22115384615384615 45.286538461538456 45.30769230769231 0.0 45.30769230769231 3.540389999980107
48000 0.25 9.241991666936048e-05 35.49438296153847 0.18589743589743588 45.286538461538456 45.30769230769231 0.019230769230769232 45.28846153846154 3.465230000205338
50000 0.25 3.8092195977718815e-05 35.077988730769235 0.2131410256410256 45.286538461538456 45.30769230769231 0.019230769230769232 45.28846153846154 3.7212921001482755
52000 0.3269230769230769 0.00010255714820006889 34.33722825 0.2580128205128205 45.286538461538456 45.30769230769231 0.019230769230769232 45.28846153846154 3.4964030000846833
54000 0.3076923076923077 5.288472638926834e-05 34.342997480769235 0.2644230769230769 45.286538461538456 45.30769230769231 0.019230769230769232 45.28846153846154 3.7043223998043686
56000 0.3076923076923077 6.403500030811897e-05 34.22761286538462 0.27724358974358976 45.286538461538456 45.30769230769231 0.019230769230769232 45.28846153846154 3.6230754000134766
58000 0.3076923076923077 -0.05761507261918319 34.26429555769231 0.2708333333333333 45.286538461538456 45.30769230769231 0.019230769230769232 45.28846153846154 3.555642600171268
60000 0.3269230769230769 -0.0575187064467043 33.78897496153847 0.26282051282051283 45.286538461538456 45.30769230769231 0.019230769230769232 45.28846153846154 3.7373989999759942
62000 0.34615384615384615 -0.49996201224548376 33.1684731153846 0.28846153846153844 45.286538461538456 45.30769230769231 0.019230769230769232 45.28846153846154 3.3449637000449
64000 0.3269230769230769 -0.3076408747693561 32.614466673076905 0.3317307692307692 45.286538461538456 45.30769230769231 0.019230769230769232 45.28846153846154 3.6288701000157744
66000 0.3269230769230769 -0.5191974779333033 33.025203846153836 0.3125 45.286538461538456 45.30769230769231 0.0 45.30769230769231 3.0669827000238
68000 0.3269230769230769 7.741858927092498e-05 34.74588209615385 0.24198717948717946 45.286538461538456 45.30769230769231 0.019230769230769232 45.28846153846154 3.6827331001404673
70000 0.25 0.00015103167403903198 35.33049748076923 0.2099358974358974 45.286538461538456 45.30769230769231 0.019230769230769232 45.28846153846154 3.6413269999902695
72000 0.28846153846153844 -0.48074077485073846 34.65645392307692 0.23237179487179488 45.286538461538456 45.30769230769231 0.0 45.30769230769231 3.291834799805656
74000 0.19230769230769232 -0.09605031295898768 36.56222825 0.14903846153846154 45.286538461538456 45.30769230769231 0.0 45.30769230769231 3.298159300116822
76000 0.17307692307692307 -0.03839937249973256 36.767035942307686 0.15224358974358976 45.286538461538456 45.30769230769231 0.0 45.30769230769231 3.8299203999340534
78000 0.15384615384615385 8.649018912240167e-05 36.44780517307692 0.1506410256410256 45.286538461538456 45.30769230769231 0.0 45.30769230769231 3.524501600069925
80000 0.17307692307692307 0.00011470540597296905 36.25068978846153 0.13942307692307693 45.286538461538456 45.30769230769231 0.0 45.30769230769231 3.7523647998459637
82000 0.2692307692307692 -0.4422592703069799 35.462383499999994 0.16987179487179485 45.286538461538456 45.30769230769231 0.0 45.30769230769231 4.144637400051579
84000 0.23076923076923078 -0.9038412245128425 35.5450758076923 0.17307692307692307 45.286538461538456 45.30769230769231 0.0 45.30769230769231 2.9750143999699503
86000 0.21153846153846154 -0.769224671767929 36.372571442307695 0.15705128205128205 45.286538461538456 45.30769230769231 0.0 45.30769230769231 2.59589510015212
88000 0.11538461538461539 -0.9614916485025843 37.54770028846153 0.14903846153846154 45.286538461538456 45.30769230769231 0.0 45.30769230769231 2.508089799899608
90000 0.2692307692307692 -0.26906373649874993 34.291870596153835 0.2115384615384615 45.286538461538456 45.30769230769231 0.0 45.30769230769231 2.936730100074783
92000 0.2692307692307692 -0.48075385496257195 34.26222315384614 0.24519230769230765 45.286538461538456 45.30769230769231 0.0 45.30769230769231 3.36775549990125
94000 0.2692307692307692 -0.5192174701686716 34.47183853846153 0.22115384615384612 45.286538461538456 45.30769230769231 0.0 45.30769230769231 3.5475143999792635
96000 0.23076923076923078 -0.24993166920805868 35.80052451923077 0.18429487179487178 45.286538461538456 45.30769230769231 0.0 45.30769230769231 3.509123200085014
98000 0.17307692307692307 -0.8461216464069911 37.18096951923077 0.14262820512820512 45.286538461538456 45.30769230769231 0.0 45.30769230769231 3.110120299970731
100000 0.21153846153846154 -0.11516233638854476 36.62937067307692 0.13942307692307693 45.286538461538456 45.30769230769231 0.0 45.30769230769231 3.6481836000457406
102000 0.5192307692307693 -0.23065231345332643 35.47387388461537 0.18910256410256412 45.286538461538456 45.30769230769231 0.0 45.30769230769231 3.355433200020343
104000 0.36538461538461536 0.0001636720126354544 36.19732440384616 0.1650641025641026 45.286538461538456 45.30769230769231 0.0 45.30769230769231 3.894527900032699
106000 0.36538461538461536 -0.01907303883107448 36.051165576923076 0.1362179487179487 45.286538461538456 45.30769230769231 0.0 45.30769230769231 3.855508500011638
108000 0.38461538461538464 -0.17293554031941547 35.563825807692304 0.1875 45.286538461538456 45.30769230769231 0.0 45.30769230769231 4.033102900022641
110000 0.4423076923076923 -0.15374237949702935 35.83353734615384 0.18749999999999997 45.286538461538456 45.30769230769231 0.0 45.30769230769231 3.451960999984294
112000 0.09615384615384616 0.00011319702110869667 36.34020026923077 0.1971153846153846 45.286538461538456 45.30769230769231 0.0 45.30769230769231 3.601998300058767
114000 0.11538461538461539 7.751880146807119e-05 36.28654642307693 0.19391025641025642 45.286538461538456 45.30769230769231 0.019230769230769232 45.28846153846154 3.5845808000303805
116000 0.3076923076923077 0.0001068056523233112 34.870882096153856 0.23076923076923078 45.286538461538456 45.30769230769231 0.019230769230769232 45.28846153846154 3.704895499860868
118000 0.23076923076923078 -0.11525780615036169 34.98544065384616 0.23076923076923078 45.286538461538456 45.30769230769231 0.019230769230769232 45.28846153846154 3.4588676001876593
120000 0.28846153846153844 -0.4230222371550554 36.59265221153846 0.19230769230769232 45.286538461538456 45.30769230769231 0.0 45.30769230769231 3.3640127999242395
122000 0.34615384615384615 7.106275626882e-05 36.37232440384616 0.19230769230769226 45.286538461538456 45.30769230769231 0.0 45.30769230769231 3.9954208999406546
124000 0.23076923076923078 5.1044236897973346e-05 36.44299748076923 0.17307692307692307 45.286538461538456 45.30769230769231 0.0 45.30769230769231 3.6219529998488724
126000 0.21153846153846154 0.00010058348977975306 36.938670557692305 0.17307692307692307 45.286538461538456 45.30769230769231 0.0 45.30769230769231 3.6840586999896914
128000 0.25 0.00011769477106890943 36.91222825 0.16346153846153846 45.286538461538456 45.30769230769231 0.0 45.30769230769231 3.598093699896708
130000 0.21153846153846154 -0.01911920432897232 36.44443978846154 0.15865384615384615 45.286538461538456 45.30769230769231 0.0 45.30769230769231 4.143625899916515
132000 0.21153846153846154 -0.019152966216026655 36.57232440384616 0.1778846153846154 45.286538461538456 45.30769230769231 0.0 45.30769230769231 3.9824184998869896
134000 0.36538461538461536 -0.019088639506981926 36.27088209615385 0.21153846153846154 45.286538461538456 45.30769230769231 0.0 45.30769230769231 3.5045694999862462
136000 0.3076923076923077 -0.09608485835936248 36.444439788461544 0.2019230769230769 45.286538461538456 45.30769230769231 0.0 45.30769230769231 3.660913199884817
138000 0.19230769230769232 -0.038320665006698035 36.8858615 0.18429487179487178 45.286538461538456 45.30769230769231 0.0 45.30769230769231 3.5473306998610497
140000 0.17307692307692307 -0.2884166026727293 37.26129896153847 0.16506410256410253 45.286538461538456 45.30769230769231 0.0 45.30769230769231 3.2117709999438375
142000 0.23076923076923078 7.053736227661938e-05 36.970401326923074 0.17147435897435892 45.286538461538456 45.30769230769231 0.0 45.30769230769231 3.3871665000915527
144000 0.21153846153846154 8.786177512491037e-05 36.84251671153846 0.19551282051282046 45.286538461538456 45.30769230769231 0.0 45.30769230769231 3.572500600013882
146000 0.21153846153846154 5.4908308151175614e-05 36.50333401923077 0.19230769230769226 45.286538461538456 45.30769230769231 0.0 45.30769230769231 3.7364604000467807
148000 0.17307692307692307 5.8133695267724314e-05 36.53674748076922 0.18749999999999997 45.286538461538456 45.30769230769231 0.0 45.30769230769231 3.816526599926874
150000 0.28846153846153844 -0.09608219939470591 36.63290132692307 0.2003205128205128 45.286538461538456 45.30769230769231 0.0 45.30769230769231 3.9135825000703335
152000 0.23076923076923078 9.665017424489464e-05 36.56270901923077 0.19230769230769226 45.286538461538456 45.30769230769231 0.0 45.30769230769231 3.4273629998788238
154000 0.21153846153846154 9.792874477897818e-05 36.87905517307693 0.17307692307692304 45.286538461538456 45.30769230769231 0.0 45.30769230769231 3.545636299997568
156000 0.15384615384615385 6.649103552481335e-05 36.99732440384616 0.16987179487179485 45.286538461538456 45.30769230769231 0.0 45.30769230769231 3.905491800047457
158000 0.15384615384615385 6.77300871168837e-05 36.67232440384616 0.17948717948717946 45.286538461538456 45.30769230769231 0.0 45.30769230769231 3.731047899927944
160000 0.2692307692307692 0.00016460815566918214 36.86275273076924 0.18589743589743585 45.286538461538456 45.30769230769231 0.0 45.30769230769231 3.427425100002438
162000 0.21153846153846154 -0.019155184902535524 36.843478250000004 0.1955128205128205 45.286538461538456 45.30769230769231 0.0 45.30769230769231 3.3845187998376787
164000 0.3269230769230769 -0.36534102987356604 36.758096538461544 0.21955128205128205 45.286538461538456 45.30769230769231 0.0 45.30769230769231 2.949079600162804
166000 0.28846153846153844 -0.13453697676918436 36.677773115384625 0.20673076923076922 45.286538461538456 45.30769230769231 0.0 45.30769230769231 3.820455400040373
168000 0.3076923076923077 -0.23069524393831536 36.56901571153847 0.21955128205128205 45.286538461538456 45.30769230769231 0.0 45.30769230769231 3.718826700001955
170000 0.19230769230769232 8.30071389923972e-05 36.76559363461539 0.15865384615384612 45.286538461538456 45.30769230769231 0.0 45.30769230769231 3.746963700046763
172000 0.21153846153846154 7.2367969774415e-05 36.89852632692308 0.1330128205128205 45.286538461538456 45.30769230769231 0.0 45.30769230769231 3.801216799998656
174000 0.25 8.030225189521105e-05 36.998045557692315 0.1346153846153846 45.286538461538456 45.30769230769231 0.0 45.30769230769231 3.712374299997464
176000 0.6346153846153846 -0.01896095115315562 35.57665132692308 0.27083333333333337 45.286538461538456 45.30769230769231 0.0 45.30769230769231 3.8218976999633014
178000 0.19230769230769232 0.0001237173275428196 37.01318978846153 0.15705128205128208 45.286538461538456 45.30769230769231 0.0 45.30769230769231 3.610190900042653
180000 0.28846153846153844 9.30151301468663e-05 36.44107440384616 0.18108974358974358 45.286538461538456 45.30769230769231 0.0 45.30769230769231 3.5085444001015276
182000 0.15384615384615385 0.00010013077985048942 37.43145901923078 0.11057692307692307 45.286538461538456 45.30769230769231 0.0 45.30769230769231 3.4251886000856757
184000 0.15384615384615385 8.464510590613796e-05 37.03104692307692 0.11217948717948717 45.286538461538456 45.30769230769231 0.0 45.30769230769231 3.762109800009057
186000 0.19230769230769232 0.00010796109068526734 36.54876671153846 0.1266025641025641 45.286538461538456 45.30769230769231 0.0 45.30769230769231 3.837878300109878
188000 0.19230769230769232 5.688715987903727e-05 36.96607440384616 0.09455128205128206 45.286538461538456 45.30769230769231 0.0 45.30769230769231 3.9888571999035776
190000 0.19230769230769232 7.29406643231441e-05 37.009343634615384 0.12500000000000003 45.286538461538456 45.30769230769231 0.0 45.30769230769231 3.8340594000183046
192000 0.3076923076923077 0.0001278286671697437 36.764151326923084 0.1362179487179487 45.286538461538456 45.30769230769231 0.0 45.30769230769231 3.821686999872327
194000 0.28846153846153844 9.204162999615013e-05 36.64011286538462 0.11858974358974358 45.286538461538456 45.30769230769231 0.0 45.30769230769231 3.6642954000271857
196000 0.28846153846153844 -0.07676392565866591 36.23818978846153 0.1875 45.286538461538456 45.30769230769231 0.0 45.30769230769231 3.760555600048974
198000 0.25 0.00013307306997944717 36.12152311538462 0.17307692307692307 45.286538461538456 45.30769230769231 0.0 45.30769230769231 3.823015399975702
200000 0.23076923076923078 -0.038357209226316774 36.941278365384626 0.12980769230769232 45.286538461538456 45.30769230769231 0.0 45.30769230769231 3.9209138001315296
202000 0.3076923076923077 -0.09606334155083962 36.94972825000001 0.10576923076923078 45.286538461538456 45.30769230769231 0.0 45.30769230769231 3.430040800012648
204000 0.17307692307692307 -0.21143087218984558 36.79079759615386 0.1522435897435897 45.286538461538456 45.30769230769231 0.0 45.30769230769231 3.727657400071621
206000 0.34615384615384615 -0.26910438581691093 36.596759134615404 0.17628205128205127 45.286538461538456 45.30769230769231 0.0 45.30769230769231 3.6083192001096904
208000 0.5576923076923077 -0.03815748452164728 35.659868115384626 0.2243589743589743 45.286538461538456 45.30769230769231 0.0 45.30769230769231 3.6804502001032233
210000 0.4230769230769231 -0.03819409263195746 35.81347388461539 0.2067307692307692 45.286538461538456 45.30769230769231 0.0 45.30769230769231 3.8870949000120163
212000 0.17307692307692307 4.922184272835258e-05 35.639911807692314 0.171474358974359 45.286538461538456 45.30769230769231 0.019230769230769232 45.28846153846154 3.7631187001243234
214000 0.28846153846153844 0.00021802667465593538 35.874343634615386 0.1810897435897436 45.286538461538456 45.30769230769231 0.019230769230769232 45.28846153846154 3.69219690002501
216000 0.3076923076923077 0.00011761737927018172 35.95165132692308 0.18108974358974358 45.286538461538456 45.30769230769231 0.019230769230769232 45.28846153846154 3.8550888001918793
218000 0.19230769230769232 6.884817464148656e-05 36.47376671153847 0.15865384615384615 45.286538461538456 45.30769230769231 0.019230769230769232 45.28846153846154 3.485666000051424
220000 0.19230769230769232 5.024672559808381e-05 36.75261286538461 0.15705128205128205 45.286538461538456 45.30769230769231 0.0 45.30769230769231 4.380116400076076
222000 0.19230769230769232 -0.07685467137148747 36.39395901923076 0.1955128205128205 45.286538461538456 45.30769230769231 0.0 45.30769230769231 3.7568258999381214
224000 0.21153846153846154 -0.05762261193125568 36.62472824999999 0.19230769230769235 45.286538461538456 45.30769230769231 0.0 45.30769230769231 4.238389800069854
226000 0.25 9.438507009455886e-05 36.52761286538462 0.18910256410256412 45.286538461538456 45.30769230769231 0.0 45.30769230769231 3.6784497001208365
228000 0.23076923076923078 4.989712032352899e-05 36.41799748076923 0.17307692307692307 45.286538461538456 45.30769230769231 0.0 45.30769230769231 3.853690099902451
230000 0.23076923076923078 5.8484007885474755e-05 36.402612865384626 0.1778846153846154 45.286538461538456 45.30769230769231 0.0 45.30769230769231 3.5690045999363065
232000 0.21153846153846154 5.109950057896477e-05 36.608141711538465 0.1778846153846154 45.286538461538456 45.30769230769231 0.019230769230769232 45.28846153846154 3.5113394998479635
234000 0.21153846153846154 5.367939654543698e-05 36.53818978846154 0.19230769230769235 45.286538461538456 45.30769230769231 0.0 45.30769230769231 3.5144374000374228
236000 0.19230769230769232 4.889210804489497e-05 36.63025709615384 0.18429487179487178 45.286538461538456 45.30769230769231 0.0 45.30769230769231 3.6731122999917716
238000 0.19230769230769232 8.025094417003363e-05 36.56126671153846 0.18429487179487178 45.286538461538456 45.30769230769231 0.0 45.30769230769231 3.4572656000964344
240000 0.17307692307692307 4.7239801096389196e-05 36.165112865384614 0.20192307692307693 45.286538461538456 45.30769230769231 0.0 45.30769230769231 3.761642999947071
242000 0.19230769230769232 8.982432025559692e-05 35.83049748076923 0.2003205128205128 45.286538461538456 45.30769230769231 0.0 45.30769230769231 3.9351011000107974
244000 0.17307692307692307 9.39963462739297e-05 35.75934363461539 0.1907051282051282 45.286538461538456 45.30769230769231 0.0 45.30769230769231 4.038083299994469
246000 0.21153846153846154 0.00011738006282747006 35.73218017307692 0.1778846153846154 45.286538461538456 45.30769230769231 0.0 45.30769230769231 3.6283536998089403
248000 0.21153846153846154 8.871364141665203e-05 35.97256478846154 0.15865384615384615 45.286538461538456 45.30769230769231 0.0 45.30769230769231 3.8682812000624835
250000 0.19230769230769232 -0.019166471899172324 35.80097388461539 0.14583333333333331 45.286538461538456 45.30769230769231 0.0 45.30769230769231 3.6027171001769602
252000 0.23076923076923078 -0.249875156707919 36.29262451923078 0.1378205128205128 45.286538461538456 45.30769230769231 0.0 45.30769230769231 4.110816299915314
254000 0.23076923076923078 -0.24987109822803816 35.90045365384616 0.1378205128205128 45.286538461538456 45.30769230769231 0.0 45.30769230769231 3.4318603000137955
256000 0.23076923076923078 -0.403797815668996 35.90620976923078 0.17307692307692307 45.286538461538456 45.30769230769231 0.0 45.30769230769231 3.5392066999338567
258000 0.3076923076923077 -0.0576403373923533 35.68617044230769 0.21153846153846154 45.286538461538456 45.30769230769231 0.019230769230769232 45.28846153846154 3.5938254999928176
260000 0.28846153846153844 -0.1922073298877969 36.59934788461539 0.1378205128205128 45.286538461538456 45.30769230769231 0.0 45.30769230769231 3.450133299920708
262000 0.36538461538461536 -0.1345210023950404 36.14165557692308 0.21474358974358976 45.286538461538456 45.30769230769231 0.0 45.30769230769231 4.066850299946964
264000 0.3269230769230769 -0.057572102023184565 36.419483500000005 0.1266025641025641 45.286538461538456 45.30769230769231 0.0 45.30769230769231 3.4905343998689204
266000 0.28846153846153844 -0.019124745328197853 36.38743221153846 0.14102564102564102 45.286538461538456 45.30769230769231 0.0 45.30769230769231 4.109512900002301
268000 0.2692307692307692 -0.07681271529724097 35.66050913461539 0.21955128205128205 45.286538461538456 45.30769230769231 0.0 45.30769230769231 3.7398210000246763
270000 0.25 -0.13451697749258804 36.023386346153856 0.16666666666666669 45.286538461538456 45.30769230769231 0.0 45.30769230769231 3.5836936999112368
272000 0.3076923076923077 7.956903825333074e-05 35.64972825 0.2147435897435897 45.286538461538456 45.30769230769231 0.0 45.30769230769231 3.779116400051862
274000 0.19230769230769232 9.555702328174018e-05 36.273970673076924 0.16185897435897434 45.286538461538456 45.30769230769231 0.0 45.30769230769231 3.7376888999715447
276000 0.17307692307692307 7.726998175549864e-05 36.48402311538462 0.14583333333333331 45.286538461538456 45.30769230769231 0.0 45.30769230769231 3.6233427999541163
278000 0.21153846153846154 7.588774951421235e-05 35.88582965384616 0.16666666666666666 45.286538461538456 45.30769230769231 0.0 45.30769230769231 3.999163799919188
280000 0.3076923076923077 -0.13446174225005303 35.02867480769232 0.1842948717948718 45.286538461538456 45.30769230769231 0.0 45.30769230769231 3.985609899973497
282000 0.34615384615384615 -0.7307210899059792 35.18588634615385 0.1746794871794872 45.286538461538456 45.30769230769231 0.0 45.30769230769231 3.779748500091955
284000 0.2692307692307692 -0.9038206108670089 36.09069403846155 0.14583333333333334 45.286538461538456 45.30769230769231 0.0 45.30769230769231 3.1543840998783708
286000 0.25 -0.019163994953991816 35.80252096153847 0.1778846153846154 45.286538461538456 45.30769230769231 0.0 45.30769230769231 3.798864600015804
288000 0.2692307692307692 -0.2306806173867966 35.635501730769235 0.2243589743589744 45.286538461538456 45.30769230769231 0.0 45.30769230769231 3.6640232999343425
290000 0.6153846153846154 -0.03806356321271821 31.967660826923087 0.3621794871794872 45.286538461538456 45.30769230769231 0.019230769230769232 45.28846153846154 3.9595226000528783
292000 0.8846153846153846 0.000276395426264961 32.0840181923077 0.3605769230769231 45.286538461538456 45.30769230769231 0.019230769230769232 45.28846153846154 3.615460299886763
294000 0.5961538461538461 -0.018856361383845485 32.586914673076926 0.3733974358974359 45.286538461538456 45.30769230769231 0.019230769230769232 45.28846153846154 3.848996000131592
296000 0.6923076923076923 -0.038105562413441665 31.743164673076933 0.389423076923077 45.286538461538456 45.30769230769231 0.019230769230769232 45.28846153846154 3.810934799956158
298000 0.5961538461538461 -0.038170465359412986 34.90908686538462 0.24038461538461542 45.286538461538456 45.30769230769231 0.0 45.30769230769231 3.567659599939361
300000 0.5769230769230769 0.00044361106202726565 34.277965634615384 0.22916666666666666 45.286538461538456 45.30769230769231 0.019230769230769232 45.28846153846154 3.8931863999459893
302000 0.4807692307692308 -0.07680760859440693 36.59271575000001 0.1474358974358974 45.286538461538456 45.30769230769231 0.0 45.30769230769231 3.418335599824786
304000 0.5384615384615384 -0.05755057844682075 35.8851836923077 0.16987179487179485 45.286538461538456 45.30769230769231 0.0 45.30769230769231 4.0385219000745565
306000 0.3076923076923077 -0.6345878781552734 37.545625 0.09294871794871797 45.286538461538456 45.30769230769231 0.0 45.30769230769231 2.82429870008491
308000 0.38461538461538464 -0.1921852918657166 36.875568307692305 0.1282051282051282 45.286538461538456 45.30769230769231 0.0 45.30769230769231 3.671120800077915
310000 0.5 0.00011190982514331902 36.70761286538462 0.14583333333333334 45.286538461538456 45.30769230769231 0.0 45.30769230769231 3.963388699805364
312000 0.36538461538461536 7.759326695418287e-05 36.656459019230766 0.1330128205128205 45.286538461538456 45.30769230769231 0.0 45.30769230769231 3.612562600057572
314000 0.5 -0.01905230957399092 36.796843634615385 0.141025641025641 45.286538461538456 45.30769230769231 0.0 45.30769230769231 3.9995806999504566
316000 0.4230769230769231 9.699355608561378e-05 36.27568978846154 0.16025641025641024 45.286538461538456 45.30769230769231 0.0 45.30769230769231 3.8692431999370456
318000 0.4230769230769231 0.00010789207345832248 36.672805173076924 0.16506410256410253 45.286538461538456 45.30769230769231 0.0 45.30769230769231 3.8687378000468016
320000 0.46153846153846156 0.00020706352794440006 35.967035942307696 0.2243589743589744 45.286538461538456 45.30769230769231 0.0 45.30769230769231 3.8932668000925332
322000 0.4423076923076923 7.363154062236555e-05 35.670882096153846 0.2371794871794872 45.286538461538456 45.30769230769231 0.0 45.30769230769231 3.6461034999229014
324000 0.7115384615384616 5.0828854718072e-05 34.94780517307692 0.22596153846153846 45.286538461538456 45.30769230769231 0.0 45.30769230769231 3.553794999839738
326000 0.6153846153846154 0.00016559351163369785 35.586266711538464 0.20512820512820515 45.286538461538456 45.30769230769231 0.0 45.30769230769231 3.517871200107038
328000 0.6923076923076923 0.00011308122802674976 34.9420359423077 0.2275641025641026 45.286538461538456 45.30769230769231 0.0 45.30769230769231 3.820383399957791
330000 0.5769230769230769 0.00012556857611934353 34.96511286538461 0.22916666666666669 45.286538461538456 45.30769230769231 0.0 45.30769230769231 3.806699499953538
332000 0.6538461538461539 0.00019096523814614871 34.16318969230768 0.2580128205128205 45.286538461538456 45.30769230769231 0.0 45.30769230769231 3.7332603000104427
334000 0.5576923076923077 0.00013838196141330007 34.021042307692305 0.2580128205128205 45.286538461538456 45.30769230769231 0.0 45.30769230769231 3.7236679000779986
336000 0.5192307692307693 -0.1537535006531865 35.89443978846154 0.20673076923076922 45.286538461538456 45.30769230769231 0.0 45.30769230769231 3.964672700036317
338000 0.5192307692307693 -0.15376783890350115 35.63867055769231 0.2131410256410256 45.286538461538456 45.30769230769231 0.0 45.30769230769231 3.8655882000457495
340000 0.4230769230769231 -0.17295947015332366 35.47088209615386 0.1971153846153846 45.286538461538456 45.30769230769231 0.0 45.30769230769231 3.74128820002079
342000 0.5384615384615384 -0.019079540931591695 35.36030517307693 0.22756410256410262 45.286538461538456 45.30769230769231 0.0 45.30769230769231 4.056680700043216
344000 0.40384615384615385 -0.153779813877359 35.67434788461539 0.22115384615384615 45.286538461538456 45.30769230769231 0.0 45.30769230769231 4.100035300012678
346000 0.5 -0.11528433895498749 35.07282980769231 0.2419871794871795 45.286538461538456 45.30769230769231 0.0 45.30769230769231 3.9688072002027184
348000 0.4423076923076923 9.96572654036843e-05 35.39604234615385 0.24038461538461536 45.286538461538456 45.30769230769231 0.0 45.30769230769231 4.000150999985635
350000 0.4230769230769231 -0.038294242745464856 36.00068978846154 0.21634615384615385 45.286538461538456 45.30769230769231 0.0 45.30769230769231 4.035736000165343
352000 0.25 -0.019183202369590004 36.76190773076924 0.20352564102564102 45.286538461538456 45.30769230769231 0.0 45.30769230769231 4.108242700109258
354000 0.25 -0.038320633105268266 36.4452410576923 0.21153846153846154 45.286538461538456 45.30769230769231 0.0 45.30769230769231 3.8231579000130296
356000 0.19230769230769232 -0.07686197407788439 36.57969619230769 0.18429487179487178 45.286538461538456 45.30769230769231 0.019230769230769232 45.28846153846154 3.8028753001708537
358000 0.23076923076923078 -0.03834383117869486 36.73963209615385 0.16346153846153844 45.286538461538456 45.30769230769231 0.0 45.30769230769231 3.6203496002126485
360000 0.3076923076923077 -0.03836715290253253 36.43033719230769 0.1618589743589743 45.286538461538456 45.30769230769231 0.0 45.30769230769231 3.9335731000173837
362000 0.3076923076923077 -0.03834561989629221 35.943638461538455 0.18108974358974358 45.286538461538456 45.30769230769231 0.019230769230769232 45.28846153846154 3.6891129000578076
364000 0.25 -0.019126650043963 36.12921542307692 0.1939102564102564 45.286538461538456 45.30769230769231 0.019230769230769232 45.28846153846154 3.96257199998945
366000 0.21153846153846154 4.986902238016227e-05 36.45549748076923 0.18269230769230765 45.286538461538456 45.30769230769231 0.019230769230769232 45.28846153846154 3.7848039001692086
368000 0.2692307692307692 -0.019123027735231498 35.7834695 0.18589743589743588 45.286538461538456 45.30769230769231 0.019230769230769232 45.28846153846154 3.534280400024727
370000 0.36538461538461536 -0.01907231608236328 36.25333401923077 0.1971153846153846 45.286538461538456 45.30769230769231 0.019230769230769232 45.28846153846154 3.8423749001231045
372000 0.3076923076923077 -0.03833438509600196 35.9636705576923 0.1939102564102564 45.286538461538456 45.30769230769231 0.019230769230769232 45.28846153846154 3.98784610000439
374000 0.3269230769230769 -0.13453061795222113 35.373285942307696 0.20192307692307693 45.286538461538456 45.30769230769231 0.019230769230769232 45.28846153846154 3.3782374998554587
376000 0.2692307692307692 6.498367802030361e-05 35.13674748076923 0.23397435897435898 45.286538461538456 45.30769230769231 0.0 45.30769230769231 3.708784299902618
378000 0.3269230769230769 -0.038408543157818296 35.77088209615385 0.23076923076923078 45.286538461538456 45.30769230769231 0.019230769230769232 45.28846153846154 3.6003692001104355
380000 0.25 -0.6538309446039704 36.70524038461538 0.17307692307692307 45.286538461538456 45.30769230769231 0.0 45.30769230769231 3.1964342000428587
382000 0.2692307692307692 -0.9038358334335334 37.16581730769231 0.16185897435897434 45.286538461538456 45.30769230769231 0.0 45.30769230769231 2.772623100085184
384000 0.34615384615384615 -0.8268909424575258 36.85716346153847 0.1987179487179487 45.286538461538456 45.30769230769231 0.0 45.30769230769231 3.0173596998210996
386000 0.7307692307692307 -0.44212515687419224 35.39370192307693 0.24839743589743593 45.286538461538456 45.30769230769231 0.0 45.30769230769231 3.620323000010103
388000 0.6153846153846154 -0.019068422529491504 34.5700329423077 0.2916666666666667 45.286538461538456 45.30769230769231 0.0 45.30769230769231 4.085335300071165
390000 0.5192307692307693 0.00013404712889562945 34.636834903846164 0.2644230769230769 45.286538461538456 45.30769230769231 0.0 45.30769230769231 3.6808771998621523
392000 0.5769230769230769 -0.05752771250996365 34.42088209615385 0.26442307692307687 45.286538461538456 45.30769230769231 0.0 45.30769230769231 3.9903660998679698
394000 0.7884615384615384 -0.01900942737022233 33.86511286538462 0.27083333333333337 45.286538461538456 45.30769230769231 0.0 45.30769230769231 3.642532299971208
396000 0.6923076923076923 7.865127905350066e-05 33.68145901923078 0.28685897435897434 45.286538461538456 45.30769230769231 0.0 45.30769230769231 3.8574022999964654
398000 0.75 0.0001369443062805084 33.43530517307693 0.30448717948717946 45.286538461538456 45.30769230769231 0.0 45.30769230769231 3.5740044000558555
400000 0.5769230769230769 -0.01911734390351207 32.67280517307693 0.2964743589743589 45.286538461538456 45.30769230769231 0.0 45.30769230769231 4.012960799969733
402000 0.6346153846153846 -0.019132186527301795 32.57472825000001 0.3125 45.286538461538456 45.30769230769231 0.0 45.30769230769231 4.172133699990809
404000 0.5384615384615384 6.961787098255513e-05 32.564151326923074 0.2996794871794871 45.286538461538456 45.30769230769231 0.0 45.30769230769231 3.713836899958551
406000 0.5576923076923077 8.19331638707678e-05 32.88530517307692 0.3205128205128205 45.286538461538456 45.30769230769231 0.0 45.30769230769231 3.913351000053808
408000 0.6346153846153846 0.00020761280029147312 32.61992055769231 0.3285256410256411 45.286538461538456 45.30769230769231 0.019230769230769232 45.28846153846154 3.9380962001159787
410000 0.6346153846153846 -0.019122696861061952 32.429535942307695 0.358974358974359 45.286538461538456 45.30769230769231 0.019230769230769232 45.28846153846154 4.096989700105041
412000 0.5961538461538461 0.00015647304086175627 32.84107440384616 0.31891025641025644 45.286538461538456 45.30769230769231 0.0 45.30769230769231 3.9202378999907523
414000 0.6346153846153846 -0.019073148439075323 32.453574403846154 0.3301282051282052 45.286538461538456 45.30769230769231 0.0 45.30769230769231 3.6257513999007642
416000 0.75 -0.019026626674297595 32.19107440384615 0.3621794871794872 45.286538461538456 45.30769230769231 0.0 45.30769230769231 3.745961799984798
418000 0.7115384615384616 -0.038231692177876045 32.323766711538454 0.3637820512820513 45.286538461538456 45.30769230769231 0.0 45.30769230769231 4.1789430000353605
420000 0.6346153846153846 -0.07673734276540309 32.43530517307692 0.3541666666666667 45.286538461538456 45.30769230769231 0.0 45.30769230769231 3.9564773999154568
422000 0.5961538461538461 -0.13448770640746568 32.958931538461535 0.31570512820512825 45.286538461538456 45.30769230769231 0.019230769230769232 45.28846153846154 4.021843800088391
424000 0.6923076923076923 -0.01910573511957746 32.54492055769231 0.3285256410256411 45.286538461538456 45.30769230769231 0.0 45.30769230769231 3.980988400056958
426000 0.6730769230769231 -0.038385582098407534 32.63626671153847 0.33814102564102566 45.286538461538456 45.30769230769231 0.0 45.30769230769231 3.93775049992837
428000 0.7692307692307693 -0.07682157163404398 32.76126671153846 0.296474358974359 45.286538461538456 45.30769230769231 0.0 45.30769230769231 4.0114679001271725
430000 0.75 -0.019150186444678755 33.05068978846154 0.31570512820512814 45.286538461538456 45.30769230769231 0.0 45.30769230769231 4.033567299833521
432000 0.5961538461538461 0.00010684369503961924 33.246843634615395 0.3044871794871795 45.286538461538456 45.30769230769231 0.0 45.30769230769231 4.086707799928263
434000 0.75 0.00013088075542249807 32.71992055769231 0.33814102564102566 45.286538461538456 45.30769230769231 0.0 45.30769230769231 3.8751894999295473
436000 0.7884615384615384 0.0001391677439109537 32.408382096153844 0.3557692307692308 45.286538461538456 45.30769230769231 0.0 45.30769230769231 3.760966500034556
438000 0.7115384615384616 0.00013979215925115338 32.63530517307693 0.33974358974358976 45.286538461538456 45.30769230769231 0.0 45.30769230769231 3.734606900019571
440000 0.7115384615384616 8.444284579868913e-05 32.419920557692315 0.3253205128205128 45.286538461538456 45.30769230769231 0.0 45.30769230769231 3.7213776998687536
442000 0.6538461538461539 -0.019085764562352493 32.69588209615385 0.3525641025641026 45.286538461538456 45.30769230769231 0.0 45.30769230769231 3.71778400009498
444000 0.9423076923076923 -0.019110628077076156 32.00068978846154 0.3798076923076923 45.286538461538456 45.30769230769231 0.0 45.30769230769231 4.09145289985463
446000 0.9038461538461539 -0.019129383561199316 32.21222825 0.375 45.286538461538456 45.30769230769231 0.019230769230769232 45.28846153846154 4.053030800074339
448000 1.0 -0.03838727281362724 32.23145901923077 0.3862179487179487 45.286538461538456 45.30769230769231 0.0 45.30769230769231 3.8042911998927593
450000 1.0 0.0001687198928455179 31.97761286538462 0.38301282051282054 45.286538461538456 45.30769230769231 0.0 45.30769230769231 3.982086199801415
452000 1.1346153846153846 0.00018310577927900458 31.837228249999992 0.3830128205128205 45.286538461538456 45.30769230769231 0.0 45.30769230769231 3.98099959990941
454000 1.3461538461538463 0.00029796560992965623 31.591074403846157 0.4166666666666667 45.286538461538456 45.30769230769231 0.0 45.30769230769231 3.8621360999532044
456000 1.0769230769230769 0.00019258869065123417 31.823766711538457 0.4118589743589744 45.286538461538456 45.30769230769231 0.0 45.30769230769231 3.8769219999667257
458000 1.0 0.0001735406802880864 31.904535942307692 0.38461538461538464 45.286538461538456 45.30769230769231 0.0 45.30769230769231 3.23785370006226
460000 1.0384615384615385 0.00019917747395221315 31.831459019230767 0.3942307692307692 45.286538461538456 45.30769230769231 0.0 45.30769230769231 2.7455465998500586
462000 1.0 0.00021500838113487698 32.04876671153846 0.37820512820512825 45.286538461538456 45.30769230769231 0.0 45.30769230769231 3.184851000085473
464000 1.0192307692307692 0.00021037116574988273 31.942997480769233 0.38461538461538464 45.286538461538456 45.30769230769231 0.0 45.30769230769231 3.3382153999991715
466000 1.0576923076923077 0.00026324358670301015 32.22184363461538 0.41506410256410253 45.286538461538456 45.30769230769231 0.0 45.30769230769231 2.9222900001332164
468000 1.5961538461538463 0.000423304026164789 32.310946192307696 0.3878205128205129 45.286538461538456 45.30769230769231 0.0 45.30769230769231 2.792395800119266
470000 1.6730769230769231 0.0005045666873653368 32.38806157692309 0.35576923076923084 45.286538461538456 45.30769230769231 0.0 45.30769230769231 2.660023500211537
472000 1.7307692307692308 0.0006538078202878886 31.739023115384615 0.42788461538461536 45.286538461538456 45.30769230769231 0.0 45.30769230769231 2.8395205000415444
474000 1.5576923076923077 0.0004944388783310545 32.194792346153854 0.39743589743589747 45.286538461538456 45.30769230769231 0.0 45.30769230769231 2.992708300007507
476000 1.7884615384615385 0.0005400257135512518 32.31690773076924 0.3621794871794872 45.286538461538456 45.30769230769231 0.0 45.30769230769231 2.726833299966529
478000 1.6153846153846154 0.0004982540163812705 32.79387451923078 0.34615384615384615 45.286538461538456 45.30769230769231 0.0 45.30769230769231 2.5858515000436455
480000 1.5576923076923077 0.00043197722182476423 32.9645038846154 0.3269230769230769 45.286538461538456 45.30769230769231 0.0 45.30769230769231 2.408596199937165
482000 1.4807692307692308 0.000420533770262749 33.170273115384624 0.31089743589743585 45.286538461538456 45.30769230769231 0.0 45.30769230769231 2.6172696999274194
484000 1.0769230769230769 0.0002844167842123471 33.195273115384616 0.34455128205128205 45.286538461538456 45.30769230769231 0.0 45.30769230769231 2.5886411999817938
486000 1.0769230769230769 0.00035790769796560217 33.17363850000001 0.344551282051282 45.286538461538456 45.30769230769231 0.0 45.30769230769231 2.4535397000145167
488000 1.3269230769230769 0.000330203593827168 32.614023115384626 0.3766025641025641 45.286538461538456 45.30769230769231 0.0 45.30769230769231 1.9651907000225037
490000 1.3076923076923077 0.000492669825403866 32.70184363461538 0.3733974358974359 45.286538461538456 45.30769230769231 0.0 45.30769230769231 1.849097300088033
492000 1.1538461538461537 0.00037949022733037643 33.03453594230769 0.3493589743589744 45.286538461538456 45.30769230769231 0.0 45.30769230769231 1.9088208000175655
494000 1.0384615384615385 0.00030784457033109343 32.98242055769231 0.34615384615384615 45.286538461538456 45.30769230769231 0.0 45.30769230769231 1.6654960000887513
496000 1.2692307692307692 0.0004251815197485533 32.56530517307692 0.3846153846153847 45.286538461538456 45.30769230769231 0.0 45.30769230769231 1.6945877999532968
498000 1.25 0.0004052563899960418 32.69030517307693 0.3846153846153847 45.286538461538456 45.30769230769231 0.0 45.30769230769231 1.8149961000308394
500000 1.2115384615384615 0.0003311850967197037 32.23710003846154 0.3990384615384616 45.286538461538456 45.30769230769231 0.0 45.30769230769231 1.8282906000968069
