2000 1.9444444444444444 -1.0 39.40063827777778 0.07098765432098765 45.312962962962956 45.333333333333336 0.0 45.333333333333336 0.7840455999976257
4000 1.9074074074074074 -0.40710430706636985 38.82588535185186 0.12345679012345678 45.312962962962956 45.333333333333336 0.0 45.333333333333336 1.2124010999978054
6000 2.3518518518518516 -0.8332510122004708 38.22111259259259 0.1419753086419753 45.312962962962956 45.333333333333336 0.0 45.333333333333336 0.8736519000012777
8000 1.2222222222222223 -1.0 38.992605092592605 0.06635802469135801 45.312962962962956 45.333333333333336 0.0 45.333333333333336 0.7508067000017036
10000 1.1851851851851851 -1.0 38.773493111111115 0.13271604938271603 45.312962962962956 45.333333333333336 0.0 45.333333333333336 1.0432306000002427
12000 0.9629629629629629 -1.0 39.0597797962963 0.11419753086419754 45.312962962962956 45.333333333333336 0.0 45.333333333333336 0.7742567999957828
14000 1.6666666666666667 -1.0 38.99550527777779 0.05401234567901234 45.312962962962956 45.333333333333336 0.0 45.333333333333336 0.8081439000015962
16000 2.0 -0.6481261065388632 38.22973848148148 0.1589506172839506 45.312962962962956 45.333333333333336 0.0 45.333333333333336 1.418538300000364
18000 4.944444444444445 -0.35096631935886013 36.711528111111114 0.19907407407407407 45.312962962962956 45.333333333333336 0.0 45.333333333333336 1.6442182999962824
20000 2.6481481481481484 -0.5368575869189803 38.17500401851852 0.08796296296296297 45.312962962962956 45.333333333333336 0.0 45.333333333333336 1.4067706999994698
22000 2.962962962962963 -0.9444169553530486 38.33972624074074 0.13271604938271606 45.312962962962956 45.333333333333336 0.0 45.333333333333336 1.3006978000048548
24000 7.0 -0.3694794188150375 36.996982759259254 0.21604938271604937 45.312962962962956 45.333333333333336 0.0 45.333333333333336 1.592429100004665
26000 2.2777777777777777 -0.7777010143154443 38.595434777777776 0.11419753086419752 45.312962962962956 45.333333333333336 0.0 45.333333333333336 1.3789630999963265
28000 2.8703703703703702 -0.5548542934255514 38.33737922222222 0.12962962962962962 45.312962962962956 45.333333333333336 0.0 45.333333333333336 1.5437314999944647
30000 1.4259259259259258 -0.6480768376478844 38.75807366666666 0.08950617283950617 45.312962962962956 45.333333333333336 0.0 45.333333333333336 1.927522300000419
32000 1.2777777777777777 -0.814807654301683 38.93689905555555 0.07407407407407407 45.312962962962956 45.333333333333336 0.0 45.333333333333336 1.603209999993851
34000 1.8888888888888888 -0.03681103133772131 38.19835453703703 0.09104938271604938 45.312962962962956 45.333333333333336 0.0 45.333333333333336 1.7058497999969404
36000 5.592592592592593 -0.7773262135218256 37.68682366666666 0.1712962962962963 45.312962962962956 45.333333333333336 0.0 45.333333333333336 1.4896082999985083
38000 3.2222222222222223 -0.31442584940396995 37.67455514814815 0.13734567901234568 45.312962962962956 45.333333333333336 0.0 45.333333333333336 1.5002136000039172
40000 2.740740740740741 -0.9814814221421279 38.44085144444445 0.11419753086419752 45.312962962962956 45.333333333333336 0.0 45.333333333333336 1.2044707000022754
42000 7.981481481481482 -0.27608792784618746 35.854471 0.20987654320987656 45.312962962962956 45.333333333333336 0.018518518518518517 45.31481481481482 1.6725528000024497
44000 6.185185185185185 -0.4621544274743811 36.60756872222222 0.17901234567901234 45.312962962962956 45.333333333333336 0.0 45.333333333333336 1.558711999998195
46000 7.462962962962963 -0.05408573301586811 33.68179403703703 0.29012345679012347 45.312962962962956 45.333333333333336 0.018518518518518517 45.31481481481482 1.7204311000023154
48000 5.425925925925926 -0.14723621809246343 36.741166259259266 0.17592592592592596 45.312962962962956 45.333333333333336 0.0 45.333333333333336 1.6828228000013041
50000 4.277777777777778 -0.3140472692420903 36.59805946296296 0.19753086419753085 45.312962962962956 45.333333333333336 0.0 45.333333333333336 1.6361744000023464
52000 6.851851851851852 -0.38719948561763456 35.488946296296305 0.25771604938271603 45.312962962962956 45.333333333333336 0.018518518518518517 45.31481481481482 1.613011200002802
54000 8.481481481481481 -0.38707442324062913 35.35965925925926 0.2515432098765432 45.312962962962956 45.333333333333336 0.0 45.333333333333336 1.5810157000014442
56000 6.518518518518518 -0.38755053133370887 35.43930925925926 0.2191358024691358 45.312962962962956 45.333333333333336 0.018518518518518517 45.31481481481482 1.5599182000005385
58000 7.685185185185185 -0.5915597160919079 34.38056296296297 0.2839506172839506 45.312962962962956 45.333333333333336 0.018518518518518517 45.31481481481482 1.4469246000007843
60000 7.777777777777778 -0.647148280221776 34.157587648148144 0.2993827160493828 45.312962962962956 45.333333333333336 0.018518518518518517 45.31481481481482 1.4336801999961608
62000 7.444444444444445 0.0019972933791670903 33.74887838888888 0.31635802469135804 45.312962962962956 45.333333333333336 0.018518518518518517 45.31481481481482 1.7258623000016087
64000 7.537037037037037 -0.313336244891713 33.849207611111105 0.28858024691358025 45.312962962962956 45.333333333333336 0.018518518518518517 45.31481481481482 1.7156527999977698
66000 7.296296296296297 -0.29499190503158673 34.0455039074074 0.28240740740740744 45.312962962962956 45.333333333333336 0.018518518518518517 45.31481481481482 1.6699975000010454
68000 7.944444444444445 -0.09128805470303325 33.20740205555554 0.3287037037037038 45.312962962962956 45.333333333333336 0.018518518518518517 45.31481481481482 1.7444008000020403
70000 7.092592592592593 0.0012947194269325847 33.610365018518515 0.3487654320987655 45.312962962962956 45.333333333333336 0.018518518518518517 45.31481481481482 1.783268400002271
72000 4.555555555555555 0.0010944166974377419 35.67937427777778 0.2330246913580247 45.312962962962956 45.333333333333336 0.018518518518518517 45.31481481481482 1.8028158000015537
74000 4.425925925925926 0.0008845348420785305 35.85748538888889 0.2469135802469136 45.312962962962956 45.333333333333336 0.018518518518518517 45.31481481481482 1.6770332000014605
76000 6.388888888888889 -0.36972256326022085 33.48073538888888 0.3549382716049383 45.312962962962956 45.333333333333336 0.018518518518518517 45.31481481481482 1.8258608000032837
78000 6.481481481481482 -0.814449609932281 33.71994835185183 0.316358024691358 45.312962962962956 45.333333333333336 0.018518518518518517 45.31481481481482 1.331819999999425
80000 6.62962962962963 -0.7034181604267038 33.62712427777777 0.3256172839506173 45.312962962962956 45.333333333333336 0.018518518518518517 45.31481481481482 1.4591130999979214
82000 4.962962962962963 -0.4995915573298331 34.39055020370369 0.26543209876543206 45.312962962962956 45.333333333333336 0.018518518518518517 45.31481481481482 1.6828517999965698
84000 3.6666666666666665 -0.6290268943307036 36.976411240740724 0.15895061728395063 45.312962962962956 45.333333333333336 0.018518518518518517 45.31481481481482 1.5445293000011588
86000 3.1481481481481484 -0.7218251239192289 37.00463346296295 0.16358024691358025 45.312962962962956 45.333333333333336 0.018518518518518517 45.31481481481482 1.430405500002962
88000 7.425925925925926 -0.03554508996237657 33.05792674074074 0.32098765432098764 45.312962962962956 45.333333333333336 0.018518518518518517 45.31481481481482 1.7312099000046146
90000 6.518518518518518 -0.05374851917443307 34.83992983333332 0.30401234567901236 45.312962962962956 45.333333333333336 0.018518518518518517 45.31481481481482 1.6544789999970817
92000 4.851851851851852 0.001036847827335217 36.28812737037036 0.19444444444444442 45.312962962962956 45.333333333333336 0.018518518518518517 45.31481481481482 1.7800419999985024
94000 4.148148148148148 0.0007482298837438697 36.5475644074074 0.19598765432098766 45.312962962962956 45.333333333333336 0.0 45.333333333333336 1.7388670000000275
96000 3.8703703703703702 0.0005432282944905076 36.8386436111111 0.18518518518518517 45.312962962962956 45.333333333333336 0.0 45.333333333333336 1.791061500000069
98000 5.796296296296297 0.001310398081297991 35.58719305555554 0.2777777777777778 45.312962962962956 45.333333333333336 0.0 45.333333333333336 1.7400280000001658
100000 5.203703703703703 0.0011820756248920041 36.67894781481481 0.19290123456790123 45.312962962962956 45.333333333333336 0.018518518518518517 45.31481481481482 1.7637209999957122
102000 5.611111111111111 0.0014696695218728755 35.981424925925936 0.2762345679012346 45.312962962962956 45.333333333333336 0.018518518518518517 45.31481481481482 1.719809100002749
104000 6.611111111111111 0.0010047213931743423 35.74030020370369 0.29783950617283955 45.312962962962956 45.333333333333336 0.0 45.333333333333336 1.7248271999997087
106000 7.203703703703703 0.0013002492537042087 35.479942185185166 0.3055555555555556 45.312962962962956 45.333333333333336 0.0 45.333333333333336 1.708873700001277
108000 6.388888888888889 -0.07207810132761841 36.11339951851852 0.2330246913580247 45.312962962962956 45.333333333333336 0.0 45.333333333333336 1.7379756000009365
110000 5.666666666666667 -0.23960756809802997 35.72868599999999 0.23919753086419757 45.312962962962956 45.333333333333336 0.018518518518518517 45.31481481481482 1.6965386999945622
112000 5.407407407407407 -0.5550484009289838 35.81642611111109 0.2453703703703704 45.312962962962956 45.333333333333336 0.018518518518518517 45.31481481481482 1.7057779000024311
114000 5.037037037037037 -0.054597197497633546 36.60269218518517 0.21141975308641978 45.312962962962956 45.333333333333336 0.018518518518518517 45.31481481481482 1.7789317999995546
116000 5.87037037037037 -0.1282637191908337 36.2522755185185 0.2160493827160494 45.312962962962956 45.333333333333336 0.018518518518518517 45.31481481481482 1.8449551000012434
118000 4.185185185185185 -0.1102158793557838 36.90222922222221 0.17592592592592596 45.312962962962956 45.333333333333336 0.018518518518518517 45.31481481481482 1.6840244999984861
120000 3.759259259259259 -0.01789165722593826 36.634306074074075 0.17592592592592593 45.312962962962956 45.333333333333336 0.018518518518518517 45.31481481481482 1.6853718000056688
122000 4.425925925925926 0.0009892321081029017 36.90909959259258 0.19290123456790126 45.312962962962956 45.333333333333336 0.018518518518518517 45.31481481481482 1.7672456000000238
124000 3.1481481481481484 -0.05522481325860632 37.125357611111106 0.14043209876543208 45.312962962962956 45.333333333333336 0.0 45.333333333333336 1.7065623000016785
126000 2.7962962962962963 0.0002696571655908232 36.88588631481481 0.16666666666666666 45.312962962962956 45.333333333333336 0.0 45.333333333333336 1.7041210000024876
128000 3.9074074074074074 0.0007130812660345008 37.04411194444444 0.16820987654320987 45.312962962962956 45.333333333333336 0.018518518518518517 45.31481481481482 1.798258299997542
130000 5.277777777777778 0.001412646272891681 36.84223538888888 0.19135802469135804 45.312962962962956 45.333333333333336 0.018518518518518517 45.31481481481482 1.838719500003208
132000 4.62962962962963 0.0008693436374310546 37.04061501851851 0.18672839506172842 45.312962962962956 45.333333333333336 0.018518518518518517 45.31481481481482 1.797622100006265
134000 4.62962962962963 0.0007787995106046251 36.70913353703704 0.18209876543209877 45.312962962962956 45.333333333333336 0.018518518518518517 45.31481481481482 1.7302691000004415
136000 4.537037037037037 -0.017776489832393914 36.60320761111112 0.17746913580246915 45.312962962962956 45.333333333333336 0.018518518518518517 45.31481481481482 1.8338831000000937
138000 12.981481481481481 -0.4787845051183392 34.12955946296295 0.3240740740740741 45.312962962962956 45.333333333333336 0.018518518518518517 45.31481481481482 1.6981293999997433
140000 26.74074074074074 0.006603615775573897 31.945781685185185 0.4706790123456789 45.312962962962956 45.333333333333336 0.018518518518518517 45.31481481481482 1.85395929999504
142000 26.27777777777778 0.006079716267059284 31.92820144444444 0.45370370370370366 45.312962962962956 45.333333333333336 0.018518518518518517 45.31481481481482 1.7203309000033187
144000 26.98148148148148 -0.10473219364260886 31.46953168518517 0.46141975308641964 45.312962962962956 45.333333333333336 0.018518518518518517 45.31481481481482 1.6563553000014508
146000 22.5 0.004672795715533102 31.95578168518518 0.44444444444444436 45.312962962962956 45.333333333333336 0.018518518518518517 45.31481481481482 1.7429441999993287
148000 26.87037037037037 0.005676598432900159 31.857957611111104 0.4629629629629629 45.312962962962956 45.333333333333336 0.018518518518518517 45.31481481481482 1.741289699995832
150000 41.77777777777778 -0.007178791813733226 30.62698538888888 0.5046296296296295 45.312962962962956 45.333333333333336 0.018518518518518517 45.31481481481482 1.654384299996309
152000 28.5 0.006915840484639556 31.60068909259259 0.4629629629629629 45.312962962962956 45.333333333333336 0.018518518518518517 45.31481481481482 1.7774915999980294
154000 31.925925925925927 0.007658199853473985 31.48861255555555 0.4891975308641975 45.312962962962956 45.333333333333336 0.018518518518518517 45.31481481481482 1.73559500000556
156000 35.24074074074074 0.00908813957758083 30.868047740740735 0.4691358024691358 45.312962962962956 45.333333333333336 0.018518518518518517 45.31481481481482 1.7542682999992394
158000 27.203703703703702 -0.011941572739160352 31.753790944444432 0.4444444444444444 45.312962962962956 45.333333333333336 0.018518518518518517 45.31481481481482 1.7156403999979375
160000 17.962962962962962 0.004184553259051659 33.4775934074074 0.39351851851851855 45.312962962962956 45.333333333333336 0.0 45.333333333333336 1.8501386999996612
162000 24.12962962962963 0.0033921604416883846 32.77875453703703 0.412037037037037 45.312962962962956 45.333333333333336 0.0 45.333333333333336 1.7346403999981703
164000 19.296296296296298 0.0042819453131020535 33.07657488888888 0.3919753086419753 45.312962962962956 45.333333333333336 0.0 45.333333333333336 1.7527154999988852
166000 53.425925925925924 0.011540470328784715 29.657368111111104 0.5277777777777777 45.312962962962956 45.333333333333336 0.018518518518518517 45.31481481481482 1.7837199999994482
168000 56.96296296296296 0.012838306958894598 28.744966870370362 0.5895061728395061 45.312962962962956 45.333333333333336 0.018518518518518517 45.31481481481482 1.7633009999990463
170000 62.24074074074074 0.007430772236545826 28.306707611111104 0.5987654320987652 45.312962962962956 45.333333333333336 0.018518518518518517 45.31481481481482 1.6737336000005598
172000 68.38888888888889 0.011501255962892972 28.18439279629629 0.6219135802469135 45.312962962962956 45.333333333333336 0.018518518518518517 45.31481481481482 1.7466250000070431
174000 84.4074074074074 0.021181423549376424 27.704960703703705 0.6111111111111109 45.312962962962956 45.333333333333336 0.018518518518518517 45.31481481481482 1.735228300000017
176000 83.72222222222223 0.020316548133973846 27.751257000000003 0.6018518518518519 45.312962962962956 45.333333333333336 0.018518518518518517 45.31481481481482 1.7336542000048212
178000 54.074074074074076 0.017885639140018037 28.466429833333333 0.6064814814814814 45.312962962962956 45.333333333333336 0.018518518518518517 45.31481481481482 1.724174499999208
180000 56.27777777777778 0.00494493409314065 28.324392796296294 0.6126543209876542 45.312962962962956 45.333333333333336 0.018518518518518517 45.31481481481482 1.7560080999974161
182000 58.888888888888886 0.006195853362132276 28.297355759259258 0.6095679012345677 45.312962962962956 45.333333333333336 0.018518518518518517 45.31481481481482 1.7463217999975313
184000 58.370370370370374 0.018063013990450596 28.831244648148143 0.5864197530864198 45.312962962962956 45.333333333333336 0.018518518518518517 45.31481481481482 1.7371252999946591
186000 45.925925925925924 0.01290980746822505 28.886059462962958 0.5802469135802468 45.312962962962956 45.333333333333336 0.018518518518518517 45.31481481481482 1.824395600000571
188000 69.74074074074075 0.011413205692739901 28.016985388888887 0.6234567901234568 45.312962962962956 45.333333333333336 0.018518518518518517 45.31481481481482 1.7270197000034386
190000 70.42592592592592 0.010337846492177373 27.970689092592593 0.6296296296296295 45.312962962962956 45.333333333333336 0.018518518518518517 45.31481481481482 1.7180840000000899
192000 70.24074074074075 0.010329255166994032 27.98920761111111 0.6296296296296295 45.312962962962956 45.333333333333336 0.018518518518518517 45.31481481481482 1.7741392999960226
194000 72.35185185185185 0.007687171556729143 28.165133537037036 0.6095679012345678 45.312962962962956 45.333333333333336 0.018518518518518517 45.31481481481482 1.741354500001762
196000 72.85185185185185 0.007695699697187229 27.961429833333334 0.6049382716049382 45.312962962962956 45.333333333333336 0.018518518518518517 45.31481481481482 1.7794022000016412
198000 70.72222222222223 0.007359718668397001 28.13605946296296 0.5910493827160493 45.312962962962956 45.333333333333336 0.018518518518518517 45.31481481481482 1.6625631999995676
200000 68.53703703703704 0.005842378186033713 28.60568909259259 0.6003086419753086 45.312962962962956 45.333333333333336 0.018518518518518517 45.31481481481482 1.7751967999938643
202000 69.07407407407408 0.006017201345600514 28.58476316666666 0.6003086419753086 45.312962962962956 45.333333333333336 0.018518518518518517 45.31481481481482 1.6932570999997552
204000 70.0925925925926 0.006215996781061702 28.52365205555555 0.6049382716049382 45.312962962962956 45.333333333333336 0.018518518518518517 45.31481481481482 1.7512663999950746
206000 70.16666666666667 0.006362033871045096 28.514392796296292 0.6049382716049382 45.312962962962956 45.333333333333336 0.018518518518518517 45.31481481481482 1.704896600000211
208000 72.05555555555556 0.0067831991612887655 28.466800203703702 0.595679012345679 45.312962962962956 45.333333333333336 0.018518518518518517 45.31481481481482 1.8186499000003096
210000 72.96296296296296 0.006680996202872633 28.448281685185183 0.595679012345679 45.312962962962956 45.333333333333336 0.018518518518518517 45.31481481481482 1.70796070000506
212000 73.01851851851852 0.006765077205127674 28.439022425925923 0.595679012345679 45.312962962962956 45.333333333333336 0.018518518518518517 45.31481481481482 1.7571476999946753
214000 77.18518518518519 0.008301405687923926 28.35568909259259 0.6018518518518517 45.312962962962956 45.333333333333336 0.018518518518518517 45.31481481481482 1.7035673999998835
216000 84.68518518518519 0.013325557058245173 28.16167492592593 0.6095679012345678 45.312962962962956 45.333333333333336 0.018518518518518517 45.31481481481482 1.73832720000064
218000 79.88888888888889 0.009418903456944936 27.80272612962963 0.6172839506172837 45.312962962962956 45.333333333333336 0.018518518518518517 45.31481481481482 1.7716978999960702
220000 79.88888888888889 0.00925551942597647 27.80272612962963 0.6172839506172837 45.312962962962956 45.333333333333336 0.018518518518518517 45.31481481481482 1.7331151999969734
222000 79.03703703703704 0.00884343406837736 27.80272612962963 0.626543209876543 45.312962962962956 45.333333333333336 0.018518518518518517 45.31481481481482 1.722640500003763
224000 78.75925925925925 0.011132657458493333 28.35797122222223 0.6033950617283951 45.312962962962956 45.333333333333336 0.018518518518518517 45.31481481481482 1.7153099999995902
226000 80.75925925925925 0.01209661487345859 28.23760085185186 0.6080246913580247 45.312962962962956 45.333333333333336 0.018518518518518517 45.31481481481482 1.8251339999987977
228000 75.42592592592592 0.0076964606033065475 27.883652055555558 0.6249999999999999 45.312962962962956 45.333333333333336 0.018518518518518517 45.31481481481482 1.7963047999946866
230000 73.68518518518519 0.006685368571416401 27.881800203703705 0.6157407407407406 45.312962962962956 45.333333333333336 0.018518518518518517 45.31481481481482 1.840847899999062
232000 71.29629629629629 0.0059171251864961714 27.969392796296297 0.6157407407407406 45.312962962962956 45.333333333333336 0.018518518518518517 45.31481481481482 1.7592653000028804
234000 71.98148148148148 0.006296814650498335 27.955874277777777 0.6203703703703702 45.312962962962956 45.333333333333336 0.018518518518518517 45.31481481481482 1.713427300004696
236000 75.05555555555556 0.007629079390979844 27.86513353703704 0.6203703703703702 45.312962962962956 45.333333333333336 0.018518518518518517 45.31481481481482 1.7701635000048555
238000 77.83333333333333 0.008172356092691 27.84846687037037 0.6249999999999999 45.312962962962956 45.333333333333336 0.018518518518518517 45.31481481481482 1.7835581000035745
240000 86.57407407407408 0.013073027897161638 27.965794037037035 0.5925925925925926 45.312962962962956 45.333333333333336 0.018518518518518517 45.31481481481482 1.802097899999353
242000 89.62962962962963 0.01443245067756557 27.93060885185185 0.5941358024691357 45.312962962962956 45.333333333333336 0.018518518518518517 45.31481481481482 1.833604600004037
244000 89.62962962962963 0.014425201938875086 27.93060885185185 0.5941358024691357 45.312962962962956 45.333333333333336 0.018518518518518517 45.31481481481482 1.7663090999994893
246000 90.07407407407408 0.012055395297629055 27.959682925925925 0.5941358024691357 45.312962962962956 45.333333333333336 0.018518518518518517 45.31481481481482 1.7070061999984318
248000 90.07407407407408 0.010474875386024174 27.959682925925925 0.5941358024691357 45.312962962962956 45.333333333333336 0.018518518518518517 45.31481481481482 1.7649994999956107
250000 90.0 0.0066727822558942315 27.959682925925925 0.5941358024691357 45.312962962962956 45.333333333333336 0.018518518518518517 45.31481481481482 1.647896900001797
252000 193.2037037037037 0.06798180383901106 26.898548148148144 0.6095679012345678 45.312962962962956 45.333333333333336 0.018518518518518517 45.31481481481482 1.7475579000019934
254000 192.11111111111111 0.06880948743263825 26.896325925925925 0.6095679012345678 45.312962962962956 45.333333333333336 0.018518518518518517 45.31481481481482 1.7759405999968294
256000 192.2962962962963 0.06860269150546294 26.896325925925925 0.6141975308641975 45.312962962962956 45.333333333333336 0.018518518518518517 45.31481481481482 1.8169765999991796
258000 194.72222222222223 0.0697360607821966 26.86632592592592 0.6141975308641975 45.312962962962956 45.333333333333336 0.018518518518518517 45.31481481481482 1.8187023999998928
260000 212.3148148148148 -0.2836560934942143 26.79002962962963 0.6003086419753086 45.312962962962956 45.333333333333336 0.018518518518518517 45.31481481481482 1.7059244999982184
262000 395.94444444444446 -0.19764365049994465 26.135115537037038 0.6373456790123457 45.312962962962956 45.333333333333336 0.018518518518518517 45.31481481481482 1.7435291000001598
264000 247.87037037037038 -0.6344698010133935 26.945988981481484 0.6342592592592593 45.312962962962956 45.333333333333336 0.018518518518518517 45.31481481481482 1.73352189999423
266000 247.87037037037038 -0.6344698010133935 26.945988981481484 0.6342592592592593 45.312962962962956 45.333333333333336 0.018518518518518517 45.31481481481482 1.8411890999996103
268000 273.5925925925926 -0.545769233358501 26.807933425925924 0.6296296296296295 45.312962962962956 45.333333333333336 0.018518518518518517 45.31481481481482 1.6527922000022954
270000 325.81481481481484 -0.29932442104267454 26.375997629629634 0.6234567901234568 45.312962962962956 45.333333333333336 0.018518518518518517 45.31481481481482 1.7104772999955458
272000 472.2962962962963 -0.10868392015321485 25.595103185185188 0.6234567901234568 45.312962962962956 45.333333333333336 0.018518518518518517 45.31481481481482 1.7192068000003928
274000 208.2037037037037 -1.0 27.288118611111113 0.6172839506172839 45.312962962962956 45.333333333333336 0.018518518518518517 45.31481481481482 1.7127825999996276
276000 215.3148148148148 -0.9366234577729207 27.251081574074075 0.6219135802469135 45.312962962962956 45.333333333333336 0.018518518518518517 45.31481481481482 1.6108442000040668
278000 248.42592592592592 -0.8282948072677874 27.070803796296293 0.6280864197530863 45.312962962962956 45.333333333333336 0.018518518518518517 45.31481481481482 1.685780400002841
280000 260.77777777777777 -0.5010327239121712 26.785361425925924 0.6033950617283951 45.312962962962956 45.333333333333336 0.0 45.333333333333336 1.72798789999797
282000 382.5740740740741 -0.43560201705436075 26.218448870370366 0.6280864197530865 45.312962962962956 45.333333333333336 0.0 45.333333333333336 1.7250409000043874
284000 477.5925925925926 -0.25436561901730914 25.65542972222222 0.6358024691358025 45.312962962962956 45.333333333333336 0.018518518518518517 45.31481481481482 1.6430937999975868
286000 303.5740740740741 -0.8594934491924915 26.68184290740741 0.6095679012345679 45.312962962962956 45.333333333333336 0.018518518518518517 45.31481481481482 1.667552999999316
288000 283.85185185185185 -0.9099589132310542 26.875268833333333 0.6095679012345679 45.312962962962956 45.333333333333336 0.0 45.333333333333336 1.6537131000004592
290000 304.14814814814815 -0.8616261488225729 26.697398462962965 0.6095679012345679 45.312962962962956 45.333333333333336 0.0 45.333333333333336 1.5906075000020792
292000 292.85185185185185 -0.8624170193069177 26.740824388888885 0.6095679012345679 45.312962962962956 45.333333333333336 0.0 45.333333333333336 1.661017799997353
294000 598.3888888888889 -0.18402234884080007 25.467634055555557 0.6419753086419753 45.312962962962956 45.333333333333336 0.018518518518518517 45.31481481481482 1.7046030000055907
296000 268.5 -0.9349700420643045 26.74688148148148 0.6095679012345679 45.312962962962956 45.333333333333336 0.018518518518518517 45.31481481481482 1.5918784000023152
298000 239.44444444444446 -0.9806936073984786 26.944844444444445 0.6111111111111113 45.312962962962956 45.333333333333336 0.0 45.333333333333336 1.6401585000057821
300000 242.42592592592592 -0.9806936073984786 26.88928888888889 0.6157407407407409 45.312962962962956 45.333333333333336 0.018518518518518517 45.31481481481482 1.563396899997315
302000 488.5925925925926 -0.42798652096268425 25.70948590740741 0.6466049382716049 45.312962962962956 45.333333333333336 0.018518518518518517 45.31481481481482 1.7372050999983912
304000 641.5 0.0191432266681799 25.145010592592595 0.6558641975308641 45.312962962962956 45.333333333333336 0.018518518518518517 45.31481481481482 1.720605800001067
306000 640.5185185185185 -0.07256714447988273 25.224640222222224 0.6512345679012346 45.312962962962956 45.333333333333336 0.018518518518518517 45.31481481481482 1.8334192000038456
308000 632.3888888888889 -0.10180498150776687 25.25056614814815 0.6512345679012346 45.312962962962956 45.333333333333336 0.018518518518518517 45.31481481481482 1.98115400000097
310000 644.5 -0.02778941135620985 25.199640222222225 0.6512345679012346 45.312962962962956 45.333333333333336 0.018518518518518517 45.31481481481482 1.8182440000018687
312000 644.5 -0.026775913097424067 25.17556614814815 0.6512345679012346 45.312962962962956 45.333333333333336 0.018518518518518517 45.31481481481482 1.701816200002213
314000 643.6851851851852 -0.05286136577706785 25.139455037037038 0.6558641975308641 45.312962962962956 45.333333333333336 0.018518518518518517 45.31481481481482 1.801284699999087
316000 646.1666666666666 -0.03361478495705898 24.902418000000004 0.6604938271604938 45.312962962962956 45.333333333333336 0.018518518518518517 45.31481481481482 1.7306586999984575
318000 646.1666666666666 -0.032880752226059184 24.902418000000004 0.6604938271604938 45.312962962962956 45.333333333333336 0.018518518518518517 45.31481481481482 1.698818899996695
320000 643.6851851851852 -0.05184786751828206 25.148714296296298 0.6558641975308641 45.312962962962956 45.333333333333336 0.018518518518518517 45.31481481481482 1.7117408000049181
322000 654.9814814814815 -0.030333054271885825 24.867232814814816 0.6651234567901234 45.312962962962956 45.333333333333336 0.018518518518518517 45.31481481481482 1.7724124999949709
324000 646.1111111111111 -0.03312165892551252 24.90982540740741 0.6604938271604938 45.312962962962956 45.333333333333336 0.018518518518518517 45.31481481481482 1.707733900002495
326000 655.5 -0.008670818037682422 24.857973555555557 0.6651234567901234 45.312962962962956 45.333333333333336 0.018518518518518517 45.31481481481482 1.7383459999982733
328000 639.3333333333334 0.055094728744705446 24.996584666666667 0.6558641975308641 45.312962962962956 45.333333333333336 0.018518518518518517 45.31481481481482 1.7179409000018495
330000 644.3888888888889 -0.05327641652330524 24.978066148148148 0.6604938271604938 45.312962962962956 45.333333333333336 0.018518518518518517 45.31481481481482 1.6839047000030405
332000 628.2962962962963 -0.12660636778810602 25.116955037037037 0.6512345679012346 45.312962962962956 45.333333333333336 0.018518518518518517 45.31481481481482 1.7012101000000257
334000 655.5 -0.008670818037682422 24.857973555555557 0.6651234567901234 45.312962962962956 45.333333333333336 0.018518518518518517 45.31481481481482 1.709003500000108
336000 661.5925925925926 0.04229674105961224 24.848714296296297 0.6651234567901234 45.312962962962956 45.333333333333336 0.018518518518518517 45.31481481481482 1.7502232999977423
338000 662.4074074074074 0.06736869548047024 24.839455037037037 0.6651234567901234 45.312962962962956 45.333333333333336 0.018518518518518517 45.31481481481482 1.7000984999976936
340000 662.4074074074074 0.06736869548047024 24.839455037037037 0.6651234567901234 45.312962962962956 45.333333333333336 0.018518518518518517 45.31481481481482 1.7600338999982341
342000 662.4074074074074 0.06736869548047024 24.839455037037037 0.6651234567901234 45.312962962962956 45.333333333333336 0.018518518518518517 45.31481481481482 1.7711896000037086
344000 661.5925925925926 0.04170364619546688 24.848714296296297 0.6651234567901234 45.312962962962956 45.333333333333336 0.018518518518518517 45.31481481481482 1.8147641999967163
346000 662.4444444444445 0.0870339501124713 24.830195777777778 0.6651234567901234 45.312962962962956 45.333333333333336 0.018518518518518517 45.31481481481482 1.7466002999935881
348000 666.5370370370371 0.17383056939681032 24.81167725925926 0.6651234567901234 45.312962962962956 45.333333333333336 0.018518518518518517 45.31481481481482 1.7948691999990842
350000 662.4444444444445 0.08614030914630194 24.830195777777778 0.6651234567901234 45.312962962962956 45.333333333333336 0.018518518518518517 45.31481481481482 1.6866595999963465
352000 662.4074074074074 0.06588195965015554 24.839455037037037 0.6651234567901234 45.312962962962956 45.333333333333336 0.018518518518518517 45.31481481481482 1.759618899995985
354000 668.2777777777778 0.1978147367000266 24.802418000000003 0.6651234567901234 45.312962962962956 45.333333333333336 0.018518518518518517 45.31481481481482 1.811021300003631
356000 666.5370370370371 0.1768149185239222 24.81167725925926 0.6651234567901234 45.312962962962956 45.333333333333336 0.018518518518518517 45.31481481481482 1.7541783999986365
358000 668.2777777777778 0.19692109573385722 24.802418000000003 0.6651234567901234 45.312962962962956 45.333333333333336 0.018518518518518517 45.31481481481482 1.7366997999997693
360000 668.2777777777778 0.19692109573385722 24.802418000000003 0.6651234567901234 45.312962962962956 45.333333333333336 0.018518518518518517 45.31481481481482 1.8089246000017738
362000 668.2777777777778 0.19847103200008237 24.802418000000003 0.6651234567901234 45.312962962962956 45.333333333333336 0.018518518518518517 45.31481481481482 1.7378310999993118
364000 668.2777777777778 0.19847103200008237 24.802418000000003 0.6651234567901234 45.312962962962956 45.333333333333336 0.018518518518518517 45.31481481481482 1.7328106999993906
366000 668.6851851851852 0.21962105882525962 24.793158740740743 0.6651234567901234 45.312962962962956 45.333333333333336 0.018518518518518517 45.31481481481482 1.78805889999785
368000 670.2592592592592 0.2445115555409159 24.783899481481484 0.6651234567901234 45.312962962962956 45.333333333333336 0.018518518518518517 45.31481481481482 1.8652971999981673
370000 668.2777777777778 0.19692109573385722 24.802418000000003 0.6651234567901234 45.312962962962956 45.333333333333336 0.018518518518518517 45.31481481481482 1.686827000004996
372000 668.2777777777778 0.19692109573385722 24.802418000000003 0.6651234567901234 45.312962962962956 45.333333333333336 0.018518518518518517 45.31481481481482 1.7361211000024923
374000 668.2777777777778 0.19826397860392178 24.802418000000003 0.6651234567901234 45.312962962962956 45.333333333333336 0.018518518518518517 45.31481481481482 1.822561200002383
376000 668.2777777777778 0.19752994587292197 24.802418000000003 0.6651234567901234 45.312962962962956 45.333333333333336 0.018518518518518517 45.31481481481482 1.749095999999554
378000 668.2777777777778 0.17628664322553464 24.802418000000003 0.6651234567901234 45.312962962962956 45.333333333333336 0.018518518518518517 45.31481481481482 1.6586662999980035
380000 668.2777777777778 0.15262656736813374 24.802418000000003 0.6651234567901234 45.312962962962956 45.333333333333336 0.018518518518518517 45.31481481481482 1.8537294000052498
382000 664.1851851851852 0.10856488099669648 24.82093651851852 0.6651234567901234 45.312962962962956 45.333333333333336 0.018518518518518517 45.31481481481482 1.7549500999957672
384000 662.4444444444445 0.08674915928536668 24.830195777777778 0.6651234567901234 45.312962962962956 45.333333333333336 0.018518518518518517 45.31481481481482 1.7316131999978097
386000 662.4444444444445 0.08674915928536668 24.830195777777778 0.6651234567901234 45.312962962962956 45.333333333333336 0.018518518518518517 45.31481481481482 1.7185624999983702
388000 668.2777777777778 0.19912226008396164 24.802418000000003 0.6651234567901234 45.312962962962956 45.333333333333336 0.018518518518518517 45.31481481481482 1.7766138000006322
390000 668.6851851851852 0.21966343677007416 24.793158740740743 0.6651234567901234 45.312962962962956 45.333333333333336 0.018518518518518517 45.31481481481482 1.7257878000018536
392000 668.6851851851852 0.21966343677007416 24.793158740740743 0.6651234567901234 45.312962962962956 45.333333333333336 0.018518518518518517 45.31481481481482 1.8723688000027323
394000 668.6851851851852 0.21907721992359694 24.793158740740743 0.6651234567901234 45.312962962962956 45.333333333333336 0.018518518518518517 45.31481481481482 1.8327624000012293
396000 670.2592592592592 0.24667034194620577 24.783899481481484 0.6651234567901234 45.312962962962956 45.333333333333336 0.018518518518518517 45.31481481481482 1.8599574000036228
398000 668.6851851851852 0.21842599183971767 24.793158740740743 0.6651234567901234 45.312962962962956 45.333333333333336 0.018518518518518517 45.31481481481482 1.8082985000000917
400000 670.2592592592592 0.2452455882719157 24.783899481481484 0.6651234567901234 45.312962962962956 45.333333333333336 0.018518518518518517 45.31481481481482 1.8597392000010586
402000 668.6851851851852 0.21746227241996974 24.793158740740743 0.6651234567901234 45.312962962962956 45.333333333333336 0.018518518518518517 45.31481481481482 1.7785921000031522
404000 670.2592592592592 0.2452455882719157 24.783899481481484 0.6651234567901234 45.312962962962956 45.333333333333336 0.018518518518518517 45.31481481481482 1.7493087999973795
406000 670.2592592592592 0.24431943794205419 24.783899481481484 0.6651234567901234 45.312962962962956 45.333333333333336 0.018518518518518517 45.31481481481482 1.7953324999980396
408000 670.2592592592592 0.24431943794205419 24.783899481481484 0.6651234567901234 45.312962962962956 45.333333333333336 0.018518518518518517 45.31481481481482 1.9488130999961868
410000 670.2592592592592 0.2429991883645772 24.783899481481484 0.6651234567901234 45.312962962962956 45.333333333333336 0.018518518518518517 45.31481481481482 1.6954693000006955
412000 670.2592592592592 0.2429991883645772 24.783899481481484 0.6651234567901234 45.312962962962956 45.333333333333336 0.018518518518518517 45.31481481481482 1.8000104000093415
414000 670.2592592592592 0.24340880124977798 24.783899481481484 0.6651234567901234 45.312962962962956 45.333333333333336 0.018518518518518517 45.31481481481482 1.794240200004424
416000 669.8703703703703 0.22304422852494193 24.804269851851856 0.6651234567901234 45.312962962962956 45.333333333333336 0.018518518518518517 45.31481481481482 1.731207100005122
418000 669.8703703703703 0.22304422852494193 24.804269851851856 0.6651234567901234 45.312962962962956 45.333333333333336 0.018518518518518517 45.31481481481482 1.7517668000073172
420000 669.8703703703703 0.22397037885480345 24.804269851851856 0.6651234567901234 45.312962962962956 45.333333333333336 0.018518518518518517 45.31481481481482 1.7362566000083461
422000 669.8703703703703 0.22304422852494193 24.804269851851856 0.6651234567901234 45.312962962962956 45.333333333333336 0.018518518518518517 45.31481481481482 1.7991079000057653
424000 669.8703703703703 0.22304422852494193 24.804269851851856 0.6651234567901234 45.312962962962956 45.333333333333336 0.018518518518518517 45.31481481481482 1.750513899998623
426000 669.8703703703703 0.22304422852494193 24.804269851851856 0.6651234567901234 45.312962962962956 45.333333333333336 0.018518518518518517 45.31481481481482 1.6938127000030363
428000 669.8703703703703 0.22304422852494193 24.804269851851856 0.6651234567901234 45.312962962962956 45.333333333333336 0.018518518518518517 45.31481481481482 1.7312803999957396
430000 669.8703703703703 0.22304422852494193 24.804269851851856 0.6651234567901234 45.312962962962956 45.333333333333336 0.018518518518518517 45.31481481481482 1.7849093999975594
432000 669.8703703703703 0.22304422852494193 24.804269851851856 0.6651234567901234 45.312962962962956 45.333333333333336 0.018518518518518517 45.31481481481482 1.8567007999954512
434000 669.8703703703703 0.22304422852494193 24.804269851851856 0.6651234567901234 45.312962962962956 45.333333333333336 0.018518518518518517 45.31481481481482 1.7903435000043828
436000 669.8703703703703 0.22304422852494193 24.804269851851856 0.6651234567901234 45.312962962962956 45.333333333333336 0.018518518518518517 45.31481481481482 1.7742378000111785
438000 669.8703703703703 0.22304422852494193 24.804269851851856 0.6651234567901234 45.312962962962956 45.333333333333336 0.018518518518518517 45.31481481481482 1.8332325000083074
440000 669.8703703703703 0.22304422852494193 24.804269851851856 0.6651234567901234 45.312962962962956 45.333333333333336 0.018518518518518517 45.31481481481482 1.781584100011969
442000 669.8703703703703 0.22304422852494193 24.804269851851856 0.6651234567901234 45.312962962962956 45.333333333333336 0.018518518518518517 45.31481481481482 1.7397431999997934
444000 669.8703703703703 0.22304422852494193 24.804269851851856 0.6651234567901234 45.312962962962956 45.333333333333336 0.018518518518518517 45.31481481481482 1.7448507000081008
446000 669.8703703703703 0.22304422852494193 24.804269851851856 0.6651234567901234 45.312962962962956 45.333333333333336 0.018518518518518517 45.31481481481482 1.9114793000044301
448000 669.8703703703703 0.22304422852494193 24.804269851851856 0.6651234567901234 45.312962962962956 45.333333333333336 0.018518518518518517 45.31481481481482 1.8051037000113865
450000 669.8703703703703 0.22304422852494193 24.804269851851856 0.6651234567901234 45.312962962962956 45.333333333333336 0.018518518518518517 45.31481481481482 1.8504392000031658
452000 669.8703703703703 0.22304422852494193 24.804269851851856 0.6651234567901234 45.312962962962956 45.333333333333336 0.018518518518518517 45.31481481481482 1.7981140000047162
454000 670.3703703703703 0.22310706106094036 24.783343925925926 0.6651234567901234 45.312962962962956 45.333333333333336 0.018518518518518517 45.31481481481482 1.7562194999918574
456000 670.3703703703703 0.22310706106094036 24.783343925925926 0.6651234567901234 45.312962962962956 45.333333333333336 0.018518518518518517 45.31481481481482 1.8611094000079902
458000 669.8703703703703 0.22304422852494193 24.804269851851856 0.6651234567901234 45.312962962962956 45.333333333333336 0.018518518518518517 45.31481481481482 1.7521282000088831
460000 670.3703703703703 0.22310706106094036 24.783343925925926 0.6651234567901234 45.312962962962956 45.333333333333336 0.018518518518518517 45.31481481481482 1.733756599991466
462000 670.3703703703703 0.22310706106094036 24.783343925925926 0.6651234567901234 45.312962962962956 45.333333333333336 0.018518518518518517 45.31481481481482 1.6408376000035787
464000 670.3703703703703 0.22310706106094036 24.783343925925926 0.6651234567901234 45.312962962962956 45.333333333333336 0.018518518518518517 45.31481481481482 1.7834428000060143
466000 670.3703703703703 0.22310706106094036 24.783343925925926 0.6651234567901234 45.312962962962956 45.333333333333336 0.018518518518518517 45.31481481481482 1.7731847000104608
468000 669.8703703703703 0.22304422852494193 24.804269851851856 0.6651234567901234 45.312962962962956 45.333333333333336 0.018518518518518517 45.31481481481482 1.7893560999946203
470000 669.8703703703703 0.22304422852494193 24.804269851851856 0.6651234567901234 45.312962962962956 45.333333333333336 0.018518518518518517 45.31481481481482 1.7577874999988126
472000 669.8703703703703 0.22304422852494193 24.804269851851856 0.6651234567901234 45.312962962962956 45.333333333333336 0.018518518518518517 45.31481481481482 1.7669567999982974
474000 669.8703703703703 0.22304422852494193 24.804269851851856 0.6651234567901234 45.312962962962956 45.333333333333336 0.018518518518518517 45.31481481481482 1.8261851999995997
476000 669.8703703703703 0.22304422852494193 24.804269851851856 0.6651234567901234 45.312962962962956 45.333333333333336 0.018518518518518517 45.31481481481482 1.7385347000090405
478000 670.3703703703703 0.22310706106094036 24.783343925925926 0.6651234567901234 45.312962962962956 45.333333333333336 0.018518518518518517 45.31481481481482 1.8340750000061234
480000 683.0555555555555 0.23030184746002288 24.6987142962963 0.6712962962962963 45.312962962962956 45.333333333333336 0.018518518518518517 45.31481481481482 1.744135600005393
482000 671.5925925925926 0.22389485716650767 24.766677259259264 0.6651234567901234 45.312962962962956 45.333333333333336 0.018518518518518517 45.31481481481482 1.7683041999989655
484000 676.2962962962963 0.22568641128092984 24.740751333333336 0.6712962962962963 45.312962962962956 45.333333333333336 0.018518518518518517 45.31481481481482 1.7417853999941144
486000 670.3703703703703 0.22310706106094036 24.783343925925926 0.6651234567901234 45.312962962962956 45.333333333333336 0.018518518518518517 45.31481481481482 1.918584800005192
488000 683.0555555555555 0.23030184746002288 24.6987142962963 0.6712962962962963 45.312962962962956 45.333333333333336 0.018518518518518517 45.31481481481482 1.8784649000008358
490000 675.074074074074 0.22489861517536253 24.757418 0.6712962962962963 45.312962962962956 45.333333333333336 0.018518518518518517 45.31481481481482 1.9292691000009654
492000 681.9814814814815 0.23158123117805499 24.674671092592593 0.6712962962962963 45.312962962962956 45.333333333333336 0.018518518518518517 45.31481481481482 1.863570899993647
494000 680.9814814814815 0.22946969075336093 24.695380962962965 0.6712962962962963 45.312962962962956 45.333333333333336 0.018518518518518517 45.31481481481482 1.967829300003359
496000 676.2962962962963 0.22568641128092984 24.740751333333336 0.6712962962962963 45.312962962962956 45.333333333333336 0.018518518518518517 45.31481481481482 1.9500696000031894
498000 683.0555555555555 0.23030184746002288 24.6987142962963 0.6712962962962963 45.312962962962956 45.333333333333336 0.018518518518518517 45.31481481481482 1.8635886999982176
500000 682.4074074074074 0.22981025820570616 24.650566148148155 0.6712962962962963 45.312962962962956 45.333333333333336 0.018518518518518517 45.31481481481482 1.70545699998911
