2000 7.5625 -0.061551749944824374 35.3102108125 0.08854166666666666 45.3125 45.3125 4.125 41.1875 1.0597887000003539
4000 12.875 -0.06016714119022608 33.00291537499999 0.22395833333333331 45.3125 45.3125 4.4375 40.875 0.9700189000004684
6000 6.5 -0.18694088031366715 34.693017375000004 0.0625 45.3125 45.3125 4.125 41.1875 0.9869501000002856
8000 7.875 -0.18737034943604902 33.813571124999996 0.09895833333333333 45.3125 45.3125 4.125 41.1875 1.2491890999999669
10000 10.3125 0.0012541666286522402 34.324096874999995 0.11458333333333333 45.3125 45.3125 4.125 41.1875 1.1320193999999901
12000 11.375 0.0010573682792610127 32.843077750000006 0.11979166666666666 45.3125 45.3125 4.125 41.1875 1.1516125999996802
14000 51.8125 -0.8724596546565945 28.99739 0.22395833333333331 45.3125 45.3125 8.0625 37.25 1.0200079000005644
16000 33.8125 -0.7481636444683896 30.438361250000007 0.1875 45.3125 45.3125 7.125 38.1875 0.820089700000608
18000 22.1875 0.002807979302504291 33.0347394375 0.08854166666666666 45.3125 45.3125 4.125 41.1875 1.2526459000000614
20000 11.0 0.001396515610897908 34.084511562500005 0.11979166666666666 45.3125 45.3125 4.125 41.1875 1.3136335999997755
22000 44.3125 -0.3057674302618679 29.504332937499996 0.22916666666666666 45.3125 45.3125 7.8125 37.5 1.183640600000217
24000 51.25 -0.7440779822399683 29.7213475 0.20833333333333331 45.3125 45.3125 7.5625 37.75 0.9143217000000732
26000 18.0625 -0.1855338469995632 32.95570375 0.12499999999999999 45.3125 45.3125 4.75 40.5625 1.1722897999998168
28000 9.5625 -0.2495028424144438 33.65501456249999 0.09375 45.3125 45.3125 5.125 40.1875 0.94488309999997
30000 8.9375 -0.24866440419727087 32.9758504375 0.08854166666666666 45.3125 45.3125 4.75 40.5625 1.0664094000003388
32000 29.5625 -0.24473137987171925 33.092510125000004 0.08854166666666666 45.3125 45.3125 4.75 40.5625 1.022164299999531
34000 31.6875 -0.1842600820627936 32.370633875 0.11979166666666666 45.3125 45.3125 4.75 40.5625 1.025485999999546
36000 44.4375 -0.183005258074561 29.974797187499995 0.203125 45.3125 45.3125 4.75 40.5625 1.103488799999468
38000 53.5 0.009394064599824163 29.646889375 0.1875 45.3125 45.3125 4.125 41.1875 1.0587296000003334
40000 23.9375 0.003991532298256685 31.0220068125 0.11979166666666666 45.3125 45.3125 4.125 41.1875 1.1570495000005394
42000 18.75 0.001760225414197653 30.005223249999997 0.19791666666666666 45.3125 45.3125 4.125 41.1875 1.1105287000000317
44000 34.25 0.004937011971075811 29.286472625 0.234375 45.3125 45.3125 4.125 41.1875 1.1459873000003427
46000 32.1875 0.006207121220693442 28.609390750000003 0.2708333333333333 45.3125 45.3125 4.125 41.1875 1.060216699999728
48000 33.0 0.006447367785280026 29.244229687500003 0.1875 45.3125 45.3125 4.125 41.1875 1.1121110999993107
50000 32.375 0.006340951667330367 28.61922925 0.26041666666666663 45.3125 45.3125 4.125 41.1875 1.0570783999992273
52000 36.5625 0.004937465544414414 27.958347625 0.21354166666666666 45.3125 45.3125 4.125 41.1875 1.1022304999996777
54000 43.25 0.01014489587803826 28.980225312500004 0.265625 45.3125 45.3125 4.125 41.1875 1.2846569000003
56000 38.125 0.00517893856394276 28.631954874999998 0.21875 45.3125 45.3125 4.125 41.1875 1.1757247000005009
58000 55.0625 0.013717993979772662 28.804011562499998 0.3125 45.3125 45.3125 4.125 41.1875 1.1105870000001232
60000 40.125 0.007454678951178019 29.823976624999997 0.203125 45.3125 45.3125 4.125 41.1875 1.225771800000075
62000 61.5625 0.007553616897663046 27.2100856875 0.3333333333333333 45.3125 45.3125 4.125 41.1875 1.2660280000000057
64000 61.125 0.00786738659048743 27.3350856875 0.3333333333333333 45.3125 45.3125 4.125 41.1875 1.1403621999997995
66000 106.0625 0.022488330564563404 26.060781125000002 0.2552083333333333 45.3125 45.3125 4.125 41.1875 1.1254737999997815
68000 100.8125 0.017078833830964923 25.105222750000003 0.3020833333333333 45.3125 45.3125 4.3125 41.0 1.105352700000367
70000 98.625 0.019775475779514856 26.0149446875 0.2708333333333333 45.3125 45.3125 4.25 41.0625 1.1869955000001937
72000 113.8125 0.01639953733998588 24.521888812500006 0.3489583333333333 45.3125 45.3125 4.125 41.1875 1.4116961999998239
74000 106.5625 0.013873729517351864 24.771889125 0.36979166666666663 45.3125 45.3125 4.125 41.1875 1.1092932999999903
76000 116.4375 0.01607467778791753 24.521888875000005 0.36979166666666663 45.3125 45.3125 4.125 41.1875 1.0857132999999521
78000 115.5 0.012111401176633885 24.438555625000003 0.4114583333333333 45.3125 45.3125 4.125 41.1875 1.0668791999996756
80000 134.375 0.019084813831570235 24.209388875000005 0.39062499999999994 45.3125 45.3125 4.125 41.1875 1.162503999999899
82000 192.9375 0.039084854429741335 22.876054874999998 0.38541666666666663 45.3125 45.3125 4.125 41.1875 1.1344189999999799
84000 195.25 0.03939541806917759 22.62605475 0.40625 45.3125 45.3125 4.125 41.1875 1.4311744999995426
86000 195.25 0.03939541806917759 22.62605475 0.40625 45.3125 45.3125 4.125 41.1875 1.1412074999998367
88000 184.5625 0.034166786339419754 22.6885545625 0.421875 45.3125 45.3125 4.125 41.1875 1.205533800000012
90000 184.5625 0.034166786339419754 22.6885545625 0.421875 45.3125 45.3125 4.125 41.1875 1.1219983000000866
92000 193.0 0.03710180425244444 22.209385562499996 0.421875 45.3125 45.3125 4.125 41.1875 1.1833942000002935
94000 209.625 0.0446225894197555 21.6573020625 0.42187499999999994 45.3125 45.3125 4.25 41.0625 1.137818000000152
96000 212.5625 0.03445249311982063 21.573968625 0.44270833333333326 45.3125 45.3125 4.125 41.1875 1.0867495000002236
98000 212.5625 0.033665258006677336 21.573968625 0.44270833333333326 45.3125 45.3125 4.125 41.1875 1.3003051999994568
100000 271.25 0.057953189108896755 20.844795562500003 0.44270833333333326 45.3125 45.3125 4.125 41.1875 1.1056626999998116
102000 276.9375 0.051051926129930585 21.3135456875 0.4427083333333333 45.3125 45.3125 4.125 41.1875 1.2656238999998095
104000 571.25 0.15384017476584608 20.713523875000003 0.5 45.3125 45.3125 9.0 36.3125 1.0719439000004058
106000 571.25 0.15384017476584608 20.713523875000003 0.5 45.3125 45.3125 9.0 36.3125 1.1066139000004114
108000 571.25 0.15187226640097792 20.713523875000003 0.5 45.3125 45.3125 9.0 36.3125 1.3297132999996393
110000 592.875 0.1510446561085526 20.557276250000005 0.5 45.3125 45.3125 9.875 35.4375 1.1246501000005082
112000 592.875 0.1510446561085526 20.557276250000005 0.5 45.3125 45.3125 9.875 35.4375 1.1669222000000445
114000 592.875 0.1510446561085526 20.557276250000005 0.5 45.3125 45.3125 9.875 35.4375 1.0883259999991424
116000 592.875 0.1510446561085526 20.557276250000005 0.5 45.3125 45.3125 9.875 35.4375 1.2056010999995124
118000 592.875 0.1510446561085526 20.557276250000005 0.5 45.3125 45.3125 9.875 35.4375 1.1071867999999085
120000 592.875 0.1510446561085526 20.557276250000005 0.5 45.3125 45.3125 9.875 35.4375 1.3147514000002047
122000 592.875 0.1510446561085526 20.557276250000005 0.5 45.3125 45.3125 9.875 35.4375 1.1321897000007084
124000 592.875 0.1510446561085526 20.557276250000005 0.5 45.3125 45.3125 9.875 35.4375 1.0972496000003957
126000 592.875 0.1510446561085526 20.557276250000005 0.5 45.3125 45.3125 9.875 35.4375 1.2460665999997218
128000 756.5625 0.24756232297473152 19.911440499999998 0.5364583333333333 45.3125 45.3125 9.875 35.4375 1.195035700000517
130000 756.5625 0.24756232297473152 19.911440499999998 0.5364583333333333 45.3125 45.3125 9.875 35.4375 1.0659414000001561
132000 759.0 0.24959519850420753 19.828107125 0.5364583333333333 45.3125 45.3125 9.875 35.4375 1.2619299999996656
134000 758.9375 0.24813851485572247 19.8906081875 0.5364583333333333 45.3125 45.3125 9.875 35.4375 1.1270813999999518
136000 758.9375 0.24813851485572247 19.8906081875 0.5364583333333333 45.3125 45.3125 9.875 35.4375 1.1110020000005534
138000 761.375 0.2501713903851985 19.8072748125 0.5364583333333333 45.3125 45.3125 9.875 35.4375 1.3119298999999955
140000 761.375 0.2501713903851985 19.8072748125 0.5364583333333333 45.3125 45.3125 9.875 35.4375 1.0997905000003811
142000 761.375 0.2501713903851985 19.8072748125 0.5364583333333333 45.3125 45.3125 9.875 35.4375 1.085579399999915
144000 761.375 0.2501713903851985 19.8072748125 0.5364583333333333 45.3125 45.3125 9.875 35.4375 1.1273839000004955
146000 761.375 0.25443749127444776 19.8072748125 0.5364583333333333 45.3125 45.3125 9.875 35.4375 1.284903600000689
148000 761.375 0.25443749127444776 19.8072748125 0.5364583333333333 45.3125 45.3125 9.875 35.4375 1.2794694000003801
150000 761.375 0.2501713903851985 19.8072748125 0.5364583333333333 45.3125 45.3125 9.875 35.4375 1.0884980999999243
152000 761.375 0.2501713903851985 19.8072748125 0.5364583333333333 45.3125 45.3125 9.875 35.4375 1.1261079000014433
154000 761.375 0.25443749127444776 19.8072748125 0.5364583333333333 45.3125 45.3125 9.875 35.4375 1.2316647999996349
156000 764.0625 0.25840691251121617 19.7989415 0.5364583333333333 45.3125 45.3125 9.875 35.4375 1.1155721000013727
158000 764.0625 0.25840691251121617 19.7989415 0.5364583333333333 45.3125 45.3125 9.875 35.4375 1.1210657999999967
160000 765.0 0.2588014591235721 19.7676915625 0.5364583333333333 45.3125 45.3125 9.9375 35.375 1.0873502000013104
162000 765.0 0.2588014591235721 19.7676915625 0.5364583333333333 45.3125 45.3125 9.9375 35.375 1.0467975999999908
164000 765.0 0.2588014591235721 19.7676915625 0.5364583333333333 45.3125 45.3125 9.9375 35.375 1.1493659000007028
166000 766.75 0.2532761090650865 19.759360312500004 0.5364583333333333 45.3125 45.3125 9.9375 35.375 1.3397293999987596
168000 766.75 0.2532761090650865 19.759360312500004 0.5364583333333333 45.3125 45.3125 9.9375 35.375 1.0697018999999273
170000 766.75 0.26084369890563897 19.759360312500004 0.5364583333333333 45.3125 45.3125 9.9375 35.375 1.2427146000009088
172000 766.75 0.26084369890563897 19.759360312500004 0.5364583333333333 45.3125 45.3125 9.9375 35.375 1.210381699998834
174000 767.0625 0.2579742934446445 19.717693625000003 0.5364583333333333 45.3125 45.3125 9.9375 35.375 1.2391733999993448
176000 767.0625 0.2579742934446445 19.717693625000003 0.5364583333333333 45.3125 45.3125 9.9375 35.375 1.1130040000007284
178000 767.0625 0.2579742934446445 19.717693625000003 0.5364583333333333 45.3125 45.3125 9.9375 35.375 1.1389268999992055
180000 767.0625 0.2579742934446445 19.717693625000003 0.5364583333333333 45.3125 45.3125 9.9375 35.375 1.1942701000007219
182000 765.3125 0.2559320536625776 19.726024875 0.5364583333333333 45.3125 45.3125 9.9375 35.375 1.0789944999996806
184000 765.3125 0.2559320536625776 19.726024875 0.5364583333333333 45.3125 45.3125 9.9375 35.375 1.064083599998412
186000 765.3125 0.2559320536625776 19.726024875 0.5364583333333333 45.3125 45.3125 9.9375 35.375 1.2456187999996473
188000 767.0625 0.2579742934446445 19.717693625000003 0.5364583333333333 45.3125 45.3125 9.9375 35.375 1.3763080999997328
190000 767.0625 0.2579742934446445 19.717693625000003 0.5364583333333333 45.3125 45.3125 9.9375 35.375 1.2394057999990764
192000 767.0625 0.2579742934446445 19.717693625000003 0.5364583333333333 45.3125 45.3125 9.9375 35.375 1.175710399998934
194000 767.0625 0.2579742934446445 19.717693625000003 0.5364583333333333 45.3125 45.3125 9.9375 35.375 1.1156862000007095
196000 767.0625 0.25629042169337496 19.717693625000003 0.5364583333333333 45.3125 45.3125 9.9375 35.375 1.2092979999997624
198000 767.0625 0.25629042169337496 19.717693625000003 0.5364583333333333 45.3125 45.3125 9.9375 35.375 1.1549145999997563
200000 767.0625 0.25629042169337496 19.717693625000003 0.5364583333333333 45.3125 45.3125 9.9375 35.375 1.1743784999998752
202000 767.0625 0.2579742934446445 19.717693625000003 0.5364583333333333 45.3125 45.3125 9.9375 35.375 1.1183563999984472
204000 767.0625 0.2579742934446445 19.717693625000003 0.5364583333333333 45.3125 45.3125 9.9375 35.375 1.1162385999996332
206000 767.0625 0.25629042169337496 19.717693625000003 0.5364583333333333 45.3125 45.3125 9.9375 35.375 1.1365643000008276
208000 767.0625 0.2579742934446445 19.717693625000003 0.5364583333333333 45.3125 45.3125 9.9375 35.375 1.0742914000002202
210000 767.0625 0.2579742934446445 19.717693625000003 0.5364583333333333 45.3125 45.3125 9.9375 35.375 1.2089632999995956
212000 767.0625 0.2579742934446445 19.717693625000003 0.5364583333333333 45.3125 45.3125 9.9375 35.375 1.1011421000002883
214000 737.5625 0.24833164787789241 19.959360437500003 0.5364583333333333 45.3125 45.3125 9.9375 35.375 1.1448237000004156
216000 767.0625 0.2579742934446445 19.717693625000003 0.5364583333333333 45.3125 45.3125 9.9375 35.375 1.2637221000004502
218000 767.0625 0.2579742934446445 19.717693625000003 0.5364583333333333 45.3125 45.3125 9.9375 35.375 1.0677937999989808
220000 767.0625 0.2579742934446445 19.717693625000003 0.5364583333333333 45.3125 45.3125 9.9375 35.375 1.0766600999995717
222000 767.0625 0.2579742934446445 19.717693625000003 0.5364583333333333 45.3125 45.3125 9.9375 35.375 1.1050286000008782
224000 767.0625 0.2579742934446445 19.717693625000003 0.5364583333333333 45.3125 45.3125 9.9375 35.375 1.1577170999989903
226000 752.9375 0.2514619699176448 19.80935825 0.5364583333333333 45.3125 45.3125 9.9375 35.375 1.0955436999993253
228000 752.9375 0.2514619699176448 19.80935825 0.5364583333333333 45.3125 45.3125 9.9375 35.375 1.0917291999994632
230000 754.6875 0.25350420969971166 19.801027 0.5364583333333333 45.3125 45.3125 9.9375 35.375 1.2279545000001235
232000 754.6875 0.25350420969971166 19.801027 0.5364583333333333 45.3125 45.3125 9.9375 35.375 1.0996873999993113
234000 800.8125 0.269952969577267 19.6760269375 0.5364583333333333 45.3125 45.3125 9.9375 35.375 1.0955229999999574
236000 800.8125 0.269952969577267 19.6760269375 0.5364583333333333 45.3125 45.3125 9.9375 35.375 1.0742741000012757
238000 800.8125 0.269952969577267 19.6760269375 0.5364583333333333 45.3125 45.3125 9.9375 35.375 1.2541830000009213
240000 800.8125 0.269952969577267 19.6760269375 0.5364583333333333 45.3125 45.3125 9.9375 35.375 1.0805840000011813
242000 800.8125 0.269952969577267 19.6760269375 0.5364583333333333 45.3125 45.3125 9.9375 35.375 1.0573244000006525
244000 800.8125 0.2647314927602049 19.6760269375 0.5364583333333333 45.3125 45.3125 9.9375 35.375 1.5064185000010184
246000 800.8125 0.2647314927602049 19.6760269375 0.5364583333333333 45.3125 45.3125 9.9375 35.375 1.2164310999996815
248000 800.8125 0.2647314927602049 19.6760269375 0.5364583333333333 45.3125 45.3125 9.9375 35.375 1.1137506999984907
250000 800.8125 0.2647314927602049 19.6760269375 0.5364583333333333 45.3125 45.3125 9.9375 35.375 1.1706541999992623
252000 800.8125 0.2647314927602049 19.6760269375 0.5364583333333333 45.3125 45.3125 9.9375 35.375 1.441218799998751
254000 800.8125 0.2647314927602049 19.6760269375 0.5364583333333333 45.3125 45.3125 9.9375 35.375 1.10567489999994
256000 800.8125 0.2647314927602049 19.6760269375 0.5364583333333333 45.3125 45.3125 9.9375 35.375 1.3310274000014033
258000 800.8125 0.2647314927602049 19.6760269375 0.5364583333333333 45.3125 45.3125 9.9375 35.375 1.1017014000008203
260000 800.8125 0.2647314927602049 19.6760269375 0.5364583333333333 45.3125 45.3125 9.9375 35.375 1.2346939999988535
262000 800.8125 0.269952969577267 19.6760269375 0.5364583333333333 45.3125 45.3125 9.9375 35.375 1.1252098999993905
264000 800.8125 0.269952969577267 19.6760269375 0.5364583333333333 45.3125 45.3125 9.9375 35.375 1.2632168000000092
266000 800.8125 0.269952969577267 19.6760269375 0.5364583333333333 45.3125 45.3125 9.9375 35.375 1.1825750999996671
268000 800.8125 0.2647314927602049 19.6760269375 0.5364583333333333 45.3125 45.3125 9.9375 35.375 1.138299399999596
270000 800.8125 0.269952969577267 19.6760269375 0.5364583333333333 45.3125 45.3125 9.9375 35.375 1.2477126000012504
272000 800.8125 0.269952969577267 19.6760269375 0.5364583333333333 45.3125 45.3125 9.9375 35.375 1.0737917000005837
274000 800.8125 0.269952969577267 19.6760269375 0.5364583333333333 45.3125 45.3125 9.9375 35.375 1.1003522999999404
276000 800.8125 0.2647314927602049 19.6760269375 0.5364583333333333 45.3125 45.3125 9.9375 35.375 1.074392499998794
278000 800.8125 0.2647314927602049 19.6760269375 0.5364583333333333 45.3125 45.3125 9.9375 35.375 1.2002660000016476
280000 800.8125 0.2647314927602049 19.6760269375 0.5364583333333333 45.3125 45.3125 9.9375 35.375 1.0888785000006465
282000 739.4375 0.2511629777103706 19.821860312500004 0.5364583333333333 45.3125 45.3125 9.8125 35.5 1.1012353999994957
284000 739.4375 0.2511629777103706 19.821860312500004 0.5364583333333333 45.3125 45.3125 9.8125 35.5 1.0589949000004708
286000 739.4375 0.2511629777103706 19.821860312500004 0.5364583333333333 45.3125 45.3125 9.8125 35.5 1.1494973999997455
288000 755.6875 0.2542293092782709 19.7385269375 0.5364583333333333 45.3125 45.3125 9.8125 35.5 1.1863940000002913
290000 739.4375 0.25129630310454426 19.821860312500004 0.5364583333333333 45.3125 45.3125 9.8125 35.5 1.1144752000000153
292000 739.4375 0.2511629777103706 19.821860312500004 0.5364583333333333 45.3125 45.3125 9.8125 35.5 1.1216768999984197
294000 739.4375 0.2511629777103706 19.821860312500004 0.5364583333333333 45.3125 45.3125 9.8125 35.5 1.21228820000033
296000 739.4375 0.2511629777103706 19.821860312500004 0.5364583333333333 45.3125 45.3125 9.8125 35.5 1.1001843999983976
298000 755.6875 0.2542293092782709 19.7385269375 0.5364583333333333 45.3125 45.3125 9.8125 35.5 1.1743360000000393
300000 739.4375 0.25333326488627333 19.821860312500004 0.5364583333333333 45.3125 45.3125 9.8125 35.5 1.1328976000004332
302000 739.4375 0.25333326488627333 19.821860312500004 0.5364583333333333 45.3125 45.3125 9.8125 35.5 1.1500923999992665
304000 739.4375 0.25333326488627333 19.821860312500004 0.5364583333333333 45.3125 45.3125 9.8125 35.5 1.2319774999996298
306000 739.4375 0.25333326488627333 19.821860312500004 0.5364583333333333 45.3125 45.3125 9.8125 35.5 1.1713450999995985
308000 739.4375 0.25333326488627333 19.821860312500004 0.5364583333333333 45.3125 45.3125 9.8125 35.5 1.2566103999997722
310000 739.4375 0.25333326488627333 19.821860312500004 0.5364583333333333 45.3125 45.3125 9.8125 35.5 1.198359200001505
312000 739.4375 0.25333326488627333 19.821860312500004 0.5364583333333333 45.3125 45.3125 9.8125 35.5 1.1599003999999695
314000 739.4375 0.25333326488627333 19.821860312500004 0.5364583333333333 45.3125 45.3125 9.8125 35.5 1.157679800000551
316000 739.4375 0.25333326488627333 19.821860312500004 0.5364583333333333 45.3125 45.3125 9.8125 35.5 1.0810428999993746
318000 739.4375 0.25333326488627333 19.821860312500004 0.5364583333333333 45.3125 45.3125 9.8125 35.5 1.0799655000009807
320000 739.4375 0.25333326488627333 19.821860312500004 0.5364583333333333 45.3125 45.3125 9.8125 35.5 1.1378879000003508
322000 739.4375 0.25333326488627333 19.821860312500004 0.5364583333333333 45.3125 45.3125 9.8125 35.5 1.1765681999986555
324000 739.4375 0.25333326488627333 19.821860312500004 0.5364583333333333 45.3125 45.3125 9.8125 35.5 1.0942303000010725
326000 739.4375 0.25333326488627333 19.821860312500004 0.5364583333333333 45.3125 45.3125 9.8125 35.5 1.12848060000033
328000 739.4375 0.25333326488627333 19.821860312500004 0.5364583333333333 45.3125 45.3125 9.8125 35.5 1.1727874999996857
330000 739.4375 0.25333326488627333 19.821860312500004 0.5364583333333333 45.3125 45.3125 9.8125 35.5 1.0937583000013547
332000 739.4375 0.25333326488627333 19.821860312500004 0.5364583333333333 45.3125 45.3125 9.8125 35.5 1.2065638999993098
334000 739.4375 0.25333326488627333 19.821860312500004 0.5364583333333333 45.3125 45.3125 9.8125 35.5 1.1791491000003589
336000 739.4375 0.25333326488627333 19.821860312500004 0.5364583333333333 45.3125 45.3125 9.8125 35.5 1.1349465000002965
338000 739.4375 0.25333326488627333 19.821860312500004 0.5364583333333333 45.3125 45.3125 9.8125 35.5 1.2697604000004503
340000 739.4375 0.25333326488627333 19.821860312500004 0.5364583333333333 45.3125 45.3125 9.8125 35.5 1.0831479000007675
342000 739.4375 0.25333326488627333 19.821860312500004 0.5364583333333333 45.3125 45.3125 9.8125 35.5 1.192102300001352
344000 739.4375 0.25333326488627333 19.821860312500004 0.5364583333333333 45.3125 45.3125 9.8125 35.5 1.2967728999992687
346000 739.4375 0.25333326488627333 19.821860312500004 0.5364583333333333 45.3125 45.3125 9.8125 35.5 1.1480000999999902
348000 739.4375 0.25333326488627333 19.821860312500004 0.5364583333333333 45.3125 45.3125 9.8125 35.5 1.1452296000006754
350000 739.4375 0.25333326488627333 19.821860312500004 0.5364583333333333 45.3125 45.3125 9.8125 35.5 1.1105010000010225
352000 739.4375 0.25333326488627333 19.821860312500004 0.5364583333333333 45.3125 45.3125 9.8125 35.5 1.1870253999986744
354000 739.4375 0.25333326488627333 19.821860312500004 0.5364583333333333 45.3125 45.3125 9.8125 35.5 1.1710254000008717
356000 739.4375 0.25333326488627333 19.821860312500004 0.5364583333333333 45.3125 45.3125 9.8125 35.5 1.1211449000002176
358000 739.4375 0.25333326488627333 19.821860312500004 0.5364583333333333 45.3125 45.3125 9.8125 35.5 1.0885133000010683
360000 739.4375 0.25333326488627333 19.821860312500004 0.5364583333333333 45.3125 45.3125 9.8125 35.5 1.1354991999996855
362000 739.4375 0.25333326488627333 19.821860312500004 0.5364583333333333 45.3125 45.3125 9.8125 35.5 1.077887899999041
364000 739.4375 0.25333326488627333 19.821860312500004 0.5364583333333333 45.3125 45.3125 9.8125 35.5 1.0993846000001213
366000 739.4375 0.25333326488627333 19.821860312500004 0.5364583333333333 45.3125 45.3125 9.8125 35.5 1.1822611000006873
368000 787.4375 0.2655232393907285 19.717693625000003 0.5364583333333333 45.3125 45.3125 9.9375 35.375 1.0793888999996852
370000 787.4375 0.2655232393907285 19.717693625000003 0.5364583333333333 45.3125 45.3125 9.9375 35.375 1.1358127999992575
372000 787.4375 0.2655232393907285 19.717693625000003 0.5364583333333333 45.3125 45.3125 9.9375 35.375 1.2167898000006971
374000 787.4375 0.2655232393907285 19.717693625000003 0.5364583333333333 45.3125 45.3125 9.9375 35.375 1.279559300000983
376000 787.4375 0.2659324977970172 19.717693625000003 0.5364583333333333 45.3125 45.3125 9.9375 35.375 1.305562399998962
378000 713.625 0.24542307117376733 20.082277125 0.5364583333333333 45.3125 45.3125 9.8125 35.5 1.1389066000010644
380000 713.625 0.24542307117376733 20.082277125 0.5364583333333333 45.3125 45.3125 9.8125 35.5 1.124752100000478
382000 713.625 0.24542307117376733 20.082277125 0.5364583333333333 45.3125 45.3125 9.8125 35.5 1.1212593000000197
384000 713.625 0.24542307117376733 20.082277125 0.5364583333333333 45.3125 45.3125 9.8125 35.5 1.1069045000003825
386000 739.4375 0.25346659028044705 19.821860312500004 0.5364583333333333 45.3125 45.3125 9.8125 35.5 1.3824851000008493
388000 739.4375 0.25333326488627333 19.821860312500004 0.5364583333333333 45.3125 45.3125 9.8125 35.5 1.1314707999990787
390000 739.4375 0.25333326488627333 19.821860312500004 0.5364583333333333 45.3125 45.3125 9.8125 35.5 1.2711536000006163
392000 739.4375 0.25333326488627333 19.821860312500004 0.5364583333333333 45.3125 45.3125 9.8125 35.5 1.2164138999996794
394000 739.4375 0.25333326488627333 19.821860312500004 0.5364583333333333 45.3125 45.3125 9.8125 35.5 1.129862799998591
396000 739.4375 0.25333326488627333 19.821860312500004 0.5364583333333333 45.3125 45.3125 9.8125 35.5 1.3618650999997044
398000 739.4375 0.2511629777103706 19.821860312500004 0.5364583333333333 45.3125 45.3125 9.8125 35.5 1.2132735999985016
400000 739.4375 0.25333326488627333 19.821860312500004 0.5364583333333333 45.3125 45.3125 9.8125 35.5 1.2451292000005196
402000 739.4375 0.25333326488627333 19.821860312500004 0.5364583333333333 45.3125 45.3125 9.8125 35.5 1.1501996999995754
404000 739.4375 0.25333326488627333 19.821860312500004 0.5364583333333333 45.3125 45.3125 9.8125 35.5 1.1513964999994641
406000 739.4375 0.25346659028044705 19.821860312500004 0.5364583333333333 45.3125 45.3125 9.8125 35.5 1.280165099999067
408000 739.4375 0.2511629777103706 19.821860312500004 0.5364583333333333 45.3125 45.3125 9.8125 35.5 1.2370092000001023
410000 739.4375 0.2511629777103706 19.821860312500004 0.5364583333333333 45.3125 45.3125 9.8125 35.5 1.1783987999988312
412000 739.4375 0.2511629777103706 19.821860312500004 0.5364583333333333 45.3125 45.3125 9.8125 35.5 1.1765465999997105
414000 739.4375 0.2511629777103706 19.821860312500004 0.5364583333333333 45.3125 45.3125 9.8125 35.5 1.1914916999994603
416000 739.4375 0.25129630310454426 19.821860312500004 0.5364583333333333 45.3125 45.3125 9.8125 35.5 1.2173602999992
418000 721.125 0.24784498552543277 20.051027125 0.5364583333333333 45.3125 45.3125 9.8125 35.5 1.4219197999991593
420000 721.125 0.24784498552543277 20.051027125 0.5364583333333333 45.3125 45.3125 9.8125 35.5 1.1940866000004462
422000 721.125 0.24784498552543277 20.051027125 0.5364583333333333 45.3125 45.3125 9.8125 35.5 1.2620625999988988
424000 787.4375 0.2655232393907285 19.717693625000003 0.5364583333333333 45.3125 45.3125 9.9375 35.375 1.205475499999011
426000 766.75 0.25622499621465233 19.759360312500004 0.5364583333333333 45.3125 45.3125 9.9375 35.375 1.2990949000013643
428000 766.75 0.25622499621465233 19.759360312500004 0.5364583333333333 45.3125 45.3125 9.9375 35.375 1.202479100000346
430000 766.75 0.25622499621465233 19.759360312500004 0.5364583333333333 45.3125 45.3125 9.9375 35.375 1.1611396999996941
432000 766.75 0.25622499621465233 19.759360312500004 0.5364583333333333 45.3125 45.3125 9.9375 35.375 1.3381143000005977
434000 766.75 0.25622499621465233 19.759360312500004 0.5364583333333333 45.3125 45.3125 9.9375 35.375 1.4552327000001242
436000 766.75 0.25622499621465233 19.759360312500004 0.5364583333333333 45.3125 45.3125 9.9375 35.375 1.194629999999961
438000 766.75 0.25622499621465233 19.759360312500004 0.5364583333333333 45.3125 45.3125 9.9375 35.375 1.2225181000012526
440000 766.75 0.25622499621465233 19.759360312500004 0.5364583333333333 45.3125 45.3125 9.9375 35.375 1.2099334000013187
442000 766.75 0.25622499621465233 19.759360312500004 0.5364583333333333 45.3125 45.3125 9.9375 35.375 1.2008727000011277
444000 766.75 0.25622499621465233 19.759360312500004 0.5364583333333333 45.3125 45.3125 9.9375 35.375 1.16152510000029
446000 766.75 0.25622499621465233 19.759360312500004 0.5364583333333333 45.3125 45.3125 9.9375 35.375 1.1604905000003782
448000 766.75 0.25622499621465233 19.759360312500004 0.5364583333333333 45.3125 45.3125 9.9375 35.375 1.1411866999987978
450000 766.75 0.26084369890563897 19.759360312500004 0.5364583333333333 45.3125 45.3125 9.9375 35.375 1.2806679000004806
452000 766.75 0.26084369890563897 19.759360312500004 0.5364583333333333 45.3125 45.3125 9.9375 35.375 1.2209923999998864
454000 766.75 0.26084369890563897 19.759360312500004 0.5364583333333333 45.3125 45.3125 9.9375 35.375 1.2335684999998193
456000 766.75 0.26084369890563897 19.759360312500004 0.5364583333333333 45.3125 45.3125 9.9375 35.375 1.152278199999273
458000 766.75 0.25622499621465233 19.759360312500004 0.5364583333333333 45.3125 45.3125 9.9375 35.375 1.3046400000002905
460000 766.75 0.25622499621465233 19.759360312500004 0.5364583333333333 45.3125 45.3125 9.9375 35.375 1.4610787000001437
462000 766.75 0.25622499621465233 19.759360312500004 0.5364583333333333 45.3125 45.3125 9.9375 35.375 1.1861673000003066
464000 766.75 0.25622499621465233 19.759360312500004 0.5364583333333333 45.3125 45.3125 9.9375 35.375 1.4669515999994474
466000 766.75 0.25622499621465233 19.759360312500004 0.5364583333333333 45.3125 45.3125 9.9375 35.375 1.353238899999269
468000 766.75 0.26084369890563897 19.759360312500004 0.5364583333333333 45.3125 45.3125 9.9375 35.375 1.2375884000011865
470000 766.75 0.26084369890563897 19.759360312500004 0.5364583333333333 45.3125 45.3125 9.9375 35.375 1.3420265000004292
472000 766.75 0.26084369890563897 19.759360312500004 0.5364583333333333 45.3125 45.3125 9.9375 35.375 1.1804680999994162
474000 766.75 0.26084369890563897 19.759360312500004 0.5364583333333333 45.3125 45.3125 9.9375 35.375 1.2810582000001887
476000 766.75 0.26084369890563897 19.759360312500004 0.5364583333333333 45.3125 45.3125 9.9375 35.375 1.1257877000007284
478000 766.75 0.25622499621465233 19.759360312500004 0.5364583333333333 45.3125 45.3125 9.9375 35.375 1.117668799999592
480000 766.75 0.25622499621465233 19.759360312500004 0.5364583333333333 45.3125 45.3125 9.9375 35.375 0.9569790999994439
482000 766.75 0.25622499621465233 19.759360312500004 0.5364583333333333 45.3125 45.3125 9.9375 35.375 0.9256752000001143
484000 766.75 0.26084369890563897 19.759360312500004 0.5364583333333333 45.3125 45.3125 9.9375 35.375 0.9911073000002943
486000 766.75 0.26084369890563897 19.759360312500004 0.5364583333333333 45.3125 45.3125 9.9375 35.375 0.86971850000009
488000 766.75 0.26084369890563897 19.759360312500004 0.5364583333333333 45.3125 45.3125 9.9375 35.375 0.7584150999991834
490000 766.75 0.26084369890563897 19.759360312500004 0.5364583333333333 45.3125 45.3125 9.9375 35.375 0.7855822000001353
492000 766.75 0.26084369890563897 19.759360312500004 0.5364583333333333 45.3125 45.3125 9.9375 35.375 0.6141226999989158
494000 766.75 0.25915982715436947 19.759360312500004 0.5364583333333333 45.3125 45.3125 9.9375 35.375 0.6359465000005002
496000 766.75 0.26084369890563897 19.759360312500004 0.5364583333333333 45.3125 45.3125 9.9375 35.375 0.5606842000015604
498000 766.75 0.26084369890563897 19.759360312500004 0.5364583333333333 45.3125 45.3125 9.9375 35.375 0.5424910000001546
500000 766.75 0.26084369890563897 19.759360312500004 0.5364583333333333 45.3125 45.3125 9.9375 35.375 0.5858454000008351
