2000 6.9375 0.0008783763554159517 35.523740249999996 0.06770833333333333 45.3125 45.3125 3.5 41.8125 0.7767382999991241
4000 9.6875 0.001678245217555711 33.705913 0.125 45.3125 45.3125 3.5 41.8125 0.7510395999997854
6000 7.0625 0.0002621407382789058 34.8665026875 0.15104166666666666 45.3125 45.3125 3.5 41.8125 1.1363068999999086
8000 9.9375 -0.37417791847890763 32.8310561875 0.19791666666666669 45.3125 45.3125 3.5 41.8125 1.0444080000015674
10000 18.6875 0.004243087022357903 32.9932438125 0.15104166666666666 45.3125 45.3125 3.5 41.8125 1.1135686000015994
12000 12.3125 0.0020201593810529658 33.090464 0.15104166666666666 45.3125 45.3125 3.5 41.8125 1.2203675999990082
14000 15.8125 0.002763905632746508 33.001915499999996 0.13541666666666666 45.3125 45.3125 3.5625 41.75 1.3493624000002455
16000 31.0 0.0034841062582671896 32.107099000000005 0.19270833333333331 45.3125 45.3125 6.0 39.3125 1.435277299999143
18000 21.75 0.002396275469669553 30.405714437499995 0.2552083333333333 45.3125 45.3125 6.0 39.3125 1.4925385000024107
20000 14.875 0.0015604200515544767 30.439423124999994 0.17708333333333331 45.3125 45.3125 3.5 41.8125 1.479105200000049
22000 19.6875 0.003397333867706925 30.739049187500004 0.31249999999999994 45.3125 45.3125 6.0 39.3125 1.5838113999998313
24000 9.875 -0.3117552485862544 34.18189575 0.109375 45.3125 45.3125 3.5 41.8125 1.3682133000002068
26000 25.1875 -0.30757341666047705 33.0725295625 0.16145833333333334 45.3125 45.3125 4.1875 41.125 1.2958140000009735
28000 15.6875 0.0011212612257574693 33.355224875000005 0.140625 45.3125 45.3125 3.5 41.8125 1.4159177000001364
30000 14.875 0.00252890143734034 32.0470636875 0.171875 45.3125 45.3125 3.5 41.8125 1.311240800001542
32000 41.0625 0.009170227730351869 28.536637249999995 0.39062499999999994 45.3125 45.3125 3.625 41.6875 1.5521126999992703
34000 28.0 0.0028002985633392426 29.357823437500002 0.24479166666666666 45.3125 45.3125 3.625 41.6875 1.3145680999987235
36000 29.8125 0.002850537848924313 29.935949 0.22916666666666666 45.3125 45.3125 3.5 41.8125 1.3156750999987707
38000 24.8125 0.0015423159324462446 30.857825187500005 0.28125 45.3125 45.3125 3.5 41.8125 1.3769494999978633
40000 36.4375 0.006952812624752648 29.060955812500005 0.3229166666666667 45.3125 45.3125 3.5 41.8125 1.3327513000003819
42000 25.3125 0.003525882665040887 30.090462000000006 0.22916666666666669 45.3125 45.3125 3.5 41.8125 1.4603850999992574
44000 43.25 0.0109343951605933 28.12344575 0.19791666666666669 45.3125 45.3125 3.5 41.8125 1.4083756999971229
46000 52.3125 0.007791218798770893 27.339880937500002 0.3541666666666667 45.3125 45.3125 3.8125 41.5 1.2982894999986456
48000 282.8125 0.06526795230914784 23.607607875 0.390625 45.3125 45.3125 11.5625 33.75 1.4650596999999834
50000 181.6875 0.024028219273283163 25.682495125 0.32812500000000006 45.3125 45.3125 10.1875 35.125 1.2773570000026666
52000 537.3125 0.041260820414363394 20.2345676875 0.47916666666666663 45.3125 45.3125 9.25 36.0625 1.4003080000002228
54000 540.3125 0.038241659902395655 20.182484375 0.47916666666666663 45.3125 45.3125 9.25 36.0625 1.4438059000021894
56000 570.6875 0.09881547074422488 20.172065625 0.5572916666666666 45.3125 45.3125 9.25 36.0625 1.3363618000003044
58000 602.5 0.08225458948423171 19.088731687499997 0.5572916666666666 45.3125 45.3125 9.25 36.0625 1.3989023000031011
60000 602.5 0.08225458948423171 19.088731687499997 0.5572916666666666 45.3125 45.3125 9.25 36.0625 1.3591086999986146
62000 570.1875 0.044116986586913653 20.0679009375 0.47916666666666663 45.3125 45.3125 9.25 36.0625 1.3368840999974054
64000 570.1875 0.044116986586913653 20.0679009375 0.47916666666666663 45.3125 45.3125 9.25 36.0625 1.3997357999978703
66000 674.4375 0.11589813108051358 20.425318562500003 0.484375 45.3125 45.3125 11.625 33.6875 1.3248333000010462
68000 674.4375 0.11589813108051358 20.425318562500003 0.484375 45.3125 45.3125 11.625 33.6875 1.4461297999987437
70000 674.4375 0.11589813108051358 20.425318562500003 0.484375 45.3125 45.3125 11.625 33.6875 1.3709261000003607
72000 686.125 0.10825214852346347 20.466985312500004 0.484375 45.3125 45.3125 11.75 33.5625 1.2967907000020205
74000 674.4375 0.11023459515010249 20.425318562500003 0.484375 45.3125 45.3125 11.625 33.6875 1.350327500000276
76000 686.125 0.10806277232463204 20.466985312500004 0.484375 45.3125 45.3125 11.75 33.5625 1.6617264999986219
78000 686.125 0.11079768985298517 20.466985312500004 0.484375 45.3125 45.3125 11.75 33.5625 1.3275074000011955
80000 686.125 0.10806277232463204 20.466985312500004 0.484375 45.3125 45.3125 11.75 33.5625 1.379778599999554
82000 686.125 0.10806277232463204 20.466985312500004 0.484375 45.3125 45.3125 11.75 33.5625 1.2980419999985315
84000 862.375 0.22696956634323245 18.6847716875 0.5625 45.3125 45.3125 13.9375 31.375 1.3568042999977479
86000 862.375 0.22696956634323245 18.6847716875 0.5625 45.3125 45.3125 13.9375 31.375 1.686247399997228
88000 862.375 0.22696956634323245 18.6847716875 0.5625 45.3125 45.3125 13.9375 31.375 1.2967828000000736
90000 862.375 0.22696956634323245 18.6847716875 0.5625 45.3125 45.3125 13.9375 31.375 1.4081777000028524
92000 862.375 0.22970448387158557 18.6847716875 0.5625 45.3125 45.3125 13.9375 31.375 1.367586600001232
94000 891.875 0.2366455361779729 18.413938375 0.5625 45.3125 45.3125 14.25 31.0625 1.4322867000009865
96000 891.875 0.24265625914583425 18.413938375 0.5625 45.3125 45.3125 14.25 31.0625 1.486314300000231
98000 891.875 0.24265625914583425 18.413938375 0.5625 45.3125 45.3125 14.25 31.0625 1.3683223000007274
100000 891.875 0.24265625914583425 18.413938375 0.5625 45.3125 45.3125 14.25 31.0625 1.3335055999996257
102000 891.875 0.24265625914583425 18.413938375 0.5625 45.3125 45.3125 14.25 31.0625 1.3743697999998403
104000 891.875 0.24265625914583425 18.413938375 0.5625 45.3125 45.3125 14.25 31.0625 1.299643799997284
106000 891.875 0.24035595066178592 18.413938375 0.5625 45.3125 45.3125 14.25 31.0625 1.4257705999989412
108000 891.875 0.23201994142747726 18.413938375 0.5625 45.3125 45.3125 14.25 31.0625 1.3163389000001189
110000 891.875 0.23201994142747726 18.413938375 0.5625 45.3125 45.3125 14.25 31.0625 1.3852107999991858
112000 891.875 0.23201994142747726 18.413938375 0.5625 45.3125 45.3125 14.25 31.0625 1.4130760000007285
114000 891.875 0.23201994142747726 18.413938375 0.5625 45.3125 45.3125 14.25 31.0625 1.3473940000003495
116000 891.875 0.24035595066178592 18.413938375 0.5625 45.3125 45.3125 14.25 31.0625 1.297061000001122
118000 891.875 0.23201994142747726 18.413938375 0.5625 45.3125 45.3125 14.25 31.0625 1.3513120999996318
120000 891.875 0.23201994142747726 18.413938375 0.5625 45.3125 45.3125 14.25 31.0625 1.5203096000004734
122000 891.875 0.23201994142747726 18.413938375 0.5625 45.3125 45.3125 14.25 31.0625 1.5236272000001918
124000 891.875 0.23201994142747726 18.413938375 0.5625 45.3125 45.3125 14.25 31.0625 1.3588239999990037
126000 891.875 0.23201994142747726 18.413938375 0.5625 45.3125 45.3125 14.25 31.0625 1.7422275000026275
128000 891.875 0.23201994142747726 18.413938375 0.5625 45.3125 45.3125 14.25 31.0625 1.4540511999985029
130000 891.875 0.24540855651595558 18.413938375 0.5625 45.3125 45.3125 14.25 31.0625 1.376656100001128
132000 891.875 0.24540855651595558 18.413938375 0.5625 45.3125 45.3125 14.25 31.0625 1.279480600001989
134000 831.9375 0.22424079485454507 18.747271875 0.5416666666666667 45.3125 45.3125 14.25 31.0625 1.3790339000006497
136000 831.9375 0.22424079485454507 18.747271875 0.5416666666666667 45.3125 45.3125 14.25 31.0625 1.3074153999987175
138000 831.9375 0.22424079485454507 18.747271875 0.5416666666666667 45.3125 45.3125 14.25 31.0625 1.3626910999992106
140000 831.9375 0.22424079485454507 18.747271875 0.5416666666666667 45.3125 45.3125 14.25 31.0625 1.3348626000006334
142000 831.9375 0.22424079485454507 18.747271875 0.5416666666666667 45.3125 45.3125 14.25 31.0625 1.2940763000005973
144000 831.9375 0.22424079485454507 18.747271875 0.5416666666666667 45.3125 45.3125 14.25 31.0625 1.5839524000002712
146000 836.375 0.22982675550496434 18.486853375 0.5729166666666667 45.3125 45.3125 14.875 30.4375 1.325067100002343
148000 836.375 0.22982675550496434 18.486853375 0.5729166666666667 45.3125 45.3125 14.875 30.4375 1.361845600000379
150000 836.375 0.22982675550496434 18.486853375 0.5729166666666667 45.3125 45.3125 14.875 30.4375 1.3787018000002718
152000 836.375 0.22982675550496434 18.486853375 0.5729166666666667 45.3125 45.3125 14.875 30.4375 1.2920937999988382
154000 896.3125 0.23760590207789653 18.153519875 0.59375 45.3125 45.3125 14.875 30.4375 1.378466499998467
156000 896.3125 0.23760590207789653 18.153519875 0.59375 45.3125 45.3125 14.875 30.4375 1.4832800000003772
158000 836.375 0.22982675550496434 18.486853375 0.5729166666666667 45.3125 45.3125 14.875 30.4375 1.3042964999985998
160000 896.3125 0.23760590207789653 18.153519875 0.59375 45.3125 45.3125 14.875 30.4375 1.38496909999958
162000 896.3125 0.23760590207789653 18.153519875 0.59375 45.3125 45.3125 14.875 30.4375 1.309789400002046
164000 896.3125 0.23760590207789653 18.153519875 0.59375 45.3125 45.3125 14.875 30.4375 1.300218300002598
166000 896.3125 0.23760590207789653 18.153519875 0.59375 45.3125 45.3125 14.875 30.4375 1.3151939000017592
168000 896.3125 0.23760590207789653 18.153519875 0.59375 45.3125 45.3125 14.875 30.4375 1.377420800003165
170000 896.3125 0.23760590207789653 18.153519875 0.59375 45.3125 45.3125 14.875 30.4375 1.361166200000298
172000 896.3125 0.23760590207789653 18.153519875 0.59375 45.3125 45.3125 14.875 30.4375 1.4279565999968327
174000 896.3125 0.23760590207789653 18.153519875 0.59375 45.3125 45.3125 14.875 30.4375 1.411422199998924
176000 896.3125 0.23760590207789653 18.153519875 0.59375 45.3125 45.3125 14.875 30.4375 1.4151921999982733
178000 836.375 0.22982675550496434 18.486853375 0.5729166666666667 45.3125 45.3125 14.875 30.4375 1.5253936999979487
180000 896.3125 0.23760590207789653 18.153519875 0.59375 45.3125 45.3125 14.875 30.4375 1.3855312000014237
182000 896.3125 0.23760590207789653 18.153519875 0.59375 45.3125 45.3125 14.875 30.4375 1.4715671999983897
184000 896.3125 0.23760590207789653 18.153519875 0.59375 45.3125 45.3125 14.875 30.4375 1.2731275000005553
186000 896.3125 0.23760590207789653 18.153519875 0.59375 45.3125 45.3125 14.875 30.4375 1.6226824000004854
188000 896.3125 0.23760590207789653 18.153519875 0.59375 45.3125 45.3125 14.875 30.4375 1.4298154999996768
190000 896.3125 0.23760590207789653 18.153519875 0.59375 45.3125 45.3125 14.875 30.4375 1.3248430000021472
192000 896.3125 0.23760590207789653 18.153519875 0.59375 45.3125 45.3125 14.875 30.4375 1.3900891999983287
194000 896.3125 0.23760590207789653 18.153519875 0.59375 45.3125 45.3125 14.875 30.4375 1.5197351000024355
196000 896.3125 0.2459419113122052 18.153519875 0.59375 45.3125 45.3125 14.875 30.4375 1.6025958999998693
198000 896.3125 0.23760590207789653 18.153519875 0.59375 45.3125 45.3125 14.875 30.4375 1.593265400002565
200000 896.3125 0.2459419113122052 18.153519875 0.59375 45.3125 45.3125 14.875 30.4375 1.5320772000013676
202000 896.3125 0.2459419113122052 18.153519875 0.59375 45.3125 45.3125 14.875 30.4375 1.4341518999972322
204000 896.3125 0.2459419113122052 18.153519875 0.59375 45.3125 45.3125 14.875 30.4375 1.4859741000000213
206000 896.3125 0.2459419113122052 18.153519875 0.59375 45.3125 45.3125 14.875 30.4375 1.3232170000010228
208000 896.3125 0.2459419113122052 18.153519875 0.59375 45.3125 45.3125 14.875 30.4375 1.427861699998175
210000 896.3125 0.2459419113122052 18.153519875 0.59375 45.3125 45.3125 14.875 30.4375 1.513469499997882
212000 896.3125 0.2459419113122052 18.153519875 0.59375 45.3125 45.3125 14.875 30.4375 1.4008409999987634
214000 896.3125 0.24824221979625355 18.153519875 0.59375 45.3125 45.3125 14.875 30.4375 1.3227076999974088
216000 896.3125 0.2459419113122052 18.153519875 0.59375 45.3125 45.3125 14.875 30.4375 1.4698863000012352
218000 896.3125 0.2459419113122052 18.153519875 0.59375 45.3125 45.3125 14.875 30.4375 1.3404135999990103
220000 896.3125 0.24824221979625355 18.153519875 0.59375 45.3125 45.3125 14.875 30.4375 1.4844372999978077
222000 898.5625 0.25302283723892927 18.0076855 0.5729166666666666 45.3125 45.3125 15.0625 30.25 1.3370231000008062
224000 898.5625 0.25302283723892927 18.0076855 0.5729166666666666 45.3125 45.3125 15.0625 30.25 1.525990099999035
226000 898.5625 0.25302283723892927 18.0076855 0.5729166666666666 45.3125 45.3125 15.0625 30.25 1.3793517000012798
228000 898.5625 0.25302283723892927 18.0076855 0.5729166666666666 45.3125 45.3125 15.0625 30.25 1.3212450999999419
230000 898.5625 0.25302283723892927 18.0076855 0.5729166666666666 45.3125 45.3125 15.0625 30.25 1.3229697000024316
232000 901.75 0.256539043229995 18.01810225 0.5729166666666666 45.3125 45.3125 15.125 30.1875 1.2796409999973548
234000 901.75 0.256539043229995 18.01810225 0.5729166666666666 45.3125 45.3125 15.125 30.1875 1.3170414000014716
236000 901.75 0.256539043229995 18.01810225 0.5729166666666666 45.3125 45.3125 15.125 30.1875 1.488866700001381
238000 898.5625 0.25302283723892927 18.0076855 0.5729166666666666 45.3125 45.3125 15.0625 30.25 1.293063199998869
240000 898.5625 0.25302283723892927 18.0076855 0.5729166666666666 45.3125 45.3125 15.0625 30.25 1.4197123000012652
242000 904.25 0.2405947630348684 17.974356874999998 0.59375 45.3125 45.3125 15.5625 29.75 1.4181414999984554
244000 904.25 0.2405947630348684 17.974356874999998 0.59375 45.3125 45.3125 15.5625 29.75 1.3123468999983743
246000 904.25 0.2405947630348684 17.974356874999998 0.59375 45.3125 45.3125 15.5625 29.75 1.2757564000021375
248000 901.125 0.24108490968074878 18.0472735 0.59375 45.3125 45.3125 15.3125 30.0 1.3710882999985188
250000 904.25 0.2405947630348684 17.974356874999998 0.59375 45.3125 45.3125 15.5625 29.75 1.4528424000018276
252000 904.25 0.2405947630348684 17.974356874999998 0.59375 45.3125 45.3125 15.5625 29.75 1.4555908000002091
254000 904.25 0.2405947630348684 17.974356874999998 0.59375 45.3125 45.3125 15.5625 29.75 1.3405205000017304
256000 904.25 0.2405947630348684 17.974356874999998 0.59375 45.3125 45.3125 15.5625 29.75 1.4229288999995333
258000 912.6875 0.2454678957264009 17.967417625 0.546875 45.3125 45.3125 15.5 29.8125 1.3324928000001819
260000 912.6875 0.2454678957264009 17.967417625 0.546875 45.3125 45.3125 15.5 29.8125 1.393882600001234
262000 964.5625 0.25303954071690854 18.085475125 0.5624999999999999 45.3125 45.3125 15.8125 29.5 1.4292260000001988
264000 964.5625 0.25303954071690854 18.085475125 0.5624999999999999 45.3125 45.3125 15.8125 29.5 1.3423344000002544
266000 964.5625 0.25303954071690854 18.085475125 0.5624999999999999 45.3125 45.3125 15.8125 29.5 1.3461658999985957
268000 964.5625 0.25303954071690854 18.085475125 0.5624999999999999 45.3125 45.3125 15.8125 29.5 1.3054998999978125
270000 964.5625 0.25303954071690854 18.085475125 0.5624999999999999 45.3125 45.3125 15.8125 29.5 1.331042300000263
272000 964.5625 0.25303954071690854 18.085475125 0.5624999999999999 45.3125 45.3125 15.8125 29.5 1.3447881000029156
274000 964.5625 0.25303954071690854 18.085475125 0.5624999999999999 45.3125 45.3125 15.8125 29.5 1.5454857999975502
276000 1061.0625 0.33009231903734304 18.374247187499996 0.5677083333333333 45.3125 45.3125 15.8125 29.5 1.4984944999996515
278000 1048.625 0.3418878770356313 18.655497374999996 0.5989583333333333 45.3125 45.3125 16.0 29.3125 1.3003356000008353
280000 1048.625 0.3418878770356313 18.655497374999996 0.5989583333333333 45.3125 45.3125 16.0 29.3125 1.5929716999999073
282000 1051.3125 0.3431917418959256 18.738830749999995 0.5989583333333333 45.3125 45.3125 16.0 29.3125 1.4279263999997056
284000 1078.75 0.3618454161362886 18.582582687499993 0.5677083333333333 45.3125 45.3125 15.8125 29.5 1.3516742000028898
286000 1107.375 0.37996704316647245 18.624249312499995 0.5677083333333333 45.3125 45.3125 15.6875 29.625 1.4520551999994495
288000 1107.375 0.36551352228747336 18.624249312499995 0.5677083333333333 45.3125 45.3125 15.6875 29.625 1.3673601999980747
290000 1107.375 0.36551352228747336 18.624249312499995 0.5677083333333333 45.3125 45.3125 15.6875 29.625 1.4569516999981715
292000 1107.375 0.36551352228747336 18.624249312499995 0.5677083333333333 45.3125 45.3125 15.6875 29.625 1.452126700001827
294000 1107.375 0.3543208167064824 18.624249312499995 0.5677083333333333 45.3125 45.3125 15.6875 29.625 1.1918657999995048
296000 1107.375 0.3543208167064824 18.624249312499995 0.5677083333333333 45.3125 45.3125 15.6875 29.625 1.1477243000008457
298000 1107.375 0.3543208167064824 18.624249312499995 0.5677083333333333 45.3125 45.3125 15.6875 29.625 1.1419319000015093
300000 1107.375 0.3543208167064824 18.624249312499995 0.5677083333333333 45.3125 45.3125 15.6875 29.625 1.1339118000032613
302000 1107.375 0.3543208167064824 18.624249312499995 0.5677083333333333 45.3125 45.3125 15.6875 29.625 1.128320399999211
304000 1107.375 0.3543208167064824 18.624249312499995 0.5677083333333333 45.3125 45.3125 15.6875 29.625 1.2494735000000219
306000 1107.375 0.3543208167064824 18.624249312499995 0.5677083333333333 45.3125 45.3125 15.6875 29.625 1.4375362999999197
308000 1107.375 0.3543208167064824 18.624249312499995 0.5677083333333333 45.3125 45.3125 15.6875 29.625 1.1544867000011436
310000 1107.375 0.3543208167064824 18.624249312499995 0.5677083333333333 45.3125 45.3125 15.6875 29.625 1.1248275000034482
312000 1107.375 0.3543208167064824 18.624249312499995 0.5677083333333333 45.3125 45.3125 15.6875 29.625 1.1632638999981282
314000 1107.375 0.3543208167064824 18.624249312499995 0.5677083333333333 45.3125 45.3125 15.6875 29.625 1.2595448000029137
316000 1107.375 0.3543208167064824 18.624249312499995 0.5677083333333333 45.3125 45.3125 15.6875 29.625 1.160554600002797
318000 1107.375 0.36587307780489375 18.624249312499995 0.5677083333333333 45.3125 45.3125 15.6875 29.625 1.1063608000004024
320000 1107.375 0.3543208167064824 18.624249312499995 0.5677083333333333 45.3125 45.3125 15.6875 29.625 1.1233277000028465
322000 1107.375 0.3543208167064824 18.624249312499995 0.5677083333333333 45.3125 45.3125 15.6875 29.625 1.1665023999994446
324000 1107.375 0.36587307780489375 18.624249312499995 0.5677083333333333 45.3125 45.3125 15.6875 29.625 1.0971955000022717
326000 1107.375 0.3543208167064824 18.624249312499995 0.5677083333333333 45.3125 45.3125 15.6875 29.625 1.2211084000009578
328000 1107.375 0.36587307780489375 18.624249312499995 0.5677083333333333 45.3125 45.3125 15.6875 29.625 1.1093911999996635
330000 1107.375 0.36587307780489375 18.624249312499995 0.5677083333333333 45.3125 45.3125 15.6875 29.625 1.1505417999978818
332000 1107.375 0.36587307780489375 18.624249312499995 0.5677083333333333 45.3125 45.3125 15.6875 29.625 1.0867496999999275
334000 1107.375 0.36587307780489375 18.624249312499995 0.5677083333333333 45.3125 45.3125 15.6875 29.625 1.0603762999999162
336000 1107.375 0.36587307780489375 18.624249312499995 0.5677083333333333 45.3125 45.3125 15.6875 29.625 1.1517915000003995
338000 1107.375 0.36587307780489375 18.624249312499995 0.5677083333333333 45.3125 45.3125 15.6875 29.625 1.099009900000965
340000 1107.375 0.36587307780489375 18.624249312499995 0.5677083333333333 45.3125 45.3125 15.6875 29.625 1.1133936000005633
342000 1107.375 0.36587307780489375 18.624249312499995 0.5677083333333333 45.3125 45.3125 15.6875 29.625 1.1008561000016925
344000 1107.375 0.36587307780489375 18.624249312499995 0.5677083333333333 45.3125 45.3125 15.6875 29.625 1.116724699997576
346000 1107.375 0.36587307780489375 18.624249312499995 0.5677083333333333 45.3125 45.3125 15.6875 29.625 1.1283576999994693
348000 1107.375 0.36587307780489375 18.624249312499995 0.5677083333333333 45.3125 45.3125 15.6875 29.625 1.118228100000124
350000 1107.375 0.36587307780489375 18.624249312499995 0.5677083333333333 45.3125 45.3125 15.6875 29.625 1.1750487999997858
352000 1107.375 0.36587307780489375 18.624249312499995 0.5677083333333333 45.3125 45.3125 15.6875 29.625 1.1833612999980687
354000 1107.375 0.36587307780489375 18.624249312499995 0.5677083333333333 45.3125 45.3125 15.6875 29.625 1.1597622000008414
356000 1107.375 0.36587307780489375 18.624249312499995 0.5677083333333333 45.3125 45.3125 15.6875 29.625 1.3436598000007507
358000 1107.375 0.36587307780489375 18.624249312499995 0.5677083333333333 45.3125 45.3125 15.6875 29.625 1.0966763000033097
360000 1107.375 0.36587307780489375 18.624249312499995 0.5677083333333333 45.3125 45.3125 15.6875 29.625 1.1420102000010957
362000 1107.375 0.36587307780489375 18.624249312499995 0.5677083333333333 45.3125 45.3125 15.6875 29.625 1.0975445999974909
364000 1107.375 0.36587307780489375 18.624249312499995 0.5677083333333333 45.3125 45.3125 15.6875 29.625 1.117315100000269
366000 1107.375 0.36587307780489375 18.624249312499995 0.5677083333333333 45.3125 45.3125 15.6875 29.625 1.1905119999973977
368000 1107.375 0.36587307780489375 18.624249312499995 0.5677083333333333 45.3125 45.3125 15.6875 29.625 1.104121499996836
370000 1107.375 0.36587307780489375 18.624249312499995 0.5677083333333333 45.3125 45.3125 15.6875 29.625 1.199580500000593
372000 1107.375 0.36587307780489375 18.624249312499995 0.5677083333333333 45.3125 45.3125 15.6875 29.625 1.1081293999995978
374000 1107.375 0.36587307780489375 18.624249312499995 0.5677083333333333 45.3125 45.3125 15.6875 29.625 1.2915270999983477
376000 1107.375 0.36587307780489375 18.624249312499995 0.5677083333333333 45.3125 45.3125 15.6875 29.625 1.0809850999976334
378000 1107.375 0.36587307780489375 18.624249312499995 0.5677083333333333 45.3125 45.3125 15.6875 29.625 1.112035999998625
380000 1107.375 0.3580373556939297 18.624249312499995 0.5677083333333333 45.3125 45.3125 15.6875 29.625 1.3267326000022877
382000 1107.375 0.3580373556939297 18.624249312499995 0.5677083333333333 45.3125 45.3125 15.6875 29.625 1.1044514999994135
384000 1107.375 0.3580373556939297 18.624249312499995 0.5677083333333333 45.3125 45.3125 15.6875 29.625 1.0962389999986044
386000 1107.375 0.3580373556939297 18.624249312499995 0.5677083333333333 45.3125 45.3125 15.6875 29.625 1.166648800000985
388000 1070.6875 0.3571263881327543 18.707582687499993 0.5677083333333333 45.3125 45.3125 15.6875 29.625 1.2488145000024815
390000 1070.6875 0.3571263881327543 18.707582687499993 0.5677083333333333 45.3125 45.3125 15.6875 29.625 1.3367993000028946
392000 1070.6875 0.3571263881327543 18.707582687499993 0.5677083333333333 45.3125 45.3125 15.6875 29.625 1.2032724999990023
394000 1107.375 0.3580373556939297 18.624249312499995 0.5677083333333333 45.3125 45.3125 15.6875 29.625 1.123103900001297
396000 1107.375 0.3580373556939297 18.624249312499995 0.5677083333333333 45.3125 45.3125 15.6875 29.625 1.0929671000012604
398000 1107.375 0.3580373556939297 18.624249312499995 0.5677083333333333 45.3125 45.3125 15.6875 29.625 1.080423299998074
400000 1107.375 0.3580373556939297 18.624249312499995 0.5677083333333333 45.3125 45.3125 15.6875 29.625 1.215454100001807
402000 1107.375 0.3580373556939297 18.624249312499995 0.5677083333333333 45.3125 45.3125 15.6875 29.625 1.1629658000019845
404000 1070.6875 0.3571263881327543 18.707582687499993 0.5677083333333333 45.3125 45.3125 15.6875 29.625 1.2062913999980083
406000 1107.375 0.3580373556939297 18.624249312499995 0.5677083333333333 45.3125 45.3125 15.6875 29.625 1.140012600000773
408000 1107.375 0.3580373556939297 18.624249312499995 0.5677083333333333 45.3125 45.3125 15.6875 29.625 1.0945965999999316
410000 1107.375 0.3580373556939297 18.624249312499995 0.5677083333333333 45.3125 45.3125 15.6875 29.625 1.1528789000003599
412000 1107.375 0.3580373556939297 18.624249312499995 0.5677083333333333 45.3125 45.3125 15.6875 29.625 1.149250700000266
414000 1107.375 0.3580373556939297 18.624249312499995 0.5677083333333333 45.3125 45.3125 15.6875 29.625 1.1251086000011128
416000 1107.375 0.3580373556939297 18.624249312499995 0.5677083333333333 45.3125 45.3125 15.6875 29.625 1.106415599999309
418000 1107.375 0.3580373556939297 18.624249312499995 0.5677083333333333 45.3125 45.3125 15.6875 29.625 1.1832867000011902
420000 1107.375 0.3580373556939297 18.624249312499995 0.5677083333333333 45.3125 45.3125 15.6875 29.625 1.1112425999999687
422000 1107.375 0.36587307780489375 18.624249312499995 0.5677083333333333 45.3125 45.3125 15.6875 29.625 1.2745800999982748
424000 1107.375 0.3580373556939297 18.624249312499995 0.5677083333333333 45.3125 45.3125 15.6875 29.625 1.2337508000018715
426000 1107.375 0.3580373556939297 18.624249312499995 0.5677083333333333 45.3125 45.3125 15.6875 29.625 1.0970613999998022
428000 1107.375 0.3580373556939297 18.624249312499995 0.5677083333333333 45.3125 45.3125 15.6875 29.625 1.109015999998519
430000 1107.375 0.3580373556939297 18.624249312499995 0.5677083333333333 45.3125 45.3125 15.6875 29.625 1.2750895999997738
432000 1107.375 0.3580373556939297 18.624249312499995 0.5677083333333333 45.3125 45.3125 15.6875 29.625 1.1293788000002678
434000 1107.375 0.3580373556939297 18.624249312499995 0.5677083333333333 45.3125 45.3125 15.6875 29.625 1.1915139999982785
436000 1107.375 0.36587307780489375 18.624249312499995 0.5677083333333333 45.3125 45.3125 15.6875 29.625 1.15343650000068
438000 1107.375 0.36587307780489375 18.624249312499995 0.5677083333333333 45.3125 45.3125 15.6875 29.625 1.121890300000814
440000 1070.6875 0.3571263881327543 18.707582687499993 0.5677083333333333 45.3125 45.3125 15.6875 29.625 1.207325800001854
442000 1107.375 0.3580373556939297 18.624249312499995 0.5677083333333333 45.3125 45.3125 15.6875 29.625 1.155201699999452
444000 1107.375 0.3580373556939297 18.624249312499995 0.5677083333333333 45.3125 45.3125 15.6875 29.625 1.1151663999989978
446000 1107.375 0.36587307780489375 18.624249312499995 0.5677083333333333 45.3125 45.3125 15.6875 29.625 1.2798143999971217
448000 1111.1875 0.3497272725688535 18.6589744375 0.5677083333333333 45.3125 45.3125 15.875 29.4375 1.0555696999981592
450000 1111.1875 0.3497272725688535 18.6589744375 0.5677083333333333 45.3125 45.3125 15.875 29.4375 1.145018600000185
452000 1112.5 0.3508406287329766 18.658974625 0.5677083333333333 45.3125 45.3125 16.0625 29.25 1.13123440000345
454000 1112.5 0.3508406287329766 18.658974625 0.5677083333333333 45.3125 45.3125 16.0625 29.25 1.0793334000009054
456000 1112.5 0.3508406287329766 18.658974625 0.5677083333333333 45.3125 45.3125 16.0625 29.25 1.1339354999981879
458000 1075.3125 0.3496128446504808 18.742307937499998 0.5677083333333333 45.3125 45.3125 16.0 29.3125 1.159270000000106
460000 1088.6875 0.3577705527757089 18.7006413125 0.5677083333333333 45.3125 45.3125 16.0625 29.25 1.1029371000004176
462000 1125.875 0.35899833685820476 18.617308 0.5677083333333333 45.3125 45.3125 16.125 29.1875 1.0818566999987524
464000 1113.0625 0.35291919808427924 18.6589726875 0.5677083333333333 45.3125 45.3125 16.1875 29.125 1.1248565999994753
466000 1076.8125 0.3530353644720285 18.7423060625 0.5677083333333333 45.3125 45.3125 16.1875 29.125 1.2126822999998694
468000 1076.8125 0.3530353644720285 18.7423060625 0.5677083333333333 45.3125 45.3125 16.1875 29.125 1.325476099998923
470000 1076.8125 0.3530353644720285 18.7423060625 0.5677083333333333 45.3125 45.3125 16.1875 29.125 1.085656300001574
472000 1078.5 0.3494840919793525 18.7423081875 0.5677083333333333 45.3125 45.3125 16.25 29.0625 1.1009755999984918
474000 1122.5625 0.3480722420639385 18.638141625000003 0.5677083333333333 45.3125 45.3125 16.4375 28.875 1.1857621000017389
476000 1085.375 0.34684445798144264 18.721474937500002 0.5677083333333333 45.3125 45.3125 16.375 28.9375 1.205010100002255
478000 1085.375 0.34684445798144264 18.721474937500002 0.5677083333333333 45.3125 45.3125 16.375 28.9375 1.1422669000021415
480000 1085.375 0.34684445798144264 18.721474937500002 0.5677083333333333 45.3125 45.3125 16.375 28.9375 1.1153606999978365
482000 1085.375 0.34684445798144264 18.721474937500002 0.5677083333333333 45.3125 45.3125 16.375 28.9375 1.2188962000000174
484000 1085.375 0.34684445798144264 18.721474937500002 0.5677083333333333 45.3125 45.3125 16.375 28.9375 1.0836653000005754
486000 1085.375 0.34684445798144264 18.721474937500002 0.5677083333333333 45.3125 45.3125 16.375 28.9375 1.2367410000006203
488000 1085.375 0.34684445798144264 18.721474937500002 0.5677083333333333 45.3125 45.3125 16.375 28.9375 1.2388575999975728
490000 1085.375 0.34684445798144264 18.721474937500002 0.5677083333333333 45.3125 45.3125 16.375 28.9375 1.1376400999979523
492000 1085.375 0.34684445798144264 18.721474937500002 0.5677083333333333 45.3125 45.3125 16.375 28.9375 0.9261856999983138
494000 1085.375 0.34684445798144264 18.721474937500002 0.5677083333333333 45.3125 45.3125 16.375 28.9375 0.8694148999966274
496000 1122.5625 0.3480722420639385 18.638141625000003 0.5677083333333333 45.3125 45.3125 16.4375 28.875 0.7562281000027724
498000 1085.375 0.34684445798144264 18.721474937500002 0.5677083333333333 45.3125 45.3125 16.375 28.9375 0.7279444999985571
500000 1085.375 0.34684445798144264 18.721474937500002 0.5677083333333333 45.3125 45.3125 16.375 28.9375 0.618011700000352
