2000 3.0961538461538463 0.000345137044110821 35.34018646153846 0.15064102564102566 45.301282057692305 45.30769230769231 1.0961538461538463 44.21153846153846 1.1001514999952633
4000 3.75 0.0007236350398310868 34.85289082692306 0.18269230769230768 45.301282057692305 45.30769230769231 1.1346153846153846 44.17307692307692 1.1172398999988218
6000 2.1153846153846154 0.0002293269979640298 35.55723326923078 0.16506410256410253 45.301282057692305 45.30769230769231 1.8461538461538463 43.46153846153846 1.078612899997097
8000 2.769230769230769 0.0003989159957480528 35.492003576923075 0.15865384615384615 45.301282057692305 45.30769230769231 1.0576923076923077 44.25 1.1545543000029284
10000 2.8846153846153846 0.0007151718494115672 35.27426748076925 0.14743589743589744 45.301282057692305 45.30769230769231 1.0384615384615385 44.26923076923077 1.1942204000006313
12000 2.1153846153846154 0.00046229624605477584 35.46117473076923 0.07532051282051282 45.301282057692305 45.30769230769231 1.25 44.05769230769231 1.2774855999959982
14000 5.076923076923077 -0.017400829492040255 33.369729269230774 0.15384615384615385 45.301282057692305 45.30769230769231 1.0961538461538463 44.21153846153846 1.1424925000028452
16000 1.3846153846153846 -0.03806137436306583 35.731119519230774 0.11538461538461539 45.301282057692305 45.30769230769231 1.1923076923076923 44.11538461538461 1.2619838000027812
18000 1.6153846153846154 -0.03825742432984714 35.01647226923076 0.14903846153846154 45.301282057692305 45.30769230769231 1.2884615384615385 44.01923076923077 1.4738419999994221
20000 1.3461538461538463 0.00012917801287203577 35.94522201923077 0.10576923076923077 45.301282057692305 45.30769230769231 1.3461538461538463 43.96153846153846 1.593263199996727
22000 6.653846153846154 -0.055909985692563106 34.05401157692309 0.1875 45.301282057692305 45.30769230769231 1.3461538461538463 43.96153846153846 1.5619624000028125
24000 3.25 -0.05729690130874362 34.7514711923077 0.14423076923076922 45.301282057692305 45.30769230769231 1.0769230769230769 44.23076923076923 1.6018035000015516
26000 3.519230769230769 -0.05708911130962973 34.82891494230769 0.16506410256410253 45.301282057692305 45.30769230769231 1.0769230769230769 44.23076923076923 1.58810070000618
28000 2.1538461538461537 -0.05739959617205029 35.128189442307686 0.19070512820512822 45.301282057692305 45.30769230769231 1.1923076923076923 44.11538461538461 1.5493223000012222
30000 1.7884615384615385 0.0002940730761653405 36.28454707692308 0.14102564102564102 45.301282057692305 45.30769230769231 1.3076923076923077 44.0 1.7011294000039925
32000 2.826923076923077 0.0005409619724476857 36.35322569230769 0.1201923076923077 45.301282057692305 45.30769230769231 1.2115384615384615 44.09615384615385 2.5419574000043212
34000 1.4615384615384615 0.0001813729912761129 36.48846869230769 0.1201923076923077 45.301282057692305 45.30769230769231 1.3846153846153846 43.92307692307692 2.4528040000004694
36000 2.1923076923076925 0.00042581108137004916 35.91499496153846 0.14102564102564102 45.301282057692305 45.30769230769231 1.6538461538461537 43.65384615384615 2.1651867000036873
38000 3.1346153846153846 0.0006155367769638599 35.645990634615394 0.1201923076923077 45.301282057692305 45.30769230769231 1.0384615384615385 44.26923076923077 2.0341179000024567
40000 2.4615384615384617 0.0004531476856888452 35.40210315384616 0.12820512820512822 45.301282057692305 45.30769230769231 1.0384615384615385 44.26923076923077 2.044853500003228
42000 2.3846153846153846 0.0003335285053126276 34.741342769230776 0.15384615384615385 45.301282057692305 45.30769230769231 1.0384615384615385 44.26923076923077 2.5250917000012123
44000 2.5 0.0003482257842090967 34.905872769230776 0.16666666666666666 45.301282057692305 45.30769230769231 1.0384615384615385 44.26923076923077 3.214750200000708
46000 2.576923076923077 0.000615619195946769 35.406674403846154 0.12980769230769232 45.301282057692305 45.30769230769231 1.0769230769230769 44.23076923076923 3.1618663999979617
48000 2.0 0.0005233137094490109 36.02606528846154 0.08012820512820512 45.301282057692305 45.30769230769231 1.0769230769230769 44.23076923076923 4.252124200000253
50000 2.2884615384615383 0.0006842916684976333 34.92158775 0.14903846153846154 45.301282057692305 45.30769230769231 1.5576923076923077 43.75 3.8018001999953412
52000 4.423076923076923 0.0009410715088454734 34.67892607692308 0.1233974358974359 45.301282057692305 45.30769230769231 1.1153846153846154 44.19230769230769 4.276323300000513
54000 4.730769230769231 0.0006669104340854932 34.290608346153846 0.12660256410256412 45.301282057692305 45.30769230769231 1.3076923076923077 44.0 4.210061099998711
56000 5.980769230769231 0.0014831712155813448 33.38858236538461 0.1746794871794872 45.301282057692305 45.30769230769231 1.75 43.55769230769231 3.92321510000329
58000 3.8076923076923075 0.0006889241358011067 34.40354019230769 0.1650641025641026 45.301282057692305 45.30769230769231 1.7307692307692308 43.57692307692308 3.818096900002274
60000 4.903846153846154 0.0009962860424828088 33.79456598076922 0.18589743589743593 45.301282057692305 45.30769230769231 1.6538461538461537 43.65384615384615 4.275739899996552
62000 5.269230769230769 0.0005604674943586382 33.62148898076923 0.17307692307692307 45.301282057692305 45.30769230769231 1.6538461538461537 43.65384615384615 3.67616110000381
64000 4.5 0.0005700332966315694 33.981532249999994 0.2131410256410256 45.301282057692305 45.30769230769231 1.6538461538461537 43.65384615384615 3.701892199998838
66000 5.730769230769231 0.0010453036337656802 33.41101967307692 0.18269230769230768 45.301282057692305 45.30769230769231 1.6923076923076923 43.61538461538461 3.9155675999936648
68000 4.0 0.0011180024505685524 34.511500673076924 0.14423076923076922 45.301282057692305 45.30769230769231 2.6153846153846154 42.69230769230769 3.606355600000825
70000 3.173076923076923 0.0003889062772108052 35.076404673076915 0.10256410256410257 45.301282057692305 45.30769230769231 2.5384615384615383 42.76923076923077 3.49379559999943
72000 3.0576923076923075 0.0008865357520944246 35.1292890576923 0.15705128205128208 45.301282057692305 45.30769230769231 2.173076923076923 43.13461538461539 3.6858202000003075
74000 4.403846153846154 0.000590799697125912 34.16748332692306 0.14102564102564102 45.301282057692305 45.30769230769231 2.1538461538461537 43.15384615384615 3.719819300000381
76000 3.3461538461538463 0.00033719125691881134 34.542483115384606 0.09935897435897435 45.301282057692305 45.30769230769231 1.6346153846153846 43.67307692307692 3.680341799998132
78000 3.0961538461538463 0.0005405867091996238 34.41320967307692 0.1330128205128205 45.301282057692305 45.30769230769231 1.5769230769230769 43.73076923076923 3.6333700000031968
80000 4.038461538461538 0.000635617868421804 34.15279267307692 0.14583333333333331 45.301282057692305 45.30769230769231 1.9038461538461537 43.40384615384615 3.808177799997793
82000 2.576923076923077 0.0005960601821270738 35.53313576923077 0.11378205128205127 45.301282057692305 45.30769230769231 1.5769230769230769 43.73076923076923 3.7122090000048047
84000 2.923076923076923 0.0007465831950342653 35.55685321153846 0.09134615384615383 45.301282057692305 45.30769230769231 1.5769230769230769 43.73076923076923 4.120276700006798
86000 3.25 -0.03775800007323679 35.606853769230774 0.11378205128205127 45.301282057692305 45.30769230769231 1.5961538461538463 43.71153846153846 3.6328909000003478
88000 4.0576923076923075 0.0012324636935447085 34.490080038461535 0.1939102564102564 45.301282057692305 45.30769230769231 1.5769230769230769 43.73076923076923 3.882850599999074
90000 4.596153846153846 -0.018305906015471576 34.245101519230765 0.1875 45.301282057692305 45.30769230769231 1.9807692307692308 43.32692307692308 3.763624700004584
92000 5.134615384615385 -0.017989141068998814 33.97517607692308 0.19070512820512822 45.301282057692305 45.30769230769231 2.230769230769231 43.07692307692308 3.8617801000000327
94000 8.0 -0.13189816780063562 32.730641730769236 0.21794871794871795 45.301282057692305 45.30769230769231 2.75 42.55769230769231 3.744037099997513
96000 39.25 0.005015286706974035 28.30214878846154 0.34455128205128205 45.301282057692305 45.30769230769231 1.9423076923076923 43.36538461538461 3.611585799997556
98000 55.0 -0.001835461152372087 27.895702749999998 0.34134615384615385 45.301282057692305 45.30769230769231 1.6923076923076923 43.61538461538461 3.7793394999971497
100000 42.03846153846154 0.006771322961557356 28.0369421923077 0.33653846153846156 45.301282057692305 45.30769230769231 2.2884615384615383 43.01923076923077 3.7286653999981354
102000 39.0 0.005322725592439916 27.685107403846157 0.3317307692307692 45.301282057692305 45.30769230769231 2.0961538461538463 43.21153846153846 3.843485299999884
104000 40.53846153846154 0.006549924464865153 26.264113134615393 0.35096153846153844 45.301282057692305 45.30769230769231 2.2115384615384617 43.09615384615385 3.6139086999974097
106000 110.0 0.04175007362435756 24.981565153846155 0.4150641025641025 45.301282057692305 45.30769230769231 8.865384615384615 36.44230769230769 3.72519530000136
108000 110.1923076923077 -0.021110715560848863 23.804570807692308 0.4631410256410256 45.301282057692305 45.30769230769231 8.846153846153847 36.46153846153846 3.9405793999976595
110000 127.32692307692308 0.0222411953775344 23.952362788461542 0.439102564102564 45.301282057692305 45.30769230769231 9.403846153846153 35.90384615384615 3.8632643000019016
112000 197.46153846153845 0.045912384658091075 21.652366923076922 0.49679487179487175 45.301282057692305 45.30769230769231 9.596153846153847 35.71153846153846 3.920293099996343
114000 221.15384615384616 0.0632957069658529 21.03057136538461 0.5368589743589743 45.301282057692305 45.30769230769231 8.846153846153847 36.46153846153846 3.9781156000026385
116000 216.8653846153846 0.03636187641184512 20.29339140384614 0.5721153846153846 45.301282057692305 45.30769230769231 8.711538461538462 36.59615384615385 4.073012699998799
118000 217.25 0.03629289999905389 20.152365692307683 0.5817307692307693 45.301282057692305 45.30769230769231 8.711538461538462 36.59615384615385 3.8551129999978
120000 189.46153846153845 0.03475047118622458 20.966468692307686 0.5560897435897436 45.301282057692305 45.30769230769231 8.711538461538462 36.59615384615385 4.2864807000005385
122000 220.78846153846155 0.012581433516458277 20.011339980769225 0.5897435897435896 45.301282057692305 45.30769230769231 8.711538461538462 36.59615384615385 4.175228899999638
124000 222.5 0.007859935656104638 20.011339980769225 0.594551282051282 45.301282057692305 45.30769230769231 8.711538461538462 36.59615384615385 4.261241100000916
126000 255.55769230769232 0.044028411040030524 20.0626220576923 0.5913461538461537 45.301282057692305 45.30769230769231 8.711538461538462 36.59615384615385 4.138707500002056
128000 279.5192307692308 0.04408174053692316 20.056211788461532 0.6121794871794871 45.301282057692305 45.30769230769231 8.711538461538462 36.59615384615385 4.128284099999291
130000 265.0192307692308 0.03938841378052069 20.54339149999999 0.6025641025641025 45.301282057692305 45.30769230769231 8.711538461538462 36.59615384615385 4.036203499999829
132000 422.53846153846155 0.10280384876347287 19.852152942307683 0.6057692307692307 45.301282057692305 45.30769230769231 8.692307692307692 36.61538461538461 4.256594400001632
134000 490.0192307692308 0.0030700824421550036 19.363686096153835 0.6538461538461539 45.301282057692305 45.30769230769231 8.692307692307692 36.61538461538461 4.1944201000005705
136000 481.61538461538464 -0.1081418207995828 19.42778869230768 0.6474358974358974 45.301282057692305 45.30769230769231 8.692307692307692 36.61538461538461 4.480766199994832
138000 514.7115384615385 -0.09505424332624503 20.628329519230775 0.6025641025641024 45.301282057692305 45.30769230769231 11.5 33.80769230769231 4.2182199000017135
140000 514.7115384615385 -0.09505424332624503 20.628329519230775 0.6025641025641024 45.301282057692305 45.30769230769231 11.5 33.80769230769231 4.234307099999569
142000 514.7115384615385 -0.09505424332624503 20.628329519230775 0.6025641025641024 45.301282057692305 45.30769230769231 11.5 33.80769230769231 4.242982700001448
144000 642.0769230769231 0.20085499570749282 19.90571032692308 0.6073717948717948 45.301282057692305 45.30769230769231 14.134615384615385 31.173076923076923 4.343320799998764
146000 743.3076923076923 0.2493533985798033 19.8818019423077 0.6121794871794871 45.301282057692305 45.30769230769231 14.134615384615385 31.173076923076923 4.487962400002289
148000 748.1346153846154 0.2506844008598287 19.83693015384616 0.6121794871794871 45.301282057692305 45.30769230769231 14.192307692307692 31.115384615384617 4.415952800001833
150000 818.0576923076923 0.29651726314999605 18.213669365384618 0.6378205128205129 45.301282057692305 45.30769230769231 15.153846153846153 30.153846153846153 4.237629299997934
152000 816.6153846153846 0.2936616572656837 18.290592442307695 0.6330128205128206 45.301282057692305 45.30769230769231 15.076923076923077 30.23076923076923 4.581566900000325
154000 817.3076923076923 0.29468341948815036 18.252130903846158 0.6330128205128206 45.301282057692305 45.30769230769231 15.115384615384615 30.192307692307693 4.379312700002629
156000 820.0384615384615 0.31663496645522915 18.037387288461545 0.6810897435897437 45.301282057692305 45.30769230769231 15.307692307692308 30.0 3.0744781000030343
158000 820.0384615384615 0.31663496645522915 18.037387288461545 0.6810897435897437 45.301282057692305 45.30769230769231 15.307692307692308 30.0 4.229309000002104
160000 820.0384615384615 0.31663496645522915 18.037387288461545 0.6810897435897437 45.301282057692305 45.30769230769231 15.307692307692308 30.0 4.08740399999806
162000 820.0384615384615 0.31663496645522915 18.037387288461545 0.6810897435897437 45.301282057692305 45.30769230769231 15.307692307692308 30.0 4.329708400000527
164000 820.0384615384615 0.31663496645522915 18.037387288461545 0.6810897435897437 45.301282057692305 45.30769230769231 15.307692307692308 30.0 4.344656599998416
166000 820.0384615384615 0.31663496645522915 18.037387288461545 0.6810897435897437 45.301282057692305 45.30769230769231 15.307692307692308 30.0 3.8584187000014936
168000 820.0384615384615 0.31663496645522915 18.037387288461545 0.6810897435897437 45.301282057692305 45.30769230769231 15.307692307692308 30.0 4.163000299995474
170000 820.0384615384615 0.31663496645522915 18.037387288461545 0.6810897435897437 45.301282057692305 45.30769230769231 15.307692307692308 30.0 2.894802000002528
172000 820.0384615384615 0.31663496645522915 18.037387288461545 0.6810897435897437 45.301282057692305 45.30769230769231 15.307692307692308 30.0 2.73449729999993
174000 820.0384615384615 0.3079713447261102 18.037387288461545 0.6810897435897437 45.301282057692305 45.30769230769231 15.307692307692308 30.0 2.818856699996104
176000 820.0384615384615 0.3079713447261102 18.037387288461545 0.6810897435897437 45.301282057692305 45.30769230769231 15.307692307692308 30.0 2.7367383999953745
178000 820.0384615384615 0.3079713447261102 18.037387288461545 0.6810897435897437 45.301282057692305 45.30769230769231 15.307692307692308 30.0 4.335237100000086
180000 820.0384615384615 0.3079713447261102 18.037387288461545 0.6810897435897437 45.301282057692305 45.30769230769231 15.307692307692308 30.0 3.359520199999679
182000 820.0384615384615 0.3079713447261102 18.037387288461545 0.6810897435897437 45.301282057692305 45.30769230769231 15.307692307692308 30.0 2.8918611999979476
184000 820.0384615384615 0.3079713447261102 18.037387288461545 0.6810897435897437 45.301282057692305 45.30769230769231 15.307692307692308 30.0 3.175303399999393
186000 820.0384615384615 0.3079713447261102 18.037387288461545 0.6810897435897437 45.301282057692305 45.30769230769231 15.307692307692308 30.0 2.983957399999781
188000 820.0384615384615 0.31663496645522915 18.037387288461545 0.6810897435897437 45.301282057692305 45.30769230769231 15.307692307692308 30.0 2.77179900000192
190000 820.0384615384615 0.31663496645522915 18.037387288461545 0.6810897435897437 45.301282057692305 45.30769230769231 15.307692307692308 30.0 2.634264600004826
192000 816.3076923076923 0.31382152220212256 18.111105211538465 0.6810897435897437 45.301282057692305 45.30769230769231 15.153846153846153 30.153846153846153 2.759596400006558
194000 820.0384615384615 0.31663496645522915 18.037387288461545 0.6810897435897437 45.301282057692305 45.30769230769231 15.307692307692308 30.0 2.696689399999741
196000 820.0384615384615 0.31663496645522915 18.037387288461545 0.6810897435897437 45.301282057692305 45.30769230769231 15.307692307692308 30.0 2.6377137000017683
198000 820.0384615384615 0.31663496645522915 18.037387288461545 0.6810897435897437 45.301282057692305 45.30769230769231 15.307692307692308 30.0 2.644269799995527
200000 820.0384615384615 0.31663496645522915 18.037387288461545 0.6810897435897437 45.301282057692305 45.30769230769231 15.307692307692308 30.0 2.7600404000040726
202000 820.0384615384615 0.31663496645522915 18.037387288461545 0.6810897435897437 45.301282057692305 45.30769230769231 15.307692307692308 30.0 2.769599200000812
204000 820.0384615384615 0.31663496645522915 18.037387288461545 0.6810897435897437 45.301282057692305 45.30769230769231 15.307692307692308 30.0 2.8347697999997763
206000 820.0384615384615 0.31663496645522915 18.037387288461545 0.6810897435897437 45.301282057692305 45.30769230769231 15.307692307692308 30.0 2.738698699999077
208000 820.0384615384615 0.31663496645522915 18.037387288461545 0.6810897435897437 45.301282057692305 45.30769230769231 15.307692307692308 30.0 2.691706899997371
210000 820.0384615384615 0.31663496645522915 18.037387288461545 0.6810897435897437 45.301282057692305 45.30769230769231 15.307692307692308 30.0 2.651921799995762
212000 820.0384615384615 0.31663496645522915 18.037387288461545 0.6810897435897437 45.301282057692305 45.30769230769231 15.307692307692308 30.0 2.608912199997576
214000 820.0384615384615 0.31663496645522915 18.037387288461545 0.6810897435897437 45.301282057692305 45.30769230769231 15.307692307692308 30.0 2.6607921999966493
216000 820.0384615384615 0.31663496645522915 18.037387288461545 0.6810897435897437 45.301282057692305 45.30769230769231 15.307692307692308 30.0 2.660647600001539
218000 820.0384615384615 0.31663496645522915 18.037387288461545 0.6810897435897437 45.301282057692305 45.30769230769231 15.307692307692308 30.0 2.5162410999982967
220000 820.0384615384615 0.31663496645522915 18.037387288461545 0.6810897435897437 45.301282057692305 45.30769230769231 15.307692307692308 30.0 2.549955800001044
222000 820.0384615384615 0.3144748284576873 18.037387288461545 0.6810897435897437 45.301282057692305 45.30769230769231 15.307692307692308 30.0 2.5591889999996056
224000 820.0384615384615 0.31663496645522915 18.037387288461545 0.6810897435897437 45.301282057692305 45.30769230769231 15.307692307692308 30.0 2.624767699999211
226000 820.0384615384615 0.31663496645522915 18.037387288461545 0.6810897435897437 45.301282057692305 45.30769230769231 15.307692307692308 30.0 2.824323799999547
228000 820.0384615384615 0.31418478375550846 18.037387288461545 0.6810897435897437 45.301282057692305 45.30769230769231 15.307692307692308 30.0 2.774217599995609
230000 820.0384615384615 0.30581120672856843 18.037387288461545 0.6810897435897437 45.301282057692305 45.30769230769231 15.307692307692308 30.0 2.7426949000000604
232000 820.0384615384615 0.3079713447261102 18.037387288461545 0.6810897435897437 45.301282057692305 45.30769230769231 15.307692307692308 30.0 2.6238238000005367
234000 820.0384615384615 0.3079713447261102 18.037387288461545 0.6810897435897437 45.301282057692305 45.30769230769231 15.307692307692308 30.0 3.0442526999977417
236000 820.0384615384615 0.3079713447261102 18.037387288461545 0.6810897435897437 45.301282057692305 45.30769230769231 15.307692307692308 30.0 2.7728807000021334
238000 820.0384615384615 0.31663496645522915 18.037387288461545 0.6810897435897437 45.301282057692305 45.30769230769231 15.307692307692308 30.0 2.819948399999703
240000 820.0384615384615 0.31663496645522915 18.037387288461545 0.6810897435897437 45.301282057692305 45.30769230769231 15.307692307692308 30.0 2.6105651000034413
242000 820.0384615384615 0.31663496645522915 18.037387288461545 0.6810897435897437 45.301282057692305 45.30769230769231 15.307692307692308 30.0 2.6922217000028468
244000 820.0384615384615 0.3079713447261102 18.037387288461545 0.6810897435897437 45.301282057692305 45.30769230769231 15.307692307692308 30.0 2.6534362000020337
246000 820.0384615384615 0.312267611982558 18.037387288461545 0.6810897435897437 45.301282057692305 45.30769230769231 15.307692307692308 30.0 2.569951999998011
248000 820.0384615384615 0.31663496645522915 18.037387288461545 0.6810897435897437 45.301282057692305 45.30769230769231 15.307692307692308 30.0 2.7526918000003207
250000 820.0384615384615 0.3079713447261102 18.037387288461545 0.6810897435897437 45.301282057692305 45.30769230769231 15.307692307692308 30.0 2.6569633999970392
252000 820.0384615384615 0.30581120672856843 18.037387288461545 0.6810897435897437 45.301282057692305 45.30769230769231 15.307692307692308 30.0 2.660979700005555
254000 820.0384615384615 0.30360399025343915 18.037387288461545 0.6810897435897437 45.301282057692305 45.30769230769231 15.307692307692308 30.0 2.493344300004537
256000 820.0384615384615 0.30360399025343915 18.037387288461545 0.6810897435897437 45.301282057692305 45.30769230769231 15.307692307692308 30.0 2.802798700002313
258000 823.9615384615385 0.3077856286485925 18.056618038461544 0.6810897435897437 45.301282057692305 45.30769230769231 15.25 30.057692307692307 2.6568119000003207
260000 823.9615384615385 0.3073446025307446 18.024566769230773 0.6810897435897437 45.301282057692305 45.30769230769231 15.307692307692308 30.0 2.528462499998568
262000 823.9615384615385 0.3090172640459036 18.024566769230773 0.6810897435897437 45.301282057692305 45.30769230769231 15.307692307692308 30.0 2.634323600002972
264000 819.5961538461538 0.3030456608841269 18.06943855769231 0.6810897435897437 45.301282057692305 45.30769230769231 15.25 30.057692307692307 2.6574652999988757
266000 820.0384615384615 0.30360399025343915 18.037387288461545 0.6810897435897437 45.301282057692305 45.30769230769231 15.307692307692308 30.0 2.6286285999958636
268000 820.0384615384615 0.30360399025343915 18.037387288461545 0.6810897435897437 45.301282057692305 45.30769230769231 15.307692307692308 30.0 2.528475899998739
270000 820.0384615384615 0.30193132873828016 18.037387288461545 0.6810897435897437 45.301282057692305 45.30769230769231 15.307692307692308 30.0 2.583565799999633
272000 820.0384615384615 0.30176941354880293 18.037387288461545 0.6810897435897437 45.301282057692305 45.30769230769231 15.307692307692308 30.0 2.6531585000047926
274000 820.0384615384615 0.30176941354880293 18.037387288461545 0.6810897435897437 45.301282057692305 45.30769230769231 15.307692307692308 30.0 2.6661750999992364
276000 820.0384615384615 0.30176941354880293 18.037387288461545 0.6810897435897437 45.301282057692305 45.30769230769231 15.307692307692308 30.0 2.57398639999883
278000 820.0384615384615 0.30069993076217955 18.037387288461545 0.6810897435897437 45.301282057692305 45.30769230769231 15.307692307692308 30.0 2.5967368999990867
280000 820.0384615384615 0.30096948265440526 18.037387288461545 0.6810897435897437 45.301282057692305 45.30769230769231 15.307692307692308 30.0 2.7347388999987743
282000 820.0384615384615 0.30113594117320874 18.037387288461545 0.6810897435897437 45.301282057692305 45.30769230769231 15.307692307692308 30.0 2.6891064000010374
284000 820.0384615384615 0.30196106778247894 18.037387288461545 0.6810897435897437 45.301282057692305 45.30769230769231 15.307692307692308 30.0 2.6690243999983068
286000 820.0384615384615 0.3018045516583733 18.037387288461545 0.6810897435897437 45.301282057692305 45.30769230769231 15.307692307692308 30.0 2.583109899998817
288000 820.0384615384615 0.3008663892809831 18.037387288461545 0.6810897435897437 45.301282057692305 45.30769230769231 15.307692307692308 30.0 2.681826500003808
290000 820.0384615384615 0.3008663892809831 18.037387288461545 0.6810897435897437 45.301282057692305 45.30769230769231 15.307692307692308 30.0 2.7580334000012954
292000 820.0384615384615 0.3020666888208855 18.037387288461545 0.6810897435897437 45.301282057692305 45.30769230769231 15.307692307692308 30.0 2.606496899999911
294000 820.0384615384615 0.3017692562699652 18.037387288461545 0.6810897435897437 45.301282057692305 45.30769230769231 15.307692307692308 30.0 2.675515200004156
296000 820.0384615384615 0.30115238980855363 18.037387288461545 0.6810897435897437 45.301282057692305 45.30769230769231 15.307692307692308 30.0 2.671639200001664
298000 820.0384615384615 0.30101817896366745 18.037387288461545 0.6810897435897437 45.301282057692305 45.30769230769231 15.307692307692308 30.0 2.690320800000336
300000 820.0384615384615 0.3006684515120433 18.037387288461545 0.6810897435897437 45.301282057692305 45.30769230769231 15.307692307692308 30.0 2.702389999998559
302000 820.0384615384615 0.30101817896366745 18.037387288461545 0.6810897435897437 45.301282057692305 45.30769230769231 15.307692307692308 30.0 2.647478200000478
304000 820.0384615384615 0.3010394669159412 18.037387288461545 0.6810897435897437 45.301282057692305 45.30769230769231 15.307692307692308 30.0 2.769193500003894
306000 820.0384615384615 0.3010394669159412 18.037387288461545 0.6810897435897437 45.301282057692305 45.30769230769231 15.307692307692308 30.0 2.632924200006528
308000 820.0384615384615 0.3010394669159412 18.037387288461545 0.6810897435897437 45.301282057692305 45.30769230769231 15.307692307692308 30.0 2.791139099994325
310000 820.0384615384615 0.3010394669159412 18.037387288461545 0.6810897435897437 45.301282057692305 45.30769230769231 15.307692307692308 30.0 2.6934410000030766
312000 820.0384615384615 0.30120592543474467 18.037387288461545 0.6810897435897437 45.301282057692305 45.30769230769231 15.307692307692308 30.0 2.8780161000031512
314000 820.0384615384615 0.30120592543474467 18.037387288461545 0.6810897435897437 45.301282057692305 45.30769230769231 15.307692307692308 30.0 2.673758299999463
316000 820.0384615384615 0.3008349100308468 18.037387288461545 0.6810897435897437 45.301282057692305 45.30769230769231 15.307692307692308 30.0 2.6923537999973632
318000 820.0384615384615 0.30120592543474467 18.037387288461545 0.6810897435897437 45.301282057692305 45.30769230769231 15.307692307692308 30.0 2.6030459000030532
320000 820.0384615384615 0.3009437882722325 18.037387288461545 0.6810897435897437 45.301282057692305 45.30769230769231 15.307692307692308 30.0 2.6500701000040863
322000 819.9807692307693 0.30147864216543147 18.06943855769231 0.6810897435897437 45.301282057692305 45.30769230769231 15.25 30.057692307692307 2.732577200004016
324000 820.0384615384615 0.30117306161323554 18.037387288461545 0.6810897435897437 45.301282057692305 45.30769230769231 15.307692307692308 30.0 2.627784199998132
326000 820.0384615384615 0.301867401604591 18.037387288461545 0.6810897435897437 45.301282057692305 45.30769230769231 15.307692307692308 30.0 2.6961396999977296
328000 820.0384615384615 0.30117306161323554 18.037387288461545 0.6810897435897437 45.301282057692305 45.30769230769231 15.307692307692308 30.0 2.7307786000019405
330000 820.0384615384615 0.30117306161323554 18.037387288461545 0.6810897435897437 45.301282057692305 45.30769230769231 15.307692307692308 30.0 2.5521426999985124
332000 820.0384615384615 0.30120592543474467 18.037387288461545 0.6810897435897437 45.301282057692305 45.30769230769231 15.307692307692308 30.0 2.5980234000016935
334000 820.0384615384615 0.30117306161323554 18.037387288461545 0.6810897435897437 45.301282057692305 45.30769230769231 15.307692307692308 30.0 2.763412899999821
336000 820.0384615384615 0.30120592543474467 18.037387288461545 0.6810897435897437 45.301282057692305 45.30769230769231 15.307692307692308 30.0 2.740122600000177
338000 820.0384615384615 0.30120592543474467 18.037387288461545 0.6810897435897437 45.301282057692305 45.30769230769231 15.307692307692308 30.0 2.663007999995898
340000 820.0384615384615 0.3008349100308468 18.037387288461545 0.6810897435897437 45.301282057692305 45.30769230769231 15.307692307692308 30.0 2.7654314000028535
342000 820.0384615384615 0.3008349100308468 18.037387288461545 0.6810897435897437 45.301282057692305 45.30769230769231 15.307692307692308 30.0 2.6670149999990826
344000 820.0384615384615 0.3006684515120433 18.037387288461545 0.6810897435897437 45.301282057692305 45.30769230769231 15.307692307692308 30.0 2.7540900000021793
346000 820.0384615384615 0.3006684515120433 18.037387288461545 0.6810897435897437 45.301282057692305 45.30769230769231 15.307692307692308 30.0 2.561544199998025
348000 820.0384615384615 0.3006684515120433 18.037387288461545 0.6810897435897437 45.301282057692305 45.30769230769231 15.307692307692308 30.0 2.7955156000025454
350000 820.0384615384615 0.3008303667015205 18.037387288461545 0.6810897435897437 45.301282057692305 45.30769230769231 15.307692307692308 30.0 2.5350689999977476
352000 820.0384615384615 0.3008303667015205 18.037387288461545 0.6810897435897437 45.301282057692305 45.30769230769231 15.307692307692308 30.0 2.5934883000008995
354000 820.0384615384615 0.3008303667015205 18.037387288461545 0.6810897435897437 45.301282057692305 45.30769230769231 15.307692307692308 30.0 2.68820119999873
356000 820.0384615384615 0.3008303667015205 18.037387288461545 0.6810897435897437 45.301282057692305 45.30769230769231 15.307692307692308 30.0 2.668233800002781
358000 820.0384615384615 0.3008303667015205 18.037387288461545 0.6810897435897437 45.301282057692305 45.30769230769231 15.307692307692308 30.0 2.566918099997565
360000 820.0384615384615 0.3008303667015205 18.037387288461545 0.6810897435897437 45.301282057692305 45.30769230769231 15.307692307692308 30.0 2.7554632000028505
362000 820.0384615384615 0.3008303667015205 18.037387288461545 0.6810897435897437 45.301282057692305 45.30769230769231 15.307692307692308 30.0 2.743645500006096
364000 820.0384615384615 0.3008303667015205 18.037387288461545 0.6810897435897437 45.301282057692305 45.30769230769231 15.307692307692308 30.0 2.7714449999984936
366000 816.0192307692307 0.2986424447519394 18.112173576923084 0.671474358974359 45.301282057692305 45.30769230769231 15.153846153846153 30.153846153846153 2.8531539000032353
368000 820.0384615384615 0.3008303667015205 18.037387288461545 0.6810897435897437 45.301282057692305 45.30769230769231 15.307692307692308 30.0 2.813775099995837
370000 820.0384615384615 0.3008303667015205 18.037387288461545 0.6810897435897437 45.301282057692305 45.30769230769231 15.307692307692308 30.0 2.71610900000087
372000 820.0384615384615 0.3008303667015205 18.037387288461545 0.6810897435897437 45.301282057692305 45.30769230769231 15.307692307692308 30.0 2.7092345999990357
374000 820.0384615384615 0.3008303667015205 18.037387288461545 0.6810897435897437 45.301282057692305 45.30769230769231 15.307692307692308 30.0 2.835817600003793
376000 820.0384615384615 0.3008303667015205 18.037387288461545 0.6810897435897437 45.301282057692305 45.30769230769231 15.307692307692308 30.0 2.674848499998916
378000 820.0384615384615 0.3008303667015205 18.037387288461545 0.6810897435897437 45.301282057692305 45.30769230769231 15.307692307692308 30.0 2.7526317999945604
380000 820.0384615384615 0.3008303667015205 18.037387288461545 0.6810897435897437 45.301282057692305 45.30769230769231 15.307692307692308 30.0 2.717899999996007
382000 820.0384615384615 0.3008303667015205 18.037387288461545 0.6810897435897437 45.301282057692305 45.30769230769231 15.307692307692308 30.0 2.6092400000052294
384000 820.0384615384615 0.3008303667015205 18.037387288461545 0.6810897435897437 45.301282057692305 45.30769230769231 15.307692307692308 30.0 2.763946799997939
386000 820.0384615384615 0.2815995974707513 18.037387288461545 0.6810897435897437 45.301282057692305 45.30769230769231 15.307692307692308 30.0 2.7774958000009065
388000 820.0384615384615 0.3006684515120433 18.037387288461545 0.6810897435897437 45.301282057692305 45.30769230769231 15.307692307692308 30.0 2.785625299999083
390000 820.0384615384615 0.281437682281274 18.037387288461545 0.6810897435897437 45.301282057692305 45.30769230769231 15.307692307692308 30.0 2.923217100003967
392000 820.0384615384615 0.3006684515120433 18.037387288461545 0.6810897435897437 45.301282057692305 45.30769230769231 15.307692307692308 30.0 2.689633900001354
394000 822.8269230769231 0.30451606567039335 18.024566769230773 0.6810897435897437 45.301282057692305 45.30769230769231 15.307692307692308 30.0 2.7559502000003704
396000 820.0384615384615 0.3008303667015205 18.037387288461545 0.6810897435897437 45.301282057692305 45.30769230769231 15.307692307692308 30.0 2.5847187000035774
398000 820.0384615384615 0.281437682281274 18.037387288461545 0.6810897435897437 45.301282057692305 45.30769230769231 15.307692307692308 30.0 2.765951099994709
400000 820.0384615384615 0.3006684515120433 18.037387288461545 0.6810897435897437 45.301282057692305 45.30769230769231 15.307692307692308 30.0 2.6722498000017367
402000 820.0384615384615 0.3006684515120433 18.037387288461545 0.6810897435897437 45.301282057692305 45.30769230769231 15.307692307692308 30.0 2.5963827000014135
404000 820.0384615384615 0.3006684515120433 18.037387288461545 0.6810897435897437 45.301282057692305 45.30769230769231 15.307692307692308 30.0 2.528611000001547
406000 820.0384615384615 0.29892458042719333 18.037387288461545 0.6810897435897437 45.301282057692305 45.30769230769231 15.307692307692308 30.0 2.6335175999993226
408000 820.0384615384615 0.29835412641180076 18.037387288461545 0.6810897435897437 45.301282057692305 45.30769230769231 15.307692307692308 30.0 2.7047282999992603
410000 820.0384615384615 0.29835412641180076 18.037387288461545 0.6810897435897437 45.301282057692305 45.30769230769231 15.307692307692308 30.0 2.7664302999983192
412000 820.0384615384615 0.29835412641180076 18.037387288461545 0.6810897435897437 45.301282057692305 45.30769230769231 15.307692307692308 30.0 2.789721399996779
414000 820.0384615384615 0.29835412641180076 18.037387288461545 0.6810897435897437 45.301282057692305 45.30769230769231 15.307692307692308 30.0 2.6573751000032644
416000 820.0384615384615 0.29835412641180076 18.037387288461545 0.6810897435897437 45.301282057692305 45.30769230769231 15.307692307692308 30.0 3.001158300001407
418000 820.0384615384615 0.2980919892492886 18.037387288461545 0.6810897435897437 45.301282057692305 45.30769230769231 15.307692307692308 30.0 2.7647555000003194
420000 820.0384615384615 0.29825844776809207 18.037387288461545 0.6810897435897437 45.301282057692305 45.30769230769231 15.307692307692308 30.0 2.676720600000408
422000 820.0384615384615 0.29825844776809207 18.037387288461545 0.6810897435897437 45.301282057692305 45.30769230769231 15.307692307692308 30.0 2.8286225000047125
424000 820.0384615384615 0.29825844776809207 18.037387288461545 0.6810897435897437 45.301282057692305 45.30769230769231 15.307692307692308 30.0 2.728638900000078
426000 820.0384615384615 0.29835412641180076 18.037387288461545 0.6810897435897437 45.301282057692305 45.30769230769231 15.307692307692308 30.0 2.7338746000023093
428000 820.0384615384615 0.29835412641180076 18.037387288461545 0.6810897435897437 45.301282057692305 45.30769230769231 15.307692307692308 30.0 2.7098608999949647
430000 820.0384615384615 0.2980919892492886 18.037387288461545 0.6810897435897437 45.301282057692305 45.30769230769231 15.307692307692308 30.0 2.6679933999985224
432000 820.0384615384615 0.29835412641180076 18.037387288461545 0.6810897435897437 45.301282057692305 45.30769230769231 15.307692307692308 30.0 2.7289598000061233
434000 820.0384615384615 0.29835412641180076 18.037387288461545 0.6810897435897437 45.301282057692305 45.30769230769231 15.307692307692308 30.0 2.736744900001213
436000 820.0384615384615 0.29835412641180076 18.037387288461545 0.6810897435897437 45.301282057692305 45.30769230769231 15.307692307692308 30.0 2.784876899997471
438000 820.0384615384615 0.2980919892492886 18.037387288461545 0.6810897435897437 45.301282057692305 45.30769230769231 15.307692307692308 30.0 2.6257102000017767
440000 820.0384615384615 0.2980919892492886 18.037387288461545 0.6810897435897437 45.301282057692305 45.30769230769231 15.307692307692308 30.0 2.6999507999935304
442000 820.0384615384615 0.2980919892492886 18.037387288461545 0.6810897435897437 45.301282057692305 45.30769230769231 15.307692307692308 30.0 2.7213932999948156
444000 820.0384615384615 0.2980919892492886 18.037387288461545 0.6810897435897437 45.301282057692305 45.30769230769231 15.307692307692308 30.0 2.604827100003604
446000 820.0384615384615 0.2980919892492886 18.037387288461545 0.6810897435897437 45.301282057692305 45.30769230769231 15.307692307692308 30.0 2.7358278000028804
448000 820.0384615384615 0.2980919892492886 18.037387288461545 0.6810897435897437 45.301282057692305 45.30769230769231 15.307692307692308 30.0 2.8035232000038377
450000 820.0384615384615 0.2980919892492886 18.037387288461545 0.6810897435897437 45.301282057692305 45.30769230769231 15.307692307692308 30.0 2.613683299998229
452000 820.0384615384615 0.29825844776809207 18.037387288461545 0.6810897435897437 45.301282057692305 45.30769230769231 15.307692307692308 30.0 2.7414506999994046
454000 820.0384615384615 0.29825844776809207 18.037387288461545 0.6810897435897437 45.301282057692305 45.30769230769231 15.307692307692308 30.0 2.661168500002532
456000 820.0384615384615 0.29825844776809207 18.037387288461545 0.6810897435897437 45.301282057692305 45.30769230769231 15.307692307692308 30.0 2.631467600003816
458000 820.0384615384615 0.29825844776809207 18.037387288461545 0.6810897435897437 45.301282057692305 45.30769230769231 15.307692307692308 30.0 2.6610033999968437
460000 820.0384615384615 0.29835412641180076 18.037387288461545 0.6810897435897437 45.301282057692305 45.30769230769231 15.307692307692308 30.0 2.6475618000040413
462000 820.0384615384615 0.29835412641180076 18.037387288461545 0.6810897435897437 45.301282057692305 45.30769230769231 15.307692307692308 30.0 2.5892686000006506
464000 820.0384615384615 0.29835412641180076 18.037387288461545 0.6810897435897437 45.301282057692305 45.30769230769231 15.307692307692308 30.0 2.4793134999999893
466000 820.0384615384615 0.29872946405004097 18.037387288461545 0.6810897435897437 45.301282057692305 45.30769230769231 15.307692307692308 30.0 2.5494293000010657
468000 820.0384615384615 0.29835412641180076 18.037387288461545 0.6810897435897437 45.301282057692305 45.30769230769231 15.307692307692308 30.0 2.620035600004485
470000 820.0384615384615 0.29835412641180076 18.037387288461545 0.6810897435897437 45.301282057692305 45.30769230769231 15.307692307692308 30.0 2.7078241999988677
472000 820.0384615384615 0.29835412641180076 18.037387288461545 0.6810897435897437 45.301282057692305 45.30769230769231 15.307692307692308 30.0 2.4936186999984784
474000 820.0384615384615 0.29835412641180076 18.037387288461545 0.6810897435897437 45.301282057692305 45.30769230769231 15.307692307692308 30.0 2.499978400002874
476000 820.0384615384615 0.29851604160127804 18.037387288461545 0.6810897435897437 45.301282057692305 45.30769230769231 15.307692307692308 30.0 2.4331816999983857
478000 820.0384615384615 0.29889137923951814 18.037387288461545 0.6810897435897437 45.301282057692305 45.30769230769231 15.307692307692308 30.0 2.480117099999916
480000 820.0384615384615 0.29889137923951814 18.037387288461545 0.6810897435897437 45.301282057692305 45.30769230769231 15.307692307692308 30.0 2.401905799997621
482000 820.0384615384615 0.29889137923951814 18.037387288461545 0.6810897435897437 45.301282057692305 45.30769230769231 15.307692307692308 30.0 2.352258699997037
484000 820.0384615384615 0.29889137923951814 18.037387288461545 0.6810897435897437 45.301282057692305 45.30769230769231 15.307692307692308 30.0 2.4063348999989103
486000 820.0384615384615 0.29889137923951814 18.037387288461545 0.6810897435897437 45.301282057692305 45.30769230769231 15.307692307692308 30.0 2.4320776000022306
488000 820.0384615384615 0.29889137923951814 18.037387288461545 0.6810897435897437 45.301282057692305 45.30769230769231 15.307692307692308 30.0 2.439076800001203
490000 820.0384615384615 0.29889137923951814 18.037387288461545 0.6810897435897437 45.301282057692305 45.30769230769231 15.307692307692308 30.0 2.109764399996493
492000 820.0384615384615 0.29889137923951814 18.037387288461545 0.6810897435897437 45.301282057692305 45.30769230769231 15.307692307692308 30.0 2.133418299999903
494000 820.0384615384615 0.29889137923951814 18.037387288461545 0.6810897435897437 45.301282057692305 45.30769230769231 15.307692307692308 30.0 2.1266586000056122
496000 820.0384615384615 0.29889137923951814 18.037387288461545 0.6810897435897437 45.301282057692305 45.30769230769231 15.307692307692308 30.0 2.17378699999972
498000 820.0384615384615 0.29889137923951814 18.037387288461545 0.6810897435897437 45.301282057692305 45.30769230769231 15.307692307692308 30.0 2.19545819999621
500000 820.0384615384615 0.29889137923951814 18.037387288461545 0.6810897435897437 45.301282057692305 45.30769230769231 15.307692307692308 30.0 2.1975550999995903
