2000 1.1153846153846154 0.00021805546190268034 37.039008 0.11538461538461539 45.301282057692305 45.30769230769231 1.6538461538461537 43.65384615384615 3.5998180999995384
4000 2.1346153846153846 -0.037676099727243006 36.29490467307693 0.10416666666666667 45.301282057692305 45.30769230769231 2.269230769230769 43.03846153846154 3.5216001000007964
6000 1.5384615384615385 -0.1534009047942455 36.2120704423077 0.1346153846153846 45.301282057692305 45.30769230769231 1.8076923076923077 43.5 3.259929400001056
8000 4.0576923076923075 -0.171312262513066 35.72521988461539 0.18910256410256412 45.301282057692305 45.30769230769231 1.8076923076923077 43.5 3.427862800001094
10000 4.865384615384615 -0.13330971784119044 34.929615211538476 0.233974358974359 45.301282057692305 45.30769230769231 1.9230769230769231 43.38461538461539 3.216939800000546
12000 4.903846153846154 0.0009298778474707398 34.11635373076923 0.2884615384615385 45.301282057692305 45.30769230769231 2.0 43.30769230769231 3.6721379999999044
14000 3.7884615384615383 0.0006664377426134956 34.41855253846153 0.23237179487179488 45.301282057692305 45.30769230769231 2.0 43.30769230769231 3.6773231999995915
16000 3.4038461538461537 0.0002514506023186314 34.962234461538465 0.2275641025641025 45.301282057692305 45.30769230769231 1.6538461538461537 43.65384615384615 3.8889361000001372
18000 0.7307692307692307 9.797325288887381e-05 36.2894093653846 0.17628205128205127 45.301282057692305 45.30769230769231 1.6538461538461537 43.65384615384615 3.4695231999994576
20000 1.3653846153846154 0.0003025319184030914 35.59788163461539 0.19230769230769232 45.301282057692305 45.30769230769231 1.6538461538461537 43.65384615384615 3.5957672000004095
22000 1.7692307692307692 0.00021900263318523668 34.84137342307692 0.20512820512820512 45.301282057692305 45.30769230769231 1.6538461538461537 43.65384615384615 3.655900300000212
24000 1.3653846153846154 0.00029873060805154903 35.59290636538462 0.18589743589743588 45.301282057692305 45.30769230769231 1.6538461538461537 43.65384615384615 3.5382798999999068
26000 14.538461538461538 0.00286457279105335 28.646136076923078 0.41826923076923084 45.301282057692305 45.30769230769231 2.75 42.55769230769231 3.630695800000467
28000 11.211538461538462 0.0020792833917918584 31.435890576923075 0.37179487179487186 45.301282057692305 45.30769230769231 1.6923076923076923 43.61538461538461 3.560591600000407
30000 29.903846153846153 0.0024485841158826275 26.74423430769231 0.49999999999999994 45.301282057692305 45.30769230769231 1.6730769230769231 43.63461538461539 3.593464399998993
32000 4.288461538461538 0.0013430335139308425 33.720869826923085 0.32211538461538464 45.301282057692305 45.30769230769231 1.6538461538461537 43.65384615384615 3.582667599999695
34000 12.23076923076923 0.0015052721203457113 32.19256557692308 0.36538461538461536 45.301282057692305 45.30769230769231 1.6538461538461537 43.65384615384615 3.772051800000554
36000 9.76923076923077 0.0014143440630847198 32.44788555769231 0.34615384615384615 45.301282057692305 45.30769230769231 1.6538461538461537 43.65384615384615 3.6942355999999563
38000 8.692307692307692 0.0006765838933958994 31.788514346153843 0.38141025641025644 45.301282057692305 45.30769230769231 1.8846153846153846 43.42307692307692 3.501509600000645
40000 23.51923076923077 0.005952859749215633 28.67113590384615 0.45673076923076916 45.301282057692305 45.30769230769231 4.153846153846154 41.15384615384615 3.7415476999995008
42000 12.461538461538462 0.0018178481731926598 29.28757051923077 0.41185897435897434 45.301282057692305 45.30769230769231 1.6730769230769231 43.63461538461539 3.79525349999858
44000 10.0 0.00022395032829731741 32.06334586538461 0.36858974358974356 45.301282057692305 45.30769230769231 1.6538461538461537 43.65384615384615 3.7431939999987662
46000 34.25 0.008229709438163483 26.24907788461538 0.5224358974358974 45.301282057692305 45.30769230769231 1.6730769230769231 43.63461538461539 3.744180800000322
48000 23.384615384615383 0.0024041007893740706 27.02678246153846 0.42788461538461536 45.301282057692305 45.30769230769231 1.6730769230769231 43.63461538461539 3.676004199998715
50000 24.096153846153847 0.0030334165376359095 26.980307576923078 0.4230769230769231 45.301282057692305 45.30769230769231 2.173076923076923 43.13461538461539 3.7363260999991326
52000 46.53846153846154 0.007872108879688578 26.535923480769235 0.4439102564102564 45.301282057692305 45.30769230769231 4.1923076923076925 41.11538461538461 3.667991600001187
54000 56.01923076923077 0.006874881126965331 25.52771801923077 0.4807692307692307 45.301282057692305 45.30769230769231 4.903846153846154 40.40384615384615 3.582146400000056
56000 56.07692307692308 0.006946519728763283 25.521307769230773 0.485576923076923 45.301282057692305 45.30769230769231 4.903846153846154 40.40384615384615 3.620610799998758
58000 47.59615384615385 0.013619399754735638 25.924039038461533 0.46153846153846145 45.301282057692305 45.30769230769231 4.653846153846154 40.65384615384615 3.8012053000002197
60000 49.84615384615385 0.014731633126112977 26.483190307692304 0.47596153846153855 45.301282057692305 45.30769230769231 5.326923076923077 39.98076923076923 3.8096841999995377
62000 48.09615384615385 0.00990483826312358 26.092505057692318 0.530448717948718 45.301282057692305 45.30769230769231 5.3076923076923075 40.0 3.483149499999854
64000 54.78846153846154 0.00838077111631769 25.637430211538458 0.5144230769230769 45.301282057692305 45.30769230769231 5.365384615384615 39.94230769230769 4.48480600000039
66000 47.48076923076923 0.00661711496257108 26.103969423076926 0.4887820512820513 45.301282057692305 45.30769230769231 4.5 40.80769230769231 3.5985958999990544
68000 30.807692307692307 0.004615043913133064 27.466991076923073 0.40544871794871795 45.301282057692305 45.30769230769231 2.8076923076923075 42.5 3.6168211000003794
70000 42.11538461538461 0.014430883908378806 27.46057853846154 0.4471153846153845 45.301282057692305 45.30769230769231 4.173076923076923 41.13461538461539 4.011883900000612
72000 27.5 0.00793406240485067 29.080186423076935 0.43108974358974356 45.301282057692305 45.30769230769231 3.519230769230769 41.78846153846154 3.9276187000014033
74000 20.903846153846153 0.006934952999500603 31.47938119230769 0.36698717948717946 45.301282057692305 45.30769230769231 3.3461538461538463 41.96153846153846 3.8250396999992518
76000 30.596153846153847 0.012094620625463858 29.096995365384622 0.41346153846153844 45.301282057692305 45.30769230769231 4.153846153846154 41.15384615384615 3.7659144999997807
78000 34.42307692307692 0.008867704718811644 27.219040884615392 0.4807692307692307 45.301282057692305 45.30769230769231 4.5 40.80769230769231 3.800736799999868
80000 69.59615384615384 0.02192197113449921 25.642307249999995 0.5064102564102564 45.301282057692305 45.30769230769231 4.5 40.80769230769231 3.6435990999998467
82000 51.13461538461539 0.0161482933845545 26.760070807692305 0.4599358974358974 45.301282057692305 45.30769230769231 5.461538461538462 39.84615384615385 3.7426737999994657
84000 61.57692307692308 0.009956348378852568 26.000535942307696 0.5096153846153846 45.301282057692305 45.30769230769231 5.480769230769231 39.82692307692308 3.7777093000004243
86000 75.07692307692308 -0.6380555017475922 25.703187826923077 0.5320512820512819 45.301282057692305 45.30769230769231 4.403846153846154 40.90384615384615 3.8386724000010872
88000 55.5 -0.007737302162530719 26.35433611538461 0.4807692307692307 45.301282057692305 45.30769230769231 3.0576923076923075 42.25 3.6352630000001227
90000 57.55769230769231 -0.7472349744512958 25.931151557692317 0.5272435897435896 45.301282057692305 45.30769230769231 3.5384615384615383 41.76923076923077 3.5225368999999773
92000 56.86538461538461 -0.6491812606082864 26.216652884615378 0.5032051282051281 45.301282057692305 45.30769230769231 2.673076923076923 42.63461538461539 3.251903399999719
94000 80.13461538461539 -0.39155318242990467 24.613557288461536 0.5400641025641024 45.301282057692305 45.30769230769231 2.1346153846153846 43.17307692307692 3.5011850999999297
96000 100.73076923076923 -0.896348846466005 24.473783615384612 0.5608974358974358 45.301282057692305 45.30769230769231 2.5576923076923075 42.75 3.17912140000044
98000 59.48076923076923 -0.9806355154204014 26.08573859615384 0.48237179487179477 45.301282057692305 45.30769230769231 2.5961538461538463 42.71153846153846 2.943608999999924
100000 268.4230769230769 0.08351905778387285 21.634863596153846 0.5624999999999999 45.301282057692305 45.30769230769231 12.923076923076923 32.38461538461539 3.78766639999958
102000 363.53846153846155 0.11474550740855476 20.917318923076923 0.6201923076923077 45.301282057692305 45.30769230769231 12.076923076923077 33.23076923076923 4.21940419999919
104000 357.21153846153845 0.13374775729129512 21.0114915 0.6057692307692307 45.301282057692305 45.30769230769231 12.923076923076923 32.38461538461539 3.7293458999993163
106000 360.6923076923077 0.13547358924678818 20.90892605769231 0.6105769230769231 45.301282057692305 45.30769230769231 12.923076923076923 32.38461538461539 3.531186099999104
108000 360.6923076923077 0.13547358924678818 20.90892605769231 0.6105769230769231 45.301282057692305 45.30769230769231 12.923076923076923 32.38461538461539 3.8633762999998
110000 360.6923076923077 0.13547358924678818 20.90892605769231 0.6105769230769231 45.301282057692305 45.30769230769231 12.923076923076923 32.38461538461539 3.6023115000007238
112000 360.6923076923077 0.13547358924678818 20.90892605769231 0.6105769230769231 45.301282057692305 45.30769230769231 12.923076923076923 32.38461538461539 4.029875000000175
114000 381.2307692307692 0.14071871802040184 20.353713307692303 0.641025641025641 45.301282057692305 45.30769230769231 9.692307692307692 35.61538461538461 3.84939359999953
116000 387.6730769230769 0.12621411344086447 20.239240961538453 0.6538461538461539 45.301282057692305 45.30769230769231 9.307692307692308 36.0 3.9032674999998562
118000 389.84615384615387 0.12611285603239458 20.155908192307688 0.6330128205128206 45.301282057692305 45.30769230769231 9.23076923076923 36.07692307692308 3.775036099999852
120000 389.84615384615387 0.1107410825164926 20.155908192307688 0.6330128205128206 45.301282057692305 45.30769230769231 9.23076923076923 36.07692307692308 3.6961798000011186
122000 412.75 0.11441472976654105 20.12787044230769 0.6330128205128206 45.301282057692305 45.30769230769231 9.442307692307692 35.86538461538461 3.6216107999989617
124000 430.40384615384613 0.08384078276826168 20.15992113461538 0.6490384615384616 45.301282057692305 45.30769230769231 9.51923076923077 35.78846153846154 3.5689733999988675
126000 659.6730769230769 0.22114140690785658 19.993824942307693 0.6426282051282052 45.301282057692305 45.30769230769231 12.903846153846153 32.40384615384615 3.750444899998911
128000 760.2884615384615 0.2442245917736764 19.814516653846162 0.6330128205128206 45.301282057692305 45.30769230769231 13.826923076923077 31.48076923076923 3.565808899998956
130000 775.5384615384615 0.24793119148093987 19.769644807692313 0.6378205128205129 45.301282057692305 45.30769230769231 13.76923076923077 31.53846153846154 4.11011789999975
132000 784.2692307692307 0.25159502199404915 19.782465326923084 0.6426282051282052 45.301282057692305 45.30769230769231 13.76923076923077 31.53846153846154 3.8384604999992007
134000 784.5192307692307 0.25156082541168934 19.782465326923084 0.6426282051282052 45.301282057692305 45.30769230769231 13.76923076923077 31.53846153846154 3.6532322999992175
136000 797.3846153846154 0.2535327935594802 19.797332000000004 0.6586538461538461 45.301282057692305 45.30769230769231 13.76923076923077 31.53846153846154 4.04392579999876
138000 797.3846153846154 0.2535327935594802 19.797332000000004 0.6586538461538461 45.301282057692305 45.30769230769231 13.76923076923077 31.53846153846154 4.152601100000538
140000 797.3846153846154 0.2535327935594802 19.797332000000004 0.6586538461538461 45.301282057692305 45.30769230769231 13.76923076923077 31.53846153846154 3.812753199999861
142000 797.3846153846154 0.2535327935594802 19.797332000000004 0.6586538461538461 45.301282057692305 45.30769230769231 13.76923076923077 31.53846153846154 3.547962999999072
144000 801.3269230769231 0.2585439049930131 19.765280769230774 0.6586538461538461 45.301282057692305 45.30769230769231 13.76923076923077 31.53846153846154 3.5380091999995784
146000 801.3269230769231 0.2585439049930131 19.765280769230774 0.6586538461538461 45.301282057692305 45.30769230769231 13.76923076923077 31.53846153846154 3.6646127000003617
148000 801.3269230769231 0.2585439049930131 19.765280769230774 0.6586538461538461 45.301282057692305 45.30769230769231 13.76923076923077 31.53846153846154 3.5689032999998744
150000 801.3269230769231 0.2585439049930131 19.765280769230774 0.6586538461538461 45.301282057692305 45.30769230769231 13.76923076923077 31.53846153846154 3.6664913999993587
152000 797.3846153846154 0.2535327935594802 19.797332000000004 0.6586538461538461 45.301282057692305 45.30769230769231 13.76923076923077 31.53846153846154 4.2182675000003655
154000 793.0576923076923 0.24803263006539786 19.797332019230776 0.6490384615384616 45.301282057692305 45.30769230769231 13.76923076923077 31.53846153846154 3.914999299999181
156000 793.0576923076923 0.24803263006539786 19.797332019230776 0.6490384615384616 45.301282057692305 45.30769230769231 13.76923076923077 31.53846153846154 3.6877029000024777
158000 793.0576923076923 0.24803263006539786 19.797332019230776 0.6490384615384616 45.301282057692305 45.30769230769231 13.76923076923077 31.53846153846154 3.9723383000018657
160000 792.6730769230769 0.22831291963247688 19.810152519230773 0.6490384615384616 45.301282057692305 45.30769230769231 13.76923076923077 31.53846153846154 3.570693999998184
162000 792.6730769230769 0.22831291963247688 19.810152519230773 0.6490384615384616 45.301282057692305 45.30769230769231 13.76923076923077 31.53846153846154 3.613960300001054
164000 793.6346153846154 0.24876582701643293 19.803742269230774 0.6490384615384616 45.301282057692305 45.30769230769231 13.76923076923077 31.53846153846154 3.847864000003028
166000 793.6346153846154 0.24876582701643293 19.803742269230774 0.6490384615384616 45.301282057692305 45.30769230769231 13.76923076923077 31.53846153846154 3.925259499999811
168000 793.6346153846154 0.24876582701643293 19.803742269230774 0.6490384615384616 45.301282057692305 45.30769230769231 13.76923076923077 31.53846153846154 3.5797438000008697
170000 793.6346153846154 0.24876582701643293 19.803742269230774 0.6490384615384616 45.301282057692305 45.30769230769231 13.76923076923077 31.53846153846154 3.744114699999045
172000 793.7307692307693 0.24888802837655205 19.797332019230776 0.6490384615384616 45.301282057692305 45.30769230769231 13.76923076923077 31.53846153846154 3.7270817999997234
174000 793.7307692307693 0.24888802837655205 19.797332019230776 0.6490384615384616 45.301282057692305 45.30769230769231 13.76923076923077 31.53846153846154 3.6599988999987545
176000 793.7307692307693 0.24888802837655205 19.797332019230776 0.6490384615384616 45.301282057692305 45.30769230769231 13.76923076923077 31.53846153846154 3.922160599999188
178000 793.7307692307693 0.24888802837655205 19.797332019230776 0.6490384615384616 45.301282057692305 45.30769230769231 13.76923076923077 31.53846153846154 3.567542799999501
180000 793.3846153846154 0.24844812899250965 19.803742269230774 0.6490384615384616 45.301282057692305 45.30769230769231 13.788461538461538 31.51923076923077 3.7443502000023727
182000 793.3846153846154 0.24844812899250965 19.803742269230774 0.6490384615384616 45.301282057692305 45.30769230769231 13.788461538461538 31.51923076923077 4.250981399996817
184000 793.3846153846154 0.24844812899250965 19.803742269230774 0.6490384615384616 45.301282057692305 45.30769230769231 13.788461538461538 31.51923076923077 3.732886400001007
186000 792.75 0.24764145468431725 19.803742269230774 0.6490384615384616 45.301282057692305 45.30769230769231 13.76923076923077 31.53846153846154 3.86504480000076
188000 792.75 0.24764145468431725 19.803742269230774 0.6490384615384616 45.301282057692305 45.30769230769231 13.76923076923077 31.53846153846154 3.6737947999972675
190000 792.75 0.24764145468431725 19.803742269230774 0.6490384615384616 45.301282057692305 45.30769230769231 13.76923076923077 31.53846153846154 4.083008800000243
192000 797.6538461538462 0.2538751819355121 19.784511480769236 0.6490384615384616 45.301282057692305 45.30769230769231 13.76923076923077 31.53846153846154 3.9834209000000556
194000 786.6538461538462 0.24158873968116257 19.70758836538462 0.6666666666666667 45.301282057692305 45.30769230769231 13.76923076923077 31.53846153846154 3.8831867999979295
196000 797.6538461538462 0.2538751819355121 19.784511480769236 0.6490384615384616 45.301282057692305 45.30769230769231 13.76923076923077 31.53846153846154 3.9185992999991868
198000 797.6538461538462 0.2538751819355121 19.784511480769236 0.6490384615384616 45.301282057692305 45.30769230769231 13.76923076923077 31.53846153846154 3.6938061000000744
200000 797.6538461538462 0.2538751819355121 19.784511480769236 0.6490384615384616 45.301282057692305 45.30769230769231 13.76923076923077 31.53846153846154 3.894436999999016
202000 797.6538461538462 0.2538751819355121 19.784511480769236 0.6490384615384616 45.301282057692305 45.30769230769231 13.76923076923077 31.53846153846154 4.1160885999997845
204000 797.6538461538462 0.2538751819355121 19.784511480769236 0.6490384615384616 45.301282057692305 45.30769230769231 13.76923076923077 31.53846153846154 3.7622480999998515
206000 797.3846153846154 0.2535327935594802 19.797332000000004 0.6586538461538461 45.301282057692305 45.30769230769231 13.76923076923077 31.53846153846154 3.9725613000009616
208000 797.6538461538462 0.2538751819355121 19.784511480769236 0.6490384615384616 45.301282057692305 45.30769230769231 13.76923076923077 31.53846153846154 3.8377338999998756
210000 797.6538461538462 0.2538751819355121 19.784511480769236 0.6490384615384616 45.301282057692305 45.30769230769231 13.76923076923077 31.53846153846154 3.9367814999968687
212000 794.1923076923077 0.24947497703157304 19.790921750000003 0.6490384615384616 45.301282057692305 45.30769230769231 13.788461538461538 31.51923076923077 4.233452600001328
214000 794.1923076923077 0.24947497703157304 19.790921750000003 0.6490384615384616 45.301282057692305 45.30769230769231 13.788461538461538 31.51923076923077 3.792141100002482
216000 794.1923076923077 0.24947497703157304 19.790921750000003 0.6490384615384616 45.301282057692305 45.30769230769231 13.788461538461538 31.51923076923077 3.703253900002892
218000 793.0 0.2479592997833747 19.803742269230774 0.6490384615384616 45.301282057692305 45.30769230769231 13.76923076923077 31.53846153846154 3.9824627000016335
220000 793.0 0.2479592997833747 19.803742269230774 0.6490384615384616 45.301282057692305 45.30769230769231 13.76923076923077 31.53846153846154 3.832757700001821
222000 793.0 0.2479592997833747 19.803742269230774 0.6490384615384616 45.301282057692305 45.30769230769231 13.76923076923077 31.53846153846154 3.6594551999987743
224000 793.0 0.2479592997833747 19.803742269230774 0.6490384615384616 45.301282057692305 45.30769230769231 13.76923076923077 31.53846153846154 4.088156300000264
226000 793.0 0.25474852730973646 19.803742269230774 0.6490384615384616 45.301282057692305 45.30769230769231 13.76923076923077 31.53846153846154 3.8841423000012583
228000 794.1923076923077 0.2581932247819603 19.790921750000003 0.6490384615384616 45.301282057692305 45.30769230769231 13.788461538461538 31.51923076923077 3.9486025999976846
230000 794.1923076923077 0.2583131197612254 19.790921750000003 0.6490384615384616 45.301282057692305 45.30769230769231 13.788461538461538 31.51923076923077 3.656897000000754
232000 793.0 0.25074569789855866 19.803742269230774 0.6490384615384616 45.301282057692305 45.30769230769231 13.76923076923077 31.53846153846154 3.54146480000054
234000 793.0 0.25679744251302705 19.803742269230774 0.6490384615384616 45.301282057692305 45.30769230769231 13.76923076923077 31.53846153846154 3.690051699999458
236000 793.0 0.25667754753376204 19.803742269230774 0.6490384615384616 45.301282057692305 45.30769230769231 13.76923076923077 31.53846153846154 3.6499580000017886
238000 795.2115384615385 0.2594885748918478 19.803742269230774 0.6490384615384616 45.301282057692305 45.30769230769231 13.76923076923077 31.53846153846154 3.7659352000009676
240000 795.2115384615385 0.26006697434134846 19.803742269230774 0.6490384615384616 45.301282057692305 45.30769230769231 13.76923076923077 31.53846153846154 3.616319400000066
242000 793.0 0.25474852730973646 19.803742269230774 0.6490384615384616 45.301282057692305 45.30769230769231 13.76923076923077 31.53846153846154 3.954358700000739
244000 793.4230769230769 0.2543129108508362 19.797332000000004 0.6490384615384616 45.301282057692305 45.30769230769231 13.76923076923077 31.53846153846154 3.591358300000138
246000 793.4230769230769 0.257335226146921 19.797332000000004 0.6490384615384616 45.301282057692305 45.30769230769231 13.76923076923077 31.53846153846154 3.938895399998728
248000 793.4230769230769 0.257215331167656 19.797332000000004 0.6490384615384616 45.301282057692305 45.30769230769231 13.76923076923077 31.53846153846154 3.5635326000010537
250000 793.4230769230769 0.257215331167656 19.797332000000004 0.6490384615384616 45.301282057692305 45.30769230769231 13.76923076923077 31.53846153846154 3.5410641000016767
252000 793.4230769230769 0.257335226146921 19.797332000000004 0.6490384615384616 45.301282057692305 45.30769230769231 13.76923076923077 31.53846153846154 3.887942199999088
254000 793.4230769230769 0.25128348153245267 19.797332000000004 0.6490384615384616 45.301282057692305 45.30769230769231 13.76923076923077 31.53846153846154 3.6929304000004777
256000 797.3846153846154 0.2563191916746642 19.797332000000004 0.6586538461538461 45.301282057692305 45.30769230769231 13.76923076923077 31.53846153846154 4.279107499998645
258000 797.3846153846154 0.260322021085842 19.797332000000004 0.6586538461538461 45.301282057692305 45.30769230769231 13.76923076923077 31.53846153846154 4.0414841000019806
260000 797.3846153846154 0.25934862099304784 19.797332000000004 0.6586538461538461 45.301282057692305 45.30769230769231 13.76923076923077 31.53846153846154 3.8465973999991547
262000 797.3846153846154 0.2563191916746642 19.797332000000004 0.6586538461538461 45.301282057692305 45.30769230769231 13.76923076923077 31.53846153846154 3.667895700000372
264000 797.3846153846154 0.25934862099304784 19.797332000000004 0.6586538461538461 45.301282057692305 45.30769230769231 13.76923076923077 31.53846153846154 3.9645586000006006
266000 797.3846153846154 0.2563191916746642 19.797332000000004 0.6586538461538461 45.301282057692305 45.30769230769231 13.76923076923077 31.53846153846154 3.7636115000022983
268000 797.3846153846154 0.2563191916746642 19.797332000000004 0.6586538461538461 45.301282057692305 45.30769230769231 13.76923076923077 31.53846153846154 3.708078100000421
270000 797.3846153846154 0.2535327935594802 19.797332000000004 0.6586538461538461 45.301282057692305 45.30769230769231 13.76923076923077 31.53846153846154 4.219486100002541
272000 792.75 0.24764145468431725 19.803742269230774 0.6490384615384616 45.301282057692305 45.30769230769231 13.76923076923077 31.53846153846154 3.9162571000015305
274000 792.75 0.24764145468431725 19.803742269230774 0.6490384615384616 45.301282057692305 45.30769230769231 13.76923076923077 31.53846153846154 3.553161600000749
276000 792.75 0.24764145468431725 19.803742269230774 0.6490384615384616 45.301282057692305 45.30769230769231 13.76923076923077 31.53846153846154 4.188243399999919
278000 792.75 0.24764145468431725 19.803742269230774 0.6490384615384616 45.301282057692305 45.30769230769231 13.76923076923077 31.53846153846154 3.786914100001013
280000 792.75 0.24764145468431725 19.803742269230774 0.6490384615384616 45.301282057692305 45.30769230769231 13.76923076923077 31.53846153846154 3.780531799999153
282000 792.75 0.24764145468431725 19.803742269230774 0.6490384615384616 45.301282057692305 45.30769230769231 13.76923076923077 31.53846153846154 3.8271151000008103
284000 792.75 0.24764145468431725 19.803742269230774 0.6490384615384616 45.301282057692305 45.30769230769231 13.76923076923077 31.53846153846154 3.621136199999455
286000 797.3846153846154 0.2535327935594802 19.797332000000004 0.6586538461538461 45.301282057692305 45.30769230769231 13.76923076923077 31.53846153846154 3.8191293999989284
288000 797.3846153846154 0.2535327935594802 19.797332000000004 0.6586538461538461 45.301282057692305 45.30769230769231 13.76923076923077 31.53846153846154 3.8157919000004767
290000 773.5961538461538 0.23210984180796188 20.105024403846162 0.6522435897435899 45.301282057692305 45.30769230769231 13.634615384615385 31.673076923076923 3.784615299999132
292000 797.3846153846154 0.2535327935594802 19.797332000000004 0.6586538461538461 45.301282057692305 45.30769230769231 13.76923076923077 31.53846153846154 3.9574326000001747
294000 797.3846153846154 0.2535327935594802 19.797332000000004 0.6586538461538461 45.301282057692305 45.30769230769231 13.76923076923077 31.53846153846154 3.825460199997906
296000 797.3846153846154 0.2535327935594802 19.797332000000004 0.6586538461538461 45.301282057692305 45.30769230769231 13.76923076923077 31.53846153846154 3.725679499999387
298000 797.3846153846154 0.2535327935594802 19.797332000000004 0.6586538461538461 45.301282057692305 45.30769230769231 13.76923076923077 31.53846153846154 3.7429448000002594
300000 797.3846153846154 0.2535327935594802 19.797332000000004 0.6586538461538461 45.301282057692305 45.30769230769231 13.76923076923077 31.53846153846154 3.730778500001179
302000 797.3846153846154 0.2583681068779548 19.797332000000004 0.6586538461538461 45.301282057692305 45.30769230769231 13.76923076923077 31.53846153846154 3.6847076999983983
304000 797.3846153846154 0.26282944075936826 19.797332000000004 0.6586538461538461 45.301282057692305 45.30769230769231 13.76923076923077 31.53846153846154 3.63664019999851
306000 797.3846153846154 0.27277730936962025 19.797332000000004 0.6586538461538461 45.301282057692305 45.30769230769231 13.76923076923077 31.53846153846154 3.637451599999622
308000 792.6730769230769 0.2715931509658496 19.810152519230773 0.6490384615384616 45.301282057692305 45.30769230769231 13.76923076923077 31.53846153846154 3.6864167000021553
310000 792.6730769230769 0.2715931509658496 19.810152519230773 0.6490384615384616 45.301282057692305 45.30769230769231 13.76923076923077 31.53846153846154 3.9587260999978753
312000 792.6730769230769 0.2715931509658496 19.810152519230773 0.6490384615384616 45.301282057692305 45.30769230769231 13.76923076923077 31.53846153846154 3.810461799999757
314000 792.6730769230769 0.2715931509658496 19.810152519230773 0.6490384615384616 45.301282057692305 45.30769230769231 13.76923076923077 31.53846153846154 3.8863745000016934
316000 792.6730769230769 0.2715931509658496 19.810152519230773 0.6490384615384616 45.301282057692305 45.30769230769231 13.76923076923077 31.53846153846154 3.7151909999993222
318000 792.6730769230769 0.2715931509658496 19.810152519230773 0.6490384615384616 45.301282057692305 45.30769230769231 13.76923076923077 31.53846153846154 3.920417199999065
320000 792.6730769230769 0.2715931509658496 19.810152519230773 0.6490384615384616 45.301282057692305 45.30769230769231 13.76923076923077 31.53846153846154 3.872949199998402
322000 792.6730769230769 0.2715931509658496 19.810152519230773 0.6490384615384616 45.301282057692305 45.30769230769231 13.76923076923077 31.53846153846154 3.8270940000002156
324000 792.6730769230769 0.2715931509658496 19.810152519230773 0.6490384615384616 45.301282057692305 45.30769230769231 13.76923076923077 31.53846153846154 4.159957399999257
326000 792.6730769230769 0.2715931509658496 19.810152519230773 0.6490384615384616 45.301282057692305 45.30769230769231 13.76923076923077 31.53846153846154 3.6714376999989327
328000 792.6730769230769 0.2715931509658496 19.810152519230773 0.6490384615384616 45.301282057692305 45.30769230769231 13.76923076923077 31.53846153846154 3.8652032999998482
330000 792.6730769230769 0.2715931509658496 19.810152519230773 0.6490384615384616 45.301282057692305 45.30769230769231 13.76923076923077 31.53846153846154 3.571725300000253
332000 792.6730769230769 0.2715931509658496 19.810152519230773 0.6490384615384616 45.301282057692305 45.30769230769231 13.76923076923077 31.53846153846154 3.646837799999048
334000 792.6730769230769 0.2715931509658496 19.810152519230773 0.6490384615384616 45.301282057692305 45.30769230769231 13.76923076923077 31.53846153846154 3.973659499999485
336000 792.6730769230769 0.2715931509658496 19.810152519230773 0.6490384615384616 45.301282057692305 45.30769230769231 13.76923076923077 31.53846153846154 3.636552699997992
338000 792.6730769230769 0.2715931509658496 19.810152519230773 0.6490384615384616 45.301282057692305 45.30769230769231 13.76923076923077 31.53846153846154 3.8516502999991644
340000 792.6730769230769 0.2715931509658496 19.810152519230773 0.6490384615384616 45.301282057692305 45.30769230769231 13.76923076923077 31.53846153846154 3.9506043000001227
342000 792.6730769230769 0.2715931509658496 19.810152519230773 0.6490384615384616 45.301282057692305 45.30769230769231 13.76923076923077 31.53846153846154 3.7252542999995057
344000 792.6730769230769 0.2715931509658496 19.810152519230773 0.6490384615384616 45.301282057692305 45.30769230769231 13.76923076923077 31.53846153846154 3.8788972000002104
346000 792.6730769230769 0.2715931509658496 19.810152519230773 0.6490384615384616 45.301282057692305 45.30769230769231 13.76923076923077 31.53846153846154 3.9216054000025906
348000 792.6730769230769 0.2715931509658496 19.810152519230773 0.6490384615384616 45.301282057692305 45.30769230769231 13.76923076923077 31.53846153846154 3.7395464000001084
350000 792.6730769230769 0.2715931509658496 19.810152519230773 0.6490384615384616 45.301282057692305 45.30769230769231 13.76923076923077 31.53846153846154 4.230545800000982
352000 792.6730769230769 0.2715931509658496 19.810152519230773 0.6490384615384616 45.301282057692305 45.30769230769231 13.76923076923077 31.53846153846154 3.6721202000007906
354000 792.6730769230769 0.2715931509658496 19.810152519230773 0.6490384615384616 45.301282057692305 45.30769230769231 13.76923076923077 31.53846153846154 3.7446088999968197
356000 792.6730769230769 0.26204217282425446 19.810152519230773 0.6490384615384616 45.301282057692305 45.30769230769231 13.76923076923077 31.53846153846154 3.702259999998205
358000 792.6730769230769 0.26106075373470367 19.810152519230773 0.6490384615384616 45.301282057692305 45.30769230769231 13.76923076923077 31.53846153846154 3.8097987000001012
360000 792.6730769230769 0.26106075373470367 19.810152519230773 0.6490384615384616 45.301282057692305 45.30769230769231 13.76923076923077 31.53846153846154 3.733701799999835
362000 792.6730769230769 0.26106688290609686 19.810152519230773 0.6490384615384616 45.301282057692305 45.30769230769231 13.76923076923077 31.53846153846154 3.681913100001111
364000 793.0 0.25667754753376204 19.803742269230774 0.6490384615384616 45.301282057692305 45.30769230769231 13.76923076923077 31.53846153846154 3.5979050999994797
366000 793.0 0.25667754753376204 19.803742269230774 0.6490384615384616 45.301282057692305 45.30769230769231 13.76923076923077 31.53846153846154 3.954056999999011
368000 796.9423076923077 0.26168891243758385 19.797332000000004 0.6490384615384616 45.301282057692305 45.30769230769231 13.76923076923077 31.53846153846154 3.7437019999997574
370000 793.0 0.25667754753376204 19.803742269230774 0.6490384615384616 45.301282057692305 45.30769230769231 13.76923076923077 31.53846153846154 3.597223299999314
372000 793.0 0.25667754753376204 19.803742269230774 0.6490384615384616 45.301282057692305 45.30769230769231 13.76923076923077 31.53846153846154 3.8161009999967064
374000 792.6730769230769 0.2613989332514298 19.810152519230773 0.6490384615384616 45.301282057692305 45.30769230769231 13.76923076923077 31.53846153846154 4.086587699999654
376000 795.6346153846154 0.260026427028734 19.797332019230776 0.6586538461538461 45.301282057692305 45.30769230769231 13.76923076923077 31.53846153846154 4.081613400001515
378000 795.6346153846154 0.260026427028734 19.797332019230776 0.6586538461538461 45.301282057692305 45.30769230769231 13.76923076923077 31.53846153846154 3.7094063999975333
380000 795.6346153846154 0.260026427028734 19.797332019230776 0.6586538461538461 45.301282057692305 45.30769230769231 13.76923076923077 31.53846153846154 3.8999489000016183
382000 795.6346153846154 0.260026427028734 19.797332019230776 0.6586538461538461 45.301282057692305 45.30769230769231 13.76923076923077 31.53846153846154 3.860094499999832
384000 795.6346153846154 0.260026427028734 19.797332019230776 0.6586538461538461 45.301282057692305 45.30769230769231 13.76923076923077 31.53846153846154 4.026978699999745
386000 795.6346153846154 0.260026427028734 19.797332019230776 0.6586538461538461 45.301282057692305 45.30769230769231 13.76923076923077 31.53846153846154 4.307967500000814
388000 795.6346153846154 0.260026427028734 19.797332019230776 0.6586538461538461 45.301282057692305 45.30769230769231 13.76923076923077 31.53846153846154 3.834751899998082
390000 795.6346153846154 0.260026427028734 19.797332019230776 0.6586538461538461 45.301282057692305 45.30769230769231 13.76923076923077 31.53846153846154 3.567380199998297
392000 795.6346153846154 0.260026427028734 19.797332019230776 0.6586538461538461 45.301282057692305 45.30769230769231 13.76923076923077 31.53846153846154 3.796445299998595
394000 795.6346153846154 0.260026427028734 19.797332019230776 0.6586538461538461 45.301282057692305 45.30769230769231 13.76923076923077 31.53846153846154 3.804259100001218
396000 795.6346153846154 0.260026427028734 19.797332019230776 0.6586538461538461 45.301282057692305 45.30769230769231 13.76923076923077 31.53846153846154 3.9603583000025537
398000 795.6346153846154 0.2601463220079991 19.797332019230776 0.6586538461538461 45.301282057692305 45.30769230769231 13.76923076923077 31.53846153846154 3.924743799998396
400000 795.6346153846154 0.2601463220079991 19.797332019230776 0.6586538461538461 45.301282057692305 45.30769230769231 13.76923076923077 31.53846153846154 3.800635700001294
402000 795.6346153846154 0.2591729219152049 19.797332019230776 0.6586538461538461 45.301282057692305 45.30769230769231 13.76923076923077 31.53846153846154 3.7522888999992574
404000 795.6346153846154 0.2591729219152049 19.797332019230776 0.6586538461538461 45.301282057692305 45.30769230769231 13.76923076923077 31.53846153846154 4.082469900000433
406000 795.6346153846154 0.2591729219152049 19.797332019230776 0.6586538461538461 45.301282057692305 45.30769230769231 13.76923076923077 31.53846153846154 3.8578018000007432
408000 795.6346153846154 0.2591729219152049 19.797332019230776 0.6586538461538461 45.301282057692305 45.30769230769231 13.76923076923077 31.53846153846154 3.717113099999551
410000 795.6346153846154 0.2591729219152049 19.797332019230776 0.6586538461538461 45.301282057692305 45.30769230769231 13.76923076923077 31.53846153846154 3.7671726000007766
412000 795.6346153846154 0.2561434925968213 19.797332019230776 0.6586538461538461 45.301282057692305 45.30769230769231 13.76923076923077 31.53846153846154 3.826812900002551
414000 795.6346153846154 0.2540945773935307 19.797332019230776 0.6586538461538461 45.301282057692305 45.30769230769231 13.76923076923077 31.53846153846154 3.6837852999997267
416000 795.6346153846154 0.2571240067119143 19.797332019230776 0.6586538461538461 45.301282057692305 45.30769230769231 13.76923076923077 31.53846153846154 4.14110029999938
418000 795.6346153846154 0.2571240067119143 19.797332019230776 0.6586538461538461 45.301282057692305 45.30769230769231 13.76923076923077 31.53846153846154 4.075493500000448
420000 795.6346153846154 0.2571240067119143 19.797332019230776 0.6586538461538461 45.301282057692305 45.30769230769231 13.76923076923077 31.53846153846154 3.6859752999989723
422000 795.6346153846154 0.2540945773935307 19.797332019230776 0.6586538461538461 45.301282057692305 45.30769230769231 13.76923076923077 31.53846153846154 4.010612300000503
424000 795.6346153846154 0.2540945773935307 19.797332019230776 0.6586538461538461 45.301282057692305 45.30769230769231 13.76923076923077 31.53846153846154 3.9134768000003533
426000 795.6346153846154 0.2540945773935307 19.797332019230776 0.6586538461538461 45.301282057692305 45.30769230769231 13.76923076923077 31.53846153846154 3.753120900000795
428000 795.6346153846154 0.2540945773935307 19.797332019230776 0.6586538461538461 45.301282057692305 45.30769230769231 13.76923076923077 31.53846153846154 3.857427299997653
430000 795.6346153846154 0.2540945773935307 19.797332019230776 0.6586538461538461 45.301282057692305 45.30769230769231 13.76923076923077 31.53846153846154 4.102936799998133
432000 795.6346153846154 0.2540945773935307 19.797332019230776 0.6586538461538461 45.301282057692305 45.30769230769231 13.76923076923077 31.53846153846154 4.1013710999977775
434000 795.6346153846154 0.2540945773935307 19.797332019230776 0.6586538461538461 45.301282057692305 45.30769230769231 13.76923076923077 31.53846153846154 3.8561866999989434
436000 795.6346153846154 0.2540945773935307 19.797332019230776 0.6586538461538461 45.301282057692305 45.30769230769231 13.76923076923077 31.53846153846154 3.661547399999108
438000 795.6346153846154 0.2540945773935307 19.797332019230776 0.6586538461538461 45.301282057692305 45.30769230769231 13.76923076923077 31.53846153846154 3.7413621000014246
440000 795.6346153846154 0.2540945773935307 19.797332019230776 0.6586538461538461 45.301282057692305 45.30769230769231 13.76923076923077 31.53846153846154 3.920595499999763
442000 795.6346153846154 0.2540945773935307 19.797332019230776 0.6586538461538461 45.301282057692305 45.30769230769231 13.76923076923077 31.53846153846154 3.8094748000003165
444000 795.6346153846154 0.2540945773935307 19.797332019230776 0.6586538461538461 45.301282057692305 45.30769230769231 13.76923076923077 31.53846153846154 4.053994500001863
446000 795.6346153846154 0.2540945773935307 19.797332019230776 0.6586538461538461 45.301282057692305 45.30769230769231 13.76923076923077 31.53846153846154 3.7688108000002103
448000 795.6346153846154 0.2540945773935307 19.797332019230776 0.6586538461538461 45.301282057692305 45.30769230769231 13.76923076923077 31.53846153846154 3.916192200002115
450000 795.6346153846154 0.2540945773935307 19.797332019230776 0.6586538461538461 45.301282057692305 45.30769230769231 13.76923076923077 31.53846153846154 3.4372776999989583
452000 794.1923076923077 0.252261375146757 19.790921750000003 0.6490384615384616 45.301282057692305 45.30769230769231 13.788461538461538 31.51923076923077 3.464250600001833
454000 794.1923076923077 0.252261375146757 19.790921750000003 0.6490384615384616 45.301282057692305 45.30769230769231 13.788461538461538 31.51923076923077 3.3703527999969083
456000 795.6346153846154 0.2540945773935307 19.797332019230776 0.6586538461538461 45.301282057692305 45.30769230769231 13.76923076923077 31.53846153846154 3.1444784000013897
458000 795.6346153846154 0.2540945773935307 19.797332019230776 0.6586538461538461 45.301282057692305 45.30769230769231 13.76923076923077 31.53846153846154 3.1266646000003675
460000 795.6346153846154 0.2540945773935307 19.797332019230776 0.6586538461538461 45.301282057692305 45.30769230769231 13.76923076923077 31.53846153846154 3.122129399998812
462000 795.6346153846154 0.2540945773935307 19.797332019230776 0.6586538461538461 45.301282057692305 45.30769230769231 13.76923076923077 31.53846153846154 3.08377720000135
464000 795.6346153846154 0.2540945773935307 19.797332019230776 0.6586538461538461 45.301282057692305 45.30769230769231 13.76923076923077 31.53846153846154 2.852463200000784
466000 795.6346153846154 0.2540945773935307 19.797332019230776 0.6586538461538461 45.301282057692305 45.30769230769231 13.76923076923077 31.53846153846154 2.9251903999975184
468000 795.6346153846154 0.2540945773935307 19.797332019230776 0.6586538461538461 45.301282057692305 45.30769230769231 13.76923076923077 31.53846153846154 2.424310099999275
470000 795.6346153846154 0.2540945773935307 19.797332019230776 0.6586538461538461 45.301282057692305 45.30769230769231 13.76923076923077 31.53846153846154 2.2164190000003146
472000 795.6346153846154 0.2540945773935307 19.797332019230776 0.6586538461538461 45.301282057692305 45.30769230769231 13.76923076923077 31.53846153846154 2.1221533000025374
474000 795.6346153846154 0.2540945773935307 19.797332019230776 0.6586538461538461 45.301282057692305 45.30769230769231 13.76923076923077 31.53846153846154 2.057195400000637
476000 793.7307692307693 0.251674426491736 19.797332019230776 0.6490384615384616 45.301282057692305 45.30769230769231 13.76923076923077 31.53846153846154 2.3013853000011295
478000 793.7307692307693 0.251674426491736 19.797332019230776 0.6490384615384616 45.301282057692305 45.30769230769231 13.76923076923077 31.53846153846154 2.0779153000003134
480000 793.7307692307693 0.251674426491736 19.797332019230776 0.6490384615384616 45.301282057692305 45.30769230769231 13.76923076923077 31.53846153846154 2.02847969999857
482000 793.0 0.25074569789855866 19.803742269230774 0.6490384615384616 45.301282057692305 45.30769230769231 13.76923076923077 31.53846153846154 1.9558293999980378
484000 793.0 0.25074569789855866 19.803742269230774 0.6490384615384616 45.301282057692305 45.30769230769231 13.76923076923077 31.53846153846154 1.9526341999990109
486000 793.0 0.25074569789855866 19.803742269230774 0.6490384615384616 45.301282057692305 45.30769230769231 13.76923076923077 31.53846153846154 1.663947900000494
488000 793.0 0.2479592997833747 19.803742269230774 0.6490384615384616 45.301282057692305 45.30769230769231 13.76923076923077 31.53846153846154 1.7364350999996532
490000 797.3846153846154 0.2563191916746642 19.797332000000004 0.6586538461538461 45.301282057692305 45.30769230769231 13.76923076923077 31.53846153846154 1.5807494000000588
492000 797.3846153846154 0.2563191916746642 19.797332000000004 0.6586538461538461 45.301282057692305 45.30769230769231 13.76923076923077 31.53846153846154 1.558099999998376
494000 797.3846153846154 0.2563191916746642 19.797332000000004 0.6586538461538461 45.301282057692305 45.30769230769231 13.76923076923077 31.53846153846154 1.4286973999987822
496000 793.0 0.25074569789855866 19.803742269230774 0.6490384615384616 45.301282057692305 45.30769230769231 13.76923076923077 31.53846153846154 1.010494699999981
498000 793.0 0.25074569789855866 19.803742269230774 0.6490384615384616 45.301282057692305 45.30769230769231 13.76923076923077 31.53846153846154 0.9499663999995391
500000 793.0 0.25074569789855866 19.803742269230774 0.6490384615384616 45.301282057692305 45.30769230769231 13.76923076923077 31.53846153846154 0.9878325999998196
