2000 5.596153846153846 0.0005004489295182937 34.49749123076924 0.15064102564102566 45.301282057692305 45.30769230769231 2.2115384615384617 43.09615384615385 1.7917617000639439
4000 6.0 0.001066197159232454 34.09040475 0.15865384615384615 45.301282057692305 45.30769230769231 2.25 43.05769230769231 1.9544771001674235
6000 3.480769230769231 -0.018953723084908683 34.76654344230769 0.16025641025641024 45.301282057692305 45.30769230769231 2.9423076923076925 42.36538461538461 3.49165580002591
8000 4.326923076923077 0.0006177805912912028 34.706323980769234 0.15865384615384615 45.301282057692305 45.30769230769231 2.1923076923076925 43.11538461538461 4.130561999976635
10000 5.019230769230769 0.0013287603538919316 34.464424788461535 0.14262820512820512 45.301282057692305 45.30769230769231 2.1538461538461537 43.15384615384615 4.39286130014807
12000 3.5 0.0005267422311601764 34.67610094230769 0.07532051282051282 45.301282057692305 45.30769230769231 2.3653846153846154 42.94230769230769 4.588611600222066
14000 9.673076923076923 -0.01629715402284784 32.51445799999999 0.14903846153846154 45.301282057692305 45.30769230769231 2.230769230769231 43.07692307692308 4.793953600106761
16000 2.9423076923076925 -0.03788784168834082 34.964289961538455 0.11057692307692307 45.301282057692305 45.30769230769231 2.326923076923077 42.98076923076923 5.341400200035423
18000 3.673076923076923 -0.03791369834729684 34.14748886538461 0.14423076923076922 45.301282057692305 45.30769230769231 2.3846153846153846 42.92307692307692 6.1004627998918295
20000 2.3461538461538463 0.00016483450728928872 35.20923161538463 0.10096153846153846 45.301282057692305 45.30769230769231 2.4423076923076925 42.86538461538461 5.420138000044972
22000 9.75 -0.05519124346910101 33.20975017307693 0.19230769230769232 45.301282057692305 45.30769230769231 2.519230769230769 42.78846153846154 5.3989659999497235
24000 5.576923076923077 -0.05712577490392671 33.976467288461556 0.14423076923076922 45.301282057692305 45.30769230769231 2.1923076923076925 43.11538461538461 5.025532600004226
26000 5.923076923076923 -0.056753943019334785 34.067549807692316 0.14102564102564102 45.301282057692305 45.30769230769231 2.2115384615384617 43.09615384615385 5.198189199902117
28000 4.519230769230769 -0.05706449448515235 34.37662232692308 0.18589743589743593 45.301282057692305 45.30769230769231 2.2884615384615383 43.01923076923077 4.977448999881744
30000 3.1923076923076925 0.0004875718009237937 35.536185096153844 0.1362179487179487 45.301282057692305 45.30769230769231 2.4038461538461537 42.90384615384615 5.308202099986374
32000 4.096153846153846 0.0006991130071169322 35.596482903846145 0.1201923076923077 45.301282057692305 45.30769230769231 2.326923076923077 42.98076923076923 5.312104699900374
34000 2.5384615384615383 0.0002553189121563967 35.74819676923076 0.11538461538461539 45.301282057692305 45.30769230769231 2.4615384615384617 42.84615384615385 5.405731600010768
36000 3.5576923076923075 0.0005404116897899428 35.19237796153846 0.13621794871794873 45.301282057692305 45.30769230769231 2.730769230769231 42.57692307692308 5.250553600024432
38000 4.788461538461538 0.0007976207128520494 34.88080384615384 0.1201923076923077 45.301282057692305 45.30769230769231 2.1538461538461537 43.15384615384615 5.096584400162101
40000 4.230769230769231 0.0006632178493181621 34.63774819230769 0.12820512820512822 45.301282057692305 45.30769230769231 2.1538461538461537 43.15384615384615 5.08125440008007
42000 4.461538461538462 0.000670598394967114 33.97535469230769 0.15384615384615385 45.301282057692305 45.30769230769231 2.1538461538461537 43.15384615384615 5.19050749996677
44000 4.846153846153846 0.0006903227598354575 34.13988469230769 0.16666666666666666 45.301282057692305 45.30769230769231 2.1538461538461537 43.15384615384615 5.490621399832889
46000 4.1923076923076925 0.00074044508870823 34.66445769230769 0.12980769230769232 45.301282057692305 45.30769230769231 2.1538461538461537 43.15384615384615 5.475252700038254
48000 3.3846153846153846 0.0007236425880069445 35.25740626923078 0.08012820512820512 45.301282057692305 45.30769230769231 2.1923076923076925 43.11538461538461 5.201618299819529
50000 4.038461538461538 0.0009321027236390886 34.138816500000004 0.14423076923076922 45.301282057692305 45.30769230769231 2.673076923076923 42.63461538461539 5.565570699982345
52000 6.6923076923076925 0.0012582600550552505 33.91218124999999 0.1233974358974359 45.301282057692305 45.30769230769231 2.230769230769231 43.07692307692308 5.122256400063634
54000 6.9423076923076925 0.001267472521241775 33.43023625 0.12660256410256412 45.301282057692305 45.30769230769231 2.423076923076923 42.88461538461539 5.161583699984476
56000 8.576923076923077 0.0017633426317687727 32.54659934615385 0.16987179487179488 45.301282057692305 45.30769230769231 2.8846153846153846 42.42307692307692 4.948613099986687
58000 5.961538461538462 0.0009513923028202466 33.620852076923065 0.16025641025641027 45.301282057692305 45.30769230769231 2.8653846153846154 42.44230769230769 5.173485899809748
60000 7.3076923076923075 0.0012906173304182893 33.00226251923077 0.1810897435897436 45.301282057692305 45.30769230769231 2.769230769230769 42.53846153846154 5.16349760000594
62000 7.653846153846154 0.0007945295597897063 32.842006019230766 0.16826923076923078 45.301282057692305 45.30769230769231 2.769230769230769 42.53846153846154 5.06658779992722
64000 6.5576923076923075 0.0008698728090594589 33.168929634615395 0.2131410256410256 45.301282057692305 45.30769230769231 2.769230769230769 42.53846153846154 5.182525400072336
66000 8.134615384615385 0.0013410316136019235 32.61764780769231 0.1778846153846154 45.301282057692305 45.30769230769231 2.826923076923077 42.48076923076923 5.25188530003652
68000 6.230769230769231 0.001357547215325809 33.6975395 0.15064102564102563 45.301282057692305 45.30769230769231 3.6923076923076925 41.61538461538461 5.018493599956855
70000 4.865384615384615 0.0006103851421028309 34.29289232692308 0.10737179487179487 45.301282057692305 45.30769230769231 3.6153846153846154 41.69230769230769 5.138222200097516
72000 4.884615384615385 0.0011545019838827626 34.35361592307692 0.15705128205128208 45.301282057692305 45.30769230769231 3.3076923076923075 42.0 5.433457500068471
74000 6.5576923076923075 0.0008167431410301436 33.39795330769231 0.14262820512820512 45.301282057692305 45.30769230769231 3.25 42.05769230769231 5.126924799988046
76000 5.25 0.0006121593759697461 33.78256851923077 0.09455128205128203 45.301282057692305 45.30769230769231 2.730769230769231 42.57692307692308 5.2617492999415845
78000 4.846153846153846 0.0007327270953147458 33.621243750000005 0.1346153846153846 45.301282057692305 45.30769230769231 2.673076923076923 42.63461538461539 5.088174000149593
80000 6.038461538461538 0.0009438303079178899 33.34239730769231 0.141025641025641 45.301282057692305 45.30769230769231 3.0576923076923075 42.25 5.017927500186488
82000 4.6923076923076925 0.0011978193556066482 34.66665055769231 0.11538461538461539 45.301282057692305 45.30769230769231 2.673076923076923 42.63461538461539 5.33349490002729
84000 5.769230769230769 0.0014158227689694306 34.71280390384615 0.11057692307692306 45.301282057692305 45.30769230769231 2.673076923076923 42.63461538461539 5.231618300080299
86000 5.884615384615385 -0.03757344820261104 34.822786269230775 0.1378205128205128 45.301282057692305 45.30769230769231 2.6923076923076925 42.61538461538461 4.9961159999947995
88000 6.423076923076923 -0.017619544238817182 33.723640692307704 0.18429487179487178 45.301282057692305 45.30769230769231 2.6923076923076925 42.61538461538461 4.965963399969041
90000 7.269230769230769 -0.01773725527367958 33.527291076923085 0.18269230769230768 45.301282057692305 45.30769230769231 3.076923076923077 42.23076923076923 5.03341139992699
92000 8.153846153846153 -0.017608154199755165 33.23097678846154 0.18589743589743593 45.301282057692305 45.30769230769231 3.326923076923077 41.98076923076923 5.063365499954671
94000 11.596153846153847 -0.15062053789457971 32.04409078846154 0.22275641025641027 45.301282057692305 45.30769230769231 3.8653846153846154 41.44230769230769 5.062525799963623
96000 66.57692307692308 -0.027998246645969956 27.51855876923078 0.3349358974358975 45.301282057692305 45.30769230769231 3.0961538461538463 42.21153846153846 5.102694999892265
98000 91.86538461538461 0.008256159007610973 26.99402021153846 0.33493589743589747 45.301282057692305 45.30769230769231 2.8076923076923075 42.5 5.214077099924907
100000 64.01923076923077 0.012131962944835279 27.24219473076923 0.32532051282051283 45.301282057692305 45.30769230769231 3.3846153846153846 41.92307692307692 5.180713400011882
102000 58.30769230769231 0.006052112199128295 26.955798 0.3108974358974359 45.301282057692305 45.30769230769231 3.269230769230769 42.03846153846154 5.138762000016868
104000 60.13461538461539 0.010663867344604073 25.71916107692308 0.33653846153846156 45.301282057692305 45.30769230769231 3.3653846153846154 41.94230769230769 5.122098000021651
106000 140.57692307692307 0.05493690517173814 24.428339499999996 0.40064102564102555 45.301282057692305 45.30769230769231 9.615384615384615 35.69230769230769 5.065809900173917
108000 143.09615384615384 -0.01626009056496071 23.36026994230769 0.4150641025641025 45.301282057692305 45.30769230769231 9.75 35.55769230769231 5.277005700161681
110000 175.92307692307693 0.02910347676661965 23.315041942307694 0.40544871794871784 45.301282057692305 45.30769230769231 10.26923076923077 35.03846153846154 5.201389599824324
112000 265.59615384615387 0.060524609958578966 21.29476090384615 0.46794871794871795 45.301282057692305 45.30769230769231 10.442307692307692 34.86538461538461 5.091323100030422
114000 297.84615384615387 0.08590965906063336 20.525974557692305 0.5128205128205128 45.301282057692305 45.30769230769231 9.73076923076923 35.57692307692308 4.985898099839687
116000 291.63461538461536 0.05078961954848217 19.807560903846152 0.5240384615384616 45.301282057692305 45.30769230769231 9.596153846153847 35.71153846153846 5.054443500004709
118000 292.2307692307692 0.05179539350561497 19.64089415384615 0.5576923076923077 45.301282057692305 45.30769230769231 9.596153846153847 35.71153846153846 5.17938039987348
120000 250.09615384615384 0.0472033117752274 20.454997153846154 0.532051282051282 45.301282057692305 45.30769230769231 9.596153846153847 35.71153846153846 5.629359000129625
122000 295.3269230769231 0.015142989357202746 19.49986844230769 0.5657051282051282 45.301282057692305 45.30769230769231 9.596153846153847 35.71153846153846 4.981076300144196
124000 298.09615384615387 0.010888933202942784 19.49986844230769 0.5705128205128205 45.301282057692305 45.30769230769231 9.596153846153847 35.71153846153846 5.2766833999194205
126000 343.8076923076923 0.05908201100998806 19.53833 0.5673076923076923 45.301282057692305 45.30769230769231 9.596153846153847 35.71153846153846 5.563581800088286
128000 373.8269230769231 0.06448662350363021 19.5511505 0.5881410256410255 45.301282057692305 45.30769230769231 9.596153846153847 35.71153846153846 5.170570699963719
130000 352.5192307692308 0.05354948917596043 20.031919961538463 0.578525641025641 45.301282057692305 45.30769230769231 9.596153846153847 35.71153846153846 5.309704000130296
132000 531.1153846153846 0.13083282951124844 19.389004211538456 0.5769230769230769 45.301282057692305 45.30769230769231 9.576923076923077 35.73076923076923 5.474741799989715
134000 593.9615384615385 -0.01791701168074041 18.936369038461535 0.6057692307692307 45.301282057692305 45.30769230769231 9.576923076923077 35.73076923076923 4.86368150007911
136000 590.6538461538462 -0.08643639332601451 18.974830596153843 0.5993589743589743 45.301282057692305 45.30769230769231 9.576923076923077 35.73076923076923 4.985470100073144
138000 612.8076923076923 -0.058641682672028 20.18128338461539 0.564102564102564 45.301282057692305 45.30769230769231 12.211538461538462 33.09615384615385 5.2389185000211
140000 612.8076923076923 -0.08312348776341211 20.18128338461539 0.564102564102564 45.301282057692305 45.30769230769231 12.211538461538462 33.09615384615385 5.077155699953437
142000 612.5192307692307 -0.05977272900092899 20.219566903846157 0.564102564102564 45.301282057692305 45.30769230769231 12.26923076923077 33.03846153846154 5.358531899983063
144000 722.2115384615385 0.20780151708947422 19.591375980769236 0.5737179487179487 45.301282057692305 45.30769230769231 14.788461538461538 30.51923076923077 5.063212499953806
146000 827.1923076923077 0.26545567803920994 19.567366173076927 0.5737179487179487 45.301282057692305 45.30769230769231 14.711538461538462 30.596153846153847 5.185285699786618
148000 832.0192307692307 0.2667866803192353 19.52249438461539 0.5737179487179487 45.301282057692305 45.30769230769231 14.76923076923077 30.53846153846154 5.291456999955699
150000 889.5 0.30614809384102654 18.03645544230769 0.5993589743589743 45.301282057692305 45.30769230769231 15.673076923076923 29.634615384615383 5.434122200123966
152000 889.5 0.30614809384102654 18.03645544230769 0.5993589743589743 45.301282057692305 45.30769230769231 15.673076923076923 29.634615384615383 4.983133099973202
154000 889.5 0.30614809384102654 18.03645544230769 0.5993589743589743 45.301282057692305 45.30769230769231 15.673076923076923 29.634615384615383 4.962269400013611
156000 895.7692307692307 0.330205806657846 17.705122038461536 0.6426282051282052 45.301282057692305 45.30769230769231 15.961538461538462 29.346153846153847 5.18624830013141
158000 895.7692307692307 0.330205806657846 17.705122038461536 0.6426282051282052 45.301282057692305 45.30769230769231 15.961538461538462 29.346153846153847 5.570114600006491
160000 895.7692307692307 0.330205806657846 17.705122038461536 0.6426282051282052 45.301282057692305 45.30769230769231 15.961538461538462 29.346153846153847 5.117026900174096
162000 895.7692307692307 0.330205806657846 17.705122038461536 0.6426282051282052 45.301282057692305 45.30769230769231 15.961538461538462 29.346153846153847 5.076507699908689
164000 895.7692307692307 0.330205806657846 17.705122038461536 0.6426282051282052 45.301282057692305 45.30769230769231 15.961538461538462 29.346153846153847 5.037891499930993
166000 895.7692307692307 0.330205806657846 17.705122038461536 0.6426282051282052 45.301282057692305 45.30769230769231 15.961538461538462 29.346153846153847 5.548576200148091
168000 895.7692307692307 0.330205806657846 17.705122038461536 0.6426282051282052 45.301282057692305 45.30769230769231 15.961538461538462 29.346153846153847 5.486824499908835
170000 895.7692307692307 0.330205806657846 17.705122038461536 0.6426282051282052 45.301282057692305 45.30769230769231 15.961538461538462 29.346153846153847 5.2867948999628425
172000 895.7692307692307 0.32143125458570776 17.705122038461536 0.6426282051282052 45.301282057692305 45.30769230769231 15.961538461538462 29.346153846153847 5.703266399912536
174000 895.7692307692307 0.32143125458570776 17.705122038461536 0.6426282051282052 45.301282057692305 45.30769230769231 15.961538461538462 29.346153846153847 5.371061600046232
176000 895.7692307692307 0.32143125458570776 17.705122038461536 0.6426282051282052 45.301282057692305 45.30769230769231 15.961538461538462 29.346153846153847 5.04454190004617
178000 895.7692307692307 0.32143125458570776 17.705122038461536 0.6426282051282052 45.301282057692305 45.30769230769231 15.961538461538462 29.346153846153847 5.142808899981901
180000 895.7692307692307 0.32143125458570776 17.705122038461536 0.6426282051282052 45.301282057692305 45.30769230769231 15.961538461538462 29.346153846153847 5.498105099890381
182000 895.7692307692307 0.32143125458570776 17.705122038461536 0.6426282051282052 45.301282057692305 45.30769230769231 15.961538461538462 29.346153846153847 5.079141699941829
184000 895.7692307692307 0.32143125458570776 17.705122038461536 0.6426282051282052 45.301282057692305 45.30769230769231 15.961538461538462 29.346153846153847 5.129607500042766
186000 895.7692307692307 0.32143125458570776 17.705122038461536 0.6426282051282052 45.301282057692305 45.30769230769231 15.961538461538462 29.346153846153847 5.3847145000472665
188000 895.7692307692307 0.330205806657846 17.705122038461536 0.6426282051282052 45.301282057692305 45.30769230769231 15.961538461538462 29.346153846153847 5.117157500004396
190000 895.7692307692307 0.330205806657846 17.705122038461536 0.6426282051282052 45.301282057692305 45.30769230769231 15.961538461538462 29.346153846153847 5.378803899977356
192000 875.75 0.32137329058668485 17.86974263461538 0.623397435897436 45.301282057692305 45.30769230769231 15.51923076923077 29.78846153846154 5.025067399954423
194000 895.7692307692307 0.330205806657846 17.705122038461536 0.6426282051282052 45.301282057692305 45.30769230769231 15.961538461538462 29.346153846153847 5.421012200182304
196000 895.7692307692307 0.330205806657846 17.705122038461536 0.6426282051282052 45.301282057692305 45.30769230769231 15.961538461538462 29.346153846153847 5.133695600088686
198000 895.7692307692307 0.330205806657846 17.705122038461536 0.6426282051282052 45.301282057692305 45.30769230769231 15.961538461538462 29.346153846153847 5.021469900151715
200000 895.7692307692307 0.330205806657846 17.705122038461536 0.6426282051282052 45.301282057692305 45.30769230769231 15.961538461538462 29.346153846153847 5.1238693001214415
202000 895.7692307692307 0.330205806657846 17.705122038461536 0.6426282051282052 45.301282057692305 45.30769230769231 15.961538461538462 29.346153846153847 5.664432499790564
204000 895.7692307692307 0.330205806657846 17.705122038461536 0.6426282051282052 45.301282057692305 45.30769230769231 15.961538461538462 29.346153846153847 5.78713329997845
206000 895.7692307692307 0.32143125458570776 17.705122038461536 0.6426282051282052 45.301282057692305 45.30769230769231 15.961538461538462 29.346153846153847 5.020825600018725
208000 895.7692307692307 0.330205806657846 17.705122038461536 0.6426282051282052 45.301282057692305 45.30769230769231 15.961538461538462 29.346153846153847 5.140437100082636
210000 895.7692307692307 0.330205806657846 17.705122038461536 0.6426282051282052 45.301282057692305 45.30769230769231 15.961538461538462 29.346153846153847 5.093149499967694
212000 895.7692307692307 0.330205806657846 17.705122038461536 0.6426282051282052 45.301282057692305 45.30769230769231 15.961538461538462 29.346153846153847 5.342725900001824
214000 895.7692307692307 0.330205806657846 17.705122038461536 0.6426282051282052 45.301282057692305 45.30769230769231 15.961538461538462 29.346153846153847 5.100638400064781
216000 895.7692307692307 0.330205806657846 17.705122038461536 0.6426282051282052 45.301282057692305 45.30769230769231 15.961538461538462 29.346153846153847 6.119017999852076
218000 895.7692307692307 0.330205806657846 17.705122038461536 0.6426282051282052 45.301282057692305 45.30769230769231 15.961538461538462 29.346153846153847 5.566938099917024
220000 895.7692307692307 0.330205806657846 17.705122038461536 0.6426282051282052 45.301282057692305 45.30769230769231 15.961538461538462 29.346153846153847 5.210677199997008
222000 895.7692307692307 0.3276950314892103 17.705122038461536 0.6426282051282052 45.301282057692305 45.30769230769231 15.961538461538462 29.346153846153847 5.350656599970534
224000 895.7692307692307 0.330205806657846 17.705122038461536 0.6426282051282052 45.301282057692305 45.30769230769231 15.961538461538462 29.346153846153847 5.605670199962333
226000 895.7692307692307 0.330205806657846 17.705122038461536 0.6426282051282052 45.301282057692305 45.30769230769231 15.961538461538462 29.346153846153847 4.926870499970391
228000 895.7692307692307 0.32521257246622787 17.705122038461536 0.6426282051282052 45.301282057692305 45.30769230769231 15.961538461538462 29.346153846153847 5.011007499881089
230000 895.7692307692307 0.32143125458570776 17.705122038461536 0.6426282051282052 45.301282057692305 45.30769230769231 15.961538461538462 29.346153846153847 4.959981000050902
232000 895.7692307692307 0.32143125458570776 17.705122038461536 0.6426282051282052 45.301282057692305 45.30769230769231 15.961538461538462 29.346153846153847 4.995209699962288
234000 895.7692307692307 0.32143125458570776 17.705122038461536 0.6426282051282052 45.301282057692305 45.30769230769231 15.961538461538462 29.346153846153847 5.1924103000201285
236000 895.7692307692307 0.32143125458570776 17.705122038461536 0.6426282051282052 45.301282057692305 45.30769230769231 15.961538461538462 29.346153846153847 5.273675800068304
238000 895.7692307692307 0.32143125458570776 17.705122038461536 0.6426282051282052 45.301282057692305 45.30769230769231 15.961538461538462 29.346153846153847 5.58072549989447
240000 895.7692307692307 0.32143125458570776 17.705122038461536 0.6426282051282052 45.301282057692305 45.30769230769231 15.961538461538462 29.346153846153847 4.925483499886468
242000 895.7692307692307 0.330205806657846 17.705122038461536 0.6426282051282052 45.301282057692305 45.30769230769231 15.961538461538462 29.346153846153847 5.381560300011188
244000 895.7692307692307 0.32143125458570776 17.705122038461536 0.6426282051282052 45.301282057692305 45.30769230769231 15.961538461538462 29.346153846153847 5.301574500044808
246000 895.7692307692307 0.3189324570609905 17.705122038461536 0.6426282051282052 45.301282057692305 45.30769230769231 15.961538461538462 29.346153846153847 5.169135899981484
248000 895.7692307692307 0.32143125458570776 17.705122038461536 0.6426282051282052 45.301282057692305 45.30769230769231 15.961538461538462 29.346153846153847 5.169710899936035
250000 895.7692307692307 0.32143125458570776 17.705122038461536 0.6426282051282052 45.301282057692305 45.30769230769231 15.961538461538462 29.346153846153847 5.097571300109848
252000 895.7692307692307 0.3164216818923548 17.705122038461536 0.6426282051282052 45.301282057692305 45.30769230769231 15.961538461538462 29.346153846153847 5.145222499966621
254000 895.7692307692307 0.3164216818923548 17.705122038461536 0.6426282051282052 45.301282057692305 45.30769230769231 15.961538461538462 29.346153846153847 5.138966000173241
256000 895.7692307692307 0.3164216818923548 17.705122038461536 0.6426282051282052 45.301282057692305 45.30769230769231 15.961538461538462 29.346153846153847 5.2232019999064505
258000 899.8461538461538 0.32358194237332594 17.724352788461538 0.6426282051282052 45.301282057692305 45.30769230769231 15.903846153846153 29.403846153846153 5.1652232999913394
260000 899.8461538461538 0.32075056697741494 17.692301519230767 0.6426282051282052 45.301282057692305 45.30769230769231 15.961538461538462 29.346153846153847 5.188098599901423
262000 899.8461538461538 0.32314091625547803 17.692301519230767 0.6426282051282052 45.301282057692305 45.30769230769231 15.961538461538462 29.346153846153847 5.538616300094873
264000 895.3269230769231 0.3158633525230425 17.737173307692306 0.6426282051282052 45.301282057692305 45.30769230769231 15.903846153846153 29.403846153846153 5.209869199898094
266000 895.7692307692307 0.3164216818923548 17.705122038461536 0.6426282051282052 45.301282057692305 45.30769230769231 15.961538461538462 29.346153846153847 5.076551700010896
268000 895.7692307692307 0.3164216818923548 17.705122038461536 0.6426282051282052 45.301282057692305 45.30769230769231 15.961538461538462 29.346153846153847 5.442256200127304
270000 895.7692307692307 0.31403133261429167 17.705122038461536 0.6426282051282052 45.301282057692305 45.30769230769231 15.961538461538462 29.346153846153847 4.933317600050941
272000 895.7692307692307 0.31403133261429167 17.705122038461536 0.6426282051282052 45.301282057692305 45.30769230769231 15.961538461538462 29.346153846153847 5.214175299974158
274000 895.7692307692307 0.31403133261429167 17.705122038461536 0.6426282051282052 45.301282057692305 45.30769230769231 15.961538461538462 29.346153846153847 4.95752719999291
276000 895.7692307692307 0.31403133261429167 17.705122038461536 0.6426282051282052 45.301282057692305 45.30769230769231 15.961538461538462 29.346153846153847 5.295127300079912
278000 895.7692307692307 0.31377433010383005 17.705122038461536 0.6426282051282052 45.301282057692305 45.30769230769231 15.961538461538462 29.346153846153847 4.917110099922866
280000 895.7692307692307 0.31377433010383005 17.705122038461536 0.6426282051282052 45.301282057692305 45.30769230769231 15.961538461538462 29.346153846153847 5.0556361000053585
282000 895.7692307692307 0.31377433010383005 17.705122038461536 0.6426282051282052 45.301282057692305 45.30769230769231 15.961538461538462 29.346153846153847 5.37620749999769
284000 895.7692307692307 0.31523606380888997 17.705122038461536 0.6426282051282052 45.301282057692305 45.30769230769231 15.961538461538462 29.346153846153847 5.218673000112176
286000 895.7692307692307 0.3136724063611889 17.705122038461536 0.6426282051282052 45.301282057692305 45.30769230769231 15.961538461538462 29.346153846153847 5.172159800073132
288000 895.7692307692307 0.31377433010383005 17.705122038461536 0.6426282051282052 45.301282057692305 45.30769230769231 15.961538461538462 29.346153846153847 5.101174599956721
290000 895.7692307692307 0.31377981039332464 17.705122038461536 0.6426282051282052 45.301282057692305 45.30769230769231 15.961538461538462 29.346153846153847 5.259761200053617
292000 895.7692307692307 0.3136724063611889 17.705122038461536 0.6426282051282052 45.301282057692305 45.30769230769231 15.961538461538462 29.346153846153847 5.1182450000196695
294000 895.7692307692307 0.3138289224852946 17.705122038461536 0.6426282051282052 45.301282057692305 45.30769230769231 15.961538461538462 29.346153846153847 5.595848599914461
296000 895.7692307692307 0.3136724063611889 17.705122038461536 0.6426282051282052 45.301282057692305 45.30769230769231 15.961538461538462 29.346153846153847 5.193624899955466
298000 895.7692307692307 0.31366692607169433 17.705122038461536 0.6426282051282052 45.301282057692305 45.30769230769231 15.961538461538462 29.346153846153847 5.389378099935129
300000 895.7692307692307 0.31343602019087224 17.705122038461536 0.6426282051282052 45.301282057692305 45.30769230769231 15.961538461538462 29.346153846153847 5.029551999876276
302000 895.7692307692307 0.31366692607169433 17.705122038461536 0.6426282051282052 45.301282057692305 45.30769230769231 15.961538461538462 29.346153846153847 5.148382500046864
304000 895.7692307692307 0.31366692607169433 17.705122038461536 0.6426282051282052 45.301282057692305 45.30769230769231 15.961538461538462 29.346153846153847 5.1235907999798656
306000 895.7692307692307 0.31366692607169433 17.705122038461536 0.6426282051282052 45.301282057692305 45.30769230769231 15.961538461538462 29.346153846153847 5.107156299985945
308000 895.7692307692307 0.31366692607169433 17.705122038461536 0.6426282051282052 45.301282057692305 45.30769230769231 15.961538461538462 29.346153846153847 5.32002540002577
310000 895.7692307692307 0.31278230978613214 17.705122038461536 0.6426282051282052 45.301282057692305 45.30769230769231 15.961538461538462 29.346153846153847 5.316450800048187
312000 895.7692307692307 0.31278230978613214 17.705122038461536 0.6426282051282052 45.301282057692305 45.30769230769231 15.961538461538462 29.346153846153847 5.215440100058913
314000 895.7692307692307 0.31366692607169433 17.705122038461536 0.6426282051282052 45.301282057692305 45.30769230769231 15.961538461538462 29.346153846153847 5.089356499956921
316000 895.7692307692307 0.31343602019087224 17.705122038461536 0.6426282051282052 45.301282057692305 45.30769230769231 15.961538461538462 29.346153846153847 5.148911299882457
318000 895.7692307692307 0.31366692607169433 17.705122038461536 0.6426282051282052 45.301282057692305 45.30769230769231 15.961538461538462 29.346153846153847 5.6485237998422235
320000 895.7692307692307 0.31417066086407647 17.705122038461536 0.6426282051282052 45.301282057692305 45.30769230769231 15.961538461538462 29.346153846153847 5.283385399961844
322000 900.0 0.31864870546431157 17.76951984615384 0.6426282051282052 45.301282057692305 45.30769230769231 15.807692307692308 29.5 4.935951400082558
324000 895.7692307692307 0.3150874321380925 17.705122038461536 0.6426282051282052 45.301282057692305 45.30769230769231 15.961538461538462 29.346153846153847 5.21264349995181
326000 895.7692307692307 0.3150874321380925 17.705122038461536 0.6426282051282052 45.301282057692305 45.30769230769231 15.961538461538462 29.346153846153847 4.922745799878612
328000 895.7692307692307 0.31420281585253024 17.705122038461536 0.6426282051282052 45.301282057692305 45.30769230769231 15.961538461538462 29.346153846153847 5.030530700227246
330000 895.7692307692307 0.31420281585253024 17.705122038461536 0.6426282051282052 45.301282057692305 45.30769230769231 15.961538461538462 29.346153846153847 5.244034100091085
332000 895.7692307692307 0.3132860445785143 17.705122038461536 0.6426282051282052 45.301282057692305 45.30769230769231 15.961538461538462 29.346153846153847 5.117526799906045
334000 895.7692307692307 0.3132860445785143 17.705122038461536 0.6426282051282052 45.301282057692305 45.30769230769231 15.961538461538462 29.346153846153847 5.130625699879602
336000 895.7692307692307 0.31278230978613214 17.705122038461536 0.6426282051282052 45.301282057692305 45.30769230769231 15.961538461538462 29.346153846153847 5.597887099953368
338000 895.7692307692307 0.31278230978613214 17.705122038461536 0.6426282051282052 45.301282057692305 45.30769230769231 15.961538461538462 29.346153846153847 5.176497799810022
340000 895.7692307692307 0.31255140390531005 17.705122038461536 0.6426282051282052 45.301282057692305 45.30769230769231 15.961538461538462 29.346153846153847 4.994019000092521
342000 895.7692307692307 0.31255140390531005 17.705122038461536 0.6426282051282052 45.301282057692305 45.30769230769231 15.961538461538462 29.346153846153847 5.501014099922031
344000 895.7692307692307 0.31255140390531005 17.705122038461536 0.6426282051282052 45.301282057692305 45.30769230769231 15.961538461538462 29.346153846153847 5.100443999981508
346000 895.7692307692307 0.31255140390531005 17.705122038461536 0.6426282051282052 45.301282057692305 45.30769230769231 15.961538461538462 29.346153846153847 5.06042640004307
348000 895.7692307692307 0.31255140390531005 17.705122038461536 0.6426282051282052 45.301282057692305 45.30769230769231 15.961538461538462 29.346153846153847 5.085638500051573
350000 895.7692307692307 0.31255140390531005 17.705122038461536 0.6426282051282052 45.301282057692305 45.30769230769231 15.961538461538462 29.346153846153847 5.210072900168598
352000 895.7692307692307 0.31255140390531005 17.705122038461536 0.6426282051282052 45.301282057692305 45.30769230769231 15.961538461538462 29.346153846153847 5.05757820000872
354000 895.7692307692307 0.31255140390531005 17.705122038461536 0.6426282051282052 45.301282057692305 45.30769230769231 15.961538461538462 29.346153846153847 4.947484399890527
356000 895.7692307692307 0.31255140390531005 17.705122038461536 0.6426282051282052 45.301282057692305 45.30769230769231 15.961538461538462 29.346153846153847 5.382075699977577
358000 895.7692307692307 0.31255140390531005 17.705122038461536 0.6426282051282052 45.301282057692305 45.30769230769231 15.961538461538462 29.346153846153847 5.43363400013186
360000 895.7692307692307 0.31255140390531005 17.705122038461536 0.6426282051282052 45.301282057692305 45.30769230769231 15.961538461538462 29.346153846153847 5.091759099857882
362000 895.7692307692307 0.31255140390531005 17.705122038461536 0.6426282051282052 45.301282057692305 45.30769230769231 15.961538461538462 29.346153846153847 5.511190599994734
364000 895.7692307692307 0.31255140390531005 17.705122038461536 0.6426282051282052 45.301282057692305 45.30769230769231 15.961538461538462 29.346153846153847 5.317653599893674
366000 892.5384615384615 0.31195799771530525 17.76951984615384 0.6330128205128206 45.301282057692305 45.30769230769231 15.807692307692308 29.5 5.443701600190252
368000 895.7692307692307 0.31255140390531005 17.705122038461536 0.6426282051282052 45.301282057692305 45.30769230769231 15.961538461538462 29.346153846153847 4.950817600125447
370000 895.7692307692307 0.31255140390531005 17.705122038461536 0.6426282051282052 45.301282057692305 45.30769230769231 15.961538461538462 29.346153846153847 4.962880499893799
372000 895.7692307692307 0.31255140390531005 17.705122038461536 0.6426282051282052 45.301282057692305 45.30769230769231 15.961538461538462 29.346153846153847 5.0436394000425935
374000 895.7692307692307 0.31255140390531005 17.705122038461536 0.6426282051282052 45.301282057692305 45.30769230769231 15.961538461538462 29.346153846153847 5.153125800192356
376000 895.7692307692307 0.31255140390531005 17.705122038461536 0.6426282051282052 45.301282057692305 45.30769230769231 15.961538461538462 29.346153846153847 5.51251420006156
378000 895.7692307692307 0.31255140390531005 17.705122038461536 0.6426282051282052 45.301282057692305 45.30769230769231 15.961538461538462 29.346153846153847 5.348987199831754
380000 895.7692307692307 0.31255140390531005 17.705122038461536 0.6426282051282052 45.301282057692305 45.30769230769231 15.961538461538462 29.346153846153847 4.94818040006794
382000 895.7692307692307 0.31255140390531005 17.705122038461536 0.6426282051282052 45.301282057692305 45.30769230769231 15.961538461538462 29.346153846153847 5.309160500066355
384000 895.7692307692307 0.31255140390531005 17.705122038461536 0.6426282051282052 45.301282057692305 45.30769230769231 15.961538461538462 29.346153846153847 5.247753100004047
386000 895.7692307692307 0.2933206346745408 17.705122038461536 0.6426282051282052 45.301282057692305 45.30769230769231 15.961538461538462 29.346153846153847 5.113207600079477
388000 895.7692307692307 0.31255140390531005 17.705122038461536 0.6426282051282052 45.301282057692305 45.30769230769231 15.961538461538462 29.346153846153847 5.361178399994969
390000 895.7692307692307 0.2933206346745408 17.705122038461536 0.6426282051282052 45.301282057692305 45.30769230769231 15.961538461538462 29.346153846153847 5.145588100189343
392000 895.7692307692307 0.31255140390531005 17.705122038461536 0.6426282051282052 45.301282057692305 45.30769230769231 15.961538461538462 29.346153846153847 5.099914000136778
394000 898.9615384615385 0.3178124231998162 17.692301519230767 0.6426282051282052 45.301282057692305 45.30769230769231 15.961538461538462 29.346153846153847 5.234908899990842
396000 895.7692307692307 0.31255140390531005 17.705122038461536 0.6426282051282052 45.301282057692305 45.30769230769231 15.961538461538462 29.346153846153847 5.329528799979016
398000 895.7692307692307 0.2933206346745408 17.705122038461536 0.6426282051282052 45.301282057692305 45.30769230769231 15.961538461538462 29.346153846153847 6.009456899948418
400000 895.7692307692307 0.31255140390531005 17.705122038461536 0.6426282051282052 45.301282057692305 45.30769230769231 15.961538461538462 29.346153846153847 5.305438800016418
402000 895.7692307692307 0.31255140390531005 17.705122038461536 0.6426282051282052 45.301282057692305 45.30769230769231 15.961538461538462 29.346153846153847 4.953224300174043
404000 895.7692307692307 0.31104026585380046 17.705122038461536 0.6426282051282052 45.301282057692305 45.30769230769231 15.961538461538462 29.346153846153847 5.110517099965364
406000 895.7692307692307 0.31104026585380046 17.705122038461536 0.6426282051282052 45.301282057692305 45.30769230769231 15.961538461538462 29.346153846153847 4.9592210000846535
408000 895.7692307692307 0.311359194569746 17.705122038461536 0.6426282051282052 45.301282057692305 45.30769230769231 15.961538461538462 29.346153846153847 5.14009980019182
410000 895.7692307692307 0.31047457828418384 17.705122038461536 0.6426282051282052 45.301282057692305 45.30769230769231 15.961538461538462 29.346153846153847 5.083456299966201
412000 895.7692307692307 0.31047457828418384 17.705122038461536 0.6426282051282052 45.301282057692305 45.30769230769231 15.961538461538462 29.346153846153847 4.962573600001633
414000 895.7692307692307 0.3100871079502304 17.705122038461536 0.6426282051282052 45.301282057692305 45.30769230769231 15.961538461538462 29.346153846153847 5.363239999860525
416000 895.7692307692307 0.3109717242357926 17.705122038461536 0.6426282051282052 45.301282057692305 45.30769230769231 15.961538461538462 29.346153846153847 5.391150399809703
418000 895.7692307692307 0.3109717242357926 17.705122038461536 0.6426282051282052 45.301282057692305 45.30769230769231 15.961538461538462 29.346153846153847 5.130222999956459
420000 895.7692307692307 0.3109717242357926 17.705122038461536 0.6426282051282052 45.301282057692305 45.30769230769231 15.961538461538462 29.346153846153847 5.0401848999317735
422000 895.7692307692307 0.3109717242357926 17.705122038461536 0.6426282051282052 45.301282057692305 45.30769230769231 15.961538461538462 29.346153846153847 5.286875799996778
424000 895.7692307692307 0.3109717242357926 17.705122038461536 0.6426282051282052 45.301282057692305 45.30769230769231 15.961538461538462 29.346153846153847 5.292183800134808
426000 895.7692307692307 0.3109717242357926 17.705122038461536 0.6426282051282052 45.301282057692305 45.30769230769231 15.961538461538462 29.346153846153847 5.353261600015685
428000 895.7692307692307 0.3109717242357926 17.705122038461536 0.6426282051282052 45.301282057692305 45.30769230769231 15.961538461538462 29.346153846153847 5.008038399973884
430000 895.7692307692307 0.3109717242357926 17.705122038461536 0.6426282051282052 45.301282057692305 45.30769230769231 15.961538461538462 29.346153846153847 5.030600999947637
432000 895.7692307692307 0.3100871079502304 17.705122038461536 0.6426282051282052 45.301282057692305 45.30769230769231 15.961538461538462 29.346153846153847 5.227060900069773
434000 895.7692307692307 0.3100871079502304 17.705122038461536 0.6426282051282052 45.301282057692305 45.30769230769231 15.961538461538462 29.346153846153847 5.11057040002197
436000 895.7692307692307 0.3100871079502304 17.705122038461536 0.6426282051282052 45.301282057692305 45.30769230769231 15.961538461538462 29.346153846153847 5.026105299824849
438000 895.7692307692307 0.3100871079502304 17.705122038461536 0.6426282051282052 45.301282057692305 45.30769230769231 15.961538461538462 29.346153846153847 5.050246400060132
440000 895.7692307692307 0.3109717242357926 17.705122038461536 0.6426282051282052 45.301282057692305 45.30769230769231 15.961538461538462 29.346153846153847 5.126816600095481
442000 895.7692307692307 0.31047457828418384 17.705122038461536 0.6426282051282052 45.301282057692305 45.30769230769231 15.961538461538462 29.346153846153847 5.58035479998216
444000 895.7692307692307 0.31047457828418384 17.705122038461536 0.6426282051282052 45.301282057692305 45.30769230769231 15.961538461538462 29.346153846153847 5.01332850009203
446000 895.7692307692307 0.31047457828418384 17.705122038461536 0.6426282051282052 45.301282057692305 45.30769230769231 15.961538461538462 29.346153846153847 5.006148600019515
448000 895.7692307692307 0.3100871079502304 17.705122038461536 0.6426282051282052 45.301282057692305 45.30769230769231 15.961538461538462 29.346153846153847 5.027320000110194
450000 895.7692307692307 0.3100871079502304 17.705122038461536 0.6426282051282052 45.301282057692305 45.30769230769231 15.961538461538462 29.346153846153847 4.95057119987905
452000 895.7692307692307 0.3100871079502304 17.705122038461536 0.6426282051282052 45.301282057692305 45.30769230769231 15.961538461538462 29.346153846153847 5.120326800039038
454000 895.7692307692307 0.3109717242357926 17.705122038461536 0.6426282051282052 45.301282057692305 45.30769230769231 15.961538461538462 29.346153846153847 5.3235015999525785
456000 895.7692307692307 0.3100871079502304 17.705122038461536 0.6426282051282052 45.301282057692305 45.30769230769231 15.961538461538462 29.346153846153847 5.034072399837896
458000 895.7692307692307 0.3100871079502304 17.705122038461536 0.6426282051282052 45.301282057692305 45.30769230769231 15.961538461538462 29.346153846153847 5.154030799865723
460000 895.7692307692307 0.3100871079502304 17.705122038461536 0.6426282051282052 45.301282057692305 45.30769230769231 15.961538461538462 29.346153846153847 5.183204300003126
462000 895.7692307692307 0.3100871079502304 17.705122038461536 0.6426282051282052 45.301282057692305 45.30769230769231 15.961538461538462 29.346153846153847 5.028766399947926
464000 895.7692307692307 0.31047457828418384 17.705122038461536 0.6426282051282052 45.301282057692305 45.30769230769231 15.961538461538462 29.346153846153847 5.266460099956021
466000 895.7692307692307 0.31047457828418384 17.705122038461536 0.6426282051282052 45.301282057692305 45.30769230769231 15.961538461538462 29.346153846153847 5.347610600059852
468000 895.7692307692307 0.31047457828418384 17.705122038461536 0.6426282051282052 45.301282057692305 45.30769230769231 15.961538461538462 29.346153846153847 4.998923199949786
470000 895.7692307692307 0.31047457828418384 17.705122038461536 0.6426282051282052 45.301282057692305 45.30769230769231 15.961538461538462 29.346153846153847 4.983168699778616
472000 895.7692307692307 0.31047457828418384 17.705122038461536 0.6426282051282052 45.301282057692305 45.30769230769231 15.961538461538462 29.346153846153847 4.9692827998660505
474000 895.7692307692307 0.31047457828418384 17.705122038461536 0.6426282051282052 45.301282057692305 45.30769230769231 15.961538461538462 29.346153846153847 4.84312879992649
476000 895.7692307692307 0.31047457828418384 17.705122038461536 0.6426282051282052 45.301282057692305 45.30769230769231 15.961538461538462 29.346153846153847 5.434612500015646
478000 895.7692307692307 0.31047457828418384 17.705122038461536 0.6426282051282052 45.301282057692305 45.30769230769231 15.961538461538462 29.346153846153847 4.8893324001692235
480000 895.7692307692307 0.31047457828418384 17.705122038461536 0.6426282051282052 45.301282057692305 45.30769230769231 15.961538461538462 29.346153846153847 4.639574100030586
482000 895.7692307692307 0.31047457828418384 17.705122038461536 0.6426282051282052 45.301282057692305 45.30769230769231 15.961538461538462 29.346153846153847 4.4278890998102725
484000 895.7692307692307 0.31047457828418384 17.705122038461536 0.6426282051282052 45.301282057692305 45.30769230769231 15.961538461538462 29.346153846153847 4.457709500100464
486000 895.7692307692307 0.31047457828418384 17.705122038461536 0.6426282051282052 45.301282057692305 45.30769230769231 15.961538461538462 29.346153846153847 4.34439570014365
488000 895.7692307692307 0.31047457828418384 17.705122038461536 0.6426282051282052 45.301282057692305 45.30769230769231 15.961538461538462 29.346153846153847 4.1147511000745
490000 895.7692307692307 0.31047457828418384 17.705122038461536 0.6426282051282052 45.301282057692305 45.30769230769231 15.961538461538462 29.346153846153847 4.3242105999961495
492000 895.7692307692307 0.31047457828418384 17.705122038461536 0.6426282051282052 45.301282057692305 45.30769230769231 15.961538461538462 29.346153846153847 4.131779900053516
494000 895.7692307692307 0.31047457828418384 17.705122038461536 0.6426282051282052 45.301282057692305 45.30769230769231 15.961538461538462 29.346153846153847 3.8181312999222428
496000 895.7692307692307 0.31047457828418384 17.705122038461536 0.6426282051282052 45.301282057692305 45.30769230769231 15.961538461538462 29.346153846153847 4.257925500161946
498000 895.7692307692307 0.31047457828418384 17.705122038461536 0.6426282051282052 45.301282057692305 45.30769230769231 15.961538461538462 29.346153846153847 3.781698300037533
500000 895.7692307692307 0.31047457828418384 17.705122038461536 0.6426282051282052 45.301282057692305 45.30769230769231 15.961538461538462 29.346153846153847 3.8924245999660343
