2000 4.788461538461538 0.0004690480874978114 34.712164692307695 0.15064102564102566 45.301282057692305 45.30769230769231 1.7307692307692308 43.57692307692308 1.0905506999999943
4000 5.134615384615385 0.0009389650687369346 34.26397242307691 0.15865384615384615 45.301282057692305 45.30769230769231 1.75 43.55769230769231 1.319463500000012
6000 3.076923076923077 -0.0189666562448943 34.95630465384616 0.16025641025641024 45.301282057692305 45.30769230769231 2.4615384615384617 42.84615384615385 1.1249581000000148
8000 3.6346153846153846 0.00044226087716910394 34.89062884615385 0.15865384615384615 45.301282057692305 45.30769230769231 1.6923076923076923 43.61538461538461 1.3971130000000187
10000 4.365384615384615 0.0011963013676471188 34.650199480769224 0.14262820512820512 45.301282057692305 45.30769230769231 1.6538461538461537 43.65384615384615 1.5428248000000053
12000 3.0 0.0005602246014853731 34.86762642307691 0.07532051282051282 45.301282057692305 45.30769230769231 1.8846153846153846 43.42307692307692 1.5704569999999762
14000 8.076923076923077 -0.016564982335562885 32.70648396153847 0.14903846153846154 45.301282057692305 45.30769230769231 1.7307692307692308 43.57692307692308 1.6171869000000356
16000 2.5576923076923075 -0.03791238723340331 35.152856442307694 0.11057692307692307 45.301282057692305 45.30769230769231 1.8269230769230769 43.48076923076923 1.7215192000000457
18000 3.1346153846153846 -0.03796846840564377 34.33637586538462 0.14423076923076922 45.301282057692305 45.30769230769231 1.8846153846153846 43.42307692307692 1.7717209999999568
20000 2.0961538461538463 0.00021403278443764693 35.39184075 0.10096153846153846 45.301282057692305 45.30769230769231 1.9423076923076923 43.36538461538461 2.583585599999992
22000 8.788461538461538 -0.05548305043005587 33.40843965384615 0.18269230769230768 45.301282057692305 45.30769230769231 2.0576923076923075 43.25 2.497381799999971
24000 4.75 -0.05716468392306488 34.16983128846154 0.14423076923076922 45.301282057692305 45.30769230769231 1.6923076923076923 43.61538461538461 2.768449099999998
26000 4.980769230769231 -0.0569221680975767 34.25822467307691 0.14102564102564102 45.301282057692305 45.30769230769231 1.7115384615384615 43.59615384615385 2.8981375000000185
28000 3.7115384615384617 -0.0572102237134718 34.56549451923075 0.18589743589743593 45.301282057692305 45.30769230769231 1.7884615384615385 43.51923076923077 2.8766726000000062
30000 2.8076923076923075 0.00043398239604976267 35.7246299423077 0.1362179487179487 45.301282057692305 45.30769230769231 1.9038461538461537 43.40384615384615 3.016566399999988
32000 3.75 0.0006456956555079881 35.78321834615386 0.1201923076923077 45.301282057692305 45.30769230769231 1.8269230769230769 43.48076923076923 2.747433199999932
34000 2.230769230769231 0.00027213928426147495 35.93296496153847 0.11538461538461539 45.301282057692305 45.30769230769231 1.9615384615384615 43.34615384615385 3.137051700000029
36000 3.173076923076923 0.0005488992679603392 35.36837751923077 0.13621794871794873 45.301282057692305 45.30769230769231 2.230769230769231 43.07692307692308 3.0607305000000906
38000 4.1923076923076925 0.0006961603420690647 35.0683986346154 0.1201923076923077 45.301282057692305 45.30769230769231 1.6538461538461537 43.65384615384615 4.204633300000069
40000 3.5961538461538463 0.0005695865438716071 34.85044984615386 0.12820512820512822 45.301282057692305 45.30769230769231 1.6538461538461537 43.65384615384615 3.5801838000001
42000 3.8076923076923075 0.0005441243785264068 34.16294948076923 0.15384615384615385 45.301282057692305 45.30769230769231 1.6538461538461537 43.65384615384615 3.452971899999966
44000 4.096153846153846 0.0006323584421574237 34.327479480769234 0.16666666666666666 45.301282057692305 45.30769230769231 1.6538461538461537 43.65384615384615 3.7344909999999345
46000 3.5961538461538463 0.000587881878433221 34.85472342307692 0.12980769230769232 45.301282057692305 45.30769230769231 1.6538461538461537 43.65384615384615 3.501842300000021
48000 2.923076923076923 0.0006488321623505469 35.44553524999999 0.08012820512820512 45.301282057692305 45.30769230769231 1.6923076923076923 43.61538461538461 3.6937708000000384
50000 3.3846153846153846 0.0008192567572250069 34.32865488461538 0.14423076923076922 45.301282057692305 45.30769230769231 2.173076923076923 43.13461538461539 3.560805899999991
52000 5.788461538461538 0.0010618018618730276 34.10087619230769 0.1233974358974359 45.301282057692305 45.30769230769231 1.7307692307692308 43.57692307692308 3.906921699999998
54000 6.269230769230769 0.0011662890655519324 33.61806678846154 0.12660256410256412 45.301282057692305 45.30769230769231 1.9230769230769231 43.38461538461539 3.596482000000151
56000 7.769230769230769 0.0016485844102460772 32.76202957692308 0.16987179487179488 45.301282057692305 45.30769230769231 2.3653846153846154 42.94230769230769 3.682809299999917
58000 5.25 0.0008416411820552142 33.80627065384615 0.16025641025641027 45.301282057692305 45.30769230769231 2.3653846153846154 42.94230769230769 3.578630199999907
60000 6.4423076923076925 0.0011661131409389908 33.21332209615383 0.1810897435897436 45.301282057692305 45.30769230769231 2.269230769230769 43.03846153846154 3.482195999999931
62000 6.846153846153846 0.0007774598865250619 33.03383484615384 0.16826923076923078 45.301282057692305 45.30769230769231 2.269230769230769 43.03846153846154 3.3967658000001393
64000 5.788461538461538 0.0007382606237308428 33.37998921153846 0.2131410256410256 45.301282057692305 45.30769230769231 2.269230769230769 43.03846153846154 3.753500000000031
66000 7.365384615384615 0.0011814164337771078 32.835117673076915 0.1778846153846154 45.301282057692305 45.30769230769231 2.3076923076923075 43.0 3.411623499999905
68000 5.615384615384615 0.0012948577525352285 33.88317174999999 0.15064102564102563 45.301282057692305 45.30769230769231 3.2115384615384617 42.09615384615385 3.4856270000000222
70000 4.461538461538462 0.0006574448796288442 34.4824321923077 0.10737179487179487 45.301282057692305 45.30769230769231 3.1346153846153846 42.17307692307692 3.751279600000089
72000 4.25 0.0011143289635640358 34.57378788461537 0.15705128205128208 45.301282057692305 45.30769230769231 2.8076923076923075 42.5 3.502850800000033
74000 5.865384615384615 0.0007330057180853168 33.57922667307692 0.14262820512820512 45.301282057692305 45.30769230769231 2.769230769230769 42.53846153846154 3.5955822000000808
76000 4.576923076923077 0.0004637455180763799 33.96961109615384 0.09455128205128203 45.301282057692305 45.30769230769231 2.25 43.05769230769231 3.616362900000013
78000 4.384615384615385 0.0007067781953803923 33.82751709615385 0.1282051282051282 45.301282057692305 45.30769230769231 2.1923076923076925 43.11538461538461 3.570650999999998
80000 5.365384615384615 0.0008578849782974798 33.48937575 0.1474358974358974 45.301282057692305 45.30769230769231 2.576923076923077 42.73076923076923 3.4762151999998423
82000 4.0576923076923075 0.0011125528096677143 34.88201484615385 0.11538461538461539 45.301282057692305 45.30769230769231 2.1923076923076925 43.11538461538461 3.6099790999999186
84000 4.9423076923076925 0.0012056215762238456 34.907334826923076 0.11057692307692306 45.301282057692305 45.30769230769231 2.1923076923076925 43.11538461538461 3.901788900000156
86000 5.134615384615385 -0.0376813516084182 35.03039713461539 0.1282051282051282 45.301282057692305 45.30769230769231 2.2115384615384617 43.09615384615385 3.5374607999999625
88000 5.769230769230769 -0.01774539967544924 33.930005173076935 0.18429487179487178 45.301282057692305 45.30769230769231 2.2115384615384617 43.09615384615385 3.51077650000002
90000 6.653846153846154 -0.017832969206284383 33.70806794230769 0.18269230769230768 45.301282057692305 45.30769230769231 2.5961538461538463 42.71153846153846 3.485391400000026
92000 7.5576923076923075 -0.017619595008001518 33.35016167307692 0.19070512820512822 45.301282057692305 45.30769230769231 2.8461538461538463 42.46153846153846 3.5466767999998865
94000 10.403846153846153 -0.13184191501562043 32.22238826923077 0.21314102564102566 45.301282057692305 45.30769230769231 3.3461538461538463 41.96153846153846 3.5871577000000343
96000 54.23076923076923 -0.03177518045090193 27.75485417307693 0.3349358974358975 45.301282057692305 45.30769230769231 2.576923076923077 42.73076923076923 3.5342674999999417
98000 74.76923076923077 0.0027505976410449814 27.265331211538463 0.33493589743589747 45.301282057692305 45.30769230769231 2.326923076923077 42.98076923076923 3.4916966999999204
100000 56.11538461538461 0.009356464933040928 27.489351250000002 0.32532051282051283 45.301282057692305 45.30769230769231 2.8846153846153846 42.42307692307692 3.480449199999839
102000 52.80769230769231 0.0057529809437792765 27.12404094230769 0.3173076923076923 45.301282057692305 45.30769230769231 2.75 42.55769230769231 3.5390333000000282
104000 54.07692307692308 0.009639698584837493 25.87552342307692 0.34615384615384615 45.301282057692305 45.30769230769231 2.8461538461538463 42.46153846153846 3.501199799999995
106000 132.23076923076923 0.051797290884273095 24.483888019230765 0.42948717948717946 45.301282057692305 45.30769230769231 9.25 36.05769230769231 3.421222899999975
108000 131.96153846153845 -0.018116951644250937 23.473364538461542 0.44391025641025633 45.301282057692305 45.30769230769231 9.384615384615385 35.92307692307692 3.5985567000002447
110000 156.26923076923077 0.024959993827019508 23.569162269230766 0.4294871794871794 45.301282057692305 45.30769230769231 9.923076923076923 35.38461538461539 3.4597751999999673
112000 243.76923076923077 0.05512731291853464 21.404165403846154 0.48717948717948717 45.301282057692305 45.30769230769231 10.096153846153847 35.21153846153846 3.5380433000000266
114000 274.65384615384613 0.07947301799734188 20.639652576923076 0.532051282051282 45.301282057692305 45.30769230769231 9.365384615384615 35.94230769230769 3.4475760999998784
116000 269.4807692307692 0.046779388954660876 19.923228499999993 0.5432692307692307 45.301282057692305 45.30769230769231 9.23076923076923 36.07692307692308 3.5081350000000384
118000 270.0576923076923 0.0477598350356965 19.75656175 0.5769230769230769 45.301282057692305 45.30769230769231 9.23076923076923 36.07692307692308 3.4035398000000896
120000 230.98076923076923 0.04401089205376236 20.570664749999995 0.5512820512820513 45.301282057692305 45.30769230769231 9.23076923076923 36.07692307692308 3.6735404999999446
122000 273.63461538461536 0.014551777072043862 19.615536038461535 0.5849358974358974 45.301282057692305 45.30769230769231 9.23076923076923 36.07692307692308 3.457596900000226
124000 276.2307692307692 0.010217132485049593 19.615536038461535 0.5897435897435896 45.301282057692305 45.30769230769231 9.23076923076923 36.07692307692308 3.674963399999797
126000 317.7307692307692 0.05667396953620848 19.66681811538461 0.5865384615384615 45.301282057692305 45.30769230769231 9.23076923076923 36.07692307692308 3.3911551999999574
128000 347.2692307692308 0.05947765614419958 19.666818096153847 0.6073717948717948 45.301282057692305 45.30769230769231 9.23076923076923 36.07692307692308 3.5340854999999465
130000 328.0576923076923 0.05009951658248862 20.147587557692308 0.5977564102564102 45.301282057692305 45.30769230769231 9.23076923076923 36.07692307692308 3.6548029000000497
132000 499.9230769230769 0.12210155483163643 19.50199640384615 0.5961538461538461 45.301282057692305 45.30769230769231 9.211538461538462 36.09615384615385 3.712647400000151
134000 559.6730769230769 -0.026824617212493313 19.046788230769227 0.6346153846153846 45.301282057692305 45.30769230769231 9.211538461538462 36.09615384615385 3.6330889000000752
136000 556.75 -0.09536060223004847 19.085249788461535 0.6282051282051282 45.301282057692305 45.30769230769231 9.211538461538462 36.09615384615385 3.497489300000325
138000 586.2115384615385 -0.06100497672686711 20.2694959423077 0.5929487179487178 45.301282057692305 45.30769230769231 11.903846153846153 33.40384615384615 3.414914899999985
140000 586.2115384615385 -0.06100497672686711 20.2694959423077 0.5929487179487178 45.301282057692305 45.30769230769231 11.903846153846153 33.40384615384615 3.5524992000000566
142000 585.7884615384615 -0.06262346854078317 20.30697817307693 0.5929487179487178 45.301282057692305 45.30769230769231 11.961538461538462 33.34615384615385 3.3687830000003487
144000 701.0192307692307 0.2073357559390089 19.659345769230775 0.6025641025641024 45.301282057692305 45.30769230769231 14.5 30.807692307692307 3.5714365000003454
146000 809.6346153846154 0.26510256681451594 19.625053211538464 0.6025641025641025 45.301282057692305 45.30769230769231 14.442307692307692 30.865384615384617 4.02399080000032
148000 814.4615384615385 0.26643356909454136 19.58018142307693 0.6025641025641025 45.301282057692305 45.30769230769231 14.5 30.807692307692307 4.101774900000237
150000 871.5192307692307 0.3038747370520734 18.10479180769231 0.6282051282051283 45.301282057692305 45.30769230769231 15.365384615384615 29.942307692307693 4.033718299999691
152000 871.5192307692307 0.3038747370520734 18.10479180769231 0.6282051282051283 45.301282057692305 45.30769230769231 15.365384615384615 29.942307692307693 3.7311953000003086
154000 871.5192307692307 0.3038747370520734 18.10479180769231 0.6282051282051283 45.301282057692305 45.30769230769231 15.365384615384615 29.942307692307693 3.7998790999999983
156000 877.8269230769231 0.3295990878026932 17.77243276923077 0.671474358974359 45.301282057692305 45.30769230769231 15.653846153846153 29.653846153846153 3.689370399999916
158000 877.8269230769231 0.3295990878026932 17.77243276923077 0.671474358974359 45.301282057692305 45.30769230769231 15.653846153846153 29.653846153846153 3.753037800000129
160000 877.8269230769231 0.3295990878026932 17.77243276923077 0.671474358974359 45.301282057692305 45.30769230769231 15.653846153846153 29.653846153846153 3.780297299999802
162000 877.8269230769231 0.3295990878026932 17.77243276923077 0.671474358974359 45.301282057692305 45.30769230769231 15.653846153846153 29.653846153846153 3.8864380999998502
164000 877.8269230769231 0.3295990878026932 17.77243276923077 0.671474358974359 45.301282057692305 45.30769230769231 15.653846153846153 29.653846153846153 3.933415800000148
166000 877.8269230769231 0.3295990878026932 17.77243276923077 0.671474358974359 45.301282057692305 45.30769230769231 15.653846153846153 29.653846153846153 3.9168964000000415
168000 877.8269230769231 0.3295990878026932 17.77243276923077 0.671474358974359 45.301282057692305 45.30769230769231 15.653846153846153 29.653846153846153 3.8251699999996163
170000 877.8269230769231 0.3295990878026932 17.77243276923077 0.671474358974359 45.301282057692305 45.30769230769231 15.653846153846153 29.653846153846153 4.160939799999596
172000 877.8269230769231 0.32039313095846506 17.77243276923077 0.671474358974359 45.301282057692305 45.30769230769231 15.653846153846153 29.653846153846153 3.727650299999823
174000 877.8269230769231 0.32039313095846506 17.77243276923077 0.671474358974359 45.301282057692305 45.30769230769231 15.653846153846153 29.653846153846153 3.833985099999609
176000 877.8269230769231 0.32039313095846506 17.77243276923077 0.671474358974359 45.301282057692305 45.30769230769231 15.653846153846153 29.653846153846153 3.696968199999901
178000 877.8269230769231 0.32039313095846506 17.77243276923077 0.671474358974359 45.301282057692305 45.30769230769231 15.653846153846153 29.653846153846153 3.863870300000144
180000 877.8269230769231 0.32039313095846506 17.77243276923077 0.671474358974359 45.301282057692305 45.30769230769231 15.653846153846153 29.653846153846153 3.806370600000264
182000 877.8269230769231 0.32039313095846506 17.77243276923077 0.671474358974359 45.301282057692305 45.30769230769231 15.653846153846153 29.653846153846153 3.871491999999762
184000 877.8269230769231 0.32039313095846506 17.77243276923077 0.671474358974359 45.301282057692305 45.30769230769231 15.653846153846153 29.653846153846153 3.7927852999996503
186000 877.8269230769231 0.32039313095846506 17.77243276923077 0.671474358974359 45.301282057692305 45.30769230769231 15.653846153846153 29.653846153846153 3.88180710000006
188000 877.8269230769231 0.3295990878026932 17.77243276923077 0.671474358974359 45.301282057692305 45.30769230769231 15.653846153846153 29.653846153846153 3.7500405000000683
190000 877.8269230769231 0.3295990878026932 17.77243276923077 0.671474358974359 45.301282057692305 45.30769230769231 15.653846153846153 29.653846153846153 3.7296354000000065
192000 860.2884615384615 0.3246291997701036 17.91020273076923 0.6618589743589745 45.301282057692305 45.30769230769231 15.307692307692308 30.0 3.5680443000001105
194000 877.8269230769231 0.3295990878026932 17.77243276923077 0.671474358974359 45.301282057692305 45.30769230769231 15.653846153846153 29.653846153846153 3.7905621999998402
196000 877.8269230769231 0.3295990878026932 17.77243276923077 0.671474358974359 45.301282057692305 45.30769230769231 15.653846153846153 29.653846153846153 3.7593925999999556
198000 877.8269230769231 0.3295990878026932 17.77243276923077 0.671474358974359 45.301282057692305 45.30769230769231 15.653846153846153 29.653846153846153 3.849386300000333
200000 877.8269230769231 0.3295990878026932 17.77243276923077 0.671474358974359 45.301282057692305 45.30769230769231 15.653846153846153 29.653846153846153 3.6823740999998336
202000 877.8269230769231 0.3295990878026932 17.77243276923077 0.671474358974359 45.301282057692305 45.30769230769231 15.653846153846153 29.653846153846153 4.163477499999317
204000 877.8269230769231 0.3295990878026932 17.77243276923077 0.671474358974359 45.301282057692305 45.30769230769231 15.653846153846153 29.653846153846153 3.850218099999438
206000 877.8269230769231 0.32039313095846506 17.77243276923077 0.671474358974359 45.301282057692305 45.30769230769231 15.653846153846153 29.653846153846153 3.9148855000003095
208000 877.8269230769231 0.3295990878026932 17.77243276923077 0.671474358974359 45.301282057692305 45.30769230769231 15.653846153846153 29.653846153846153 3.7873316000004706
210000 877.8269230769231 0.3295990878026932 17.77243276923077 0.671474358974359 45.301282057692305 45.30769230769231 15.653846153846153 29.653846153846153 3.901322099999561
212000 877.8269230769231 0.3295990878026932 17.77243276923077 0.671474358974359 45.301282057692305 45.30769230769231 15.653846153846153 29.653846153846153 3.6671572000004744
214000 877.8269230769231 0.3295990878026932 17.77243276923077 0.671474358974359 45.301282057692305 45.30769230769231 15.653846153846153 29.653846153846153 3.766452699999718
216000 877.8269230769231 0.3295990878026932 17.77243276923077 0.671474358974359 45.301282057692305 45.30769230769231 15.653846153846153 29.653846153846153 3.7589828999998645
218000 877.8269230769231 0.3295990878026932 17.77243276923077 0.671474358974359 45.301282057692305 45.30769230769231 15.653846153846153 29.653846153846153 3.7067575999999463
220000 877.8269230769231 0.3295990878026932 17.77243276923077 0.671474358974359 45.301282057692305 45.30769230769231 15.653846153846153 29.653846153846153 3.7503223000003345
222000 877.8269230769231 0.3272636997846317 17.77243276923077 0.671474358974359 45.301282057692305 45.30769230769231 15.653846153846153 29.653846153846153 3.897192100000211
224000 877.8269230769231 0.3295990878026932 17.77243276923077 0.671474358974359 45.301282057692305 45.30769230769231 15.653846153846153 29.653846153846153 3.5506876999997985
226000 877.8269230769231 0.3295990878026932 17.77243276923077 0.671474358974359 45.301282057692305 45.30769230769231 15.653846153846153 29.653846153846153 3.480473300000085
228000 877.8269230769231 0.32601804161801634 17.77243276923077 0.671474358974359 45.301282057692305 45.30769230769231 15.653846153846153 29.653846153846153 3.7282513999998628
230000 877.8269230769231 0.32039313095846506 17.77243276923077 0.671474358974359 45.301282057692305 45.30769230769231 15.653846153846153 29.653846153846153 3.562359600000491
232000 877.8269230769231 0.32039313095846506 17.77243276923077 0.671474358974359 45.301282057692305 45.30769230769231 15.653846153846153 29.653846153846153 3.5793718000004446
234000 877.8269230769231 0.32039313095846506 17.77243276923077 0.671474358974359 45.301282057692305 45.30769230769231 15.653846153846153 29.653846153846153 3.589707599999201
236000 877.8269230769231 0.32039313095846506 17.77243276923077 0.671474358974359 45.301282057692305 45.30769230769231 15.653846153846153 29.653846153846153 3.552024099999471
238000 877.8269230769231 0.3295990878026932 17.77243276923077 0.671474358974359 45.301282057692305 45.30769230769231 15.653846153846153 29.653846153846153 3.7999487999995836
240000 877.8269230769231 0.32039313095846506 17.77243276923077 0.671474358974359 45.301282057692305 45.30769230769231 15.653846153846153 29.653846153846153 3.7077249999993
242000 877.8269230769231 0.3295990878026932 17.77243276923077 0.671474358974359 45.301282057692305 45.30769230769231 15.653846153846153 29.653846153846153 3.687945700000455
244000 877.8269230769231 0.32039313095846506 17.77243276923077 0.671474358974359 45.301282057692305 45.30769230769231 15.653846153846153 29.653846153846153 3.5704482999999527
246000 877.8269230769231 0.3179509989316376 17.77243276923077 0.671474358974359 45.301282057692305 45.30769230769231 15.653846153846153 29.653846153846153 3.5106402000001253
248000 877.8269230769231 0.32039313095846506 17.77243276923077 0.671474358974359 45.301282057692305 45.30769230769231 15.653846153846153 29.653846153846153 3.727526699999544
250000 877.8269230769231 0.32039313095846506 17.77243276923077 0.671474358974359 45.301282057692305 45.30769230769231 15.653846153846153 29.653846153846153 3.4763757000000624
252000 877.8269230769231 0.3180577429404036 17.77243276923077 0.671474358974359 45.301282057692305 45.30769230769231 15.653846153846153 29.653846153846153 3.596772400000191
254000 877.8269230769231 0.31561561091357604 17.77243276923077 0.671474358974359 45.301282057692305 45.30769230769231 15.653846153846153 29.653846153846153 3.7495419000006223
256000 877.8269230769231 0.31561561091357604 17.77243276923077 0.671474358974359 45.301282057692305 45.30769230769231 15.653846153846153 29.653846153846153 3.6662759000000733
258000 881.9038461538462 0.3227758713945473 17.791663519230774 0.671474358974359 45.301282057692305 45.30769230769231 15.596153846153847 29.71153846153846 3.7134508999997706
260000 881.9038461538462 0.3200025547949827 17.759612250000004 0.671474358974359 45.301282057692305 45.30769230769231 15.653846153846153 29.653846153846153 3.890022399999907
262000 881.9038461538462 0.3223348452766993 17.759612250000004 0.671474358974359 45.301282057692305 45.30769230769231 15.653846153846153 29.653846153846153 3.6818814999996903
264000 877.3846153846154 0.3150572815442638 17.804484038461542 0.671474358974359 45.301282057692305 45.30769230769231 15.596153846153847 29.71153846153846 3.552784700000302
266000 877.8269230769231 0.31561561091357604 17.77243276923077 0.671474358974359 45.301282057692305 45.30769230769231 15.653846153846153 29.653846153846153 3.608391499999925
268000 877.8269230769231 0.31561561091357604 17.77243276923077 0.671474358974359 45.301282057692305 45.30769230769231 15.653846153846153 29.653846153846153 3.828175900000133
270000 877.8269230769231 0.3132833204318595 17.77243276923077 0.671474358974359 45.301282057692305 45.30769230769231 15.653846153846153 29.653846153846153 3.6101671999995233
272000 877.8269230769231 0.3132833204318595 17.77243276923077 0.671474358974359 45.301282057692305 45.30769230769231 15.653846153846153 29.653846153846153 3.6837470000000394
274000 877.8269230769231 0.3132833204318595 17.77243276923077 0.671474358974359 45.301282057692305 45.30769230769231 15.653846153846153 29.653846153846153 3.5861032000002524
276000 877.8269230769231 0.3117661724049571 17.77243276923077 0.671474358974359 45.301282057692305 45.30769230769231 15.653846153846153 29.653846153846153 3.6743249999999534
278000 877.8269230769231 0.3126592831016469 17.77243276923077 0.671474358974359 45.301282057692305 45.30769230769231 15.653846153846153 29.653846153846153 3.5997230000002673
280000 877.8269230769231 0.31244564060436447 17.77243276923077 0.671474358974359 45.301282057692305 45.30769230769231 15.653846153846153 29.653846153846153 3.4384115000002566
282000 877.8269230769231 0.3126592831016469 17.77243276923077 0.671474358974359 45.301282057692305 45.30769230769231 15.653846153846153 29.653846153846153 3.477375999999822
284000 877.8269230769231 0.3141268424049522 17.77243276923077 0.671474358974359 45.301282057692305 45.30769230769231 15.653846153846153 29.653846153846153 3.6319926999995005
286000 877.8269230769231 0.31256318495725116 17.77243276923077 0.671474358974359 45.301282057692305 45.30769230769231 15.653846153846153 29.653846153846153 3.4302050999995117
288000 877.8269230769231 0.31255830092839454 17.77243276923077 0.671474358974359 45.301282057692305 45.30769230769231 15.653846153846153 29.653846153846153 3.830881599999884
290000 877.8269230769231 0.31255830092839454 17.77243276923077 0.671474358974359 45.301282057692305 45.30769230769231 15.653846153846153 29.653846153846153 3.4888785000002827
292000 877.8269230769231 0.31256318495725116 17.77243276923077 0.671474358974359 45.301282057692305 45.30769230769231 15.653846153846153 29.653846153846153 3.61188840000068
294000 877.8269230769231 0.3127197010813568 17.77243276923077 0.671474358974359 45.301282057692305 45.30769230769231 15.653846153846153 29.653846153846153 3.682799199999863
296000 877.8269230769231 0.31256318495725116 17.77243276923077 0.671474358974359 45.301282057692305 45.30769230769231 15.653846153846153 29.653846153846153 3.7986470000005284
298000 877.8269230769231 0.31256318495725116 17.77243276923077 0.671474358974359 45.301282057692305 45.30769230769231 15.653846153846153 29.653846153846153 3.5795310000003155
300000 877.8269230769231 0.31266416713050355 17.77243276923077 0.671474358974359 45.301282057692305 45.30769230769231 15.653846153846153 29.653846153846153 3.588406099999702
302000 877.8269230769231 0.31266416713050355 17.77243276923077 0.671474358974359 45.301282057692305 45.30769230769231 15.653846153846153 29.653846153846153 3.621758199999931
304000 877.8269230769231 0.31266416713050355 17.77243276923077 0.671474358974359 45.301282057692305 45.30769230769231 15.653846153846153 29.653846153846153 3.5300553999995827
306000 877.8269230769231 0.31266416713050355 17.77243276923077 0.671474358974359 45.301282057692305 45.30769230769231 15.653846153846153 29.653846153846153 3.5024559000003137
308000 877.8269230769231 0.31266416713050355 17.77243276923077 0.671474358974359 45.301282057692305 45.30769230769231 15.653846153846153 29.653846153846153 3.7428773999999976
310000 877.8269230769231 0.31177105643381364 17.77243276923077 0.671474358974359 45.301282057692305 45.30769230769231 15.653846153846153 29.653846153846153 3.5890048000001116
312000 877.8269230769231 0.31177105643381364 17.77243276923077 0.671474358974359 45.301282057692305 45.30769230769231 15.653846153846153 29.653846153846153 3.530937399999857
314000 877.8269230769231 0.31266416713050355 17.77243276923077 0.671474358974359 45.301282057692305 45.30769230769231 15.653846153846153 29.653846153846153 3.517255199999454
316000 877.8269230769231 0.31266416713050355 17.77243276923077 0.671474358974359 45.301282057692305 45.30769230769231 15.653846153846153 29.653846153846153 3.701541699999325
318000 877.8269230769231 0.31266416713050355 17.77243276923077 0.671474358974359 45.301282057692305 45.30769230769231 15.653846153846153 29.653846153846153 3.7432378000003155
320000 877.8269230769231 0.31266416713050355 17.77243276923077 0.671474358974359 45.301282057692305 45.30769230769231 15.653846153846153 29.653846153846153 3.5222131000000445
322000 873.25 0.3089545814739828 17.840849173076926 0.6618589743589745 45.301282057692305 45.30769230769231 15.48076923076923 29.826923076923077 3.674082300000009
324000 877.8269230769231 0.31376456270533015 17.77243276923077 0.671474358974359 45.301282057692305 45.30769230769231 15.653846153846153 29.653846153846153 3.5460838999997577
326000 877.8269230769231 0.31376456270533015 17.77243276923077 0.671474358974359 45.301282057692305 45.30769230769231 15.653846153846153 29.653846153846153 3.680646499999966
328000 877.8269230769231 0.31287145200864025 17.77243276923077 0.671474358974359 45.301282057692305 45.30769230769231 15.653846153846153 29.653846153846153 4.395799599999918
330000 877.8269230769231 0.3125383554213151 17.77243276923077 0.671474358974359 45.301282057692305 45.30769230769231 15.653846153846153 29.653846153846153 3.584478300000228
332000 877.8269230769231 0.31177105643381364 17.77243276923077 0.671474358974359 45.301282057692305 45.30769230769231 15.653846153846153 29.653846153846153 3.5245906000000105
334000 877.8269230769231 0.31177105643381364 17.77243276923077 0.671474358974359 45.301282057692305 45.30769230769231 15.653846153846153 29.653846153846153 3.7638343999997232
336000 877.8269230769231 0.31177105643381364 17.77243276923077 0.671474358974359 45.301282057692305 45.30769230769231 15.653846153846153 29.653846153846153 3.678373200000351
338000 877.8269230769231 0.31177105643381364 17.77243276923077 0.671474358974359 45.301282057692305 45.30769230769231 15.653846153846153 29.653846153846153 3.704913800000213
340000 877.8269230769231 0.31155252990767457 17.77243276923077 0.671474358974359 45.301282057692305 45.30769230769231 15.653846153846153 29.653846153846153 3.5066351000004943
342000 877.8269230769231 0.31155252990767457 17.77243276923077 0.671474358974359 45.301282057692305 45.30769230769231 15.653846153846153 29.653846153846153 3.5635597000000416
344000 877.8269230769231 0.31155252990767457 17.77243276923077 0.671474358974359 45.301282057692305 45.30769230769231 15.653846153846153 29.653846153846153 3.5678707999995822
346000 877.8269230769231 0.31155252990767457 17.77243276923077 0.671474358974359 45.301282057692305 45.30769230769231 15.653846153846153 29.653846153846153 3.8662518000001
348000 877.8269230769231 0.31155252990767457 17.77243276923077 0.671474358974359 45.301282057692305 45.30769230769231 15.653846153846153 29.653846153846153 3.692327099999602
350000 877.8269230769231 0.31155252990767457 17.77243276923077 0.671474358974359 45.301282057692305 45.30769230769231 15.653846153846153 29.653846153846153 3.6975293000004967
352000 877.8269230769231 0.31155252990767457 17.77243276923077 0.671474358974359 45.301282057692305 45.30769230769231 15.653846153846153 29.653846153846153 3.6775235000004614
354000 877.8269230769231 0.31155252990767457 17.77243276923077 0.671474358974359 45.301282057692305 45.30769230769231 15.653846153846153 29.653846153846153 3.6866221000000223
356000 877.8269230769231 0.31155252990767457 17.77243276923077 0.671474358974359 45.301282057692305 45.30769230769231 15.653846153846153 29.653846153846153 3.783002099999976
358000 877.8269230769231 0.31155252990767457 17.77243276923077 0.671474358974359 45.301282057692305 45.30769230769231 15.653846153846153 29.653846153846153 3.6353030000000217
360000 877.8269230769231 0.31155252990767457 17.77243276923077 0.671474358974359 45.301282057692305 45.30769230769231 15.653846153846153 29.653846153846153 3.7122337999999218
362000 877.8269230769231 0.31155252990767457 17.77243276923077 0.671474358974359 45.301282057692305 45.30769230769231 15.653846153846153 29.653846153846153 3.7850444000005155
364000 877.8269230769231 0.31155252990767457 17.77243276923077 0.671474358974359 45.301282057692305 45.30769230769231 15.653846153846153 29.653846153846153 3.756427399999666
366000 874.4615384615385 0.31066232869125204 17.83876076923077 0.6618589743589745 45.301282057692305 45.30769230769231 15.5 29.807692307692307 3.8355406999999104
368000 877.8269230769231 0.31155252990767457 17.77243276923077 0.671474358974359 45.301282057692305 45.30769230769231 15.653846153846153 29.653846153846153 3.591478499999539
370000 877.8269230769231 0.31155252990767457 17.77243276923077 0.671474358974359 45.301282057692305 45.30769230769231 15.653846153846153 29.653846153846153 3.5156071999999767
372000 877.8269230769231 0.31155252990767457 17.77243276923077 0.671474358974359 45.301282057692305 45.30769230769231 15.653846153846153 29.653846153846153 3.682432499999777
374000 877.8269230769231 0.31155252990767457 17.77243276923077 0.671474358974359 45.301282057692305 45.30769230769231 15.653846153846153 29.653846153846153 3.4808037000002514
376000 877.8269230769231 0.31155252990767457 17.77243276923077 0.671474358974359 45.301282057692305 45.30769230769231 15.653846153846153 29.653846153846153 3.547565700000632
378000 877.8269230769231 0.31155252990767457 17.77243276923077 0.671474358974359 45.301282057692305 45.30769230769231 15.653846153846153 29.653846153846153 3.64072970000052
380000 877.8269230769231 0.31155252990767457 17.77243276923077 0.671474358974359 45.301282057692305 45.30769230769231 15.653846153846153 29.653846153846153 3.5187918999999965
382000 877.8269230769231 0.31155252990767457 17.77243276923077 0.671474358974359 45.301282057692305 45.30769230769231 15.653846153846153 29.653846153846153 3.6904943999998068
384000 877.8269230769231 0.31155252990767457 17.77243276923077 0.671474358974359 45.301282057692305 45.30769230769231 15.653846153846153 29.653846153846153 3.5384345000002213
386000 877.8269230769231 0.29232176067690535 17.77243276923077 0.671474358974359 45.301282057692305 45.30769230769231 15.653846153846153 29.653846153846153 3.697898599999462
388000 877.8269230769231 0.31155252990767457 17.77243276923077 0.671474358974359 45.301282057692305 45.30769230769231 15.653846153846153 29.653846153846153 3.911485900000116
390000 877.8269230769231 0.29232176067690535 17.77243276923077 0.671474358974359 45.301282057692305 45.30769230769231 15.653846153846153 29.653846153846153 3.578551900000093
392000 877.8269230769231 0.31155252990767457 17.77243276923077 0.671474358974359 45.301282057692305 45.30769230769231 15.653846153846153 29.653846153846153 3.6792122999995627
394000 881.0192307692307 0.3168135492021807 17.759612250000004 0.671474358974359 45.301282057692305 45.30769230769231 15.653846153846153 29.653846153846153 3.733681300000171
396000 877.8269230769231 0.31155252990767457 17.77243276923077 0.671474358974359 45.301282057692305 45.30769230769231 15.653846153846153 29.653846153846153 3.5645669000005
398000 877.8269230769231 0.29232176067690535 17.77243276923077 0.671474358974359 45.301282057692305 45.30769230769231 15.653846153846153 29.653846153846153 3.5742853000010655
400000 877.8269230769231 0.31155252990767457 17.77243276923077 0.671474358974359 45.301282057692305 45.30769230769231 15.653846153846153 29.653846153846153 3.572074600000633
402000 877.8269230769231 0.31155252990767457 17.77243276923077 0.671474358974359 45.301282057692305 45.30769230769231 15.653846153846153 29.653846153846153 3.5481386999999813
404000 877.8269230769231 0.31004139185616497 17.77243276923077 0.671474358974359 45.301282057692305 45.30769230769231 15.653846153846153 29.653846153846153 3.7353835000012623
406000 877.8269230769231 0.3109345025528549 17.77243276923077 0.671474358974359 45.301282057692305 45.30769230769231 15.653846153846153 29.653846153846153 3.6688253000011173
408000 877.8269230769231 0.31036881498323826 17.77243276923077 0.671474358974359 45.301282057692305 45.30769230769231 15.653846153846153 29.653846153846153 3.6416473999997834
410000 877.8269230769231 0.30947570428654836 17.77243276923077 0.671474358974359 45.301282057692305 45.30769230769231 15.653846153846153 29.653846153846153 3.6615880000008474
412000 877.8269230769231 0.30947570428654836 17.77243276923077 0.671474358974359 45.301282057692305 45.30769230769231 15.653846153846153 29.653846153846153 3.6668504000008397
414000 877.8269230769231 0.309088233952595 17.77243276923077 0.671474358974359 45.301282057692305 45.30769230769231 15.653846153846153 29.653846153846153 3.784678100000747
416000 877.8269230769231 0.30998134464928484 17.77243276923077 0.671474358974359 45.301282057692305 45.30769230769231 15.653846153846153 29.653846153846153 3.731020700000954
418000 877.8269230769231 0.30998134464928484 17.77243276923077 0.671474358974359 45.301282057692305 45.30769230769231 15.653846153846153 29.653846153846153 3.549526099999639
420000 877.8269230769231 0.30998134464928484 17.77243276923077 0.671474358974359 45.301282057692305 45.30769230769231 15.653846153846153 29.653846153846153 3.6600945999998657
422000 877.8269230769231 0.30998134464928484 17.77243276923077 0.671474358974359 45.301282057692305 45.30769230769231 15.653846153846153 29.653846153846153 3.5886236999995162
424000 877.8269230769231 0.30998134464928484 17.77243276923077 0.671474358974359 45.301282057692305 45.30769230769231 15.653846153846153 29.653846153846153 3.7442000999999436
426000 877.8269230769231 0.30998134464928484 17.77243276923077 0.671474358974359 45.301282057692305 45.30769230769231 15.653846153846153 29.653846153846153 3.4686000000001513
428000 877.8269230769231 0.30998134464928484 17.77243276923077 0.671474358974359 45.301282057692305 45.30769230769231 15.653846153846153 29.653846153846153 3.6228033999996114
430000 877.8269230769231 0.30998134464928484 17.77243276923077 0.671474358974359 45.301282057692305 45.30769230769231 15.653846153846153 29.653846153846153 3.689372099999673
432000 877.8269230769231 0.309088233952595 17.77243276923077 0.671474358974359 45.301282057692305 45.30769230769231 15.653846153846153 29.653846153846153 3.475468299999193
434000 877.8269230769231 0.309088233952595 17.77243276923077 0.671474358974359 45.301282057692305 45.30769230769231 15.653846153846153 29.653846153846153 3.6072763000011037
436000 877.8269230769231 0.309088233952595 17.77243276923077 0.671474358974359 45.301282057692305 45.30769230769231 15.653846153846153 29.653846153846153 3.725425100001303
438000 877.8269230769231 0.309088233952595 17.77243276923077 0.671474358974359 45.301282057692305 45.30769230769231 15.653846153846153 29.653846153846153 3.4901924999994662
440000 877.8269230769231 0.30998134464928484 17.77243276923077 0.671474358974359 45.301282057692305 45.30769230769231 15.653846153846153 29.653846153846153 3.6129592999986926
442000 877.8269230769231 0.30947570428654836 17.77243276923077 0.671474358974359 45.301282057692305 45.30769230769231 15.653846153846153 29.653846153846153 3.5110592000000906
444000 877.8269230769231 0.30947570428654836 17.77243276923077 0.671474358974359 45.301282057692305 45.30769230769231 15.653846153846153 29.653846153846153 4.077248999999938
446000 877.8269230769231 0.30947570428654836 17.77243276923077 0.671474358974359 45.301282057692305 45.30769230769231 15.653846153846153 29.653846153846153 3.6184776999998576
448000 877.8269230769231 0.309088233952595 17.77243276923077 0.671474358974359 45.301282057692305 45.30769230769231 15.653846153846153 29.653846153846153 3.7666955000004236
450000 877.8269230769231 0.309088233952595 17.77243276923077 0.671474358974359 45.301282057692305 45.30769230769231 15.653846153846153 29.653846153846153 3.6670541999992565
452000 877.8269230769231 0.309088233952595 17.77243276923077 0.671474358974359 45.301282057692305 45.30769230769231 15.653846153846153 29.653846153846153 3.6608833000009326
454000 877.8269230769231 0.30998134464928484 17.77243276923077 0.671474358974359 45.301282057692305 45.30769230769231 15.653846153846153 29.653846153846153 3.6073755999987043
456000 877.8269230769231 0.309088233952595 17.77243276923077 0.671474358974359 45.301282057692305 45.30769230769231 15.653846153846153 29.653846153846153 3.6514869000002363
458000 877.8269230769231 0.309088233952595 17.77243276923077 0.671474358974359 45.301282057692305 45.30769230769231 15.653846153846153 29.653846153846153 3.583056999999826
460000 877.8269230769231 0.309088233952595 17.77243276923077 0.671474358974359 45.301282057692305 45.30769230769231 15.653846153846153 29.653846153846153 3.5109895000005054
462000 877.8269230769231 0.309088233952595 17.77243276923077 0.671474358974359 45.301282057692305 45.30769230769231 15.653846153846153 29.653846153846153 3.79733909999959
464000 877.8269230769231 0.30947570428654836 17.77243276923077 0.671474358974359 45.301282057692305 45.30769230769231 15.653846153846153 29.653846153846153 3.3593884999991133
466000 877.8269230769231 0.30947570428654836 17.77243276923077 0.671474358974359 45.301282057692305 45.30769230769231 15.653846153846153 29.653846153846153 3.3613683999992645
468000 877.8269230769231 0.30947570428654836 17.77243276923077 0.671474358974359 45.301282057692305 45.30769230769231 15.653846153846153 29.653846153846153 3.45445540000037
470000 877.8269230769231 0.30947570428654836 17.77243276923077 0.671474358974359 45.301282057692305 45.30769230769231 15.653846153846153 29.653846153846153 3.434393200001068
472000 877.8269230769231 0.30947570428654836 17.77243276923077 0.671474358974359 45.301282057692305 45.30769230769231 15.653846153846153 29.653846153846153 3.58846739999899
474000 877.8269230769231 0.30947570428654836 17.77243276923077 0.671474358974359 45.301282057692305 45.30769230769231 15.653846153846153 29.653846153846153 3.4981216000014683
476000 877.8269230769231 0.30947570428654836 17.77243276923077 0.671474358974359 45.301282057692305 45.30769230769231 15.653846153846153 29.653846153846153 3.321007999998983
478000 877.8269230769231 0.30947570428654836 17.77243276923077 0.671474358974359 45.301282057692305 45.30769230769231 15.653846153846153 29.653846153846153 3.52754350000032
480000 877.8269230769231 0.30947570428654836 17.77243276923077 0.671474358974359 45.301282057692305 45.30769230769231 15.653846153846153 29.653846153846153 3.481528199999957
482000 877.8269230769231 0.30947570428654836 17.77243276923077 0.671474358974359 45.301282057692305 45.30769230769231 15.653846153846153 29.653846153846153 3.0973512000000483
484000 877.8269230769231 0.30947570428654836 17.77243276923077 0.671474358974359 45.301282057692305 45.30769230769231 15.653846153846153 29.653846153846153 3.288180599998668
486000 877.8269230769231 0.30947570428654836 17.77243276923077 0.671474358974359 45.301282057692305 45.30769230769231 15.653846153846153 29.653846153846153 3.138646699999299
488000 877.8269230769231 0.30947570428654836 17.77243276923077 0.671474358974359 45.301282057692305 45.30769230769231 15.653846153846153 29.653846153846153 3.202868899999885
490000 877.8269230769231 0.30947570428654836 17.77243276923077 0.671474358974359 45.301282057692305 45.30769230769231 15.653846153846153 29.653846153846153 2.9961543999997957
492000 877.8269230769231 0.30947570428654836 17.77243276923077 0.671474358974359 45.301282057692305 45.30769230769231 15.653846153846153 29.653846153846153 2.4850521999997
494000 877.8269230769231 0.30947570428654836 17.77243276923077 0.671474358974359 45.301282057692305 45.30769230769231 15.653846153846153 29.653846153846153 2.5828935999998066
496000 877.8269230769231 0.30947570428654836 17.77243276923077 0.671474358974359 45.301282057692305 45.30769230769231 15.653846153846153 29.653846153846153 2.4046760000001086
498000 877.8269230769231 0.30947570428654836 17.77243276923077 0.671474358974359 45.301282057692305 45.30769230769231 15.653846153846153 29.653846153846153 2.307903400000214
500000 877.8269230769231 0.30947570428654836 17.77243276923077 0.671474358974359 45.301282057692305 45.30769230769231 15.653846153846153 29.653846153846153 2.3405822000004264
