2000 0.5 0.00013572358892842784 31.872288980769234 0.2419871794871795 45.301282057692305 45.30769230769231 1.3653846153846154 43.94230769230769 3.1843407999840565
4000 0.2692307692307692 0.00018421741597694427 34.82265059615385 0.09935897435897437 45.301282057692305 45.30769230769231 1.4807692307692308 43.82692307692308 3.6417608999763615
6000 0.23076923076923078 6.822635208952628e-05 34.64809246153846 0.10737179487179487 45.301282057692305 45.30769230769231 1.4230769230769231 43.88461538461539 3.7194301999988966
8000 0.4807692307692308 -0.0384035387036711 34.340079942307696 0.15865384615384615 45.301282057692305 45.30769230769231 1.3461538461538463 43.96153846153846 3.513231299992185
10000 0.5192307692307693 5.371668857096663e-05 32.939428942307686 0.15705128205128208 45.301282057692305 45.30769230769231 1.9230769230769231 43.38461538461539 3.8196330999489874
12000 0.46153846153846156 0.00010180186542642102 32.630570538461534 0.1778846153846154 45.301282057692305 45.30769230769231 2.019230769230769 43.28846153846154 3.861467899987474
14000 0.4807692307692308 9.538773447070158e-05 34.106265500000006 0.16987179487179485 45.301282057692305 45.30769230769231 1.0384615384615385 44.26923076923077 3.5882226999965496
16000 0.23076923076923078 0.00012603216558418882 35.022665923076914 0.20032051282051283 45.301282057692305 45.30769230769231 1.0384615384615385 44.26923076923077 3.7370157000259496
18000 0.11538461538461539 0.00010025110453570565 34.02587051923078 0.2211538461538462 45.301282057692305 45.30769230769231 1.0384615384615385 44.26923076923077 3.5833062999881804
20000 0.19230769230769232 -0.42298421778793566 34.74801232692308 0.22916666666666669 45.301282057692305 45.30769230769231 1.0384615384615385 44.26923076923077 3.3442815999733284
22000 0.15384615384615385 -0.07682594212018952 35.00627467307692 0.16666666666666666 45.301282057692305 45.30769230769231 1.0384615384615385 44.26923076923077 3.6119505999959074
24000 0.15384615384615385 -0.557641639019689 34.74742373076925 0.20673076923076927 45.301282057692305 45.30769230769231 1.1730769230769231 44.13461538461539 2.846583999984432
26000 0.09615384615384616 -0.26909460184979406 35.2458221923077 0.2115384615384615 45.301282057692305 45.30769230769231 1.1538461538461537 44.15384615384615 3.2457130000111647
28000 0.1346153846153846 -0.6730521294299284 33.1953396730769 0.20512820512820512 45.301282057692305 45.30769230769231 1.9807692307692308 43.32692307692308 3.140506399970036
30000 0.11538461538461539 6.900374833226346e-05 34.58756990384615 0.14423076923076922 45.301282057692305 45.30769230769231 1.2692307692307692 44.03846153846154 3.1521987000014633
32000 0.25 0.0001220857029627221 32.87549619230769 0.18429487179487178 45.301282057692305 45.30769230769231 1.8653846153846154 43.44230769230769 3.494986900012009
34000 0.19230769230769232 0.00010896533454938379 33.01696730769232 0.16666666666666663 45.301282057692305 45.30769230769231 2.326923076923077 42.98076923076923 3.3875426999875344
36000 0.21153846153846154 6.211899177897716e-05 33.48057021153847 0.1362179487179487 45.301282057692305 45.30769230769231 2.3076923076923075 43.0 3.4369750000187196
38000 0.25 0.0001536118331863996 32.44477909615384 0.17628205128205127 45.301282057692305 45.30769230769231 1.9038461538461537 43.40384615384615 3.4464774999651127
40000 0.25 -0.019112349953328406 32.59712957692308 0.20352564102564108 45.301282057692305 45.30769230769231 2.0 43.30769230769231 3.376412599987816
42000 0.19230769230769232 -0.05755926823406073 33.536503153846155 0.18589743589743588 45.301282057692305 45.30769230769231 2.019230769230769 43.28846153846154 3.344107199984137
44000 0.19230769230769232 -0.01911499279599715 33.885480826923086 0.16025641025641027 45.301282057692305 45.30769230769231 1.9230769230769231 43.38461538461539 3.337187199969776
46000 0.36538461538461536 -0.057513539634655005 33.793599653846165 0.17948717948717946 45.301282057692305 45.30769230769231 1.3269230769230769 43.98076923076923 3.290591500001028
48000 0.23076923076923078 -0.05756273254026408 34.25983890384616 0.1330128205128205 45.301282057692305 45.30769230769231 1.1730769230769231 44.13461538461539 3.366595600033179
50000 0.4807692307692308 -0.03833554355023049 33.11758421153846 0.21474358974358973 45.301282057692305 45.30769230769231 1.0384615384615385 44.26923076923077 3.3655560999759473
52000 0.23076923076923078 -0.038294069576201066 32.73766957692308 0.2403846153846154 45.301282057692305 45.30769230769231 1.0384615384615385 44.26923076923077 3.272615800029598
54000 0.23076923076923078 0.00016549851142489094 32.56165930769231 0.27884615384615385 45.301282057692305 45.30769230769231 1.1153846153846154 44.19230769230769 3.3672578999539837
56000 0.34615384615384615 -0.019143029151152294 32.57650540384616 0.23557692307692307 45.301282057692305 45.30769230769231 1.0961538461538463 44.21153846153846 3.3652349000331014
58000 0.34615384615384615 -0.07683507884551877 33.09102584615385 0.21153846153846154 45.301282057692305 45.30769230769231 1.1346153846153846 44.17307692307692 3.479883100022562
60000 0.3076923076923077 -0.11526170336220047 32.822878096153836 0.25 45.301282057692305 45.30769230769231 1.1346153846153846 44.17307692307692 3.3575683999806643
62000 0.19230769230769232 -0.03831172537781847 32.29304353846153 0.34615384615384615 45.301282057692305 45.30769230769231 1.1153846153846154 44.19230769230769 3.2672371999942698
64000 0.19230769230769232 -0.05759244449431617 33.324734076923065 0.25320512820512825 45.301282057692305 45.30769230769231 1.0384615384615385 44.26923076923077 3.3267560999956913
66000 0.28846153846153844 -0.05757999982934222 33.150977365384605 0.2932692307692308 45.301282057692305 45.30769230769231 1.0384615384615385 44.26923076923077 3.344419800036121
68000 0.3076923076923077 -0.019157248484057265 34.183562230769226 0.1650641025641026 45.301282057692305 45.30769230769231 1.0384615384615385 44.26923076923077 3.351757800031919
70000 0.34615384615384615 -0.03831166636964679 34.175656480769234 0.16025641025641024 45.301282057692305 45.30769230769231 1.0384615384615385 44.26923076923077 3.330896199971903
72000 0.25 -0.019078125677194815 33.839001115384605 0.17948717948717946 45.301282057692305 45.30769230769231 1.0384615384615385 44.26923076923077 3.52276569994865
74000 0.46153846153846156 0.00012288771993864778 33.704822365384615 0.17467948717948717 45.301282057692305 45.30769230769231 1.0384615384615385 44.26923076923077 3.4763011999893934
76000 0.3076923076923077 0.00010089047673260224 33.693167576923074 0.16987179487179488 45.301282057692305 45.30769230769231 1.0384615384615385 44.26923076923077 3.379921599989757
78000 0.23076923076923078 7.736188006912754e-05 33.098061173076914 0.16185897435897434 45.301282057692305 45.30769230769231 1.0384615384615385 44.26923076923077 3.7523443999816664
80000 0.23076923076923078 8.847164561373949e-05 33.042763192307675 0.16666666666666666 45.301282057692305 45.30769230769231 1.0576923076923077 44.25 3.373436799971387
82000 0.25 -0.0768139571813337 31.9816311923077 0.2435897435897436 45.301282057692305 45.30769230769231 1.0576923076923077 44.25 3.3508083000197075
84000 0.23076923076923078 8.473809910127378e-05 32.696461057692304 0.19551282051282054 45.301282057692305 45.30769230769231 1.0384615384615385 44.26923076923077 3.5597331000026315
86000 0.23076923076923078 0.00010251507745378746 32.809744942307695 0.16826923076923078 45.301282057692305 45.30769230769231 1.0384615384615385 44.26923076923077 3.4662888000020757
88000 0.23076923076923078 9.02797639648102e-05 32.80313075000001 0.18269230769230768 45.301282057692305 45.30769230769231 1.0384615384615385 44.26923076923077 3.306799600017257
90000 0.21153846153846154 0.00010245011707117789 32.94944507692309 0.19551282051282054 45.301282057692305 45.30769230769231 1.0961538461538463 44.21153846153846 3.4144932000199333
92000 0.2692307692307692 0.00011582034650744166 33.456501499999995 0.171474358974359 45.301282057692305 45.30769230769231 1.0384615384615385 44.26923076923077 3.5192294000298716
94000 0.25 0.00012716655861983762 32.56122253846154 0.18589743589743593 45.301282057692305 45.30769230769231 1.0384615384615385 44.26923076923077 3.43617489997996
96000 0.23076923076923078 0.00010185866349680496 33.29046584615384 0.16666666666666669 45.301282057692305 45.30769230769231 1.0384615384615385 44.26923076923077 3.448638200003188
98000 0.2692307692307692 -0.03837330635768536 33.01358246153847 0.1746794871794872 45.301282057692305 45.30769230769231 1.0384615384615385 44.26923076923077 3.3414777999860235
100000 0.36538461538461536 0.00019088235104780955 32.38324015384615 0.21955128205128205 45.301282057692305 45.30769230769231 1.0384615384615385 44.26923076923077 3.3618319000233896
102000 0.25 7.834734312371926e-05 32.64873192307692 0.20352564102564102 45.301282057692305 45.30769230769231 1.0384615384615385 44.26923076923077 3.4617018999997526
104000 0.28846153846153844 0.00010409511295859608 32.33356051923077 0.18589743589743593 45.301282057692305 45.30769230769231 1.1346153846153846 44.17307692307692 3.421135200012941
106000 0.2692307692307692 9.821021834615494e-05 32.770526749999995 0.16987179487179485 45.301282057692305 45.30769230769231 1.0961538461538463 44.21153846153846 3.471187799994368
108000 0.25 0.00011187186055623688 31.711765615384614 0.22756410256410253 45.301282057692305 45.30769230769231 1.0576923076923077 44.25 3.464142399956472
110000 0.3076923076923077 0.000100716507891365 32.27266292307692 0.21794871794871792 45.301282057692305 45.30769230769231 1.0961538461538463 44.21153846153846 3.522914099972695
112000 0.2692307692307692 8.196857205017356e-05 32.72031288461538 0.19391025641025642 45.301282057692305 45.30769230769231 1.2307692307692308 44.07692307692308 3.427216199983377
114000 0.2692307692307692 6.357776224705996e-05 33.342108249999995 0.16666666666666666 45.301282057692305 45.30769230769231 1.0576923076923077 44.25 3.483347400033381
116000 0.2692307692307692 8.369968372786939e-05 33.11454403846154 0.18589743589743593 45.301282057692305 45.30769230769231 1.1153846153846154 44.19230769230769 3.475012000009883
118000 0.2692307692307692 0.00013019541798077897 33.24381788461539 0.15544871794871792 45.301282057692305 45.30769230769231 1.2115384615384615 44.09615384615385 3.5380397000117227
120000 0.17307692307692307 5.0928830652203905e-05 33.29296319230769 0.17307692307692307 45.301282057692305 45.30769230769231 1.0576923076923077 44.25 3.5734257000149228
122000 0.19230769230769232 9.472239696848187e-05 33.05578359615385 0.19230769230769232 45.301282057692305 45.30769230769231 1.0576923076923077 44.25 3.425555899972096
124000 0.19230769230769232 0.00011496081419779326 33.984203384615384 0.20993589743589747 45.301282057692305 45.30769230769231 1.0384615384615385 44.26923076923077 3.481190200021956
126000 0.1346153846153846 7.493302340350058e-05 34.919456999999994 0.2099358974358974 45.301282057692305 45.30769230769231 1.0961538461538463 44.21153846153846 3.4391184999840334
128000 0.11538461538461539 4.4702091353110914e-05 34.99912707692307 0.19391025641025642 45.301282057692305 45.30769230769231 1.0769230769230769 44.23076923076923 3.421769000007771
130000 0.19230769230769232 0.00012957299652026501 34.19691736538461 0.15064102564102563 45.301282057692305 45.30769230769231 1.1730769230769231 44.13461538461539 3.3971659999806434
132000 0.11538461538461539 6.764435776682012e-05 34.53299817307693 0.15705128205128205 45.301282057692305 45.30769230769231 1.0576923076923077 44.25 3.46901619998971
134000 0.11538461538461539 7.488682958515914e-05 34.579740000000015 0.16506410256410253 45.301282057692305 45.30769230769231 1.0576923076923077 44.25 3.514996699988842
136000 0.17307692307692307 7.719293715380642e-05 34.83727250000001 0.15384615384615385 45.301282057692305 45.30769230769231 1.0384615384615385 44.26923076923077 3.549689400009811
138000 0.19230769230769232 8.134487131381248e-05 34.67594805769231 0.15865384615384615 45.301282057692305 45.30769230769231 1.0384615384615385 44.26923076923077 3.373787499964237
140000 0.1346153846153846 6.098204626395185e-05 34.864002576923085 0.16346153846153846 45.301282057692305 45.30769230769231 1.0384615384615385 44.26923076923077 3.2783857000176795
142000 0.15384615384615385 4.386981098546768e-05 35.18078580769231 0.18589743589743593 45.301282057692305 45.30769230769231 1.0384615384615385 44.26923076923077 3.3876715000369586
144000 0.11538461538461539 4.4570883625897165e-05 35.278590615384616 0.1746794871794872 45.301282057692305 45.30769230769231 1.0384615384615385 44.26923076923077 3.5174622999620624
146000 0.1346153846153846 3.989195035570229e-05 35.107134269230784 0.16025641025641027 45.301282057692305 45.30769230769231 1.0384615384615385 44.26923076923077 3.452903099998366
148000 0.15384615384615385 5.220450399324589e-05 35.11195198076923 0.14423076923076925 45.301282057692305 45.30769230769231 1.0384615384615385 44.26923076923077 3.5349413999938406
150000 0.1346153846153846 6.83104734747027e-05 35.31883840384616 0.11057692307692306 45.301282057692305 45.30769230769231 1.0384615384615385 44.26923076923077 3.371807799965609
152000 0.11538461538461539 4.5443217406666324e-05 35.30056875 0.1394230769230769 45.301282057692305 45.30769230769231 1.0384615384615385 44.26923076923077 3.485836500010919
154000 0.11538461538461539 7.909545223454509e-05 35.2579761153846 0.14423076923076922 45.301282057692305 45.30769230769231 1.1153846153846154 44.19230769230769 3.4708890999900177
156000 0.1346153846153846 -0.038329715477927837 35.155755250000006 0.11698717948717949 45.301282057692305 45.30769230769231 1.2307692307692308 44.07692307692308 3.5484097999869846
158000 0.17307692307692307 7.484269236525747e-05 35.390637730769235 0.10737179487179487 45.301282057692305 45.30769230769231 1.0384615384615385 44.26923076923077 3.399700000009034
160000 0.09615384615384616 3.414489906873424e-05 35.22779853846154 0.12980769230769232 45.301282057692305 45.30769230769231 1.0384615384615385 44.26923076923077 3.4210344000020996
162000 0.21153846153846154 8.724807384016257e-05 34.788282865384616 0.16826923076923078 45.301282057692305 45.30769230769231 1.0769230769230769 44.23076923076923 3.6099526999751106
164000 0.21153846153846154 0.00011876380242944743 34.51443469230769 0.17948717948717946 45.301282057692305 45.30769230769231 1.1730769230769231 44.13461538461539 3.4896672999602742
166000 0.21153846153846154 -0.11525312822540117 33.69663736538462 0.23076923076923078 45.301282057692305 45.30769230769231 1.3653846153846154 43.94230769230769 3.476788600033615
168000 0.3269230769230769 0.0001558024651739382 33.8652038076923 0.2003205128205128 45.301282057692305 45.30769230769231 1.0961538461538463 44.21153846153846 3.474894499988295
170000 0.21153846153846154 -0.019112751316611373 33.793948365384615 0.23237179487179485 45.301282057692305 45.30769230769231 1.3653846153846154 43.94230769230769 3.468347499961965
172000 0.19230769230769232 6.977965899797451e-05 33.9977943653846 0.20673076923076922 45.301282057692305 45.30769230769231 1.25 44.05769230769231 3.571430000010878
174000 0.2692307692307692 0.00013642683039976367 34.36043184615385 0.1810897435897436 45.301282057692305 45.30769230769231 1.0384615384615385 44.26923076923077 3.5499607999809086
176000 0.19230769230769232 -0.019169286035198137 34.85679959615384 0.16826923076923078 45.301282057692305 45.30769230769231 1.0961538461538463 44.21153846153846 3.443364800012205
178000 0.15384615384615385 -0.07680432400223369 35.025870692307706 0.12820512820512822 45.301282057692305 45.30769230769231 1.1346153846153846 44.17307692307692 3.314331499976106
180000 0.17307692307692307 -0.019176185376973437 35.4471546923077 0.15224358974358976 45.301282057692305 45.30769230769231 1.1923076923076923 44.11538461538461 3.4013126000063494
182000 0.17307692307692307 6.126539072088885e-05 34.852900192307686 0.1330128205128205 45.301282057692305 45.30769230769231 1.0769230769230769 44.23076923076923 3.433163899986539
184000 0.17307692307692307 8.163533646233372e-05 34.406852711538455 0.16987179487179485 45.301282057692305 45.30769230769231 1.0769230769230769 44.23076923076923 3.45644340000581
186000 0.17307692307692307 9.83486951460151e-05 33.80311273076922 0.19070512820512817 45.301282057692305 45.30769230769231 1.1538461538461537 44.15384615384615 3.3518335000262596
188000 0.2692307692307692 -0.11520313463589178 32.611553538461536 0.264423076923077 45.301282057692305 45.30769230769231 2.1346153846153846 43.17307692307692 3.4202973000355996
190000 0.3269230769230769 0.0001378148406647083 34.03356225 0.1971153846153846 45.301282057692305 45.30769230769231 1.3846153846153846 43.92307692307692 3.5220679999911226
192000 0.3076923076923077 9.93623862287171e-05 33.724765596153844 0.2211538461538462 45.301282057692305 45.30769230769231 1.1923076923076923 44.11538461538461 3.526937699993141
194000 0.28846153846153844 -0.019111724235856976 33.27828171153846 0.27884615384615385 45.301282057692305 45.30769230769231 1.2884615384615385 44.01923076923077 3.477232599980198
196000 0.25 9.029814708172882e-05 33.34616392307692 0.23397435897435903 45.301282057692305 45.30769230769231 1.0576923076923077 44.25 3.4866987999994308
198000 0.19230769230769232 0.0001298324911653261 33.638141961538466 0.2275641025641026 45.301282057692305 45.30769230769231 1.0384615384615385 44.26923076923077 3.338837400020566
200000 0.1346153846153846 -0.01914643961908693 33.487350134615376 0.21955128205128208 45.301282057692305 45.30769230769231 1.0769230769230769 44.23076923076923 3.4566627999884076
202000 0.21153846153846154 -0.019130061891647107 33.64920903846154 0.21634615384615388 45.301282057692305 45.30769230769231 1.0769230769230769 44.23076923076923 3.427923299954273
204000 0.15384615384615385 8.11945338393369e-05 33.56657498076923 0.21955128205128208 45.301282057692305 45.30769230769231 1.1923076923076923 44.11538461538461 3.7206379999988712
206000 0.19230769230769232 6.670761205593574e-05 33.33276032692308 0.19871794871794873 45.301282057692305 45.30769230769231 1.1538461538461537 44.15384615384615 3.5091572000528686
208000 0.28846153846153844 -0.019052383947204835 33.70525024999999 0.23237179487179488 45.301282057692305 45.30769230769231 1.0769230769230769 44.23076923076923 3.4095943000284024
210000 0.1346153846153846 7.956535302318663e-05 33.55418146153846 0.1955128205128205 45.301282057692305 45.30769230769231 1.0769230769230769 44.23076923076923 3.4747614999650978
212000 0.1346153846153846 8.299504287154594e-05 33.39392494230768 0.20512820512820515 45.301282057692305 45.30769230769231 1.1153846153846154 44.19230769230769 3.346163499983959
214000 0.19230769230769232 -0.057582469087321494 33.33288528846154 0.1875 45.301282057692305 45.30769230769231 1.4423076923076923 43.86538461538461 3.4949562000110745
216000 0.19230769230769232 -0.019139331862709896 33.4459195576923 0.16666666666666669 45.301282057692305 45.30769230769231 1.5769230769230769 43.73076923076923 3.4501706999726593
218000 0.15384615384615385 4.462953188581457e-05 33.57252265384615 0.19230769230769232 45.301282057692305 45.30769230769231 1.3846153846153846 43.92307692307692 3.4539093999774195
220000 0.1346153846153846 6.420338076701848e-05 33.62936015384615 0.2131410256410256 45.301282057692305 45.30769230769231 1.1538461538461537 44.15384615384615 3.404601200018078
222000 0.11538461538461539 4.223715437771766e-05 33.83774263461539 0.19391025641025642 45.301282057692305 45.30769230769231 1.1538461538461537 44.15384615384615 3.5379786000121385
224000 0.11538461538461539 4.056503761103723e-05 34.05369230769231 0.18910256410256407 45.301282057692305 45.30769230769231 1.1538461538461537 44.15384615384615 3.4668928000028245
226000 0.15384615384615385 4.467968060190138e-05 34.34354234615384 0.16826923076923078 45.301282057692305 45.30769230769231 1.0384615384615385 44.26923076923077 3.4303982999990694
228000 0.1346153846153846 3.076318878896319e-05 34.53138609615385 0.15705128205128208 45.301282057692305 45.30769230769231 1.0769230769230769 44.23076923076923 3.5364676999743097
230000 0.15384615384615385 7.199615761103637e-05 34.47930244230769 0.16666666666666669 45.301282057692305 45.30769230769231 1.0769230769230769 44.23076923076923 3.562020000012126
232000 0.07692307692307693 3.24887283732748e-05 34.20643015384616 0.18589743589743588 45.301282057692305 45.30769230769231 1.0769230769230769 44.23076923076923 3.526882599981036
234000 0.07692307692307693 8.443419239682269e-05 34.60429894230769 0.2051282051282051 45.301282057692305 45.30769230769231 1.0769230769230769 44.23076923076923 3.5554913000087254
236000 0.07692307692307693 9.717578313885733e-05 35.09105467307692 0.15705128205128208 45.301282057692305 45.30769230769231 1.1153846153846154 44.19230769230769 3.5086157000041567
238000 0.1346153846153846 4.270406914966308e-05 35.02192744230769 0.1266025641025641 45.301282057692305 45.30769230769231 1.1153846153846154 44.19230769230769 3.6289028999744914
240000 0.1346153846153846 5.419819081714683e-05 35.09089107692308 0.1490384615384615 45.301282057692305 45.30769230769231 1.1923076923076923 44.11538461538461 3.4608346999739297
242000 0.09615384615384616 4.3784438517843693e-05 34.449254538461545 0.16346153846153846 45.301282057692305 45.30769230769231 1.2884615384615385 44.01923076923077 3.3872116999700665
244000 0.09615384615384616 3.459633601486969e-05 34.597573000000004 0.16666666666666669 45.301282057692305 45.30769230769231 1.1923076923076923 44.11538461538461 3.3762084000045434
246000 0.11538461538461539 3.655464847877226e-05 34.57280444230769 0.16185897435897434 45.301282057692305 45.30769230769231 1.2115384615384615 44.09615384615385 3.535415099991951
248000 0.1346153846153846 6.466280544226032e-05 34.581092288461534 0.1778846153846154 45.301282057692305 45.30769230769231 1.1538461538461537 44.15384615384615 3.50204130000202
250000 0.17307692307692307 -0.019132578939177303 34.42863513461539 0.1618589743589744 45.301282057692305 45.30769230769231 1.1153846153846154 44.19230769230769 3.54614049999509
252000 0.2692307692307692 -0.11529221463259505 33.80792186538463 0.19230769230769226 45.301282057692305 45.30769230769231 1.0384615384615385 44.26923076923077 3.42866520001553
254000 0.15384615384615385 -0.019166659616724247 34.02105378846154 0.1842948717948718 45.301282057692305 45.30769230769231 1.0384615384615385 44.26923076923077 3.426623600011226
256000 0.21153846153846154 -0.07682016213055669 33.823403884615395 0.15224358974358973 45.301282057692305 45.30769230769231 1.0384615384615385 44.26923076923077 3.3812366999918595
258000 0.11538461538461539 9.374127815430613e-05 34.52903659615385 0.17147435897435892 45.301282057692305 45.30769230769231 1.0384615384615385 44.26923076923077 3.488345300022047
260000 0.11538461538461539 3.970653863457869e-05 34.710721596153846 0.16826923076923078 45.301282057692305 45.30769230769231 1.0384615384615385 44.26923076923077 3.5043115000007674
262000 0.09615384615384616 3.455213335877319e-05 34.68569080769231 0.15064102564102563 45.301282057692305 45.30769230769231 1.0384615384615385 44.26923076923077 3.557309299998451
264000 0.09615384615384616 6.694138068940591e-05 34.98227223076924 0.17948717948717946 45.301282057692305 45.30769230769231 1.0961538461538463 44.21153846153846 3.576863599999342
266000 0.07692307692307693 7.01130901483354e-05 34.59178075 0.22115384615384615 45.301282057692305 45.30769230769231 1.0576923076923077 44.25 3.4895183000480756
268000 0.09615384615384616 0.0001043299054007407 34.750114057692315 0.18269230769230765 45.301282057692305 45.30769230769231 1.1538461538461537 44.15384615384615 3.5908492999733426
270000 0.09615384615384616 4.134697139149484e-05 34.62922230769231 0.19070512820512822 45.301282057692305 45.30769230769231 1.0961538461538463 44.21153846153846 3.520858300034888
272000 0.15384615384615385 4.4075147363037755e-05 34.36110946153846 0.1618589743589743 45.301282057692305 45.30769230769231 1.2692307692307692 44.03846153846154 3.5088897999958135
274000 0.15384615384615385 7.676401383759601e-05 34.50678599999999 0.18108974358974358 45.301282057692305 45.30769230769231 1.2307692307692308 44.07692307692308 3.5172306000022218
276000 0.09615384615384616 3.8304122900228756e-05 34.63811240384616 0.1794871794871795 45.301282057692305 45.30769230769231 1.0769230769230769 44.23076923076923 3.6648209000122733
278000 0.09615384615384616 6.924482362973047e-05 34.611937115384606 0.2115384615384615 45.301282057692305 45.30769230769231 1.0576923076923077 44.25 3.518879499984905
280000 0.09615384615384616 4.914335399088645e-05 34.71412746153846 0.18589743589743585 45.301282057692305 45.30769230769231 1.0384615384615385 44.26923076923077 3.628887999977451
282000 0.07692307692307693 5.598561585511008e-05 34.77043125 0.22916666666666669 45.301282057692305 45.30769230769231 1.0769230769230769 44.23076923076923 3.610451699991245
284000 0.11538461538461539 9.624716940501186e-05 34.72303559615384 0.2003205128205128 45.301282057692305 45.30769230769231 1.1538461538461537 44.15384615384615 3.443906100001186
286000 0.11538461538461539 5.8926415163230926e-05 34.50852342307692 0.1907051282051282 45.301282057692305 45.30769230769231 1.0384615384615385 44.26923076923077 3.5648443999816664
288000 0.11538461538461539 7.056292399083453e-05 33.56974065384616 0.18589743589743588 45.301282057692305 45.30769230769231 1.0384615384615385 44.26923076923077 3.533632899983786
290000 0.1346153846153846 7.240234075154836e-05 33.14890682692308 0.20833333333333331 45.301282057692305 45.30769230769231 1.0576923076923077 44.25 3.528392600012012
292000 0.19230769230769232 0.00021007147750272387 33.38057078846154 0.20673076923076922 45.301282057692305 45.30769230769231 1.1153846153846154 44.19230769230769 3.6084159000311047
294000 0.19230769230769232 0.00021576797595910282 33.52126769230768 0.21314102564102566 45.301282057692305 45.30769230769231 1.1346153846153846 44.17307692307692 3.505315700022038
296000 0.09615384615384616 8.96028659712582e-05 33.01635146153846 0.2147435897435897 45.301282057692305 45.30769230769231 1.0384615384615385 44.26923076923077 3.572433900029864
298000 0.1346153846153846 6.677308054501412e-05 33.790390326923074 0.2051282051282051 45.301282057692305 45.30769230769231 1.0384615384615385 44.26923076923077 3.4819069000077434
300000 0.17307692307692307 0.0002277802581565499 32.868283961538445 0.25 45.301282057692305 45.30769230769231 1.0769230769230769 44.23076923076923 3.488683999981731
302000 0.21153846153846154 8.032074930515669e-05 31.21710744230768 0.2275641025641026 45.301282057692305 45.30769230769231 1.0769230769230769 44.23076923076923 3.4927605999982916
304000 0.17307692307692307 7.420753831151777e-05 31.505569173076918 0.21314102564102566 45.301282057692305 45.30769230769231 1.0961538461538463 44.21153846153846 3.4701335999998264
306000 0.23076923076923078 0.00013026773044393672 31.449479519230767 0.2371794871794872 45.301282057692305 45.30769230769231 1.1153846153846154 44.19230769230769 3.541225900000427
308000 0.23076923076923078 8.439604384204193e-05 32.209095576923076 0.21474358974358976 45.301282057692305 45.30769230769231 1.0769230769230769 44.23076923076923 3.581493700039573
310000 0.2692307692307692 0.00012782447950058641 31.6546080576923 0.24839743589743588 45.301282057692305 45.30769230769231 1.0961538461538463 44.21153846153846 3.498213000013493
312000 0.15384615384615385 6.406611433203342e-05 31.932920461538462 0.2516025641025641 45.301282057692305 45.30769230769231 1.0576923076923077 44.25 3.489668599970173
314000 0.21153846153846154 0.00011042200010071739 31.50561832692307 0.2467948717948718 45.301282057692305 45.30769230769231 1.2115384615384615 44.09615384615385 3.35207589995116
316000 0.19230769230769232 6.917668678677368e-05 31.02106065384616 0.22115384615384615 45.301282057692305 45.30769230769231 1.0961538461538463 44.21153846153846 3.471197300008498
318000 0.23076923076923078 0.00010989126259630886 30.621487269230784 0.2580128205128205 45.301282057692305 45.30769230769231 1.0769230769230769 44.23076923076923 3.477907899999991
320000 0.23076923076923078 0.00011376985268410873 30.807919211538454 0.2628205128205128 45.301282057692305 45.30769230769231 1.0576923076923077 44.25 3.5286616000230424
322000 0.36538461538461536 0.00016822475244599304 29.86459101923077 0.30128205128205127 45.301282057692305 45.30769230769231 1.0576923076923077 44.25 3.4638012999785133
324000 0.36538461538461536 0.0001865844061408536 30.281209538461532 0.30929487179487186 45.301282057692305 45.30769230769231 1.0576923076923077 44.25 3.4365777000202797
326000 0.28846153846153844 0.00010290465346666338 31.396060673076924 0.23878205128205124 45.301282057692305 45.30769230769231 1.0576923076923077 44.25 3.4005883999634534
328000 0.25 -0.019023786671226825 32.2080271153846 0.2788461538461538 45.301282057692305 45.30769230769231 1.0769230769230769 44.23076923076923 3.546948799979873
330000 0.19230769230769232 0.00023394557395422412 31.086766038461537 0.28685897435897434 45.301282057692305 45.30769230769231 1.1346153846153846 44.17307692307692 3.2889585999655537
332000 0.3076923076923077 0.00020013969561554312 31.177043826923082 0.24839743589743585 45.301282057692305 45.30769230769231 1.2115384615384615 44.09615384615385 3.432731300010346
334000 0.4230769230769231 0.0002416705187333671 31.06117319230769 0.27724358974358976 45.301282057692305 45.30769230769231 1.1346153846153846 44.17307692307692 3.459513199981302
336000 0.40384615384615385 7.159513460312206e-05 31.451131153846152 0.28525641025641024 45.301282057692305 45.30769230769231 1.1346153846153846 44.17307692307692 3.5331121999770403
338000 0.5576923076923077 6.796823157334322e-05 31.097249730769235 0.29006410256410253 45.301282057692305 45.30769230769231 1.2115384615384615 44.09615384615385 3.5145792000112124
340000 0.6153846153846154 0.00014467305957703352 30.334094750000006 0.2916666666666667 45.301282057692305 45.30769230769231 1.1538461538461537 44.15384615384615 3.4455093999858946
342000 0.5576923076923077 0.0002497415901653628 29.760375980769236 0.3173076923076923 45.301282057692305 45.30769230769231 1.1346153846153846 44.17307692307692 3.536430799984373
344000 0.5384615384615384 0.00023859086343445626 29.614008269230773 0.296474358974359 45.301282057692305 45.30769230769231 1.0769230769230769 44.23076923076923 3.500356600037776
346000 0.46153846153846156 0.00022017412974785296 30.206957173076923 0.28044871794871795 45.301282057692305 45.30769230769231 1.1153846153846154 44.19230769230769 3.6603314999956638
348000 0.5384615384615384 0.0001710444097960074 29.74435023076923 0.2948717948717949 45.301282057692305 45.30769230769231 1.1346153846153846 44.17307692307692 3.3943465999909677
350000 0.4423076923076923 0.0002480567024040836 31.02747057692309 0.26121794871794873 45.301282057692305 45.30769230769231 1.2692307692307692 44.03846153846154 3.4826971999718808
352000 0.4807692307692308 0.00014420101307425646 29.713367096153846 0.27403846153846156 45.301282057692305 45.30769230769231 1.0769230769230769 44.23076923076923 3.472709699999541
354000 0.4423076923076923 0.00010615540312844395 29.713367346153845 0.3028846153846154 45.301282057692305 45.30769230769231 1.0576923076923077 44.25 3.4922762000351213
356000 0.36538461538461536 0.00018611441494699603 30.42170107692308 0.2932692307692308 45.301282057692305 45.30769230769231 1.1153846153846154 44.19230769230769 3.5149742999929003
358000 0.34615384615384615 7.774273535829429e-05 30.325547211538456 0.3076923076923077 45.301282057692305 45.30769230769231 1.0961538461538463 44.21153846153846 3.471589300024789
360000 0.5 0.0001198667706552152 30.373624269230767 0.2836538461538462 45.301282057692305 45.30769230769231 1.1153846153846154 44.19230769230769 3.3900603999500163
362000 0.5 0.00011435214378702156 29.84477778846153 0.3237179487179488 45.301282057692305 45.30769230769231 1.0769230769230769 44.23076923076923 3.4640724000055343
364000 0.5961538461538461 0.00016090447667339297 29.3928545 0.34935897435897434 45.301282057692305 45.30769230769231 1.0576923076923077 44.25 3.4309778999886476
366000 0.4423076923076923 0.00024546914178443836 29.454819980769233 0.3573717948717948 45.301282057692305 45.30769230769231 1.0576923076923077 44.25 3.528303000028245
368000 0.6730769230769231 0.00012962292548281132 28.992212865384616 0.3525641025641026 45.301282057692305 45.30769230769231 1.0384615384615385 44.26923076923077 3.473258500045631
370000 0.5769230769230769 0.00010469016294280285 29.696486846153842 0.3637820512820512 45.301282057692305 45.30769230769231 1.0384615384615385 44.26923076923077 3.5413587000221014
372000 0.5192307692307693 0.0001586236860195746 29.415289884615387 0.3621794871794872 45.301282057692305 45.30769230769231 1.0576923076923077 44.25 3.465570700005628
374000 0.4807692307692308 -0.018994605674692557 29.850867057692305 0.34294871794871795 45.301282057692305 45.30769230769231 1.1153846153846154 44.19230769230769 3.407279799983371
376000 0.5192307692307693 -0.019136439500005313 30.691465923076922 0.3285256410256411 45.301282057692305 45.30769230769231 1.1346153846153846 44.17307692307692 3.547477299987804
378000 0.4230769230769231 -0.018965439090823325 31.528935980769234 0.3173076923076923 45.301282057692305 45.30769230769231 1.1153846153846154 44.19230769230769 3.4275561000104062
380000 0.3269230769230769 0.0001094297730508386 32.185110134615385 0.23076923076923078 45.301282057692305 45.30769230769231 1.0961538461538463 44.21153846153846 3.3600506000220776
382000 0.3076923076923077 -0.057604017939039985 31.46242969230769 0.27403846153846156 45.301282057692305 45.30769230769231 1.0769230769230769 44.23076923076923 3.480826600047294
384000 0.34615384615384615 -0.019160690765130235 31.901425596153846 0.24999999999999997 45.301282057692305 45.30769230769231 1.1153846153846154 44.19230769230769 3.486440699954983
386000 0.4230769230769231 -0.03832191621982957 31.03404103846153 0.24358974358974358 45.301282057692305 45.30769230769231 1.0576923076923077 44.25 3.474593599967193
388000 0.4230769230769231 -0.038319633746163116 30.846535942307696 0.266025641025641 45.301282057692305 45.30769230769231 1.1153846153846154 44.19230769230769 3.5686656000325456
390000 0.3269230769230769 -0.05761668274976782 30.81619407692307 0.3044871794871795 45.301282057692305 45.30769230769231 1.2692307692307692 44.03846153846154 3.5134977000416256
392000 0.4807692307692308 -0.019090596586495638 31.269938769230773 0.3285256410256411 45.301282057692305 45.30769230769231 1.2692307692307692 44.03846153846154 3.405389000021387
394000 0.40384615384615385 -0.01910743754167201 31.4903399423077 0.3076923076923077 45.301282057692305 45.30769230769231 1.2307692307692308 44.07692307692308 3.379288500000257
396000 0.4423076923076923 -0.019131688846356774 31.202305673076914 0.27083333333333337 45.301282057692305 45.30769230769231 1.1346153846153846 44.17307692307692 3.557232599996496
398000 0.3269230769230769 -0.057423612329511875 31.50067275000001 0.26121794871794873 45.301282057692305 45.30769230769231 1.0961538461538463 44.21153846153846 3.5198740999912843
400000 0.3269230769230769 0.00028602212953789374 31.779389461538468 0.25641025641025644 45.301282057692305 45.30769230769231 1.2115384615384615 44.09615384615385 3.6575678000226617
402000 0.3269230769230769 0.000177427016610975 32.076879038461534 0.22275641025641027 45.301282057692305 45.30769230769231 1.1538461538461537 44.15384615384615 3.5729587000096217
404000 0.28846153846153844 0.0002812677095230188 32.28301742307691 0.25641025641025644 45.301282057692305 45.30769230769231 1.2692307692307692 44.03846153846154 3.5417601999943145
406000 0.3076923076923077 0.00015151414197614368 32.03162342307692 0.2548076923076923 45.301282057692305 45.30769230769231 1.3461538461538463 43.96153846153846 3.3396628000191413
408000 0.3076923076923077 -0.018970742526735897 32.7470926153846 0.1955128205128205 45.301282057692305 45.30769230769231 1.3269230769230769 43.98076923076923 3.334227900020778
410000 0.34615384615384615 -0.019084624391223482 32.71365715384615 0.2211538461538462 45.301282057692305 45.30769230769231 1.1923076923076923 44.11538461538461 3.442533799970988
412000 0.3076923076923077 0.00012071028980853343 32.94214771153846 0.1939102564102564 45.301282057692305 45.30769230769231 1.3076923076923077 44.0 3.3997535999515094
414000 0.25 8.738799587336336e-05 33.12318884615384 0.13141025641025642 45.301282057692305 45.30769230769231 1.2884615384615385 44.01923076923077 3.6050194000126794
416000 0.21153846153846154 0.00014127918315842995 33.0732425 0.18429487179487178 45.301282057692305 45.30769230769231 1.5 43.80769230769231 3.649132299993653
418000 0.17307692307692307 0.00010312705842312074 33.38365446153846 0.17307692307692307 45.301282057692305 45.30769230769231 1.3076923076923077 44.0 3.4401345000369474
420000 0.21153846153846154 0.00011246350770792397 33.18435359615385 0.16987179487179485 45.301282057692305 45.30769230769231 1.4423076923076923 43.86538461538461 3.5303228000411764
422000 0.2692307692307692 0.00019096949951919178 32.38489225 0.2211538461538462 45.301282057692305 45.30769230769231 1.5 43.80769230769231 3.5186013000202365
424000 0.3269230769230769 0.00020816551607649 30.912727403846166 0.24519230769230768 45.301282057692305 45.30769230769231 1.6923076923076923 43.61538461538461 3.6176824000431225
426000 0.36538461538461536 0.0003641122011961987 30.10123703846154 0.3173076923076923 45.301282057692305 45.30769230769231 1.5 43.80769230769231 3.581946499994956
428000 0.38461538461538464 0.0002234398946711741 30.203801365384628 0.2596153846153846 45.301282057692305 45.30769230769231 1.6538461538461537 43.65384615384615 3.3934318999527022
430000 0.38461538461538464 0.00031213655362312756 30.022128307692306 0.3125 45.301282057692305 45.30769230769231 1.6346153846153846 43.67307692307692 3.6227340000332333
432000 0.3269230769230769 0.00021040001904118263 31.005350673076926 0.24519230769230768 45.301282057692305 45.30769230769231 1.6153846153846154 43.69230769230769 3.4517637999961153
434000 0.3269230769230769 -0.01895045031764426 30.12576082692308 0.280448717948718 45.301282057692305 45.30769230769231 1.7307692307692308 43.57692307692308 3.494473599945195
436000 0.38461538461538464 0.00036721637763014413 29.53873634615386 0.29807692307692313 45.301282057692305 45.30769230769231 1.75 43.55769230769231 3.397290500055533
438000 0.40384615384615385 0.0003440142438417734 29.114008038461545 0.2788461538461538 45.301282057692305 45.30769230769231 1.5384615384615385 43.76923076923077 3.3809439999749884
440000 0.3076923076923077 0.00031116066627563313 28.88697815384616 0.3237179487179488 45.301282057692305 45.30769230769231 1.5384615384615385 43.76923076923077 3.5004076000186615
442000 0.36538461538461536 0.0002569244595140796 28.04616567307693 0.3237179487179488 45.301282057692305 45.30769230769231 1.5961538461538463 43.71153846153846 3.3459500999888405
444000 0.3269230769230769 0.00028092017381281 29.208875307692324 0.3205128205128206 45.301282057692305 45.30769230769231 1.5769230769230769 43.73076923076923 3.4460407000151463
446000 0.36538461538461536 0.00025414839804216633 28.352789788461546 0.3285256410256411 45.301282057692305 45.30769230769231 1.5384615384615385 43.76923076923077 3.6864673999953084
448000 0.3076923076923077 0.00027337729075058875 28.139114269230774 0.3637820512820514 45.301282057692305 45.30769230769231 1.3461538461538463 43.96153846153846 3.4539780000341125
450000 0.36538461538461536 0.0002747443301109347 28.711230000000004 0.29647435897435903 45.301282057692305 45.30769230769231 1.2884615384615385 44.01923076923077 3.383020100009162
452000 0.4807692307692308 0.00028253786814041884 27.25182725 0.3397435897435898 45.301282057692305 45.30769230769231 1.25 44.05769230769231 3.419105099979788
454000 0.5769230769230769 0.00028922622975608635 26.298835250000007 0.3830128205128206 45.301282057692305 45.30769230769231 1.1923076923076923 44.11538461538461 3.5233266999712214
456000 0.6346153846153846 0.00030801060088784073 25.881100019230775 0.4118589743589744 45.301282057692305 45.30769230769231 1.2692307692307692 44.03846153846154 3.4775178999989294
458000 0.5769230769230769 0.0002682901605153494 25.712296596153845 0.4118589743589744 45.301282057692305 45.30769230769231 1.3846153846153846 43.92307692307692 3.4500597000005655
460000 0.5384615384615384 0.0002593773965154127 25.757168480769227 0.4166666666666667 45.301282057692305 45.30769230769231 1.4230769230769231 43.88461538461539 3.3795810000156052
462000 0.5192307692307693 0.0002698486614499814 25.799903499999996 0.4230769230769231 45.301282057692305 45.30769230769231 1.4038461538461537 43.90384615384615 3.4008638999657705
464000 0.5192307692307693 -0.05758278898910732 26.370416673076917 0.40064102564102566 45.301282057692305 45.30769230769231 1.6153846153846154 43.69230769230769 3.3712503000278957
466000 0.4807692307692308 -0.05742959727045679 26.134305480769243 0.4310897435897436 45.301282057692305 45.30769230769231 1.6153846153846154 43.69230769230769 3.29798989999108
468000 0.5 -0.0189718603225534 25.708023076923077 0.4118589743589744 45.301282057692305 45.30769230769231 1.4423076923076923 43.86538461538461 3.46369829995092
470000 0.5 -0.018946312630340082 25.60866401923077 0.4166666666666667 45.301282057692305 45.30769230769231 1.4038461538461537 43.90384615384615 3.387352199992165
472000 0.6153846153846154 0.00026861617169458287 25.74221124999999 0.40705128205128205 45.301282057692305 45.30769230769231 1.5192307692307692 43.78846153846154 3.4504856999847107
474000 0.6346153846153846 0.000114261390031657 25.703749673076917 0.43589743589743585 45.301282057692305 45.30769230769231 1.3461538461538463 43.96153846153846 3.3625172000029124
476000 0.6153846153846154 -0.019097164205825818 25.85118563461538 0.4391025641025641 45.301282057692305 45.30769230769231 1.2692307692307692 44.03846153846154 3.4834117999998853
478000 0.6346153846153846 9.630669523343741e-05 25.55738196153846 0.4262820512820512 45.301282057692305 45.30769230769231 1.3653846153846154 43.94230769230769 3.44058519997634
480000 0.6346153846153846 0.0002508465835110369 25.366142461538463 0.4198717948717948 45.301282057692305 45.30769230769231 1.1923076923076923 44.11538461538461 3.402413399948273
482000 0.5961538461538461 0.00017792966801030466 25.93558725 0.39903846153846156 45.301282057692305 45.30769230769231 1.1730769230769231 44.13461538461539 3.458691599953454
484000 0.5769230769230769 0.0002460419471671018 25.636441750000003 0.4182692307692308 45.301282057692305 45.30769230769231 1.1538461538461537 44.15384615384615 3.499312700005248
486000 0.5384615384615384 0.00022146674235296978 26.28067301923077 0.4182692307692307 45.301282057692305 45.30769230769231 1.2115384615384615 44.09615384615385 2.6991779999807477
488000 0.46153846153846156 0.000254972569075983 26.83622900000001 0.3958333333333333 45.301282057692305 45.30769230769231 1.3461538461538463 43.96153846153846 2.8441812000237405
490000 0.4807692307692308 0.0002905350150059724 26.896058096153848 0.3862179487179487 45.301282057692305 45.30769230769231 1.3076923076923077 44.0 2.434221300005447
492000 0.5192307692307693 0.00026491913031091924 27.437725134615377 0.35737179487179493 45.301282057692305 45.30769230769231 1.3461538461538463 43.96153846153846 2.5100958999828435
494000 0.5576923076923077 0.00010191793579929979 27.753964596153853 0.3637820512820514 45.301282057692305 45.30769230769231 1.3653846153846154 43.94230769230769 2.160621600050945
496000 0.6730769230769231 0.00029017931856749704 26.601185961538462 0.40705128205128205 45.301282057692305 45.30769230769231 1.25 44.05769230769231 2.0336556000402197
498000 0.6923076923076923 0.00028949643778364737 26.579284249999997 0.4038461538461539 45.301282057692305 45.30769230769231 1.1346153846153846 44.17307692307692 2.1726506000268273
500000 0.6538461538461539 0.00028538553659800364 26.390181692307692 0.39743589743589747 45.301282057692305 45.30769230769231 1.1153846153846154 44.19230769230769 2.0374707999872044
