2000 2.5576923076923075 0.00045186634856749706 36.27428465384615 0.11538461538461539 45.301282057692305 45.30769230769231 2.6346153846153846 42.67307692307692 3.847481600008905
4000 3.0384615384615383 -0.018267861913630307 35.417779307692314 0.08333333333333333 45.301282057692305 45.30769230769231 3.3653846153846154 41.94230769230769 3.875483100011479
6000 2.4615384615384617 -0.15335126560863144 35.47050323076923 0.11538461538461536 45.301282057692305 45.30769230769231 2.8076923076923075 42.5 3.728384999965783
8000 6.615384615384615 -0.1517198674340832 35.02947757692307 0.17948717948717946 45.301282057692305 45.30769230769231 2.8076923076923075 42.5 3.6705917000072077
10000 7.134615384615385 -0.13288452424449076 34.20626338461538 0.21634615384615385 45.301282057692305 45.30769230769231 2.9038461538461537 42.40384615384615 3.6958575999597088
12000 7.096153846153846 0.0010291113793967225 33.52233374999999 0.264423076923077 45.301282057692305 45.30769230769231 2.980769230769231 42.32692307692308 4.090736000041943
14000 5.576923076923077 0.0007089619414532693 33.88718428846154 0.21794871794871795 45.301282057692305 45.30769230769231 2.980769230769231 42.32692307692308 4.814888300024904
16000 5.038461538461538 0.00026853953455822975 34.35019257692308 0.2083333333333333 45.301282057692305 45.30769230769231 2.6346153846153846 42.67307692307692 3.448300999996718
18000 1.2307692307692308 0.00011325507079222867 35.61284701923077 0.1907051282051282 45.301282057692305 45.30769230769231 2.6346153846153846 42.67307692307692 3.551548100018408
20000 3.1923076923076925 0.000594033768332357 34.67517555769231 0.21314102564102566 45.301282057692305 45.30769230769231 2.6346153846153846 42.67307692307692 3.657511900004465
22000 2.5961538461538463 0.00021963206067441508 34.24977551923076 0.20512820512820512 45.301282057692305 45.30769230769231 2.6346153846153846 42.67307692307692 3.6967941999901086
24000 2.019230769230769 0.0003956418611415599 35.02053875000001 0.17147435897435898 45.301282057692305 45.30769230769231 2.6346153846153846 42.67307692307692 3.5745534999878146
26000 20.134615384615383 0.0032370109092929016 28.08788292307692 0.3942307692307693 45.301282057692305 45.30769230769231 3.7884615384615383 41.51923076923077 3.6358530999859795
28000 14.73076923076923 0.002439024026169181 30.650521499999993 0.3525641025641026 45.301282057692305 45.30769230769231 2.7115384615384617 42.59615384615385 3.3772084999945946
30000 36.25 0.003530450242853807 26.379577346153845 0.45673076923076916 45.301282057692305 45.30769230769231 2.6538461538461537 42.65384615384615 3.5872514999937266
32000 6.461538461538462 0.002137446845938687 32.976804673076934 0.2692307692307692 45.301282057692305 45.30769230769231 2.6346153846153846 42.67307692307692 3.8865147000178695
34000 17.5 0.002419007179524979 31.09337394230769 0.33653846153846156 45.301282057692305 45.30769230769231 2.6346153846153846 42.67307692307692 3.589918999990914
36000 13.211538461538462 0.0018048711056831651 31.62744532692308 0.3269230769230769 45.301282057692305 45.30769230769231 2.6346153846153846 42.67307692307692 3.5669134999625385
38000 11.788461538461538 0.0008611661280809111 31.078941384615373 0.342948717948718 45.301282057692305 45.30769230769231 2.826923076923077 42.48076923076923 3.571938799985219
40000 29.846153846153847 0.006217208543351018 28.053584980769227 0.39903846153846145 45.301282057692305 45.30769230769231 5.076923076923077 40.23076923076923 3.7966702000121586
42000 16.384615384615383 0.0020525288131025663 28.747635096153846 0.3830128205128205 45.301282057692305 45.30769230769231 2.6538461538461537 42.65384615384615 3.58309069997631
44000 13.596153846153847 0.0003835122782356806 31.137950442307687 0.34935897435897434 45.301282057692305 45.30769230769231 2.6346153846153846 42.67307692307692 3.769206699973438
46000 41.96153846153846 0.010224183484496064 25.8778049423077 0.47916666666666663 45.301282057692305 45.30769230769231 2.6538461538461537 42.65384615384615 3.614148100023158
48000 27.5 0.0028785584618601884 26.647206000000004 0.3942307692307692 45.301282057692305 45.30769230769231 2.6538461538461537 42.65384615384615 3.4941283999942243
50000 28.53846153846154 0.0032373208269890087 26.567612288461536 0.3942307692307692 45.301282057692305 45.30769230769231 3.1538461538461537 42.15384615384615 3.733656000054907
52000 60.23076923076923 0.009067899551535042 26.120088557692306 0.4262820512820513 45.301282057692305 45.30769230769231 5.0 40.30769230769231 3.554276100010611
54000 72.1923076923077 0.008694774604870498 25.096809961538465 0.4775641025641025 45.301282057692305 45.30769230769231 5.75 39.55769230769231 3.6904173999791965
56000 72.1923076923077 0.008773526332576366 25.096809961538465 0.4775641025641025 45.301282057692305 45.30769230769231 5.75 39.55769230769231 3.592565300001297
58000 63.80769230769231 0.016663878704208136 25.43659596153846 0.4455128205128205 45.301282057692305 45.30769230769231 5.576923076923077 39.73076923076923 3.5078427999978885
60000 59.5 0.017169086646621912 26.174262346153846 0.44070512820512825 45.301282057692305 45.30769230769231 6.173076923076923 39.13461538461539 3.463699700019788
62000 59.30769230769231 0.011250190560996898 25.519443730769233 0.4775641025641026 45.301282057692305 45.30769230769231 6.230769230769231 39.07692307692308 3.4946752000250854
64000 65.82692307692308 0.009554795129805008 25.229379288461534 0.4775641025641026 45.301282057692305 45.30769230769231 6.25 39.05769230769231 3.7200578000047244
66000 55.61538461538461 0.007530207322850173 25.75497221153846 0.4519230769230769 45.301282057692305 45.30769230769231 5.365384615384615 39.94230769230769 3.6365167999756522
68000 38.59615384615385 0.005860431568835347 26.963701730769237 0.37980769230769224 45.301282057692305 45.30769230769231 3.826923076923077 41.48076923076923 3.5222256000270136
70000 52.28846153846154 0.018544763919431325 26.482002249999997 0.4342948717948717 45.301282057692305 45.30769230769231 5.115384615384615 40.19230769230769 3.60935410001548
72000 39.34615384615385 0.011255424048336866 28.3447043076923 0.4022435897435897 45.301282057692305 45.30769230769231 4.576923076923077 40.73076923076923 3.882377900008578
74000 26.71153846153846 0.008354022364952517 30.52954738461539 0.3237179487179488 45.301282057692305 45.30769230769231 4.403846153846154 40.90384615384615 3.650033199985046
76000 40.26923076923077 0.012755087368447153 28.574723211538462 0.375 45.301282057692305 45.30769230769231 5.038461538461538 40.26923076923077 3.6169517999514937
78000 47.36538461538461 0.01322698307486546 26.697280134615387 0.43749999999999994 45.301282057692305 45.30769230769231 5.365384615384615 39.94230769230769 3.517988800012972
80000 92.42307692307692 0.029285272705775214 25.17056955769231 0.47916666666666663 45.301282057692305 45.30769230769231 5.365384615384615 39.94230769230769 3.4601904000155628
82000 70.15384615384616 0.022733380563871877 26.160263596153847 0.4326923076923076 45.301282057692305 45.30769230769231 6.288461538461538 39.01923076923077 3.6363402999704704
84000 74.3076923076923 0.011940452420120531 25.595626653846157 0.4759615384615384 45.301282057692305 45.30769230769231 6.326923076923077 38.98076923076923 3.582291600003373
86000 89.59615384615384 -0.6561206323779938 25.384605403846145 0.5176282051282051 45.301282057692305 45.30769230769231 5.25 40.05769230769231 3.6019248999655247
88000 69.46153846153847 -0.04369305600511239 25.85975211538461 0.4535256410256409 45.301282057692305 45.30769230769231 4.0576923076923075 41.25 3.570759199967142
90000 70.32692307692308 -0.7659474240097204 25.594261269230767 0.5032051282051281 45.301282057692305 45.30769230769231 4.480769230769231 40.82692307692308 3.726568699989002
92000 68.34615384615384 -0.6678631061127912 25.801937115384614 0.4935897435897435 45.301282057692305 45.30769230769231 3.5961538461538463 41.71153846153846 3.2555740000098012
94000 96.42307692307692 -0.39063383070513347 24.273425769230776 0.4967948717948717 45.301282057692305 45.30769230769231 3.1346153846153846 42.17307692307692 3.404829900013283
96000 120.53846153846153 -0.8564606925619247 24.073169403846148 0.5368589743589742 45.301282057692305 45.30769230769231 3.5384615384615383 41.76923076923077 3.2973614999791607
98000 71.36538461538461 -0.9806355154204014 25.635270326923077 0.4775641025641025 45.301282057692305 45.30769230769231 3.7115384615384617 41.59615384615385 3.096358400012832
100000 292.84615384615387 0.09041428964731922 21.41695705769231 0.5512820512820512 45.301282057692305 45.30769230769231 13.423076923076923 31.884615384615383 3.5807439999771304
102000 399.6730769230769 0.12317998250219671 20.685118730769236 0.6153846153846154 45.301282057692305 45.30769230769231 12.615384615384615 32.69230769230769 3.868999199999962
104000 389.9807692307692 0.1457609959012588 20.781273057692317 0.594551282051282 45.301282057692305 45.30769230769231 13.423076923076923 31.884615384615383 3.6628272000234574
106000 391.96153846153845 0.14715810109682098 20.69152940384616 0.5993589743589743 45.301282057692305 45.30769230769231 13.423076923076923 31.884615384615383 3.707486399973277
108000 391.96153846153845 0.14715810109682098 20.69152940384616 0.5993589743589743 45.301282057692305 45.30769230769231 13.423076923076923 31.884615384615383 3.7648215999943204
110000 391.96153846153845 0.14715810109682098 20.69152940384616 0.5993589743589743 45.301282057692305 45.30769230769231 13.423076923076923 31.884615384615383 3.6652155999909155
112000 391.96153846153845 0.14715810109682098 20.69152940384616 0.5993589743589743 45.301282057692305 45.30769230769231 13.423076923076923 31.884615384615383 3.4219416999840178
114000 429.86538461538464 0.15970187685592427 20.088518288461536 0.6057692307692307 45.301282057692305 45.30769230769231 10.23076923076923 35.07692307692308 3.4425020000198856
116000 440.25 0.14433133800271586 19.973133423076913 0.625 45.301282057692305 45.30769230769231 9.865384615384615 35.44230769230769 3.637905600015074
118000 438.38461538461536 0.14306053133599056 19.915441096153835 0.5993589743589743 45.301282057692305 45.30769230769231 9.865384615384615 35.44230769230769 3.503915400011465
120000 438.38461538461536 0.12860678678109333 19.915441096153835 0.5993589743589743 45.301282057692305 45.30769230769231 9.865384615384615 35.44230769230769 3.6258896000217646
122000 472.0192307692308 0.13299165113521494 19.87687282692307 0.5993589743589743 45.301282057692305 45.30769230769231 10.153846153846153 35.15384615384615 3.602433199994266
124000 496.1730769230769 0.09736218320568242 19.88328307692307 0.6201923076923077 45.301282057692305 45.30769230769231 10.153846153846153 35.15384615384615 3.7196460000122897
126000 740.1153846153846 0.24186760074141705 19.750242057692315 0.6137820512820513 45.301282057692305 45.30769230769231 13.576923076923077 31.73076923076923 3.409130899992306
128000 810.2115384615385 0.25720795452217143 19.60280642307693 0.6041666666666667 45.301282057692305 45.30769230769231 14.25 31.057692307692307 3.555584700021427
130000 810.2115384615385 0.25720795452217143 19.60280642307693 0.6041666666666667 45.301282057692305 45.30769230769231 14.25 31.057692307692307 3.8090764999506064
132000 815.5769230769231 0.2575279689340272 19.6156269423077 0.6041666666666667 45.301282057692305 45.30769230769231 14.25 31.057692307692307 3.6164043999742717
134000 815.8269230769231 0.25749377235166737 19.6156269423077 0.6041666666666667 45.301282057692305 45.30769230769231 14.25 31.057692307692307 3.669961199979298
136000 839.0192307692307 0.2623144523617373 19.6156269423077 0.6298076923076923 45.301282057692305 45.30769230769231 14.25 31.057692307692307 3.5917694000527263
138000 839.0192307692307 0.2623144523617373 19.6156269423077 0.6298076923076923 45.301282057692305 45.30769230769231 14.25 31.057692307692307 3.566458099987358
140000 839.0192307692307 0.2623144523617373 19.6156269423077 0.6298076923076923 45.301282057692305 45.30769230769231 14.25 31.057692307692307 3.6078032999648713
142000 839.0192307692307 0.2623144523617373 19.6156269423077 0.6298076923076923 45.301282057692305 45.30769230769231 14.25 31.057692307692307 3.381499199953396
144000 842.9615384615385 0.2673255637952701 19.583575711538465 0.6298076923076923 45.301282057692305 45.30769230769231 14.25 31.057692307692307 4.139965699985623
146000 842.9615384615385 0.2673255637952701 19.583575711538465 0.6298076923076923 45.301282057692305 45.30769230769231 14.25 31.057692307692307 3.6161356999655254
148000 842.9615384615385 0.2673255637952701 19.583575711538465 0.6298076923076923 45.301282057692305 45.30769230769231 14.25 31.057692307692307 3.7751742999535054
150000 842.9615384615385 0.2673255637952701 19.583575711538465 0.6298076923076923 45.301282057692305 45.30769230769231 14.25 31.057692307692307 3.514687600021716
152000 839.0192307692307 0.2623144523617373 19.6156269423077 0.6298076923076923 45.301282057692305 45.30769230769231 14.25 31.057692307692307 3.512343799986411
154000 834.6923076923077 0.2568142888676548 19.61562696153847 0.6201923076923077 45.301282057692305 45.30769230769231 14.25 31.057692307692307 3.5604485000367276
156000 834.6923076923077 0.2568142888676548 19.61562696153847 0.6201923076923077 45.301282057692305 45.30769230769231 14.25 31.057692307692307 3.7216047999681905
158000 834.6923076923077 0.2568142888676548 19.61562696153847 0.6201923076923077 45.301282057692305 45.30769230769231 14.25 31.057692307692307 3.6695923999650404
160000 834.3076923076923 0.23709457843473392 19.628447461538467 0.6201923076923077 45.301282057692305 45.30769230769231 14.25 31.057692307692307 3.652003400027752
162000 834.3076923076923 0.23709457843473392 19.628447461538467 0.6201923076923077 45.301282057692305 45.30769230769231 14.25 31.057692307692307 3.661965000035707
164000 835.2692307692307 0.2575474858186899 19.622037211538466 0.6201923076923077 45.301282057692305 45.30769230769231 14.25 31.057692307692307 3.750417399976868
166000 835.2692307692307 0.2575474858186899 19.622037211538466 0.6201923076923077 45.301282057692305 45.30769230769231 14.25 31.057692307692307 3.7194585000397637
168000 835.2692307692307 0.2575474858186899 19.622037211538466 0.6201923076923077 45.301282057692305 45.30769230769231 14.25 31.057692307692307 3.536550700024236
170000 835.2692307692307 0.2575474858186899 19.622037211538466 0.6201923076923077 45.301282057692305 45.30769230769231 14.25 31.057692307692307 3.7915094000054523
172000 835.3653846153846 0.25766968717880906 19.61562696153847 0.6201923076923077 45.301282057692305 45.30769230769231 14.25 31.057692307692307 3.7897644000477158
174000 835.3653846153846 0.25766968717880906 19.61562696153847 0.6201923076923077 45.301282057692305 45.30769230769231 14.25 31.057692307692307 3.7014797999872826
176000 835.3653846153846 0.25766968717880906 19.61562696153847 0.6201923076923077 45.301282057692305 45.30769230769231 14.25 31.057692307692307 3.477908600005321
178000 835.3653846153846 0.25766968717880906 19.61562696153847 0.6201923076923077 45.301282057692305 45.30769230769231 14.25 31.057692307692307 3.8029165000189096
180000 835.0192307692307 0.25722978779476663 19.622037211538466 0.6201923076923077 45.301282057692305 45.30769230769231 14.26923076923077 31.03846153846154 3.3580646999762394
182000 835.0192307692307 0.25722978779476663 19.622037211538466 0.6201923076923077 45.301282057692305 45.30769230769231 14.26923076923077 31.03846153846154 3.395383999974001
184000 835.0192307692307 0.25722978779476663 19.622037211538466 0.6201923076923077 45.301282057692305 45.30769230769231 14.26923076923077 31.03846153846154 3.519450700026937
186000 834.3846153846154 0.25642311348657426 19.622037211538466 0.6201923076923077 45.301282057692305 45.30769230769231 14.25 31.057692307692307 3.5126122999936342
188000 834.3846153846154 0.25642311348657426 19.622037211538466 0.6201923076923077 45.301282057692305 45.30769230769231 14.25 31.057692307692307 3.4774494000012055
190000 834.3846153846154 0.25642311348657426 19.622037211538466 0.6201923076923077 45.301282057692305 45.30769230769231 14.25 31.057692307692307 3.5646644000080414
192000 839.2884615384615 0.2626568407377692 19.60280642307693 0.6201923076923077 45.301282057692305 45.30769230769231 14.25 31.057692307692307 3.426701199961826
194000 828.3653846153846 0.25125448958679925 19.525883307692315 0.6378205128205129 45.301282057692305 45.30769230769231 14.25 31.057692307692307 3.4035036000423133
196000 839.2884615384615 0.2626568407377692 19.60280642307693 0.6201923076923077 45.301282057692305 45.30769230769231 14.25 31.057692307692307 3.4776672000298277
198000 839.2884615384615 0.2626568407377692 19.60280642307693 0.6201923076923077 45.301282057692305 45.30769230769231 14.25 31.057692307692307 3.560578600037843
200000 839.2884615384615 0.2626568407377692 19.60280642307693 0.6201923076923077 45.301282057692305 45.30769230769231 14.25 31.057692307692307 3.5413013999932446
202000 839.2884615384615 0.2626568407377692 19.60280642307693 0.6201923076923077 45.301282057692305 45.30769230769231 14.25 31.057692307692307 3.5626106000272557
204000 839.2884615384615 0.2626568407377692 19.60280642307693 0.6201923076923077 45.301282057692305 45.30769230769231 14.25 31.057692307692307 3.636579999991227
206000 839.0192307692307 0.2623144523617373 19.6156269423077 0.6298076923076923 45.301282057692305 45.30769230769231 14.25 31.057692307692307 3.870765700004995
208000 839.2884615384615 0.2626568407377692 19.60280642307693 0.6201923076923077 45.301282057692305 45.30769230769231 14.25 31.057692307692307 3.718255500018131
210000 839.2884615384615 0.2626568407377692 19.60280642307693 0.6201923076923077 45.301282057692305 45.30769230769231 14.25 31.057692307692307 3.83709159999853
212000 835.8269230769231 0.25825663583383 19.609216692307697 0.6201923076923077 45.301282057692305 45.30769230769231 14.26923076923077 31.03846153846154 3.4999313000007533
214000 835.8269230769231 0.25825663583383 19.609216692307697 0.6201923076923077 45.301282057692305 45.30769230769231 14.26923076923077 31.03846153846154 3.788330700015649
216000 835.8269230769231 0.25825663583383 19.609216692307697 0.6201923076923077 45.301282057692305 45.30769230769231 14.26923076923077 31.03846153846154 3.48541009996552
218000 834.6346153846154 0.2567409585856317 19.622037211538466 0.6201923076923077 45.301282057692305 45.30769230769231 14.25 31.057692307692307 3.7143083999981172
220000 834.6346153846154 0.2567409585856317 19.622037211538466 0.6201923076923077 45.301282057692305 45.30769230769231 14.25 31.057692307692307 3.602583500032779
222000 834.6346153846154 0.2567409585856317 19.622037211538466 0.6201923076923077 45.301282057692305 45.30769230769231 14.25 31.057692307692307 3.7063128000008874
224000 834.6346153846154 0.2567409585856317 19.622037211538466 0.6201923076923077 45.301282057692305 45.30769230769231 14.25 31.057692307692307 3.5549290999770164
226000 834.6346153846154 0.2632011073178714 19.622037211538466 0.6201923076923077 45.301282057692305 45.30769230769231 14.25 31.057692307692307 3.807886300026439
228000 835.8269230769231 0.26657714754085776 19.609216692307697 0.6201923076923077 45.301282057692305 45.30769230769231 14.26923076923077 31.03846153846154 3.636550299997907
230000 835.8269230769231 0.2658466547181197 19.609216692307697 0.6201923076923077 45.301282057692305 45.30769230769231 14.26923076923077 31.03846153846154 3.655616400006693
232000 834.6346153846154 0.25953720651000983 19.622037211538466 0.6201923076923077 45.301282057692305 45.30769230769231 14.25 31.057692307692307 3.6707614999613725
234000 834.6346153846154 0.26433097746992135 19.622037211538466 0.6201923076923077 45.301282057692305 45.30769230769231 14.25 31.057692307692307 3.5928966000210494
236000 834.6346153846154 0.2650614702926595 19.622037211538466 0.6201923076923077 45.301282057692305 45.30769230769231 14.25 31.057692307692307 3.4891333999694325
238000 836.8461538461538 0.2678724976507452 19.622037211538466 0.6201923076923077 45.301282057692305 45.30769230769231 14.25 31.057692307692307 4.0006051999516785
240000 836.8461538461538 0.26748043066846805 19.622037211538466 0.6201923076923077 45.301282057692305 45.30769230769231 14.25 31.057692307692307 3.5964427999570034
242000 834.6346153846154 0.25953720651000983 19.622037211538466 0.6201923076923077 45.301282057692305 45.30769230769231 14.25 31.057692307692307 3.649738200008869
244000 835.0576923076923 0.26007499014390384 19.6156269423077 0.6201923076923077 45.301282057692305 45.30769230769231 14.25 31.057692307692307 3.7401616999995895
246000 835.0576923076923 0.26486876110381535 19.6156269423077 0.6201923076923077 45.301282057692305 45.30769230769231 14.25 31.057692307692307 3.6627164999954402
248000 835.0576923076923 0.2655992539265534 19.6156269423077 0.6201923076923077 45.301282057692305 45.30769230769231 14.25 31.057692307692307 4.107345800031908
250000 835.0576923076923 0.2655992539265534 19.6156269423077 0.6201923076923077 45.301282057692305 45.30769230769231 14.25 31.057692307692307 3.763583199994173
252000 835.0576923076923 0.26486876110381535 19.6156269423077 0.6201923076923077 45.301282057692305 45.30769230769231 14.25 31.057692307692307 3.804502599989064
254000 835.0576923076923 0.26007499014390384 19.6156269423077 0.6201923076923077 45.301282057692305 45.30769230769231 14.25 31.057692307692307 3.6816534000099637
256000 839.0192307692307 0.26511070028611544 19.6156269423077 0.6298076923076923 45.301282057692305 45.30769230769231 14.25 31.057692307692307 3.718098299985286
258000 839.0192307692307 0.26511070028611544 19.6156269423077 0.6298076923076923 45.301282057692305 45.30769230769231 14.25 31.057692307692307 3.745397199993022
260000 839.0192307692307 0.26511070028611544 19.6156269423077 0.6298076923076923 45.301282057692305 45.30769230769231 14.25 31.057692307692307 3.560045499994885
262000 839.0192307692307 0.26511070028611544 19.6156269423077 0.6298076923076923 45.301282057692305 45.30769230769231 14.25 31.057692307692307 3.6473213999997824
264000 839.0192307692307 0.2649645115739823 19.6156269423077 0.6298076923076923 45.301282057692305 45.30769230769231 14.25 31.057692307692307 3.6195887999492697
266000 839.0192307692307 0.26511070028611544 19.6156269423077 0.6298076923076923 45.301282057692305 45.30769230769231 14.25 31.057692307692307 3.7146805999800563
268000 839.0192307692307 0.26511070028611544 19.6156269423077 0.6298076923076923 45.301282057692305 45.30769230769231 14.25 31.057692307692307 3.505700399982743
270000 839.0192307692307 0.2623144523617373 19.6156269423077 0.6298076923076923 45.301282057692305 45.30769230769231 14.25 31.057692307692307 3.670632899971679
272000 834.3846153846154 0.25642311348657426 19.622037211538466 0.6201923076923077 45.301282057692305 45.30769230769231 14.25 31.057692307692307 4.074099199962802
274000 834.3846153846154 0.25642311348657426 19.622037211538466 0.6201923076923077 45.301282057692305 45.30769230769231 14.25 31.057692307692307 3.617787800030783
276000 834.3846153846154 0.25642311348657426 19.622037211538466 0.6201923076923077 45.301282057692305 45.30769230769231 14.25 31.057692307692307 3.7830878000240773
278000 834.3846153846154 0.25642311348657426 19.622037211538466 0.6201923076923077 45.301282057692305 45.30769230769231 14.25 31.057692307692307 3.7138503000023775
280000 834.3846153846154 0.25642311348657426 19.622037211538466 0.6201923076923077 45.301282057692305 45.30769230769231 14.25 31.057692307692307 3.5509017999866046
282000 834.3846153846154 0.25642311348657426 19.622037211538466 0.6201923076923077 45.301282057692305 45.30769230769231 14.25 31.057692307692307 3.7132311000023037
284000 834.3846153846154 0.25642311348657426 19.622037211538466 0.6201923076923077 45.301282057692305 45.30769230769231 14.25 31.057692307692307 3.593916999991052
286000 839.0192307692307 0.2623144523617373 19.6156269423077 0.6298076923076923 45.301282057692305 45.30769230769231 14.25 31.057692307692307 3.6583350999862887
288000 839.0192307692307 0.2623144523617373 19.6156269423077 0.6298076923076923 45.301282057692305 45.30769230769231 14.25 31.057692307692307 3.512629799952265
290000 839.0192307692307 0.2623144523617373 19.6156269423077 0.6298076923076923 45.301282057692305 45.30769230769231 14.25 31.057692307692307 3.736873199988622
292000 839.0192307692307 0.2623144523617373 19.6156269423077 0.6298076923076923 45.301282057692305 45.30769230769231 14.25 31.057692307692307 3.653039600001648
294000 839.0192307692307 0.2623144523617373 19.6156269423077 0.6298076923076923 45.301282057692305 45.30769230769231 14.25 31.057692307692307 3.523914799967315
296000 839.0192307692307 0.2623144523617373 19.6156269423077 0.6298076923076923 45.301282057692305 45.30769230769231 14.25 31.057692307692307 3.583548000024166
298000 839.0192307692307 0.2623144523617373 19.6156269423077 0.6298076923076923 45.301282057692305 45.30769230769231 14.25 31.057692307692307 3.5460722999996506
300000 839.0192307692307 0.2623144523617373 19.6156269423077 0.6298076923076923 45.301282057692305 45.30769230769231 14.25 31.057692307692307 3.4961024000076577
302000 839.0192307692307 0.26511070028611544 19.6156269423077 0.6298076923076923 45.301282057692305 45.30769230769231 14.25 31.057692307692307 3.732929799996782
304000 839.0192307692307 0.270634964068765 19.6156269423077 0.6298076923076923 45.301282057692305 45.30769230769231 14.25 31.057692307692307 3.689957700029481
306000 839.0192307692307 0.27701409791852893 19.6156269423077 0.6298076923076923 45.301282057692305 45.30769230769231 14.25 31.057692307692307 3.687589699984528
308000 834.3076923076923 0.2758299395147582 19.628447461538467 0.6201923076923077 45.301282057692305 45.30769230769231 14.25 31.057692307692307 3.5805064999731258
310000 834.3076923076923 0.2758299395147582 19.628447461538467 0.6201923076923077 45.301282057692305 45.30769230769231 14.25 31.057692307692307 3.73920300003374
312000 834.3076923076923 0.2758299395147582 19.628447461538467 0.6201923076923077 45.301282057692305 45.30769230769231 14.25 31.057692307692307 3.6210124000208452
314000 834.3076923076923 0.2758299395147582 19.628447461538467 0.6201923076923077 45.301282057692305 45.30769230769231 14.25 31.057692307692307 3.5924630999797955
316000 834.3076923076923 0.2758299395147582 19.628447461538467 0.6201923076923077 45.301282057692305 45.30769230769231 14.25 31.057692307692307 3.565569799975492
318000 834.3076923076923 0.2758299395147582 19.628447461538467 0.6201923076923077 45.301282057692305 45.30769230769231 14.25 31.057692307692307 3.6944955000071786
320000 834.3076923076923 0.2758299395147582 19.628447461538467 0.6201923076923077 45.301282057692305 45.30769230769231 14.25 31.057692307692307 3.7381573999882676
322000 834.3076923076923 0.2758299395147582 19.628447461538467 0.6201923076923077 45.301282057692305 45.30769230769231 14.25 31.057692307692307 3.6367157999775372
324000 834.3076923076923 0.2758299395147582 19.628447461538467 0.6201923076923077 45.301282057692305 45.30769230769231 14.25 31.057692307692307 3.8595226999605075
326000 834.3076923076923 0.2758299395147582 19.628447461538467 0.6201923076923077 45.301282057692305 45.30769230769231 14.25 31.057692307692307 3.466324800043367
328000 834.3076923076923 0.2758299395147582 19.628447461538467 0.6201923076923077 45.301282057692305 45.30769230769231 14.25 31.057692307692307 3.502887800044846
330000 834.3076923076923 0.2758299395147582 19.628447461538467 0.6201923076923077 45.301282057692305 45.30769230769231 14.25 31.057692307692307 3.790216199995484
332000 834.3076923076923 0.2758299395147582 19.628447461538467 0.6201923076923077 45.301282057692305 45.30769230769231 14.25 31.057692307692307 3.7647955999709666
334000 834.3076923076923 0.2758299395147582 19.628447461538467 0.6201923076923077 45.301282057692305 45.30769230769231 14.25 31.057692307692307 3.6730060999980196
336000 834.3076923076923 0.2758299395147582 19.628447461538467 0.6201923076923077 45.301282057692305 45.30769230769231 14.25 31.057692307692307 3.7325885000173002
338000 834.3076923076923 0.2758299395147582 19.628447461538467 0.6201923076923077 45.301282057692305 45.30769230769231 14.25 31.057692307692307 3.542660999984946
340000 834.3076923076923 0.2758299395147582 19.628447461538467 0.6201923076923077 45.301282057692305 45.30769230769231 14.25 31.057692307692307 3.753377199987881
342000 834.3076923076923 0.2758299395147582 19.628447461538467 0.6201923076923077 45.301282057692305 45.30769230769231 14.25 31.057692307692307 3.593306599999778
344000 834.3076923076923 0.2758299395147582 19.628447461538467 0.6201923076923077 45.301282057692305 45.30769230769231 14.25 31.057692307692307 3.6131108999834396
346000 834.3076923076923 0.2758299395147582 19.628447461538467 0.6201923076923077 45.301282057692305 45.30769230769231 14.25 31.057692307692307 3.753021400014404
348000 834.3076923076923 0.2758299395147582 19.628447461538467 0.6201923076923077 45.301282057692305 45.30769230769231 14.25 31.057692307692307 3.775755000009667
350000 834.3076923076923 0.2758299395147582 19.628447461538467 0.6201923076923077 45.301282057692305 45.30769230769231 14.25 31.057692307692307 3.6004775000037625
352000 834.3076923076923 0.2758299395147582 19.628447461538467 0.6201923076923077 45.301282057692305 45.30769230769231 14.25 31.057692307692307 3.578396300028544
354000 834.3076923076923 0.2758299395147582 19.628447461538467 0.6201923076923077 45.301282057692305 45.30769230769231 14.25 31.057692307692307 3.7650498999864794
356000 834.3076923076923 0.26912314988146435 19.628447461538467 0.6201923076923077 45.301282057692305 45.30769230769231 14.25 31.057692307692307 3.5996747000026517
358000 834.3076923076923 0.2686556182776743 19.628447461538467 0.6201923076923077 45.301282057692305 45.30769230769231 14.25 31.057692307692307 3.705569000041578
360000 834.3076923076923 0.2686556182776743 19.628447461538467 0.6201923076923077 45.301282057692305 45.30769230769231 14.25 31.057692307692307 3.7018611999810673
362000 834.3076923076923 0.2702858927234 19.628447461538467 0.6201923076923077 45.301282057692305 45.30769230769231 14.25 31.057692307692307 3.7264311999897473
364000 834.6346153846154 0.2658965573510651 19.622037211538466 0.6201923076923077 45.301282057692305 45.30769230769231 14.25 31.057692307692307 3.639594500011299
366000 834.6346153846154 0.2658965573510651 19.622037211538466 0.6201923076923077 45.301282057692305 45.30769230769231 14.25 31.057692307692307 3.823776400007773
368000 838.5769230769231 0.27090792225488697 19.6156269423077 0.6201923076923077 45.301282057692305 45.30769230769231 14.25 31.057692307692307 3.8190074000158347
370000 834.6346153846154 0.2658965573510651 19.622037211538466 0.6201923076923077 45.301282057692305 45.30769230769231 14.25 31.057692307692307 3.6146470999810845
372000 834.6346153846154 0.2658965573510651 19.622037211538466 0.6201923076923077 45.301282057692305 45.30769230769231 14.25 31.057692307692307 3.5237090999726206
374000 834.3076923076923 0.2674928754357387 19.628447461538467 0.6201923076923077 45.301282057692305 45.30769230769231 14.25 31.057692307692307 3.624415999976918
376000 837.2692307692307 0.26924543684603713 19.61562696153847 0.6298076923076923 45.301282057692305 45.30769230769231 14.25 31.057692307692307 3.453113699972164
378000 837.2692307692307 0.2684103497876315 19.61562696153847 0.6298076923076923 45.301282057692305 45.30769230769231 14.25 31.057692307692307 3.991123100044206
380000 837.2692307692307 0.2684103497876315 19.61562696153847 0.6298076923076923 45.301282057692305 45.30769230769231 14.25 31.057692307692307 3.713518400036264
382000 837.2692307692307 0.2684103497876315 19.61562696153847 0.6298076923076923 45.301282057692305 45.30769230769231 14.25 31.057692307692307 3.6982827999745496
384000 837.2692307692307 0.2684103497876315 19.61562696153847 0.6298076923076923 45.301282057692305 45.30769230769231 14.25 31.057692307692307 3.5790715999901295
386000 837.2692307692307 0.2684103497876315 19.61562696153847 0.6298076923076923 45.301282057692305 45.30769230769231 14.25 31.057692307692307 3.6988690000143833
388000 837.2692307692307 0.2684103497876315 19.61562696153847 0.6298076923076923 45.301282057692305 45.30769230769231 14.25 31.057692307692307 3.7840466999914497
390000 837.2692307692307 0.2684103497876315 19.61562696153847 0.6298076923076923 45.301282057692305 45.30769230769231 14.25 31.057692307692307 3.637533000030089
392000 837.2692307692307 0.2684103497876315 19.61562696153847 0.6298076923076923 45.301282057692305 45.30769230769231 14.25 31.057692307692307 3.555127099971287
394000 837.2692307692307 0.2684103497876315 19.61562696153847 0.6298076923076923 45.301282057692305 45.30769230769231 14.25 31.057692307692307 3.6136638000025414
396000 837.2692307692307 0.26767985696489344 19.61562696153847 0.6298076923076923 45.301282057692305 45.30769230769231 14.25 31.057692307692307 3.7300147999776527
398000 837.2692307692307 0.26767985696489344 19.61562696153847 0.6298076923076923 45.301282057692305 45.30769230769231 14.25 31.057692307692307 3.5015708000282757
400000 837.2692307692307 0.26767985696489344 19.61562696153847 0.6298076923076923 45.301282057692305 45.30769230769231 14.25 31.057692307692307 3.6856823999551125
402000 837.2692307692307 0.2638697674448987 19.61562696153847 0.6298076923076923 45.301282057692305 45.30769230769231 14.25 31.057692307692307 3.762181199970655
404000 837.2692307692307 0.2638697674448987 19.61562696153847 0.6298076923076923 45.301282057692305 45.30769230769231 14.25 31.057692307692307 3.693087999999989
406000 837.2692307692307 0.26767985696489344 19.61562696153847 0.6298076923076923 45.301282057692305 45.30769230769231 14.25 31.057692307692307 3.564676199981477
408000 837.2692307692307 0.26767985696489344 19.61562696153847 0.6298076923076923 45.301282057692305 45.30769230769231 14.25 31.057692307692307 3.6360502000316046
410000 837.2692307692307 0.26273989729284875 19.61562696153847 0.6298076923076923 45.301282057692305 45.30769230769231 14.25 31.057692307692307 3.589603599975817
412000 837.2692307692307 0.26273989729284875 19.61562696153847 0.6298076923076923 45.301282057692305 45.30769230769231 14.25 31.057692307692307 3.951888300012797
414000 837.2692307692307 0.26273989729284875 19.61562696153847 0.6298076923076923 45.301282057692305 45.30769230769231 14.25 31.057692307692307 3.78465700004017
416000 837.2692307692307 0.26273989729284875 19.61562696153847 0.6298076923076923 45.301282057692305 45.30769230769231 14.25 31.057692307692307 3.517743500007782
418000 837.2692307692307 0.26273989729284875 19.61562696153847 0.6298076923076923 45.301282057692305 45.30769230769231 14.25 31.057692307692307 3.6959293999825604
420000 837.2692307692307 0.26273989729284875 19.61562696153847 0.6298076923076923 45.301282057692305 45.30769230769231 14.25 31.057692307692307 3.634146799973678
422000 837.2692307692307 0.26273989729284875 19.61562696153847 0.6298076923076923 45.301282057692305 45.30769230769231 14.25 31.057692307692307 3.3734589000232518
424000 837.2692307692307 0.26273989729284875 19.61562696153847 0.6298076923076923 45.301282057692305 45.30769230769231 14.25 31.057692307692307 3.1973720000241883
426000 837.2692307692307 0.26273989729284875 19.61562696153847 0.6298076923076923 45.301282057692305 45.30769230769231 14.25 31.057692307692307 3.068863899970893
428000 837.2692307692307 0.26273989729284875 19.61562696153847 0.6298076923076923 45.301282057692305 45.30769230769231 14.25 31.057692307692307 3.2420262999949045
430000 837.2692307692307 0.26273989729284875 19.61562696153847 0.6298076923076923 45.301282057692305 45.30769230769231 14.25 31.057692307692307 3.1891419000457972
432000 837.2692307692307 0.26273989729284875 19.61562696153847 0.6298076923076923 45.301282057692305 45.30769230769231 14.25 31.057692307692307 2.970799700007774
434000 837.2692307692307 0.26273989729284875 19.61562696153847 0.6298076923076923 45.301282057692305 45.30769230769231 14.25 31.057692307692307 2.6674262000015005
436000 837.2692307692307 0.26273989729284875 19.61562696153847 0.6298076923076923 45.301282057692305 45.30769230769231 14.25 31.057692307692307 2.7664860000368208
438000 837.2692307692307 0.26273989729284875 19.61562696153847 0.6298076923076923 45.301282057692305 45.30769230769231 14.25 31.057692307692307 2.94407600001432
440000 837.2692307692307 0.26273989729284875 19.61562696153847 0.6298076923076923 45.301282057692305 45.30769230769231 14.25 31.057692307692307 2.7172662999946624
442000 837.2692307692307 0.26273989729284875 19.61562696153847 0.6298076923076923 45.301282057692305 45.30769230769231 14.25 31.057692307692307 2.7065519000170752
444000 837.2692307692307 0.26273989729284875 19.61562696153847 0.6298076923076923 45.301282057692305 45.30769230769231 14.25 31.057692307692307 2.6702401000075042
446000 837.2692307692307 0.26288608600498187 19.61562696153847 0.6298076923076923 45.301282057692305 45.30769230769231 14.25 31.057692307692307 2.287501999991946
448000 837.2692307692307 0.26288608600498187 19.61562696153847 0.6298076923076923 45.301282057692305 45.30769230769231 14.25 31.057692307692307 2.5468533000093885
450000 837.2692307692307 0.26288608600498187 19.61562696153847 0.6298076923076923 45.301282057692305 45.30769230769231 14.25 31.057692307692307 2.474930999975186
452000 835.8269230769231 0.2610528837582082 19.609216692307697 0.6201923076923077 45.301282057692305 45.30769230769231 14.26923076923077 31.03846153846154 2.5162310000159778
454000 835.8269230769231 0.2610528837582082 19.609216692307697 0.6201923076923077 45.301282057692305 45.30769230769231 14.26923076923077 31.03846153846154 2.4046482000267133
456000 837.2692307692307 0.26288608600498187 19.61562696153847 0.6298076923076923 45.301282057692305 45.30769230769231 14.25 31.057692307692307 2.52610120002646
458000 837.2692307692307 0.26288608600498187 19.61562696153847 0.6298076923076923 45.301282057692305 45.30769230769231 14.25 31.057692307692307 2.6255622999742627
460000 837.2692307692307 0.26288608600498187 19.61562696153847 0.6298076923076923 45.301282057692305 45.30769230769231 14.25 31.057692307692307 2.2236050000065006
462000 837.2692307692307 0.26288608600498187 19.61562696153847 0.6298076923076923 45.301282057692305 45.30769230769231 14.25 31.057692307692307 2.4251277999719605
464000 837.2692307692307 0.26288608600498187 19.61562696153847 0.6298076923076923 45.301282057692305 45.30769230769231 14.25 31.057692307692307 2.239365999994334
466000 837.2692307692307 0.26288608600498187 19.61562696153847 0.6298076923076923 45.301282057692305 45.30769230769231 14.25 31.057692307692307 2.342974499973934
468000 837.2692307692307 0.26288608600498187 19.61562696153847 0.6298076923076923 45.301282057692305 45.30769230769231 14.25 31.057692307692307 2.3519492000341415
470000 837.2692307692307 0.26288608600498187 19.61562696153847 0.6298076923076923 45.301282057692305 45.30769230769231 14.25 31.057692307692307 2.0786490000318736
472000 837.2692307692307 0.26288608600498187 19.61562696153847 0.6298076923076923 45.301282057692305 45.30769230769231 14.25 31.057692307692307 2.2053933999850415
474000 837.2692307692307 0.26288608600498187 19.61562696153847 0.6298076923076923 45.301282057692305 45.30769230769231 14.25 31.057692307692307 2.017543399997521
476000 835.3653846153846 0.2604659351031872 19.61562696153847 0.6201923076923077 45.301282057692305 45.30769230769231 14.25 31.057692307692307 1.944722299987916
478000 835.3653846153846 0.2604659351031872 19.61562696153847 0.6201923076923077 45.301282057692305 45.30769230769231 14.25 31.057692307692307 1.9709700999665074
480000 835.3653846153846 0.2604659351031872 19.61562696153847 0.6201923076923077 45.301282057692305 45.30769230769231 14.25 31.057692307692307 1.996825699985493
482000 834.6346153846154 0.25953720651000983 19.622037211538466 0.6201923076923077 45.301282057692305 45.30769230769231 14.25 31.057692307692307 2.0624131000367925
484000 834.6346153846154 0.25953720651000983 19.622037211538466 0.6201923076923077 45.301282057692305 45.30769230769231 14.25 31.057692307692307 2.0462817999650724
486000 834.6346153846154 0.25953720651000983 19.622037211538466 0.6201923076923077 45.301282057692305 45.30769230769231 14.25 31.057692307692307 1.9397096999455243
488000 834.6346153846154 0.2567409585856317 19.622037211538466 0.6201923076923077 45.301282057692305 45.30769230769231 14.25 31.057692307692307 1.960353499976918
490000 839.0192307692307 0.26511070028611544 19.6156269423077 0.6298076923076923 45.301282057692305 45.30769230769231 14.25 31.057692307692307 1.805837200023234
492000 839.0192307692307 0.26511070028611544 19.6156269423077 0.6298076923076923 45.301282057692305 45.30769230769231 14.25 31.057692307692307 1.5470907999551855
494000 839.0192307692307 0.26511070028611544 19.6156269423077 0.6298076923076923 45.301282057692305 45.30769230769231 14.25 31.057692307692307 1.5701865999726579
496000 834.6346153846154 0.25953720651000983 19.622037211538466 0.6201923076923077 45.301282057692305 45.30769230769231 14.25 31.057692307692307 1.6047887000022456
498000 834.6346153846154 0.25953720651000983 19.622037211538466 0.6201923076923077 45.301282057692305 45.30769230769231 14.25 31.057692307692307 1.4179211999871768
500000 834.6346153846154 0.25953720651000983 19.622037211538466 0.6201923076923077 45.301282057692305 45.30769230769231 14.25 31.057692307692307 1.9042975999764167
