2000 2.6296296296296298 -0.8887148191895256 128.64814814814815 0.044753086419753084 135.5185185185185 45.333333333333336 0.0 45.333333333333336 0.8736552999998821
4000 3.3518518518518516 -0.8518256543384568 127.85185185185185 0.0771604938271605 135.5185185185185 45.333333333333336 0.0 45.333333333333336 0.9896662999999535
6000 3.611111111111111 -1.0 126.85185185185185 0.13888888888888887 135.5185185185185 45.333333333333336 0.0 45.333333333333336 0.7226863000000776
8000 3.1481481481481484 -0.9628628316537484 126.94444444444444 0.11419753086419752 135.5185185185185 45.333333333333336 0.018518518518518517 45.31481481481482 0.8554635999998936
10000 11.203703703703704 -0.9629364638421137 123.92592592592592 0.25925925925925924 135.5185185185185 45.333333333333336 0.018518518518518517 45.31481481481482 1.4190734999997403
12000 4.185185185185185 -0.1847684180499337 126.4074074074074 0.15895061728395063 135.5185185185185 45.333333333333336 0.0 45.333333333333336 1.8623976999997467
14000 2.9444444444444446 -0.5925437191065809 127.98148148148148 0.11419753086419752 135.5185185185185 45.333333333333336 0.0 45.333333333333336 1.325072199999795
16000 6.962962962962963 0.0009228961981172844 125.9074074074074 0.12654320987654322 135.5185185185185 45.333333333333336 0.0 45.333333333333336 1.854852899999969
18000 17.037037037037038 -0.10827848308505664 121.77777777777777 0.2932098765432099 135.5185185185185 45.333333333333336 0.018518518518518517 45.31481481481482 1.9970126000002892
20000 19.333333333333332 0.002661521759446458 121.25925925925925 0.3101851851851851 135.5185185185185 45.333333333333336 0.018518518518518517 45.31481481481482 2.020289199999752
22000 23.74074074074074 0.003678400618895112 121.81481481481481 0.27006172839506176 135.5185185185185 45.333333333333336 0.018518518518518517 45.31481481481482 1.9498656000000665
24000 15.425925925925926 -0.033707162714238174 122.25925925925925 0.26851851851851855 135.5185185185185 45.333333333333336 0.018518518518518517 45.31481481481482 1.9640691999998126
26000 7.907407407407407 0.001933108484800972 126.4074074074074 0.10030864197530864 135.5185185185185 45.333333333333336 0.0 45.333333333333336 1.906709999999748
28000 25.555555555555557 0.00560960964827466 121.14814814814815 0.3348765432098766 135.5185185185185 45.333333333333336 0.018518518518518517 45.31481481481482 1.9273149000000558
30000 29.62962962962963 0.00211858472123616 122.18518518518519 0.28858024691358025 135.5185185185185 45.333333333333336 0.0 45.333333333333336 1.924730400000044
32000 38.129629629629626 0.007284811907813103 119.94444444444444 0.39814814814814814 135.5185185185185 45.333333333333336 0.018518518518518517 45.31481481481482 1.8323168000001715
34000 27.27777777777778 -0.590562643701126 122.14814814814815 0.3333333333333333 135.5185185185185 45.333333333333336 0.0 45.333333333333336 1.7006712000002153
36000 22.48148148148148 0.003089737378984347 121.01851851851852 0.37191358024691357 135.5185185185185 45.333333333333336 0.018518518518518517 45.31481481481482 1.778798199999983
38000 22.98148148148148 0.0035048509499063353 120.57407407407408 0.39197530864197533 135.5185185185185 45.333333333333336 0.018518518518518517 45.31481481481482 1.8055021000000124
40000 27.85185185185185 -0.031025408659964542 120.81481481481481 0.37654320987654316 135.5185185185185 45.333333333333336 0.018518518518518517 45.31481481481482 1.807677500000409
42000 25.166666666666668 0.005326106680177082 120.64814814814815 0.3410493827160494 135.5185185185185 45.333333333333336 0.018518518518518517 45.31481481481482 1.7911090000002332
44000 19.40740740740741 0.003956425893841461 121.46296296296296 0.3055555555555556 135.5185185185185 45.333333333333336 0.018518518518518517 45.31481481481482 1.7978313000003254
46000 32.94444444444444 0.004330047184167931 120.03703703703704 0.37962962962962965 135.5185185185185 45.333333333333336 0.018518518518518517 45.31481481481482 1.8176923999999417
48000 32.77777777777778 0.003628326385903077 120.03703703703704 0.37962962962962965 135.5185185185185 45.333333333333336 0.018518518518518517 45.31481481481482 1.7611622999997962
50000 28.22222222222222 -0.144220607976127 121.14814814814815 0.3302469135802469 135.5185185185185 45.333333333333336 0.018518518518518517 45.31481481481482 1.8087023000002773
52000 26.425925925925927 0.006029117002509749 121.75925925925925 0.3271604938271605 135.5185185185185 45.333333333333336 0.018518518518518517 45.31481481481482 1.7818782999997893
54000 19.35185185185185 0.0022435485229196717 123.70370370370371 0.2777777777777778 135.5185185185185 45.333333333333336 0.0 45.333333333333336 1.7714085000002342
56000 19.037037037037038 0.003131036078350363 122.18518518518519 0.32098765432098764 135.5185185185185 45.333333333333336 0.018518518518518517 45.31481481481482 1.784940099999858
58000 10.38888888888889 0.0013160948043927545 125.31481481481481 0.21450617283950615 135.5185185185185 45.333333333333336 0.0 45.333333333333336 1.7600821999999425
60000 9.574074074074074 -0.017302171980342288 124.75925925925925 0.20524691358024694 135.5185185185185 45.333333333333336 0.0 45.333333333333336 1.7234308999995847
62000 9.203703703703704 -0.3695967924091436 125.4074074074074 0.20833333333333337 135.5185185185185 45.333333333333336 0.0 45.333333333333336 1.6961453999997502
64000 8.092592592592593 -0.24005746153390353 125.33333333333333 0.16512345679012344 135.5185185185185 45.333333333333336 0.0 45.333333333333336 1.7439445000004525
66000 11.75925925925926 -0.12721025557223406 123.14814814814815 0.2438271604938272 135.5185185185185 45.333333333333336 0.0 45.333333333333336 1.8134195000002364
68000 14.38888888888889 -0.016368392400094973 122.75925925925925 0.2854938271604939 135.5185185185185 45.333333333333336 0.018518518518518517 45.31481481481482 1.9186434000002919
70000 15.481481481481481 0.0024218630884310375 122.77777777777777 0.3055555555555556 135.5185185185185 45.333333333333336 0.018518518518518517 45.31481481481482 1.7567069000001538
72000 13.685185185185185 0.0027222760797377767 125.5925925925926 0.17746913580246915 135.5185185185185 45.333333333333336 0.0 45.333333333333336 1.804708699999992
74000 17.35185185185185 0.0028542442161061912 122.29629629629629 0.3055555555555556 135.5185185185185 45.333333333333336 0.018518518518518517 45.31481481481482 1.881763100000171
76000 18.24074074074074 0.0019676511550860763 122.33333333333333 0.30555555555555547 135.5185185185185 45.333333333333336 0.018518518518518517 45.31481481481482 1.8578942000003735
78000 25.703703703703702 0.005638926082110885 122.0 0.31327160493827155 135.5185185185185 45.333333333333336 0.018518518518518517 45.31481481481482 1.8582778999998482
80000 24.72222222222222 0.005177264413663823 122.0 0.31481481481481477 135.5185185185185 45.333333333333336 0.018518518518518517 45.31481481481482 1.8290391000000454
82000 31.537037037037038 0.0058380919165328185 123.27777777777777 0.271604938271605 135.5185185185185 45.333333333333336 0.0 45.333333333333336 1.857743500000197
84000 23.51851851851852 0.00599663890788239 124.0925925925926 0.2654320987654321 135.5185185185185 45.333333333333336 0.0 45.333333333333336 1.829263500000252
86000 29.703703703703702 0.00638368742826664 123.05555555555556 0.32098765432098764 135.5185185185185 45.333333333333336 0.0 45.333333333333336 1.81254940000008
88000 23.444444444444443 0.003205355167329122 123.0 0.3055555555555556 135.5185185185185 45.333333333333336 0.0 45.333333333333336 1.8865513999999166
90000 16.77777777777778 0.004258301157330336 124.35185185185185 0.22530864197530867 135.5185185185185 45.333333333333336 0.0 45.333333333333336 1.7972451000000547
92000 12.38888888888889 0.003061393608451465 125.18518518518519 0.21141975308641978 135.5185185185185 45.333333333333336 0.0 45.333333333333336 1.8343668000002253
94000 7.12962962962963 0.0005222073132633898 125.46296296296296 0.1743827160493827 135.5185185185185 45.333333333333336 0.0 45.333333333333336 1.9166028999998161
96000 14.444444444444445 0.0045982554594511124 123.16666666666667 0.33950617283950624 135.5185185185185 45.333333333333336 0.0 45.333333333333336 1.9494815000002745
98000 22.796296296296298 0.003101428768391354 122.29629629629629 0.30555555555555547 135.5185185185185 45.333333333333336 0.0 45.333333333333336 1.7698537999999644
100000 9.574074074074074 0.001749476808244957 124.92592592592592 0.19753086419753088 135.5185185185185 45.333333333333336 0.0 45.333333333333336 1.8342168999997739
102000 9.0 0.0018867038939175947 125.57407407407408 0.18518518518518517 135.5185185185185 45.333333333333336 0.0 45.333333333333336 1.8441505999999208
104000 11.24074074074074 0.0019555904588686537 125.25925925925925 0.19753086419753083 135.5185185185185 45.333333333333336 0.0 45.333333333333336 1.878740299999663
106000 15.87037037037037 0.0033937616328676774 123.18518518518519 0.3209876543209877 135.5185185185185 45.333333333333336 0.0 45.333333333333336 1.7853706999999304
108000 25.35185185185185 0.006303087962455978 121.42592592592592 0.39969135802469136 135.5185185185185 45.333333333333336 0.0 45.333333333333336 1.8849828000002162
110000 37.25925925925926 0.009577375225979557 119.98148148148148 0.4737654320987654 135.5185185185185 45.333333333333336 0.0 45.333333333333336 1.854083300000184
112000 12.777777777777779 0.002576905202013993 124.79629629629629 0.2283950617283951 135.5185185185185 45.333333333333336 0.0 45.333333333333336 1.8731813000003967
114000 18.925925925925927 0.0030158785020885075 123.5925925925926 0.26851851851851855 135.5185185185185 45.333333333333336 0.0 45.333333333333336 1.7720101999998406
116000 18.0 0.0030892031120376084 123.92592592592592 0.21450617283950618 135.5185185185185 45.333333333333336 0.0 45.333333333333336 1.825801699999829
118000 22.925925925925927 0.00266966087193333 123.12962962962963 0.25925925925925924 135.5185185185185 45.333333333333336 0.0 45.333333333333336 1.9808449000001929
120000 21.88888888888889 -0.014258776059764168 122.68518518518519 0.29475308641975306 135.5185185185185 45.333333333333336 0.0 45.333333333333336 1.869254600000204
122000 25.185185185185187 0.003285041919279591 122.42592592592592 0.3225308641975308 135.5185185185185 45.333333333333336 0.0 45.333333333333336 1.7871404000002258
124000 25.685185185185187 -0.014822531516374072 122.79629629629629 0.2978395061728395 135.5185185185185 45.333333333333336 0.0 45.333333333333336 1.7987958000003346
126000 23.444444444444443 -0.015146271159738309 122.96296296296296 0.3117283950617284 135.5185185185185 45.333333333333336 0.0 45.333333333333336 1.8443749000002754
128000 28.37037037037037 0.004587034782167951 122.70370370370371 0.32098765432098764 135.5185185185185 45.333333333333336 0.0 45.333333333333336 1.8177597999997488
130000 24.314814814814813 -0.014448113771537175 123.5925925925926 0.2638888888888889 135.5185185185185 45.333333333333336 0.0 45.333333333333336 1.7864413999996032
132000 23.27777777777778 0.0030502041157141504 124.01851851851852 0.26543209876543217 135.5185185185185 45.333333333333336 0.0 45.333333333333336 1.925999199999751
134000 26.64814814814815 0.003155984493756291 123.42592592592592 0.2870370370370371 135.5185185185185 45.333333333333336 0.0 45.333333333333336 1.930981200000133
136000 28.444444444444443 0.0036839369914999317 123.22222222222223 0.26080246913580246 135.5185185185185 45.333333333333336 0.0 45.333333333333336 1.8530550999994375
138000 27.11111111111111 0.003522523220981976 123.33333333333333 0.2716049382716049 135.5185185185185 45.333333333333336 0.0 45.333333333333336 1.777899100000468
140000 25.01851851851852 0.0035135010151655134 123.16666666666667 0.3117283950617284 135.5185185185185 45.333333333333336 0.0 45.333333333333336 1.8737631000003603
142000 22.666666666666668 0.0044361271226849635 123.9074074074074 0.22685185185185183 135.5185185185185 45.333333333333336 0.0 45.333333333333336 1.8908338000001095
144000 44.5 -0.06373788882586046 121.9074074074074 0.3425925925925926 135.5185185185185 45.333333333333336 0.0 45.333333333333336 1.94546629999968
146000 44.98148148148148 -0.4727731574664871 121.24074074074075 0.4212962962962962 135.5185185185185 45.333333333333336 0.0 45.333333333333336 1.7479419000001144
148000 52.24074074074074 -0.02009139040010057 121.24074074074075 0.3919753086419753 135.5185185185185 45.333333333333336 0.0 45.333333333333336 1.919011099999807
150000 35.2037037037037 0.005911611745897972 122.29629629629629 0.31481481481481477 135.5185185185185 45.333333333333336 0.0 45.333333333333336 1.877819599999384
152000 37.907407407407405 0.007466056012922291 121.64814814814815 0.3487654320987654 135.5185185185185 45.333333333333336 0.0 45.333333333333336 1.8881220999992365
154000 22.85185185185185 -0.8136924770869961 123.20370370370371 0.20524691358024696 135.5185185185185 45.333333333333336 0.0 45.333333333333336 1.59554130000015
156000 16.925925925925927 0.003349792729605664 124.77777777777777 0.18518518518518517 135.5185185185185 45.333333333333336 0.0 45.333333333333336 1.872246400000222
158000 14.87037037037037 0.003221914220642879 124.55555555555556 0.18827160493827155 135.5185185185185 45.333333333333336 0.0 45.333333333333336 1.898058800000399
160000 14.777777777777779 0.0027336759151378154 125.0 0.19598765432098766 135.5185185185185 45.333333333333336 0.018518518518518517 45.31481481481482 1.8263621000005514
162000 16.24074074074074 0.004086058940750772 124.96296296296296 0.18827160493827158 135.5185185185185 45.333333333333336 0.0 45.333333333333336 1.815929999999753
164000 13.444444444444445 0.003144120454445924 124.01851851851852 0.23302469135802473 135.5185185185185 45.333333333333336 0.018518518518518517 45.31481481481482 1.8072017000004053
166000 15.777777777777779 0.003757377426201942 123.05555555555556 0.30092592592592593 135.5185185185185 45.333333333333336 0.018518518518518517 45.31481481481482 1.8652670000001308
168000 16.685185185185187 0.003947655296588603 124.16666666666667 0.25154320987654327 135.5185185185185 45.333333333333336 0.0 45.333333333333336 1.8061525999992227
170000 30.796296296296298 0.004652079841015305 120.9074074074074 0.353395061728395 135.5185185185185 45.333333333333336 0.018518518518518517 45.31481481481482 1.8805368999992425
172000 20.444444444444443 0.0033353206752014665 122.5 0.2993827160493827 135.5185185185185 45.333333333333336 0.0 45.333333333333336 1.8049303999996482
174000 15.296296296296296 0.003542698667849431 121.72222222222223 0.33641975308641975 135.5185185185185 45.333333333333336 0.018518518518518517 45.31481481481482 1.8284769000001688
176000 28.055555555555557 0.008838860817088508 120.5 0.39814814814814814 135.5185185185185 45.333333333333336 0.018518518518518517 45.31481481481482 1.9066695000001346
178000 40.2037037037037 0.009727845738518972 120.25925925925925 0.4351851851851852 135.5185185185185 45.333333333333336 0.018518518518518517 45.31481481481482 1.7982777000006536
180000 40.351851851851855 -0.012232978517219774 119.98148148148148 0.39197530864197533 135.5185185185185 45.333333333333336 0.018518518518518517 45.31481481481482 1.98526529999981
182000 52.2962962962963 -0.13383840738454697 119.96296296296296 0.3919753086419753 135.5185185185185 45.333333333333336 0.018518518518518517 45.31481481481482 1.9864825000004203
184000 48.18518518518518 0.013110994993146444 119.72222222222223 0.4135802469135803 135.5185185185185 45.333333333333336 0.018518518518518517 45.31481481481482 2.0924059999997553
186000 56.51851851851852 -0.4721163088346653 120.12962962962963 0.4182098765432098 135.5185185185185 45.333333333333336 0.018518518518518517 45.31481481481482 1.9066752999997334
188000 21.27777777777778 0.004898325910325693 122.57407407407408 0.2839506172839506 135.5185185185185 45.333333333333336 0.018518518518518517 45.31481481481482 1.971076599999833
190000 25.814814814814813 0.004436123442169753 121.44444444444444 0.3472222222222222 135.5185185185185 45.333333333333336 0.018518518518518517 45.31481481481482 1.8071251999999731
192000 18.5 0.004055838888118241 122.70370370370371 0.279320987654321 135.5185185185185 45.333333333333336 0.018518518518518517 45.31481481481482 1.9195947000007436
194000 16.944444444444443 0.004324093516679926 123.18518518518519 0.2839506172839506 135.5185185185185 45.333333333333336 0.018518518518518517 45.31481481481482 1.9095742999998038
196000 33.0 0.005620112890298196 120.88888888888889 0.31481481481481477 135.5185185185185 45.333333333333336 0.018518518518518517 45.31481481481482 1.847910000000411
198000 37.351851851851855 -0.062376722654257 120.74074074074075 0.37037037037037035 135.5185185185185 45.333333333333336 0.018518518518518517 45.31481481481482 1.9148494000000937
200000 51.05555555555556 -0.4176378046493249 119.62962962962963 0.4274691358024691 135.5185185185185 45.333333333333336 0.018518518518518517 45.31481481481482 1.8183876000002783
202000 18.296296296296298 -0.9814416770263454 123.24074074074075 0.33641975308641975 135.5185185185185 45.333333333333336 0.018518518518518517 45.31481481481482 1.2492514999994455
204000 59.907407407407405 -0.8218932963748963 120.14814814814815 0.40740740740740733 135.5185185185185 45.333333333333336 0.018518518518518517 45.31481481481482 1.506934399999409
206000 63.81481481481482 -0.90287998188856 119.62962962962963 0.35493827160493824 135.5185185185185 45.333333333333336 0.018518518518518517 45.31481481481482 1.6064216000004308
208000 44.2962962962963 -1.0 121.61111111111111 0.29783950617283955 135.5185185185185 45.333333333333336 0.0 45.333333333333336 1.2777095000001282
210000 56.74074074074074 -0.9407405148010023 120.92592592592592 0.3626543209876543 135.5185185185185 45.333333333333336 0.0 45.333333333333336 1.4984916999992492
212000 72.9074074074074 -0.1698678853405403 118.87037037037037 0.4629629629629629 135.5185185185185 45.333333333333336 0.018518518518518517 45.31481481481482 1.9847915999998804
214000 58.7037037037037 -0.040367086775234935 119.42592592592592 0.39814814814814814 135.5185185185185 45.333333333333336 0.018518518518518517 45.31481481481482 1.804635500000586
216000 57.03703703703704 -0.20980763640714709 119.38888888888889 0.4228395061728395 135.5185185185185 45.333333333333336 0.018518518518518517 45.31481481481482 1.9492245000001276
218000 70.83333333333333 -0.7321091551011902 118.81481481481481 0.49537037037037035 135.5185185185185 45.333333333333336 0.018518518518518517 45.31481481481482 1.7375444999997853
220000 67.62962962962963 -0.1500516111082432 118.72222222222223 0.42438271604938266 135.5185185185185 45.333333333333336 0.018518518518518517 45.31481481481482 1.763517899999897
222000 52.351851851851855 -0.6583026439643196 120.12962962962963 0.38117283950617276 135.5185185185185 45.333333333333336 0.018518518518518517 45.31481481481482 1.8058779000002687
224000 58.111111111111114 -0.4737360162422167 119.11111111111111 0.48148148148148145 135.5185185185185 45.333333333333336 0.018518518518518517 45.31481481481482 1.847097400000166
226000 40.611111111111114 0.008818829078608741 119.70370370370371 0.4552469135802469 135.5185185185185 45.333333333333336 0.018518518518518517 45.31481481481482 1.8529919000002337
228000 40.851851851851855 -0.048382808052729265 120.51851851851852 0.4104938271604939 135.5185185185185 45.333333333333336 0.018518518518518517 45.31481481481482 1.783673699999781
230000 46.833333333333336 -0.7005412481531785 120.62962962962963 0.4382716049382716 135.5185185185185 45.333333333333336 0.0 45.333333333333336 1.5498356000007334
232000 46.05555555555556 -0.9443175234352557 120.85185185185185 0.42901234567901236 135.5185185185185 45.333333333333336 0.0 45.333333333333336 1.4584187999998903
234000 50.18518518518518 -0.8494893960287273 120.81481481481481 0.4089506172839506 135.5185185185185 45.333333333333336 0.0 45.333333333333336 1.6726462000005995
236000 33.166666666666664 -0.9426832900323991 123.79629629629629 0.24845679012345678 135.5185185185185 45.333333333333336 0.0 45.333333333333336 1.5600122000005285
238000 40.75925925925926 -0.1236595950040584 121.72222222222223 0.35493827160493824 135.5185185185185 45.333333333333336 0.0 45.333333333333336 1.9023286999999982
240000 33.074074074074076 -0.051664329514539906 122.11111111111111 0.3302469135802469 135.5185185185185 45.333333333333336 0.0 45.333333333333336 1.9134052000008523
242000 32.18518518518518 -0.014423969590712868 122.11111111111111 0.30092592592592593 135.5185185185185 45.333333333333336 0.0 45.333333333333336 1.8654931999999462
244000 33.407407407407405 -0.03172822419447499 122.07407407407408 0.2854938271604938 135.5185185185185 45.333333333333336 0.0 45.333333333333336 1.9827730999995765
246000 46.44444444444444 -0.008859352754925002 121.5 0.3395061728395061 135.5185185185185 45.333333333333336 0.0 45.333333333333336 2.003534100000252
248000 40.68518518518518 -0.19662637493580087 121.53703703703704 0.3564814814814814 135.5185185185185 45.333333333333336 0.0 45.333333333333336 1.9110163000004832
250000 41.870370370370374 -0.7905708743533438 121.44444444444444 0.3688271604938272 135.5185185185185 45.333333333333336 0.0 45.333333333333336 1.6900893000001815
252000 54.370370370370374 -0.7133625703145597 120.75925925925925 0.38271604938271603 135.5185185185185 45.333333333333336 0.0 45.333333333333336 1.5729492000000391
254000 50.18518518518518 -0.9428601967132964 120.61111111111111 0.4212962962962962 135.5185185185185 45.333333333333336 0.0 45.333333333333336 1.6005603000003248
256000 69.92592592592592 -0.4291012820010369 118.96296296296296 0.5 135.5185185185185 45.333333333333336 0.018518518518518517 45.31481481481482 1.9347164999999222
258000 60.18518518518518 -0.47204606368354757 120.61111111111111 0.4259259259259259 135.5185185185185 45.333333333333336 0.0 45.333333333333336 1.8533416999998735
260000 51.2037037037037 -0.9426571254446581 120.83333333333333 0.40277777777777773 135.5185185185185 45.333333333333336 0.0 45.333333333333336 1.5133314000004248
262000 65.72222222222223 -0.8103087355694314 120.35185185185185 0.43055555555555547 135.5185185185185 45.333333333333336 0.0 45.333333333333336 1.6103914000004806
264000 54.46296296296296 -0.8867913072388993 120.51851851851852 0.4259259259259259 135.5185185185185 45.333333333333336 0.0 45.333333333333336 1.5576725000000806
266000 67.88888888888889 -0.6946571986489403 120.29629629629629 0.43981481481481477 135.5185185185185 45.333333333333336 0.0 45.333333333333336 1.602660300000025
268000 63.370370370370374 -0.9045133912254391 120.33333333333333 0.449074074074074 135.5185185185185 45.333333333333336 0.0 45.333333333333336 1.6803391000003103
270000 68.0925925925926 -0.7723543101357838 120.05555555555556 0.4506172839506173 135.5185185185185 45.333333333333336 0.0 45.333333333333336 1.961121600000297
272000 71.0 -0.2804146480297491 119.81481481481481 0.45833333333333326 135.5185185185185 45.333333333333336 0.0 45.333333333333336 1.9341592999999193
274000 65.07407407407408 -0.2648148029346531 120.03703703703704 0.4243827160493827 135.5185185185185 45.333333333333336 0.0 45.333333333333336 1.9471142000002146
276000 42.81481481481482 0.009614683838048898 120.75925925925925 0.39814814814814814 135.5185185185185 45.333333333333336 0.0 45.333333333333336 1.9112240000004022
278000 48.351851851851855 0.009745770062607524 119.74074074074075 0.40432098765432095 135.5185185185185 45.333333333333336 0.018518518518518517 45.31481481481482 1.9674688000004608
280000 54.81481481481482 0.01249150825456332 119.01851851851852 0.4552469135802469 135.5185185185185 45.333333333333336 0.018518518518518517 45.31481481481482 2.008065300000453
282000 55.31481481481482 -0.17320796439205458 118.70370370370371 0.4151234567901234 135.5185185185185 45.333333333333336 0.018518518518518517 45.31481481481482 1.975757999999587
284000 54.611111111111114 -0.17405909024274316 118.81481481481481 0.4151234567901234 135.5185185185185 45.333333333333336 0.018518518518518517 45.31481481481482 2.0995365999997375
286000 44.18518518518518 -0.06603543527871525 119.61111111111111 0.4552469135802469 135.5185185185185 45.333333333333336 0.018518518518518517 45.31481481481482 1.8894247999996878
288000 41.74074074074074 0.0072102276260284865 119.66666666666667 0.38425925925925924 135.5185185185185 45.333333333333336 0.018518518518518517 45.31481481481482 1.9676710000003368
290000 42.833333333333336 -0.04748398741840342 119.96296296296296 0.39660493827160487 135.5185185185185 45.333333333333336 0.018518518518518517 45.31481481481482 1.8769084000005023
292000 56.333333333333336 -0.0058961543347770635 118.75925925925925 0.45679012345679015 135.5185185185185 45.333333333333336 0.018518518518518517 45.31481481481482 1.8992158999999447
294000 46.22222222222222 0.006759519848403581 119.5925925925926 0.42283950617283955 135.5185185185185 45.333333333333336 0.018518518518518517 45.31481481481482 1.9319526999997834
296000 61.111111111111114 -0.0032565483833211744 118.87037037037037 0.4675925925925926 135.5185185185185 45.333333333333336 0.018518518518518517 45.31481481481482 2.010864799999581
298000 43.44444444444444 0.007873297364326683 119.48148148148148 0.4212962962962963 135.5185185185185 45.333333333333336 0.018518518518518517 45.31481481481482 2.02205529999992
300000 44.94444444444444 0.00725407167917096 119.38888888888889 0.42438271604938266 135.5185185185185 45.333333333333336 0.018518518518518517 45.31481481481482 1.9883538000003682
302000 40.05555555555556 0.006332128283920535 119.61111111111111 0.4459876543209877 135.5185185185185 45.333333333333336 0.018518518518518517 45.31481481481482 1.9866268999994645
304000 42.907407407407405 0.007419901822636506 119.64814814814815 0.4305555555555556 135.5185185185185 45.333333333333336 0.018518518518518517 45.31481481481482 1.9926525999999285
306000 45.7037037037037 0.009299931114920614 119.51851851851852 0.4074074074074074 135.5185185185185 45.333333333333336 0.018518518518518517 45.31481481481482 1.9521866000004593
308000 42.648148148148145 0.0078002902573974945 119.55555555555556 0.44135802469135804 135.5185185185185 45.333333333333336 0.018518518518518517 45.31481481481482 2.0449784000002182
310000 58.44444444444444 -0.005877733127302347 118.77777777777777 0.4660493827160494 135.5185185185185 45.333333333333336 0.018518518518518517 45.31481481481482 1.9859561999992366
312000 45.48148148148148 -0.06607763168446253 119.83333333333333 0.3919753086419753 135.5185185185185 45.333333333333336 0.018518518518518517 45.31481481481482 1.9180260999992242
314000 49.7037037037037 -0.1947473193061386 120.35185185185185 0.3858024691358024 135.5185185185185 45.333333333333336 0.018518518518518517 45.31481481481482 1.863217899999654
316000 67.68518518518519 -0.17001159310341693 119.20370370370371 0.4830246913580246 135.5185185185185 45.333333333333336 0.018518518518518517 45.31481481481482 1.9466717000004792
318000 40.2037037037037 0.01052057437501541 120.25925925925925 0.4012345679012345 135.5185185185185 45.333333333333336 0.018518518518518517 45.31481481481482 1.9972366000001784
320000 55.351851851851855 -0.26684323282710687 119.46296296296296 0.47685185185185186 135.5185185185185 45.333333333333336 0.018518518518518517 45.31481481481482 1.8837725000003047
322000 38.629629629629626 0.00832028895306199 119.57407407407408 0.47530864197530864 135.5185185185185 45.333333333333336 0.018518518518518517 45.31481481481482 2.055537600000207
324000 37.46296296296296 0.008487468090842854 120.74074074074075 0.4537037037037038 135.5185185185185 45.333333333333336 0.0 45.333333333333336 1.9910334000005605
326000 38.666666666666664 0.008553850216350394 120.98148148148148 0.4243827160493828 135.5185185185185 45.333333333333336 0.0 45.333333333333336 1.9849558000005345
328000 43.092592592592595 0.008418888098571173 120.38888888888889 0.4521604938271605 135.5185185185185 45.333333333333336 0.0 45.333333333333336 2.048185200000262
330000 37.55555555555556 0.006062131903227695 120.48148148148148 0.4012345679012346 135.5185185185185 45.333333333333336 0.018518518518518517 45.31481481481482 2.034643899999537
332000 35.148148148148145 0.004516407165609464 120.53703703703704 0.3888888888888889 135.5185185185185 45.333333333333336 0.018518518518518517 45.31481481481482 2.0244772999994893
334000 40.94444444444444 0.006957491257388764 120.35185185185185 0.39814814814814814 135.5185185185185 45.333333333333336 0.018518518518518517 45.31481481481482 1.9911449999999604
336000 38.51851851851852 0.004935389121777791 120.35185185185185 0.4012345679012346 135.5185185185185 45.333333333333336 0.018518518518518517 45.31481481481482 1.9635098999997354
338000 39.77777777777778 0.005994577253108398 120.25925925925925 0.4166666666666667 135.5185185185185 45.333333333333336 0.018518518518518517 45.31481481481482 1.9438884000001053
340000 46.148148148148145 0.010038200578758014 120.0925925925926 0.4475308641975309 135.5185185185185 45.333333333333336 0.0 45.333333333333336 2.0217925999995714
342000 42.351851851851855 0.007938387864071774 120.11111111111111 0.42283950617283955 135.5185185185185 45.333333333333336 0.018518518518518517 45.31481481481482 1.9272578000000067
344000 46.44444444444444 0.009352794618235093 119.31481481481481 0.44907407407407407 135.5185185185185 45.333333333333336 0.018518518518518517 45.31481481481482 1.9697863999999754
346000 53.7037037037037 0.011853666432378021 118.85185185185185 0.4475308641975309 135.5185185185185 45.333333333333336 0.018518518518518517 45.31481481481482 1.9436868000002505
348000 54.22222222222222 0.011370320008696802 118.98148148148148 0.4598765432098766 135.5185185185185 45.333333333333336 0.018518518518518517 45.31481481481482 1.9851853999998639
350000 48.611111111111114 0.00894312292409711 119.29629629629629 0.4135802469135803 135.5185185185185 45.333333333333336 0.018518518518518517 45.31481481481482 1.9459405999996306
352000 43.388888888888886 0.007577441343509189 119.44444444444444 0.4429012345679012 135.5185185185185 45.333333333333336 0.018518518518518517 45.31481481481482 1.897591800000555
354000 49.851851851851855 -0.10181484860217037 119.0 0.44290123456790126 135.5185185185185 45.333333333333336 0.018518518518518517 45.31481481481482 1.930915300000379
356000 55.01851851851852 0.013843005746839951 119.03703703703704 0.5154320987654321 135.5185185185185 45.333333333333336 0.018518518518518517 45.31481481481482 1.821549999999661
358000 45.129629629629626 0.00796822353928091 119.16666666666667 0.4583333333333333 135.5185185185185 45.333333333333336 0.018518518518518517 45.31481481481482 2.027060100000199
360000 69.0925925925926 0.01761595535965324 118.4074074074074 0.4768518518518518 135.5185185185185 45.333333333333336 0.018518518518518517 45.31481481481482 1.853613100000075
362000 82.81481481481481 0.020363951067839572 118.14814814814815 0.5046296296296297 135.5185185185185 45.333333333333336 0.018518518518518517 45.31481481481482 1.898437599999852
364000 90.42592592592592 0.00036278775978041783 117.88888888888889 0.5138888888888888 135.5185185185185 45.333333333333336 0.018518518518518517 45.31481481481482 1.8950720000002548
366000 123.87037037037037 -0.05923311260158567 117.61111111111111 0.5987654320987653 135.5185185185185 45.333333333333336 0.018518518518518517 45.31481481481482 1.8870427000001655
368000 78.55555555555556 0.016532650526292294 118.4074074074074 0.4922839506172839 135.5185185185185 45.333333333333336 0.018518518518518517 45.31481481481482 2.09638890000042
370000 63.7962962962963 0.0107724106049747 119.18518518518519 0.4274691358024691 135.5185185185185 45.333333333333336 0.018518518518518517 45.31481481481482 2.04457100000036
372000 61.870370370370374 0.01190375448582323 119.0 0.43981481481481477 135.5185185185185 45.333333333333336 0.018518518518518517 45.31481481481482 2.1323232999993706
374000 63.03703703703704 0.012123089946709428 118.66666666666667 0.4567901234567901 135.5185185185185 45.333333333333336 0.018518518518518517 45.31481481481482 2.019461899999442
376000 61.129629629629626 0.011377653059033661 118.72222222222223 0.4737654320987654 135.5185185185185 45.333333333333336 0.018518518518518517 45.31481481481482 1.954808100000264
378000 64.25925925925925 0.013408394699518975 118.61111111111111 0.45987654320987653 135.5185185185185 45.333333333333336 0.018518518518518517 45.31481481481482 2.016362399999707
380000 64.24074074074075 0.01355515879758649 118.64814814814815 0.4691358024691358 135.5185185185185 45.333333333333336 0.018518518518518517 45.31481481481482 1.9937778000003163
382000 75.75925925925925 0.01747208068566306 118.37037037037037 0.48611111111111105 135.5185185185185 45.333333333333336 0.018518518518518517 45.31481481481482 1.9449415999997655
384000 70.88888888888889 0.012743242020428732 118.48148148148148 0.5030864197530864 135.5185185185185 45.333333333333336 0.018518518518518517 45.31481481481482 2.028021300000546
386000 89.88888888888889 0.02683057079832305 117.9074074074074 0.5293209876543209 135.5185185185185 45.333333333333336 0.018518518518518517 45.31481481481482 2.184282600000188
388000 144.38888888888889 -0.10775093647732517 117.31481481481481 0.5447530864197531 135.5185185185185 45.333333333333336 0.018518518518518517 45.31481481481482 2.090616699999373
390000 100.0925925925926 0.03048435497189193 117.42592592592592 0.5354938271604939 135.5185185185185 45.333333333333336 0.018518518518518517 45.31481481481482 2.2024122000002535
392000 95.94444444444444 0.027865274642838382 117.72222222222223 0.5262345679012346 135.5185185185185 45.333333333333336 0.018518518518518517 45.31481481481482 2.0515773000006448
394000 98.35185185185185 0.026433529366507957 117.70370370370371 0.5246913580246914 135.5185185185185 45.333333333333336 0.018518518518518517 45.31481481481482 1.9867249999997512
396000 127.51851851851852 -0.001216822868875115 117.61111111111111 0.5246913580246914 135.5185185185185 45.333333333333336 0.018518518518518517 45.31481481481482 2.0640630999996574
398000 129.66666666666666 -0.014091051572661353 117.74074074074075 0.5092592592592592 135.5185185185185 45.333333333333336 0.018518518518518517 45.31481481481482 1.9863980000000083
400000 130.03703703703704 0.036838078497164015 117.68518518518519 0.5354938271604938 135.5185185185185 45.333333333333336 0.018518518518518517 45.31481481481482 2.0619779999997263
402000 94.79629629629629 0.019991878420030074 118.07407407407408 0.49382716049382713 135.5185185185185 45.333333333333336 0.018518518518518517 45.31481481481482 2.0270365999995192
404000 102.38888888888889 0.006485019894013105 118.03703703703704 0.4876543209876543 135.5185185185185 45.333333333333336 0.018518518518518517 45.31481481481482 1.9794847000002846
406000 95.98148148148148 -0.015759684216367358 118.18518518518519 0.48148148148148145 135.5185185185185 45.333333333333336 0.018518518518518517 45.31481481481482 2.0456592000000455
408000 86.12962962962963 0.014843688899224014 118.24074074074075 0.49845679012345684 135.5185185185185 45.333333333333336 0.018518518518518517 45.31481481481482 2.1001965999994354
410000 93.11111111111111 0.016909949369142523 117.88888888888889 0.46604938271604934 135.5185185185185 45.333333333333336 0.018518518518518517 45.31481481481482 2.186107699999411
412000 95.46296296296296 0.011528329162671146 117.83333333333333 0.4753086419753086 135.5185185185185 45.333333333333336 0.018518518518518517 45.31481481481482 2.1263262000002214
414000 136.03703703703704 0.034920930989982425 117.14814814814815 0.4907407407407407 135.5185185185185 45.333333333333336 0.018518518518518517 45.31481481481482 1.9488492999998925
416000 147.37037037037038 0.038653581645975287 117.31481481481481 0.49382716049382713 135.5185185185185 45.333333333333336 0.018518518518518517 45.31481481481482 2.011471900000288
418000 180.2962962962963 0.056243657879663365 117.20370370370371 0.5262345679012346 135.5185185185185 45.333333333333336 0.018518518518518517 45.31481481481482 1.9986205000004702
420000 175.25925925925927 0.05722515429025471 117.20370370370371 0.5385802469135802 135.5185185185185 45.333333333333336 0.018518518518518517 45.31481481481482 2.0405165000001944
422000 133.03703703703704 0.03250601280004239 117.5925925925926 0.4922839506172839 135.5185185185185 45.333333333333336 0.018518518518518517 45.31481481481482 2.019782999999734
424000 126.81481481481481 0.030290788982397905 117.5925925925926 0.4891975308641975 135.5185185185185 45.333333333333336 0.018518518518518517 45.31481481481482 1.9624512999998842
426000 122.5925925925926 0.028150809149776874 117.62962962962963 0.49845679012345673 135.5185185185185 45.333333333333336 0.018518518518518517 45.31481481481482 2.0425482000000557
428000 148.72222222222223 0.045247271876677424 117.11111111111111 0.5246913580246912 135.5185185185185 45.333333333333336 0.018518518518518517 45.31481481481482 2.025169800000185
430000 116.0925925925926 0.02437233727461113 117.64814814814815 0.5123456790123456 135.5185185185185 45.333333333333336 0.018518518518518517 45.31481481481482 2.040274099999806
432000 124.68518518518519 0.029129038843414307 117.66666666666667 0.4922839506172839 135.5185185185185 45.333333333333336 0.018518518518518517 45.31481481481482 2.1001253000004
434000 133.14814814814815 0.03188497140160163 117.5925925925926 0.48302469135802467 135.5185185185185 45.333333333333336 0.018518518518518517 45.31481481481482 2.1746704999995927
436000 124.66666666666667 0.009925293146897626 117.70370370370371 0.4922839506172839 135.5185185185185 45.333333333333336 0.018518518518518517 45.31481481481482 2.042034500000227
438000 115.27777777777777 0.022465221351399407 117.70370370370371 0.5092592592592592 135.5185185185185 45.333333333333336 0.018518518518518517 45.31481481481482 2.009444700000131
440000 128.9814814814815 -0.003031804524974383 118.14814814814815 0.523148148148148 135.5185185185185 45.333333333333336 0.018518518518518517 45.31481481481482 1.962461600000097
442000 127.85185185185185 0.03380216746730279 118.14814814814815 0.5416666666666665 135.5185185185185 45.333333333333336 0.018518518518518517 45.31481481481482 2.0723706999997376
444000 132.0 0.035928383196548924 118.12962962962963 0.5339506172839505 135.5185185185185 45.333333333333336 0.018518518518518517 45.31481481481482 2.076159899999766
446000 132.87037037037038 3.962866002359287e-05 118.22222222222223 0.5370370370370369 135.5185185185185 45.333333333333336 0.018518518518518517 45.31481481481482 1.972572200000286
448000 140.37037037037038 0.0382429501778293 118.0925925925926 0.5432098765432097 135.5185185185185 45.333333333333336 0.018518518518518517 45.31481481481482 2.076209900000322
450000 139.42592592592592 0.03503322018383804 118.0925925925926 0.5432098765432097 135.5185185185185 45.333333333333336 0.018518518518518517 45.31481481481482 2.034150999999838
452000 152.8148148148148 0.04287849424637649 118.01851851851852 0.5432098765432097 135.5185185185185 45.333333333333336 0.018518518518518517 45.31481481481482 1.9558561000003465
454000 181.24074074074073 0.060887741673535806 117.51851851851852 0.5910493827160495 135.5185185185185 45.333333333333336 0.018518518518518517 45.31481481481482 1.9799583000003622
456000 151.42592592592592 0.04159284736965282 118.01851851851852 0.5432098765432097 135.5185185185185 45.333333333333336 0.018518518518518517 45.31481481481482 2.0346527000001515
458000 153.46296296296296 0.04415928044420824 117.94444444444444 0.5154320987654321 135.5185185185185 45.333333333333336 0.018518518518518517 45.31481481481482 1.8502290000005814
460000 169.72222222222223 0.05441379612752342 117.72222222222223 0.5216049382716048 135.5185185185185 45.333333333333336 0.018518518518518517 45.31481481481482 2.0186292000007597
462000 234.09259259259258 0.08499069543989687 116.85185185185185 0.5848765432098765 135.5185185185185 45.333333333333336 0.018518518518518517 45.31481481481482 1.9378620000006777
464000 234.09259259259258 0.08499069543989687 116.85185185185185 0.5848765432098765 135.5185185185185 45.333333333333336 0.018518518518518517 45.31481481481482 1.8325799000003826
466000 234.09259259259258 0.08499069543989687 116.85185185185185 0.5848765432098765 135.5185185185185 45.333333333333336 0.018518518518518517 45.31481481481482 1.8910593000000517
468000 234.09259259259258 0.08499069543989687 116.85185185185185 0.5848765432098765 135.5185185185185 45.333333333333336 0.018518518518518517 45.31481481481482 1.8623570999998265
470000 234.09259259259258 0.08499069543989687 116.85185185185185 0.5848765432098765 135.5185185185185 45.333333333333336 0.018518518518518517 45.31481481481482 2.0348698999996486
472000 234.09259259259258 0.08499069543989687 116.85185185185185 0.5848765432098765 135.5185185185185 45.333333333333336 0.018518518518518517 45.31481481481482 1.9756399999996574
474000 234.09259259259258 0.08499069543989687 116.85185185185185 0.5848765432098765 135.5185185185185 45.333333333333336 0.018518518518518517 45.31481481481482 1.9093819999998232
476000 234.09259259259258 0.08499069543989687 116.85185185185185 0.5848765432098765 135.5185185185185 45.333333333333336 0.018518518518518517 45.31481481481482 1.9378378999999768
478000 234.09259259259258 0.08499069543989687 116.85185185185185 0.5848765432098765 135.5185185185185 45.333333333333336 0.018518518518518517 45.31481481481482 1.9844794000000547
480000 234.09259259259258 0.08499069543989687 116.85185185185185 0.5848765432098765 135.5185185185185 45.333333333333336 0.018518518518518517 45.31481481481482 1.9394614000002548
482000 234.09259259259258 0.08499069543989687 116.85185185185185 0.5848765432098765 135.5185185185185 45.333333333333336 0.018518518518518517 45.31481481481482 1.8433252000004359
484000 234.09259259259258 0.08499069543989687 116.85185185185185 0.5848765432098765 135.5185185185185 45.333333333333336 0.018518518518518517 45.31481481481482 1.8148496000003433
486000 234.09259259259258 0.08499069543989687 116.85185185185185 0.5848765432098765 135.5185185185185 45.333333333333336 0.018518518518518517 45.31481481481482 1.7276318000003812
488000 234.09259259259258 0.08499069543989687 116.85185185185185 0.5848765432098765 135.5185185185185 45.333333333333336 0.018518518518518517 45.31481481481482 1.830946699999913
490000 234.09259259259258 0.08499069543989687 116.85185185185185 0.5848765432098765 135.5185185185185 45.333333333333336 0.018518518518518517 45.31481481481482 1.6901317000001654
492000 234.09259259259258 0.08499069543989687 116.85185185185185 0.5848765432098765 135.5185185185185 45.333333333333336 0.018518518518518517 45.31481481481482 1.4929329999995389
494000 234.09259259259258 0.08499069543989687 116.85185185185185 0.5848765432098765 135.5185185185185 45.333333333333336 0.018518518518518517 45.31481481481482 1.4135668999997506
496000 234.09259259259258 0.08499069543989687 116.85185185185185 0.5848765432098765 135.5185185185185 45.333333333333336 0.018518518518518517 45.31481481481482 1.4461492999998882
498000 234.09259259259258 0.08499069543989687 116.85185185185185 0.5848765432098765 135.5185185185185 45.333333333333336 0.018518518518518517 45.31481481481482 1.448500899999999
500000 234.09259259259258 0.08499069543989687 116.85185185185185 0.5848765432098765 135.5185185185185 45.333333333333336 0.018518518518518517 45.31481481481482 1.4289826000003814
