2000 1.4074074074074074 -0.9629627257706046 39.45788246296297 0.021604938271604937 45.312962962962956 45.333333333333336 0.0 45.333333333333336 1.0462400997057557
4000 9.925925925925926 -0.31285204676943934 35.93302135185186 0.19444444444444445 45.312962962962956 45.333333333333336 0.0 45.333333333333336 1.6659079999662936
6000 5.7407407407407405 -0.9814707691489337 36.97001209259258 0.09104938271604938 45.312962962962956 45.333333333333336 0.0 45.333333333333336 1.3733488996513188
8000 10.11111111111111 -0.27675966281969416 34.8715047962963 0.2638888888888889 45.312962962962956 45.333333333333336 0.0 45.333333333333336 1.9083056999370456
10000 2.4074074074074074 -0.9814813229159447 37.302789870370376 0.10185185185185183 45.312962962962956 45.333333333333336 0.018518518518518517 45.31481481481482 1.0993746002204716
12000 9.75925925925926 -0.6289658382930701 35.52913853703703 0.20679012345679013 45.312962962962956 45.333333333333336 0.018518518518518517 45.31481481481482 1.874468999914825
14000 7.222222222222222 -0.8884642382371353 35.8427105 0.2175925925925926 45.312962962962956 45.333333333333336 0.0 45.333333333333336 1.6835889997892082
16000 4.648148148148148 -0.4623464233336203 37.30954912962963 0.1589506172839506 45.312962962962956 45.333333333333336 0.0 45.333333333333336 1.8259938000701368
18000 9.5 0.0022199651219195833 36.611875166666664 0.24074074074074073 45.312962962962956 45.333333333333336 0.0 45.333333333333336 2.0363410003483295
20000 6.074074074074074 -0.017807250069918054 36.77821975925925 0.16820987654320985 45.312962962962956 45.333333333333336 0.0 45.333333333333336 2.0412838999181986
22000 7.277777777777778 -0.03562726711597953 36.50269727777778 0.20679012345679015 45.312962962962956 45.333333333333336 0.0 45.333333333333336 2.0480166003108025
24000 7.092592592592593 -0.03538520764947099 36.36507161111111 0.20061728395061726 45.312962962962956 45.333333333333336 0.0 45.333333333333336 2.0137682002969086
26000 6.888888888888889 -0.2952706019197158 36.57517751851852 0.18518518518518517 45.312962962962956 45.333333333333336 0.0 45.333333333333336 1.8866274999454618
28000 5.2592592592592595 -0.8145317739166118 36.548987037037044 0.18209876543209874 45.312962962962956 45.333333333333336 0.0 45.333333333333336 1.8807995999231935
30000 5.907407407407407 -0.10971971190590415 36.64353061111112 0.18364197530864196 45.312962962962956 45.333333333333336 0.0 45.333333333333336 1.906980600208044
32000 6.425925925925926 -0.20267589838298544 36.678707259259255 0.16512345679012344 45.312962962962956 45.333333333333336 0.0 45.333333333333336 1.9939822000451386
34000 6.2592592592592595 -0.8145414865757779 36.27306764814815 0.14506172839506173 45.312962962962956 45.333333333333336 0.0 45.333333333333336 1.9022884001024067
36000 11.055555555555555 -0.14533270166996298 35.723819611111104 0.18827160493827164 45.312962962962956 45.333333333333336 0.0 45.333333333333336 1.9601288000121713
38000 4.462962962962963 -0.7590397249110614 36.83306764814815 0.16975308641975306 45.312962962962956 45.333333333333336 0.0 45.333333333333336 1.6406487002968788
40000 4.537037037037037 -0.9814658978373287 37.08118272222222 0.1080246913580247 45.312962962962956 45.333333333333336 0.0 45.333333333333336 1.2690185997635126
42000 5.62962962962963 -0.40703819544827946 37.30854183333333 0.14814814814814814 45.312962962962956 45.333333333333336 0.0 45.333333333333336 1.8371661002747715
44000 3.2037037037037037 -0.9444186665190952 37.92964172222222 0.11265432098765432 45.312962962962956 45.333333333333336 0.0 45.333333333333336 1.4932279996573925
46000 8.203703703703704 0.0015044351046606067 36.298819611111114 0.17438271604938274 45.312962962962956 45.333333333333336 0.0 45.333333333333336 1.9998361999168992
48000 8.574074074074074 -0.6847236219907108 36.473356648148155 0.12654320987654322 45.312962962962956 45.333333333333336 0.0 45.333333333333336 1.6962545001879334
50000 9.11111111111111 -0.8330131809689584 36.2539122037037 0.1388888888888889 45.312962962962956 45.333333333333336 0.018518518518518517 45.31481481481482 1.710763799957931
52000 9.37037037037037 -0.09053046407115029 35.902986277777785 0.16975308641975306 45.312962962962956 45.333333333333336 0.0 45.333333333333336 2.1789712999016047
54000 6.537037037037037 0.0009582009061229692 36.34974553703704 0.1527777777777778 45.312962962962956 45.333333333333336 0.018518518518518517 45.31481481481482 2.3511950001120567
56000 10.87037037037037 0.002275993708647455 35.43585664814815 0.19290123456790123 45.312962962962956 45.333333333333336 0.0 45.333333333333336 1.7176248002797365
58000 8.38888888888889 -0.14651067070190427 35.074282574074076 0.19907407407407407 45.312962962962956 45.333333333333336 0.0 45.333333333333336 2.354259299580008
60000 7.12962962962963 0.0014639187616798607 36.0627085 0.2006172839506173 45.312962962962956 45.333333333333336 0.0 45.333333333333336 2.224310899619013
62000 5.462962962962963 0.0006403248614471135 36.643264055555555 0.15123456790123455 45.312962962962956 45.333333333333336 0.0 45.333333333333336 2.1618885998614132
64000 5.481481481481482 0.0013219928167361398 36.91733812962963 0.12345679012345678 45.312962962962956 45.333333333333336 0.0 45.333333333333336 2.212496600113809
66000 5.2592592592592595 0.0011913836047199183 36.98030109259259 0.1419753086419753 45.312962962962956 45.333333333333336 0.0 45.333333333333336 2.096723400056362
68000 11.018518518518519 0.0028765562531060888 35.60993072222222 0.20833333333333337 45.312962962962956 45.333333333333336 0.018518518518518517 45.31481481481482 2.2075768997892737
70000 8.833333333333334 0.0009504106528940884 36.21733812962964 0.1388888888888889 45.312962962962956 45.333333333333336 0.0 45.333333333333336 2.1868765000253916
72000 10.481481481481481 0.001991792939694513 36.11918998148149 0.1419753086419753 45.312962962962956 45.333333333333336 0.0 45.333333333333336 2.1495844000019133
74000 7.518518518518518 0.001007798394262306 36.32252331481481 0.13271604938271603 45.312962962962956 45.333333333333336 0.0 45.333333333333336 2.2115164999850094
76000 9.851851851851851 0.0018918688773971039 36.103623203703705 0.14969135802469133 45.312962962962956 45.333333333333336 0.0 45.333333333333336 2.157937299925834
78000 8.685185185185185 0.001590604655912104 36.156053759259265 0.15432098765432098 45.312962962962956 45.333333333333336 0.0 45.333333333333336 2.185575199779123
80000 10.0 0.0023265870433078445 36.25223431481482 0.16049382716049382 45.312962962962956 45.333333333333336 0.018518518518518517 45.31481481481482 2.1707560000941157
82000 8.703703703703704 0.001646363450055158 36.48880838888889 0.1111111111111111 45.312962962962956 45.333333333333336 0.018518518518518517 45.31481481481482 2.1473165997304022
84000 9.62962962962963 0.0018533516246435598 36.01751209259259 0.16358024691358025 45.312962962962956 45.333333333333336 0.018518518518518517 45.31481481481482 2.1821710001677275
86000 8.425925925925926 -0.22048542300379487 36.43973431481482 0.1419753086419753 45.312962962962956 45.333333333333336 0.0 45.333333333333336 2.1107818000018597
88000 4.7592592592592595 -0.9073113863150687 37.22769727777778 0.10339506172839506 45.312962962962956 45.333333333333336 0.0 45.333333333333336 1.6887813997454941
90000 5.037037037037037 -0.9443876089810636 37.098067648148145 0.11419753086419752 45.312962962962956 45.333333333333336 0.0 45.333333333333336 1.683859399985522
92000 5.833333333333333 -0.7033977673069879 36.72028987037037 0.14660493827160492 45.312962962962956 45.333333333333336 0.0 45.333333333333336 1.7411184003576636
94000 8.925925925925926 -0.2022170850095171 36.38603061111111 0.16512345679012344 45.312962962962956 45.333333333333336 0.0 45.333333333333336 1.9902162998914719
96000 8.814814814814815 0.0010537306336231198 36.03547505555556 0.18981481481481483 45.312962962962956 45.333333333333336 0.0 45.333333333333336 2.202412100043148
98000 10.481481481481481 0.001876429227715716 35.63778987037037 0.20833333333333334 45.312962962962956 45.333333333333336 0.0 45.333333333333336 2.207389499992132
100000 11.75925925925926 -0.015949246143758686 35.60353061111111 0.16820987654320987 45.312962962962956 45.333333333333336 0.0 45.333333333333336 2.1590632000006735
102000 9.462962962962964 -0.016835388708494787 35.928067648148144 0.20216049382716048 45.312962962962956 45.333333333333336 0.0 45.333333333333336 2.188867799937725
104000 11.75925925925926 0.002692367080801598 35.323438018518516 0.22530864197530867 45.312962962962956 45.333333333333336 0.0 45.333333333333336 2.317438999656588
106000 12.25925925925926 0.0026097520675264245 35.3086232037037 0.21450617283950618 45.312962962962956 45.333333333333336 0.0 45.333333333333336 2.2455083001405
108000 10.666666666666666 0.0009285804587399379 35.74566024074074 0.18981481481481485 45.312962962962956 45.333333333333336 0.0 45.333333333333336 2.2104766997508705
110000 9.685185185185185 0.000916760839507467 35.603993574074075 0.1743827160493827 45.312962962962956 45.333333333333336 0.0 45.333333333333336 2.141528600361198
112000 8.925925925925926 0.0009793010763430058 35.87436394444445 0.15895061728395063 45.312962962962956 45.333333333333336 0.0 45.333333333333336 2.2108273999765515
114000 10.555555555555555 0.0015299856530616664 35.783623203703705 0.17592592592592593 45.312962962962956 45.333333333333336 0.0 45.333333333333336 2.040463399607688
116000 12.425925925925926 0.002104534673262894 35.35306764814815 0.21450617283950618 45.312962962962956 45.333333333333336 0.0 45.333333333333336 2.133668700233102
118000 12.722222222222221 0.002532910167836299 35.08028987037037 0.242283950617284 45.312962962962956 45.333333333333336 0.0 45.333333333333336 2.141731800045818
120000 12.12962962962963 0.0019480480202647699 35.26047505555556 0.212962962962963 45.312962962962956 45.333333333333336 0.0 45.333333333333336 2.1625512996688485
122000 11.351851851851851 0.0021313243161033514 35.24742407407408 0.2268518518518519 45.312962962962956 45.333333333333336 0.0 45.333333333333336 2.1225069002248347
124000 12.555555555555555 0.0028545313354010416 35.446123203703706 0.2160493827160494 45.312962962962956 45.333333333333336 0.0 45.333333333333336 2.1983385998755693
126000 17.48148148148148 0.0028171365115076783 34.539329370370396 0.24074074074074078 45.312962962962956 45.333333333333336 0.0 45.333333333333336 2.041285399813205
128000 11.851851851851851 -0.6284780893106264 35.483571962962976 0.21141975308641978 45.312962962962956 45.333333333333336 0.0 45.333333333333336 2.1082456996664405
130000 5.351851851851852 -1.0 36.83588677777779 0.1234567901234568 45.312962962962956 45.333333333333336 0.0 45.333333333333336 1.1257772999815643
132000 5.87037037037037 -0.9809571765127482 36.76551640740741 0.14043209876543208 45.312962962962956 45.333333333333336 0.0 45.333333333333336 1.2968823001720011
134000 13.944444444444445 -0.5166976818362214 35.59838677777779 0.18364197530864196 45.312962962962956 45.333333333333336 0.0 45.333333333333336 2.1994453999213874
136000 10.166666666666666 -0.8328810845232343 36.210423814814824 0.14814814814814814 45.312962962962956 45.333333333333336 0.0 45.333333333333336 1.766747200395912
138000 10.25925925925926 -0.962696970781201 36.3919052962963 0.1481481481481481 45.312962962962956 45.333333333333336 0.0 45.333333333333336 1.6023532999679446
140000 18.425925925925927 -0.8691705231702898 34.77062751851851 0.22530864197530864 45.312962962962956 45.333333333333336 0.0 45.333333333333336 1.6697272001765668
142000 13.62962962962963 -0.5351234668674003 35.43079418518519 0.19907407407407407 45.312962962962956 45.333333333333336 0.0 45.333333333333336 2.1399604002945125
144000 25.85185185185185 -0.04817279886306025 34.61578183333333 0.18055555555555555 45.312962962962956 45.333333333333336 0.0 45.333333333333336 2.136488599702716
146000 15.462962962962964 -0.7955869543119211 34.8058127037037 0.17592592592592596 45.312962962962956 45.333333333333336 0.0 45.333333333333336 1.7849706001579762
148000 6.074074074074074 -0.8143667851812486 36.81829418518519 0.13888888888888887 45.312962962962956 45.333333333333336 0.0 45.333333333333336 1.3498824001289904
150000 9.055555555555555 -0.20265219115498392 36.57897042592592 0.12962962962962962 45.312962962962956 45.333333333333336 0.0 45.333333333333336 1.9920815997757018
152000 8.574074074074074 -0.2207380345380974 36.798530611111104 0.14506172839506173 45.312962962962956 45.333333333333336 0.0 45.333333333333336 2.1228030999191105
154000 5.574074074074074 -0.5364990772242892 37.25510468518518 0.11574074074074074 45.312962962962956 45.333333333333336 0.0 45.333333333333336 1.806861599907279
156000 5.2407407407407405 -0.2213385972797441 37.15177135185186 0.09876543209876543 45.312962962962956 45.333333333333336 0.0 45.333333333333336 1.9974552001804113
158000 6.5 0.0013111811411318408 36.52075283333333 0.11574074074074074 45.312962962962956 45.333333333333336 0.0 45.333333333333336 2.131974899675697
160000 7.777777777777778 0.0019193104023420785 36.16519727777777 0.13888888888888887 45.312962962962956 45.333333333333336 0.0 45.333333333333336 2.130268699955195
162000 11.981481481481481 0.0021440160751406276 35.839641722222225 0.1558641975308642 45.312962962962956 45.333333333333336 0.0 45.333333333333336 2.2384621002711356
164000 12.462962962962964 0.0016994823628258635 35.417882462962964 0.16975308641975306 45.312962962962956 45.333333333333336 0.0 45.333333333333336 2.1666115000844
166000 2.2222222222222223 -1.0 38.59538246296297 0.09104938271604938 45.312962962962956 45.333333333333336 0.0 45.333333333333336 1.3068202999420464
168000 3.185185185185185 -0.962962865442244 38.123530611111114 0.10493827160493828 45.312962962962956 45.333333333333336 0.0 45.333333333333336 1.5725059998221695
170000 6.111111111111111 -0.5551676765498481 36.9499195 0.18518518518518523 45.312962962962956 45.333333333333336 0.0 45.333333333333336 1.9326539998874068
172000 2.8518518518518516 -0.962960285310902 38.21260468518518 0.10493827160493828 45.312962962962956 45.333333333333336 0.0 45.333333333333336 1.3980645001865923
174000 16.25925925925926 -0.3113334852682979 34.93498451851852 0.22067901234567902 45.312962962962956 45.333333333333336 0.0 45.333333333333336 2.0869461996480823
176000 25.40740740740741 0.007897517236271138 34.5109105 0.23919753086419757 45.312962962962956 45.333333333333336 0.0 45.333333333333336 2.116890999954194
178000 28.87037037037037 -0.0683326803902977 33.97595674074074 0.2299382716049383 45.312962962962956 45.333333333333336 0.0 45.333333333333336 2.190282199997455
180000 21.833333333333332 0.0060865512520939255 34.82891638888889 0.19598765432098766 45.312962962962956 45.333333333333336 0.0 45.333333333333336 2.296434400137514
182000 22.90740740740741 0.004323015308177211 34.42615405555556 0.19444444444444445 45.312962962962956 45.333333333333336 0.0 45.333333333333336 2.2743398998863995
184000 24.40740740740741 0.005103616380231164 34.38138551851852 0.2361111111111112 45.312962962962956 45.333333333333336 0.0 45.333333333333336 2.1228244001977146
186000 27.833333333333332 0.008990706187769966 34.0102922962963 0.23148148148148154 45.312962962962956 45.333333333333336 0.0 45.333333333333336 2.1717063998803496
188000 24.72222222222222 0.007943725523881501 34.78089418518519 0.18364197530864196 45.312962962962956 45.333333333333336 0.0 45.333333333333336 2.148082099854946
190000 26.14814814814815 0.007795707124945566 34.521233685185194 0.20370370370370375 45.312962962962956 45.333333333333336 0.0 45.333333333333336 2.100294299889356
192000 21.037037037037038 0.003920186778735804 34.61751209259259 0.18981481481481483 45.312962962962956 45.333333333333336 0.0 45.333333333333336 2.1985940001904964
194000 27.574074074074073 -0.011433023554199747 34.54987320370371 0.2515432098765432 45.312962962962956 45.333333333333336 0.0 45.333333333333336 2.1090327999554574
196000 22.203703703703702 0.00413095188383792 34.91450283333333 0.18055555555555552 45.312962962962956 45.333333333333336 0.0 45.333333333333336 2.218356200028211
198000 16.35185185185185 0.0032837519841488133 35.12368492592594 0.16666666666666663 45.312962962962956 45.333333333333336 0.0 45.333333333333336 2.1861593001522124
200000 10.055555555555555 0.0018174353170211973 35.53649357407408 0.17746913580246915 45.312962962962956 45.333333333333336 0.0 45.333333333333336 2.3008214002475142
202000 13.203703703703704 0.0025704898005960144 35.70454912962963 0.1743827160493827 45.312962962962956 45.333333333333336 0.0 45.333333333333336 2.0952956001274288
204000 9.018518518518519 0.0009155595270103929 35.86797505555556 0.1558641975308642 45.312962962962956 45.333333333333336 0.0 45.333333333333336 2.111139700282365
206000 10.333333333333334 -0.12820247356820452 35.64670872222223 0.19290123456790123 45.312962962962956 45.333333333333336 0.0 45.333333333333336 2.0707952002994716
208000 11.296296296296296 0.0026459729745390782 35.99612320370371 0.18055555555555552 45.312962962962956 45.333333333333336 0.0 45.333333333333336 2.2258216999471188
210000 12.592592592592593 0.002068216296031716 35.47204912962964 0.17746913580246915 45.312962962962956 45.333333333333336 0.0 45.333333333333336 2.173794799949974
212000 10.222222222222221 0.001466968751225421 35.879086166666674 0.18364197530864196 45.312962962962956 45.333333333333336 0.0 45.333333333333336 2.1700126002542675
214000 10.796296296296296 0.0023189050295046275 35.757789870370374 0.20679012345679015 45.312962962962956 45.333333333333336 0.0 45.333333333333336 2.088950799778104
216000 10.87037037037037 0.0020491735959100644 35.349919500000006 0.19753086419753085 45.312962962962956 45.333333333333336 0.018518518518518517 45.31481481481482 2.099731400143355
218000 9.814814814814815 0.0011899585954043544 35.75686394444445 0.17592592592592593 45.312962962962956 45.333333333333336 0.018518518518518517 45.31481481481482 2.1418566000647843
220000 8.61111111111111 -0.0359147401676611 36.248877833333346 0.15123456790123455 45.312962962962956 45.333333333333336 0.0 45.333333333333336 2.083395400084555
222000 11.333333333333334 0.0016309171869955115 35.7818485 0.18209876543209874 45.312962962962956 45.333333333333336 0.0 45.333333333333336 2.259620700031519
224000 11.351851851851851 -0.05424149431226513 36.107712703703704 0.16049382716049382 45.312962962962956 45.333333333333336 0.018518518518518517 45.31481481481482 2.0605349000543356
226000 29.40740740740741 -0.02702426684124078 33.84799046296297 0.26543209876543217 45.312962962962956 45.333333333333336 0.018518518518518517 45.31481481481482 2.1221285997889936
228000 24.01851851851852 -0.03078034324048733 32.44529266666667 0.3117283950617284 45.312962962962956 45.333333333333336 0.018518518518518517 45.31481481481482 2.0831182999536395
230000 37.81481481481482 0.010880022393840083 31.142049129629633 0.37037037037037046 45.312962962962956 45.333333333333336 0.018518518518518517 45.31481481481482 2.1286940001882613
232000 81.55555555555556 -0.01703893865799193 28.479780592592597 0.5154320987654321 45.312962962962956 45.333333333333336 0.018518518518518517 45.31481481481482 2.140210499987006
234000 42.333333333333336 0.009451103419875788 29.748993574074078 0.3981481481481482 45.312962962962956 45.333333333333336 0.018518518518518517 45.31481481481482 2.2066072998568416
236000 49.7962962962963 0.01589869163981981 29.21010468518519 0.42901234567901236 45.312962962962956 45.333333333333336 0.018518518518518517 45.31481481481482 2.126238599885255
238000 48.888888888888886 0.01174172671564865 30.111863944444448 0.4058641975308643 45.312962962962956 45.333333333333336 0.018518518518518517 45.31481481481482 2.15624659974128
240000 56.629629629629626 0.014619703284006956 30.01010468518519 0.42901234567901236 45.312962962962956 45.333333333333336 0.018518518518518517 45.31481481481482 2.1883827997371554
242000 65.88888888888889 0.014341896253819063 28.747049129629634 0.4675925925925926 45.312962962962956 45.333333333333336 0.018518518518518517 45.31481481481482 2.149107599630952
244000 56.592592592592595 0.009679100813098127 29.487882462962965 0.4151234567901234 45.312962962962956 45.333333333333336 0.018518518518518517 45.31481481481482 2.176194400060922
246000 59.48148148148148 -0.2658693203861484 30.327012537037035 0.43364197530864196 45.312962962962956 45.333333333333336 0.0 45.333333333333336 2.145182100124657
248000 69.62962962962963 0.01005179994423097 29.415104685185185 0.4259259259259259 45.312962962962956 45.333333333333336 0.018518518518518517 45.31481481481482 2.154049400240183
250000 72.96296296296296 0.011012898286869034 29.11880838888889 0.449074074074074 45.312962962962956 45.333333333333336 0.018518518518518517 45.31481481481482 2.180638200137764
252000 55.907407407407405 0.0037229458136921406 29.29667875925926 0.4182098765432098 45.312962962962956 45.333333333333336 0.018518518518518517 45.31481481481482 2.225670600309968
254000 82.4074074074074 0.014733220032722084 29.06695653703704 0.4629629629629629 45.312962962962956 45.333333333333336 0.018518518518518517 45.31481481481482 2.1464945999905467
256000 87.98148148148148 0.018662144343125697 28.974826907407405 0.4814814814814814 45.312962962962956 45.333333333333336 0.018518518518518517 45.31481481481482 2.271017599850893
258000 65.96296296296296 0.007780638727286634 29.250382462962964 0.4382716049382716 45.312962962962956 45.333333333333336 0.018518518518518517 45.31481481481482 2.208137500099838
260000 120.72222222222223 0.034064805473525195 28.584714555555568 0.4506172839506172 45.312962962962956 45.333333333333336 0.018518518518518517 45.31481481481482 2.1944649000652134
262000 99.62962962962963 -0.014010357540526076 28.51099755555556 0.4938271604938271 45.312962962962956 45.333333333333336 0.018518518518518517 45.31481481481482 2.244840200059116
264000 89.46296296296296 0.004691293798331316 28.74982027777778 0.4969135802469135 45.312962962962956 45.333333333333336 0.018518518518518517 45.31481481481482 2.1916557997465134
266000 125.33333333333333 -0.18381203597147627 27.89759935185186 0.5339506172839507 45.312962962962956 45.333333333333336 0.018518518518518517 45.31481481481482 2.26145250024274
268000 119.75925925925925 -0.6174648721059478 28.00049287037038 0.5339506172839507 45.312962962962956 45.333333333333336 0.018518518518518517 45.31481481481482 2.098769099917263
270000 119.31481481481481 -0.6958431069651141 28.017159537037042 0.5339506172839507 45.312962962962956 45.333333333333336 0.018518518518518517 45.31481481481482 2.2020003995858133
272000 118.94444444444444 -0.771808345455523 28.033826203703708 0.5339506172839507 45.312962962962956 45.333333333333336 0.018518518518518517 45.31481481481482 2.12125590024516
274000 133.44444444444446 -0.6135756374965714 27.810894092592594 0.5277777777777778 45.312962962962956 45.333333333333336 0.018518518518518517 45.31481481481482 2.109080999623984
276000 90.46296296296296 0.01635591869843907 28.467338129629624 0.46141975308641975 45.312962962962956 45.333333333333336 0.018518518518518517 45.31481481481482 2.3546115001663566
278000 91.85185185185185 0.000830438341324838 28.48260572222221 0.4274691358024691 45.312962962962956 45.333333333333336 0.018518518518518517 45.31481481481482 2.0208908999338746
280000 85.12962962962963 -0.02483180923774729 28.397122074074062 0.441358024691358 45.312962962962956 45.333333333333336 0.018518518518518517 45.31481481481482 1.9567087003961205
282000 89.07407407407408 -0.06301201621479993 28.548356648148136 0.4737654320987654 45.312962962962956 45.333333333333336 0.018518518518518517 45.31481481481482 1.9193468997254968
284000 93.01851851851852 0.011485341961480782 28.021967759259255 0.47993827160493824 45.312962962962956 45.333333333333336 0.018518518518518517 45.31481481481482 2.0559922996908426
286000 91.29629629629629 -0.006232819987317227 28.05530109259259 0.4907407407407408 45.312962962962956 45.333333333333336 0.018518518518518517 45.31481481481482 2.2018609000369906
288000 86.03703703703704 -0.08339692608758743 28.930764055555557 0.47067901234567905 45.312962962962956 45.333333333333336 0.018518518518518517 45.31481481481482 2.0758296996355057
290000 99.44444444444444 0.012898778323842603 27.944741092592587 0.48456790123456794 45.312962962962956 45.333333333333336 0.018518518518518517 45.31481481481482 2.3181793997064233
292000 137.07407407407408 0.029469128306991808 27.566202740740746 0.5138888888888888 45.312962962962956 45.333333333333336 0.018518518518518517 45.31481481481482 2.057401599828154
294000 120.37037037037037 0.022666460413794696 27.844443481481477 0.5015432098765431 45.312962962962956 45.333333333333336 0.018518518518518517 45.31481481481482 2.28030990017578
296000 207.7962962962963 0.06788404998361623 26.401773962962967 0.5617283950617283 45.312962962962956 45.333333333333336 0.018518518518518517 45.31481481481482 2.125588799826801
298000 180.62962962962962 0.0531305743906101 27.056198425925928 0.5401234567901234 45.312962962962956 45.333333333333336 0.018518518518518517 45.31481481481482 2.0905526001006365
300000 129.25925925925927 0.02569812340653675 27.64499472222222 0.5092592592592592 45.312962962962956 45.333333333333336 0.018518518518518517 45.31481481481482 2.030667799990624
302000 137.42592592592592 0.02890596119390734 27.685486166666674 0.4907407407407406 45.312962962962956 45.333333333333336 0.018518518518518517 45.31481481481482 2.2246027002111077
304000 195.96296296296296 0.05091430261074223 27.170707462962973 0.48456790123456783 45.312962962962956 45.333333333333336 0.018518518518518517 45.31481481481482 2.0849565998651087
306000 197.25925925925927 0.05232594191145837 27.08607783333334 0.47376543209876537 45.312962962962956 45.333333333333336 0.018518518518518517 45.31481481481482 2.2541144997812808
308000 194.96296296296296 0.05179338814148882 27.12311487037038 0.47376543209876537 45.312962962962956 45.333333333333336 0.018518518518518517 45.31481481481482 2.1737685003317893
310000 178.2962962962963 0.047331075068009744 27.248809314814824 0.47993827160493824 45.312962962962956 45.333333333333336 0.018518518518518517 45.31481481481482 2.2374875000678003
312000 202.09259259259258 -0.013194285304328068 27.633763018518525 0.4953703703703703 45.312962962962956 45.333333333333336 0.0 45.333333333333336 2.1061259997077286
314000 187.03703703703704 0.0018755544073536102 27.735233388888894 0.4953703703703703 45.312962962962956 45.333333333333336 0.0 45.333333333333336 2.0225474000908434
316000 199.25925925925927 0.025069617626681823 27.67644820370371 0.4953703703703703 45.312962962962956 45.333333333333336 0.0 45.333333333333336 2.031169000081718
318000 200.09259259259258 -0.5302511301599552 27.899272277777794 0.4845679012345678 45.312962962962956 45.333333333333336 0.0 45.333333333333336 2.04626389965415
320000 210.57407407407408 -0.17450373102168973 27.597420425925932 0.5092592592592592 45.312962962962956 45.333333333333336 0.0 45.333333333333336 2.0599023001268506
322000 233.4814814814815 -0.034615023700707626 26.734607370370373 0.5617283950617283 45.312962962962956 45.333333333333336 0.0 45.333333333333336 2.2684645000845194
324000 180.75925925925927 -0.9028247233685657 27.931216722222235 0.4660493827160493 45.312962962962956 45.333333333333336 0.0 45.333333333333336 1.8555851997807622
326000 160.87037037037038 -1.0 28.421741407407417 0.4351851851851851 45.312962962962956 45.333333333333336 0.0 45.333333333333336 1.8269302998669446
328000 222.14814814814815 -0.7955158740183012 27.591957462962977 0.5138888888888888 45.312962962962956 45.333333333333336 0.0 45.333333333333336 2.001053800340742
330000 270.462962962963 -0.9801915563529918 26.720855259259256 0.5570987654320987 45.312962962962956 45.333333333333336 0.0 45.333333333333336 1.8238397999666631
332000 294.1111111111111 -1.0 26.530114518518516 0.5771604938271605 45.312962962962956 45.333333333333336 0.0 45.333333333333336 2.07010559970513
334000 297.98148148148147 -0.877054994876233 26.87274650000001 0.5586419753086419 45.312962962962956 45.333333333333336 0.0 45.333333333333336 2.038492000196129
336000 387.0925925925926 -0.27633946516734464 26.12647437037037 0.595679012345679 45.312962962962956 45.333333333333336 0.0 45.333333333333336 1.999629100318998
338000 238.85185185185185 -1.0 27.155731166666662 0.5540123456790124 45.312962962962956 45.333333333333336 0.018518518518518517 45.31481481481482 2.1708912001922727
340000 238.85185185185185 -1.0 27.155731166666662 0.5540123456790124 45.312962962962956 45.333333333333336 0.018518518518518517 45.31481481481482 1.8596828998997808
342000 238.85185185185185 -1.0 27.155731166666662 0.5540123456790124 45.312962962962956 45.333333333333336 0.018518518518518517 45.31481481481482 1.733585599809885
344000 472.9074074074074 -0.46692604157155854 25.731434259259252 0.5833333333333333 45.312962962962956 45.333333333333336 0.018518518518518517 45.31481481481482 1.6282840999774635
346000 490.962962962963 -0.42539479054051904 25.842462611111117 0.5771604938271605 45.312962962962956 45.333333333333336 0.0 45.333333333333336 1.75865440024063
348000 322.4074074074074 -0.839579693535591 26.90365111111111 0.5416666666666666 45.312962962962956 45.333333333333336 0.0 45.333333333333336 1.9713035998865962
350000 427.27777777777777 -0.5820355684086493 25.885799666666664 0.58179012345679 45.312962962962956 45.333333333333336 0.0 45.333333333333336 1.9333948004059494
352000 310.962962962963 -0.8613014636838279 26.961058518518513 0.5416666666666666 45.312962962962956 45.333333333333336 0.0 45.333333333333336 1.8001600001007318
354000 581.4074074074074 -0.04542565896764908 25.123310185185183 0.5972222222222222 45.312962962962956 45.333333333333336 0.0 45.333333333333336 1.98870430001989
356000 573.425925925926 -0.14776604709069693 25.460811500000002 0.5833333333333333 45.312962962962956 45.333333333333336 0.0 45.333333333333336 1.9424407999031246
358000 586.5370370370371 -0.0789828957148428 25.267524462962964 0.5864197530864197 45.312962962962956 45.333333333333336 0.0 45.333333333333336 1.8388475002720952
360000 615.6851851851852 -0.005627372289909875 25.22308001851852 0.6018518518518519 45.312962962962956 45.333333333333336 0.0 45.333333333333336 1.8849348002113402
362000 348.27777777777777 -0.7508986216680936 26.796243703703702 0.552469135802469 45.312962962962956 45.333333333333336 0.0 45.333333333333336 1.93152300035581
364000 370.2962962962963 -0.7564268054322721 26.148756499999994 0.5833333333333333 45.312962962962956 45.333333333333336 0.0 45.333333333333336 1.9720151997171342
366000 677.3703703703703 0.13810095935880448 24.833260185185182 0.6311728395061728 45.312962962962956 45.333333333333336 0.018518518518518517 45.31481481481482 1.9642896000295877
368000 695.9074074074074 0.20278844885673455 24.820219444444447 0.617283950617284 45.312962962962956 45.333333333333336 0.0 45.333333333333336 2.0268794000148773
370000 621.4629629629629 0.04526404176263429 25.1329824074074 0.6358024691358024 45.312962962962956 45.333333333333336 0.018518518518518517 45.31481481481482 2.016010500025004
372000 624.8333333333334 0.006879267948633722 25.156791666666663 0.6311728395061728 45.312962962962956 45.333333333333336 0.018518518518518517 45.31481481481482 2.056475200224668
374000 327.51851851851853 -0.9150770965386728 26.480086425925926 0.5570987654320987 45.312962962962956 45.333333333333336 0.0 45.333333333333336 1.971481699962169
376000 589.5555555555555 -0.06876301898407283 25.27316759259259 0.6064814814814816 45.312962962962956 45.333333333333336 0.0 45.333333333333336 1.9172046999447048
378000 677.7222222222222 0.22776040305988968 24.85894968518518 0.6496913580246912 45.312962962962956 45.333333333333336 0.018518518518518517 45.31481481481482 2.033815400209278
380000 668.425925925926 0.20588015204299184 24.88572931481481 0.6496913580246912 45.312962962962956 45.333333333333336 0.018518518518518517 45.31481481481482 2.0058574001304805
382000 622.7037037037037 0.18811292174899452 25.022303388888886 0.6496913580246912 45.312962962962956 45.333333333333336 0.018518518518518517 45.31481481481482 1.9371457998640835
384000 628.3333333333334 0.20972247289980273 25.05432005555555 0.6543209876543209 45.312962962962956 45.333333333333336 0.018518518518518517 45.31481481481482 1.8629177999682724
386000 590.7407407407408 0.15954640998944372 25.003604944444447 0.6265432098765432 45.312962962962956 45.333333333333336 0.0 45.333333333333336 1.960634599905461
388000 617.425925925926 0.08315783031313774 24.913790129629632 0.6219135802469137 45.312962962962956 45.333333333333336 0.0 45.333333333333336 1.9865258000791073
390000 654.2592592592592 0.20174542070149695 24.691567907407407 0.6358024691358025 45.312962962962956 45.333333333333336 0.0 45.333333333333336 1.8891412001103163
392000 694.3518518518518 0.23240308265042428 24.78070894444443 0.6543209876543209 45.312962962962956 45.333333333333336 0.018518518518518517 45.31481481481482 1.9159001996740699
394000 685.8888888888889 0.11786242820967374 24.83302375925925 0.6496913580246912 45.312962962962956 45.333333333333336 0.018518518518518517 45.31481481481482 1.9400822003372014
396000 692.7037037037037 0.11980596162821493 24.805245981481473 0.6496913580246912 45.312962962962956 45.333333333333336 0.018518518518518517 45.31481481481482 1.9453680999577045
398000 701.1296296296297 0.08511045455588186 24.75154227777777 0.6450617283950616 45.312962962962956 45.333333333333336 0.018518518518518517 45.31481481481482 1.9631350003182888
400000 694.4629629629629 0.058791978171180405 24.76080153703703 0.6450617283950616 45.312962962962956 45.333333333333336 0.018518518518518517 45.31481481481482 1.913310999982059
402000 692.2407407407408 0.038689812122928824 24.748692277777767 0.6450617283950616 45.312962962962956 45.333333333333336 0.018518518518518517 45.31481481481482 1.9457217999733984
404000 716.4444444444445 0.19362080458294584 24.644988574074066 0.6450617283950616 45.312962962962956 45.333333333333336 0.018518518518518517 45.31481481481482 1.9137536999769509
406000 716.4444444444445 0.19362080458294584 24.644988574074066 0.6450617283950616 45.312962962962956 45.333333333333336 0.018518518518518517 45.31481481481482 1.9328101999126375
408000 725.7407407407408 0.2147992062802455 24.618208944444437 0.6450617283950616 45.312962962962956 45.333333333333336 0.018518518518518517 45.31481481481482 1.8576493998989463
410000 730.3518518518518 0.24204305652612265 24.503857092592586 0.6388888888888887 45.312962962962956 45.333333333333336 0.018518518518518517 45.31481481481482 1.9296172000467777
412000 734.7222222222222 0.2227150943700801 24.505245981481472 0.6388888888888887 45.312962962962956 45.333333333333336 0.018518518518518517 45.31481481481482 1.839074700139463
414000 730.3518518518518 0.21806202052044127 24.503857092592586 0.6388888888888887 45.312962962962956 45.333333333333336 0.018518518518518517 45.31481481481482 1.8989347997121513
416000 739.3703703703703 0.26538385683870735 23.964911111111107 0.6635802469135803 45.312962962962956 45.333333333333336 0.0 45.333333333333336 1.8973954999819398
418000 754.7962962962963 0.27279086773717776 23.718830870370365 0.6774691358024691 45.312962962962956 45.333333333333336 0.0 45.333333333333336 1.8734904997982085
420000 749.4629629629629 0.22312263652765021 23.728090129629624 0.6774691358024691 45.312962962962956 45.333333333333336 0.0 45.333333333333336 1.8363164002075791
422000 754.7962962962963 0.27279086773717776 23.718830870370365 0.6774691358024691 45.312962962962956 45.333333333333336 0.0 45.333333333333336 1.9088833997957408
424000 754.7962962962963 0.27279086773717776 23.718830870370365 0.6774691358024691 45.312962962962956 45.333333333333336 0.0 45.333333333333336 1.880112700164318
426000 754.7962962962963 0.2442508775749898 23.718830870370365 0.6774691358024691 45.312962962962956 45.333333333333336 0.0 45.333333333333336 1.8628817000426352
428000 754.7962962962963 0.24598171416650919 23.718830870370365 0.6774691358024691 45.312962962962956 45.333333333333336 0.0 45.333333333333336 1.9228284996934235
430000 754.7962962962963 0.24598171416650919 23.718830870370365 0.6774691358024691 45.312962962962956 45.333333333333336 0.0 45.333333333333336 1.8677298999391496
432000 749.4629629629629 0.22312263652765021 23.728090129629624 0.6774691358024691 45.312962962962956 45.333333333333336 0.0 45.333333333333336 1.877240200061351
434000 749.4629629629629 0.23991031845464936 23.728090129629624 0.6774691358024691 45.312962962962956 45.333333333333336 0.0 45.333333333333336 1.9355021002702415
436000 754.7962962962963 0.27106003114565835 23.718830870370365 0.6774691358024691 45.312962962962956 45.333333333333336 0.0 45.333333333333336 1.844309600070119
438000 754.7962962962963 0.27649657286934115 23.718830870370365 0.6774691358024691 45.312962962962956 45.333333333333336 0.0 45.333333333333336 1.9193505998700857
440000 754.7962962962963 0.27106003114565835 23.718830870370365 0.6774691358024691 45.312962962962956 45.333333333333336 0.0 45.333333333333336 1.928704199846834
442000 754.7962962962963 0.27649657286934115 23.718830870370365 0.6774691358024691 45.312962962962956 45.333333333333336 0.0 45.333333333333336 1.929923899937421
444000 754.7962962962963 0.27106003114565835 23.718830870370365 0.6774691358024691 45.312962962962956 45.333333333333336 0.0 45.333333333333336 1.988413699902594
446000 754.7962962962963 0.27106003114565835 23.718830870370365 0.6774691358024691 45.312962962962956 45.333333333333336 0.0 45.333333333333336 1.9586942996829748
448000 754.7962962962963 0.27106003114565835 23.718830870370365 0.6774691358024691 45.312962962962956 45.333333333333336 0.0 45.333333333333336 2.0398997999727726
450000 754.7962962962963 0.27106003114565835 23.718830870370365 0.6774691358024691 45.312962962962956 45.333333333333336 0.0 45.333333333333336 1.933030300308019
452000 754.7962962962963 0.27106003114565835 23.718830870370365 0.6774691358024691 45.312962962962956 45.333333333333336 0.0 45.333333333333336 2.0601277998648584
454000 754.7962962962963 0.27106003114565835 23.718830870370365 0.6774691358024691 45.312962962962956 45.333333333333336 0.0 45.333333333333336 1.908686200156808
456000 754.7962962962963 0.2627693960935083 23.718830870370365 0.6774691358024691 45.312962962962956 45.333333333333336 0.0 45.333333333333336 2.0932312002405524
458000 754.7962962962963 0.2630982697508617 23.718830870370365 0.6774691358024691 45.312962962962956 45.333333333333336 0.0 45.333333333333336 2.0094131003133953
460000 754.7962962962963 0.27106003114565835 23.718830870370365 0.6774691358024691 45.312962962962956 45.333333333333336 0.0 45.333333333333336 1.9323265999555588
462000 754.7962962962963 0.27106003114565835 23.718830870370365 0.6774691358024691 45.312962962962956 45.333333333333336 0.0 45.333333333333336 1.9788701003417373
464000 754.7962962962963 0.2627693960935083 23.718830870370365 0.6774691358024691 45.312962962962956 45.333333333333336 0.0 45.333333333333336 1.9631185000762343
466000 749.4629629629629 0.23991031845464936 23.728090129629624 0.6774691358024691 45.312962962962956 45.333333333333336 0.0 45.333333333333336 1.8984916000626981
468000 754.7962962962963 0.2630982697508617 23.718830870370365 0.6774691358024691 45.312962962962956 45.333333333333336 0.0 45.333333333333336 2.0125608001835644
470000 754.7962962962963 0.2630982697508617 23.718830870370365 0.6774691358024691 45.312962962962956 45.333333333333336 0.0 45.333333333333336 1.906749399844557
472000 754.7962962962963 0.2630982697508617 23.718830870370365 0.6774691358024691 45.312962962962956 45.333333333333336 0.0 45.333333333333336 1.93593730032444
474000 754.7962962962963 0.2768254465266945 23.718830870370365 0.6774691358024691 45.312962962962956 45.333333333333336 0.0 45.333333333333336 1.9140467001125216
476000 754.7962962962963 0.2630982697508617 23.718830870370365 0.6774691358024691 45.312962962962956 45.333333333333336 0.0 45.333333333333336 1.929855199996382
478000 754.7962962962963 0.262930317940951 23.718830870370365 0.6774691358024691 45.312962962962956 45.333333333333336 0.0 45.333333333333336 1.983857199549675
480000 754.7962962962963 0.27665749471678386 23.718830870370365 0.6774691358024691 45.312962962962956 45.333333333333336 0.0 45.333333333333336 1.9213331998325884
482000 754.7962962962963 0.27122095299310106 23.718830870370365 0.6774691358024691 45.312962962962956 45.333333333333336 0.0 45.333333333333336 1.9016971997916698
484000 754.7962962962963 0.27122095299310106 23.718830870370365 0.6774691358024691 45.312962962962956 45.333333333333336 0.0 45.333333333333336 2.008265499956906
486000 754.7962962962963 0.262930317940951 23.718830870370365 0.6774691358024691 45.312962962962956 45.333333333333336 0.0 45.333333333333336 1.9307210999540985
488000 754.7962962962963 0.262930317940951 23.718830870370365 0.6774691358024691 45.312962962962956 45.333333333333336 0.0 45.333333333333336 1.932948499917984
490000 749.4629629629629 0.24007124030209204 23.728090129629624 0.6774691358024691 45.312962962962956 45.333333333333336 0.0 45.333333333333336 1.8957957001402974
492000 749.4629629629629 0.24051805333283635 23.728090129629624 0.6774691358024691 45.312962962962956 45.333333333333336 0.0 45.333333333333336 1.9406387996859848
494000 749.4629629629629 0.24051805333283635 23.728090129629624 0.6774691358024691 45.312962962962956 45.333333333333336 0.0 45.333333333333336 1.9075298998504877
496000 749.4629629629629 0.24051805333283635 23.728090129629624 0.6774691358024691 45.312962962962956 45.333333333333336 0.0 45.333333333333336 1.8539569000713527
498000 749.4629629629629 0.2219995348143178 23.728090129629624 0.6774691358024691 45.312962962962956 45.333333333333336 0.0 45.333333333333336 1.864312699995935
500000 749.4629629629629 0.2215527217835735 23.728090129629624 0.6774691358024691 45.312962962962956 45.333333333333336 0.0 45.333333333333336 1.647293800022453
