2000 1.0769230769230769 -0.7884134933509165 129.19230769230768 0.05128205128205128 135.46153846153845 45.30769230769231 0.0 45.30769230769231 0.6297082999954
4000 0.9615384615384616 -0.8461266516095642 129.03846153846155 0.020833333333333332 135.46153846153845 45.30769230769231 0.0 45.30769230769231 0.8217988999967929
6000 2.1153846153846154 -0.3843223527316536 127.61538461538461 0.16506410256410253 135.46153846153845 45.30769230769231 0.0 45.30769230769231 1.055375100011588
8000 2.480769230769231 0.00040710269387479774 127.86538461538461 0.07852564102564102 135.46153846153845 45.30769230769231 0.0 45.30769230769231 1.165991200003191
10000 4.153846153846154 -0.5574811547422519 126.34615384615384 0.17467948717948717 135.46153846153845 45.30769230769231 0.0 45.30769230769231 1.0948749000090174
12000 2.3076923076923075 -1.0 127.15384615384616 0.14262820512820512 135.46153846153845 45.30769230769231 0.0 45.30769230769231 1.036754299988388
14000 0.7884615384615384 -0.9807616025682623 128.96153846153845 0.041666666666666664 135.46153846153845 45.30769230769231 0.0 45.30769230769231 0.8836062000045786
16000 1.2884615384615385 -0.7113900041364973 128.8846153846154 0.08333333333333333 135.46153846153845 45.30769230769231 0.0 45.30769230769231 0.8691599000012502
18000 3.6153846153846154 -0.5574503731523867 127.07692307692308 0.1522435897435897 135.46153846153845 45.30769230769231 0.0 45.30769230769231 1.2007071999978507
20000 1.5 -0.6921718982637214 128.5 0.1233974358974359 135.46153846153845 45.30769230769231 0.0 45.30769230769231 0.9962366999970982
22000 2.019230769230769 -0.7689398287785563 128.3653846153846 0.11538461538461539 135.46153846153845 45.30769230769231 0.0 45.30769230769231 1.250682300000335
24000 3.423076923076923 -0.6535936111075438 126.86538461538461 0.14262820512820512 135.46153846153845 45.30769230769231 0.0 45.30769230769231 1.7146876999904634
26000 8.51923076923077 -0.9806052779668035 124.78846153846153 0.19551282051282054 135.46153846153845 45.30769230769231 0.0 45.30769230769231 1.4105044000025373
28000 9.596153846153847 -1.0 124.53846153846153 0.22916666666666666 135.46153846153845 45.30769230769231 0.0 45.30769230769231 1.2208563000021968
30000 11.173076923076923 -0.9807692307692307 124.13461538461539 0.2532051282051282 135.46153846153845 45.30769230769231 0.0 45.30769230769231 1.5182951000024332
32000 23.98076923076923 0.0031573421643863266 122.84615384615384 0.3397435897435897 135.46153846153845 45.30769230769231 0.0 45.30769230769231 1.7427514000009978
34000 24.21153846153846 0.002789999235200109 122.48076923076923 0.34134615384615385 135.46153846153845 45.30769230769231 0.0 45.30769230769231 1.718391700007487
36000 11.576923076923077 0.002884865034369584 124.90384615384616 0.23237179487179485 135.46153846153845 45.30769230769231 0.0 45.30769230769231 1.679825700004585
38000 13.634615384615385 -0.03617898017138803 123.76923076923077 0.2724358974358974 135.46153846153845 45.30769230769231 0.0 45.30769230769231 1.7769000999978743
40000 14.365384615384615 -0.03671549707667539 123.76923076923077 0.28365384615384615 135.46153846153845 45.30769230769231 0.0 45.30769230769231 1.6728694000048563
42000 23.423076923076923 -0.9803750873577434 123.9423076923077 0.22916666666666666 135.46153846153845 45.30769230769231 0.0 45.30769230769231 1.3838343999959761
44000 27.153846153846153 -0.33881513659951756 123.13461538461539 0.28685897435897434 135.46153846153845 45.30769230769231 0.0 45.30769230769231 1.594811999995727
46000 17.576923076923077 0.003315769795434217 122.6923076923077 0.33814102564102566 135.46153846153845 45.30769230769231 0.0 45.30769230769231 1.6871228000090923
48000 24.096153846153847 -0.05255224826116273 122.84615384615384 0.31891025641025633 135.46153846153845 45.30769230769231 0.0 45.30769230769231 1.6670214000041597
50000 27.192307692307693 -0.3192958043867139 122.9423076923077 0.2724358974358974 135.46153846153845 45.30769230769231 0.0 45.30769230769231 1.6879574000049615
52000 21.51923076923077 0.00707514142580186 123.25 0.3076923076923076 135.46153846153845 45.30769230769231 0.0 45.30769230769231 1.6277362999971956
54000 19.71153846153846 0.002804768315176755 123.26923076923077 0.2852564102564102 135.46153846153845 45.30769230769231 0.0 45.30769230769231 1.677663599999505
56000 5.865384615384615 -0.15264622397723462 126.82692307692308 0.14583333333333331 135.46153846153845 45.30769230769231 0.0 45.30769230769231 1.7185848000081023
58000 8.442307692307692 0.001851918080075692 126.28846153846153 0.16826923076923078 135.46153846153845 45.30769230769231 0.0 45.30769230769231 1.683052399996086
60000 9.807692307692308 0.0011531889584340718 124.57692307692308 0.24839743589743585 135.46153846153845 45.30769230769231 0.0 45.30769230769231 1.635446000000229
62000 20.153846153846153 0.003376682150411121 122.5576923076923 0.3189102564102564 135.46153846153845 45.30769230769231 0.0 45.30769230769231 1.5980910000071162
64000 15.884615384615385 0.0026035439437884986 123.5576923076923 0.28205128205128205 135.46153846153845 45.30769230769231 0.0 45.30769230769231 1.6656706999929156
66000 18.903846153846153 0.0026952309310450374 122.92307692307692 0.30288461538461536 135.46153846153845 45.30769230769231 0.0 45.30769230769231 1.6761524000030477
68000 22.634615384615383 0.004525525710146856 122.75 0.31891025641025633 135.46153846153845 45.30769230769231 0.0 45.30769230769231 1.6507066000049235
70000 18.21153846153846 0.0041085145368486686 122.96153846153847 0.28044871794871795 135.46153846153845 45.30769230769231 0.0 45.30769230769231 1.5939406999968924
72000 15.307692307692308 0.0015110495769105792 123.5 0.28365384615384615 135.46153846153845 45.30769230769231 0.0 45.30769230769231 1.602927499989164
74000 15.346153846153847 0.001474344193684563 123.63461538461539 0.2692307692307692 135.46153846153845 45.30769230769231 0.0 45.30769230769231 1.6396122000005562
76000 18.51923076923077 0.0023291881827671515 122.82692307692308 0.2932692307692307 135.46153846153845 45.30769230769231 0.0 45.30769230769231 1.6706080000003567
78000 16.0 -0.2671541285033702 123.92307692307692 0.28205128205128205 135.46153846153845 45.30769230769231 0.0 45.30769230769231 1.6683861999918008
80000 24.596153846153847 -0.052106230859115026 122.34615384615384 0.3573717948717948 135.46153846153845 45.30769230769231 0.0 45.30769230769231 1.6479733000014676
82000 16.326923076923077 0.004125328163745049 122.46153846153847 0.33974358974358976 135.46153846153845 45.30769230769231 0.0 45.30769230769231 1.6131992000009632
84000 23.923076923076923 0.006128511009714918 122.46153846153847 0.33814102564102566 135.46153846153845 45.30769230769231 0.0 45.30769230769231 1.6179810999892652
86000 24.51923076923077 0.006269457841744448 122.46153846153847 0.3317307692307693 135.46153846153845 45.30769230769231 0.0 45.30769230769231 1.6110365000058664
88000 23.076923076923077 0.006591276713991617 122.46153846153847 0.34615384615384615 135.46153846153845 45.30769230769231 0.0 45.30769230769231 1.648427799998899
90000 33.51923076923077 0.0061536877182347864 121.38461538461539 0.407051282051282 135.46153846153845 45.30769230769231 0.019230769230769232 45.28846153846154 1.7816880000027595
92000 12.615384615384615 -1.0 124.9423076923077 0.20673076923076922 135.46153846153845 45.30769230769231 0.0 45.30769230769231 1.2891356000036467
94000 29.903846153846153 0.007980044367181168 121.5576923076923 0.3974358974358974 135.46153846153845 45.30769230769231 0.019230769230769232 45.28846153846154 1.7244850999995833
96000 17.71153846153846 -0.2855049926966422 122.5 0.37820512820512825 135.46153846153845 45.30769230769231 0.0 45.30769230769231 1.5850986000004923
98000 17.23076923076923 -0.3631051742597195 122.67307692307692 0.3637820512820512 135.46153846153845 45.30769230769231 0.0 45.30769230769231 1.5657463999959873
100000 15.26923076923077 0.0018297412958631078 123.07692307692308 0.3285256410256409 135.46153846153845 45.30769230769231 0.0 45.30769230769231 1.6112933999975212
102000 17.807692307692307 -0.8650776524018584 122.8076923076923 0.35096153846153844 135.46153846153845 45.30769230769231 0.0 45.30769230769231 1.4088073000020813
104000 5.6923076923076925 -0.40317213701202415 126.0 0.21153846153846154 135.46153846153845 45.30769230769231 0.0 45.30769230769231 1.689000300000771
106000 4.0576923076923075 -0.9230741699233374 127.01923076923077 0.15384615384615383 135.46153846153845 45.30769230769231 0.0 45.30769230769231 1.1975540999992518
108000 3.9615384615384617 0.00042824563166794696 126.26923076923077 0.19551282051282054 135.46153846153845 45.30769230769231 0.0 45.30769230769231 1.6619454000028782
110000 8.51923076923077 0.0023994618619876474 124.5 0.26282051282051283 135.46153846153845 45.30769230769231 0.0 45.30769230769231 1.6635538999980781
112000 34.03846153846154 0.012247465240112474 121.42307692307692 0.41506410256410253 135.46153846153845 45.30769230769231 0.0 45.30769230769231 1.6021363000036217
114000 8.346153846153847 -0.6886519854420039 126.86538461538461 0.1362179487179487 135.46153846153845 45.30769230769231 0.0 45.30769230769231 1.1168709000048693
116000 25.48076923076923 -0.011694594522866251 122.75 0.34615384615384615 135.46153846153845 45.30769230769231 0.0 45.30769230769231 1.7286999999923864
118000 13.73076923076923 -0.727959168123006 123.8076923076923 0.31089743589743585 135.46153846153845 45.30769230769231 0.0 45.30769230769231 1.3231878999940818
120000 14.653846153846153 -0.7869467114553703 123.32692307692308 0.3525641025641026 135.46153846153845 45.30769230769231 0.0 45.30769230769231 1.5787924000032945
122000 24.01923076923077 -0.6656874948926086 122.59615384615384 0.33814102564102566 135.46153846153845 45.30769230769231 0.0 45.30769230769231 1.6099266999954125
124000 12.73076923076923 0.004254984874166355 123.61538461538461 0.27083333333333337 135.46153846153845 45.30769230769231 0.0 45.30769230769231 1.6294597000087379
126000 42.15384615384615 -0.14056050191325797 120.61538461538461 0.43108974358974356 135.46153846153845 45.30769230769231 0.0 45.30769230769231 1.6231766999990214
128000 36.01923076923077 -0.2206707343195729 121.03846153846153 0.39903846153846156 135.46153846153845 45.30769230769231 0.0 45.30769230769231 1.6937628000014229
130000 15.692307692307692 0.003457449082082632 123.8076923076923 0.2772435897435897 135.46153846153845 45.30769230769231 0.0 45.30769230769231 1.6138076999923214
132000 13.442307692307692 -0.034502805521624505 124.03846153846153 0.3076923076923077 135.46153846153845 45.30769230769231 0.0 45.30769230769231 1.7515600999904564
134000 18.96153846153846 0.003423479589879315 123.59615384615384 0.30608974358974356 135.46153846153845 45.30769230769231 0.0 45.30769230769231 1.760786899991217
136000 17.692307692307693 0.004551642482447739 123.53846153846153 0.3125 135.46153846153845 45.30769230769231 0.0 45.30769230769231 1.725022499987972
138000 43.17307692307692 0.011056113813585457 120.40384615384616 0.43750000000000006 135.46153846153845 45.30769230769231 0.019230769230769232 45.28846153846154 1.5694176999968477
140000 29.5 -0.28134196207457196 121.51923076923077 0.3990384615384616 135.46153846153845 45.30769230769231 0.019230769230769232 45.28846153846154 1.5279967999958899
142000 17.03846153846154 -0.26657276839647465 122.9423076923077 0.33012820512820507 135.46153846153845 45.30769230769231 0.0 45.30769230769231 1.6857675999926869
144000 11.807692307692308 -0.9223736291846298 123.71153846153847 0.3125 135.46153846153845 45.30769230769231 0.0 45.30769230769231 1.3525893000041833
146000 33.96153846153846 0.0040012902180788035 120.6923076923077 0.4310897435897436 135.46153846153845 45.30769230769231 0.0 45.30769230769231 1.6776164000038989
148000 40.28846153846154 0.007940094052752558 120.17307692307692 0.46474358974358976 135.46153846153845 45.30769230769231 0.0 45.30769230769231 1.6908691999997245
150000 65.0 0.005254691696785685 118.5 0.5192307692307693 135.46153846153845 45.30769230769231 0.019230769230769232 45.28846153846154 1.669657799997367
152000 65.01923076923077 0.020671657590162575 118.6923076923077 0.4807692307692308 135.46153846153845 45.30769230769231 0.019230769230769232 45.28846153846154 1.6285528000007616
154000 100.4423076923077 0.024976672037981373 117.46153846153847 0.5368589743589743 135.46153846153845 45.30769230769231 0.019230769230769232 45.28846153846154 1.6992974000022514
156000 79.61538461538461 0.015167449134467714 118.21153846153847 0.530448717948718 135.46153846153845 45.30769230769231 0.019230769230769232 45.28846153846154 1.7109229000052437
158000 88.1923076923077 0.019991438958379196 118.09615384615384 0.5128205128205129 135.46153846153845 45.30769230769231 0.019230769230769232 45.28846153846154 1.6052947000134736
160000 86.26923076923077 0.018588307878136 118.09615384615384 0.5112179487179488 135.46153846153845 45.30769230769231 0.019230769230769232 45.28846153846154 1.6633671000017785
162000 64.32692307692308 0.003973064810872945 118.40384615384616 0.5160256410256411 135.46153846153845 45.30769230769231 0.019230769230769232 45.28846153846154 1.7370006999990437
164000 89.09615384615384 0.020103349064732687 117.92307692307692 0.5176282051282052 135.46153846153845 45.30769230769231 0.019230769230769232 45.28846153846154 1.7647494999982882
166000 62.65384615384615 0.003386513153962215 118.4423076923077 0.5160256410256411 135.46153846153845 45.30769230769231 0.019230769230769232 45.28846153846154 1.714676400006283
168000 55.48076923076923 0.014784331285320303 118.6923076923077 0.5000000000000001 135.46153846153845 45.30769230769231 0.019230769230769232 45.28846153846154 1.682184999997844
170000 56.53846153846154 0.008397104495015083 118.86538461538461 0.43269230769230776 135.46153846153845 45.30769230769231 0.019230769230769232 45.28846153846154 1.6809664000029443
172000 70.36538461538461 0.014702324927237196 118.25 0.49038461538461536 135.46153846153845 45.30769230769231 0.019230769230769232 45.28846153846154 1.731808299999102
174000 61.78846153846154 0.003287785434132683 118.4423076923077 0.5064102564102564 135.46153846153845 45.30769230769231 0.019230769230769232 45.28846153846154 1.6320153000124265
176000 70.23076923076923 0.00904795003433732 118.61538461538461 0.4951923076923076 135.46153846153845 45.30769230769231 0.019230769230769232 45.28846153846154 1.7032231999910437
178000 84.23076923076923 0.01779541833277049 118.51923076923077 0.5112179487179487 135.46153846153845 45.30769230769231 0.019230769230769232 45.28846153846154 1.7377035999961663
180000 85.61538461538461 0.019195752459585918 118.48076923076923 0.5112179487179487 135.46153846153845 45.30769230769231 0.019230769230769232 45.28846153846154 1.7277962999942247
182000 98.8076923076923 0.025714417103261514 117.86538461538461 0.5224358974358974 135.46153846153845 45.30769230769231 0.019230769230769232 45.28846153846154 1.7567154999997001
184000 80.5576923076923 0.016682911851154895 118.4423076923077 0.49839743589743585 135.46153846153845 45.30769230769231 0.019230769230769232 45.28846153846154 1.7382172999932664
186000 101.23076923076923 0.02677393190335906 117.86538461538461 0.5224358974358974 135.46153846153845 45.30769230769231 0.019230769230769232 45.28846153846154 1.662037699992652
188000 100.90384615384616 0.024220360458167504 117.86538461538461 0.532051282051282 135.46153846153845 45.30769230769231 0.019230769230769232 45.28846153846154 1.7228680999978678
190000 103.38461538461539 0.02614854339852551 117.76923076923077 0.5560897435897436 135.46153846153845 45.30769230769231 0.019230769230769232 45.28846153846154 1.6864481000084197
192000 106.84615384615384 0.031204125633855453 117.61538461538461 0.5721153846153847 135.46153846153845 45.30769230769231 0.019230769230769232 45.28846153846154 1.6213331999897491
194000 110.9423076923077 0.030912381208353948 117.51923076923077 0.5721153846153847 135.46153846153845 45.30769230769231 0.019230769230769232 45.28846153846154 1.6071730999974534
196000 112.86538461538461 0.03177328659215829 117.48076923076923 0.576923076923077 135.46153846153845 45.30769230769231 0.019230769230769232 45.28846153846154 1.6756128999986686
198000 101.75 0.025584529970410642 117.82692307692308 0.5416666666666666 135.46153846153845 45.30769230769231 0.019230769230769232 45.28846153846154 1.7862853999977233
200000 100.6923076923077 0.025351615555442516 117.86538461538461 0.532051282051282 135.46153846153845 45.30769230769231 0.019230769230769232 45.28846153846154 1.8017177000001539
202000 101.28846153846153 0.023942807395135317 117.86538461538461 0.533653846153846 135.46153846153845 45.30769230769231 0.019230769230769232 45.28846153846154 1.7023761000018567
204000 101.28846153846153 0.024567882263603753 117.86538461538461 0.533653846153846 135.46153846153845 45.30769230769231 0.019230769230769232 45.28846153846154 1.6783191000140505
206000 101.28846153846153 0.024567882263603753 117.86538461538461 0.533653846153846 135.46153846153845 45.30769230769231 0.019230769230769232 45.28846153846154 1.740948999999091
208000 101.28846153846153 0.024567882263603753 117.86538461538461 0.533653846153846 135.46153846153845 45.30769230769231 0.019230769230769232 45.28846153846154 1.6753759999992326
210000 101.28846153846153 0.024567882263603753 117.86538461538461 0.533653846153846 135.46153846153845 45.30769230769231 0.019230769230769232 45.28846153846154 1.7589227999997092
212000 105.5 0.027528263179992386 117.88461538461539 0.5384615384615384 135.46153846153845 45.30769230769231 0.019230769230769232 45.28846153846154 1.7782588000118267
214000 102.88461538461539 0.02679732001127405 117.88461538461539 0.5384615384615384 135.46153846153845 45.30769230769231 0.019230769230769232 45.28846153846154 1.816889200010337
216000 102.88461538461539 0.02679732001127405 117.88461538461539 0.5384615384615384 135.46153846153845 45.30769230769231 0.019230769230769232 45.28846153846154 1.7625588000082644
218000 102.88461538461539 0.02679732001127405 117.88461538461539 0.5384615384615384 135.46153846153845 45.30769230769231 0.019230769230769232 45.28846153846154 1.8059881999943173
220000 102.88461538461539 0.02679732001127405 117.88461538461539 0.5384615384615384 135.46153846153845 45.30769230769231 0.019230769230769232 45.28846153846154 1.767639900004724
222000 101.59615384615384 0.02589325177945837 117.88461538461539 0.532051282051282 135.46153846153845 45.30769230769231 0.019230769230769232 45.28846153846154 1.7444611999962945
224000 185.19230769230768 0.07058214463614002 116.40384615384616 0.5817307692307693 135.46153846153845 45.30769230769231 0.019230769230769232 45.28846153846154 1.7607898999995086
226000 81.75 0.012752870947864318 118.0 0.5240384615384616 135.46153846153845 45.30769230769231 0.019230769230769232 45.28846153846154 1.7856981999939308
228000 81.75 0.012752870947864318 118.0 0.5240384615384616 135.46153846153845 45.30769230769231 0.019230769230769232 45.28846153846154 1.7270052999956533
230000 92.07692307692308 0.011228895612259307 117.88461538461539 0.5608974358974359 135.46153846153845 45.30769230769231 0.019230769230769232 45.28846153846154 1.8609297999937553
232000 92.07692307692308 0.011228895612259307 117.88461538461539 0.5608974358974359 135.46153846153845 45.30769230769231 0.019230769230769232 45.28846153846154 1.841069600006449
234000 92.07692307692308 0.009397736772882487 117.88461538461539 0.5608974358974359 135.46153846153845 45.30769230769231 0.019230769230769232 45.28846153846154 1.7742337999952724
236000 92.07692307692308 0.009397736772882487 117.88461538461539 0.5608974358974359 135.46153846153845 45.30769230769231 0.019230769230769232 45.28846153846154 1.7257800000079442
238000 110.63461538461539 0.021408001171812123 117.61538461538461 0.5929487179487181 135.46153846153845 45.30769230769231 0.019230769230769232 45.28846153846154 1.9715231000009226
240000 112.07692307692308 0.02152085316619928 117.61538461538461 0.5881410256410258 135.46153846153845 45.30769230769231 0.019230769230769232 45.28846153846154 1.7640778000059072
242000 101.46153846153847 0.017346879476002493 117.92307692307692 0.5112179487179487 135.46153846153845 45.30769230769231 0.019230769230769232 45.28846153846154 1.8471433000086108
244000 95.34615384615384 0.01595214055823013 118.17307692307692 0.530448717948718 135.46153846153845 45.30769230769231 0.019230769230769232 45.28846153846154 1.707260099996347
246000 179.40384615384616 0.057924471093541555 117.13461538461539 0.5608974358974359 135.46153846153845 45.30769230769231 0.019230769230769232 45.28846153846154 1.794148100001621
248000 163.09615384615384 0.0552042059840875 117.3076923076923 0.546474358974359 135.46153846153845 45.30769230769231 0.019230769230769232 45.28846153846154 1.8302838999952655
250000 177.65384615384616 -0.6313312425629847 117.48076923076923 0.5368589743589743 135.46153846153845 45.30769230769231 0.0 45.30769230769231 1.695537699997658
252000 138.25 -0.15910565546949001 117.88461538461539 0.5576923076923077 135.46153846153845 45.30769230769231 0.0 45.30769230769231 1.8239876999869011
254000 169.75 -0.14696119234549276 118.01923076923077 0.5224358974358974 135.46153846153845 45.30769230769231 0.0 45.30769230769231 1.7051941999961855
256000 138.25 -0.15910565546949001 117.88461538461539 0.5576923076923077 135.46153846153845 45.30769230769231 0.0 45.30769230769231 1.834928399999626
258000 171.6153846153846 -0.06490486258084499 117.9423076923077 0.5224358974358974 135.46153846153845 45.30769230769231 0.0 45.30769230769231 1.734296299997368
260000 163.05769230769232 -1.0 118.09615384615384 0.4967948717948717 135.46153846153845 45.30769230769231 0.0 45.30769230769231 1.720886099996278
262000 163.05769230769232 -1.0 118.09615384615384 0.4967948717948717 135.46153846153845 45.30769230769231 0.0 45.30769230769231 1.6584501000033924
264000 163.05769230769232 -1.0 118.09615384615384 0.4967948717948717 135.46153846153845 45.30769230769231 0.0 45.30769230769231 1.7667462999961572
266000 308.3076923076923 -0.6502654690549108 116.86538461538461 0.5737179487179487 135.46153846153845 45.30769230769231 0.0 45.30769230769231 1.849285599993891
268000 208.40384615384616 -0.9786005755953796 116.78846153846153 0.5849358974358974 135.46153846153845 45.30769230769231 0.0 45.30769230769231 1.7073438000079477
270000 130.8653846153846 -1.0 118.0576923076923 0.532051282051282 135.46153846153845 45.30769230769231 0.0 45.30769230769231 1.6870829000108643
272000 163.05769230769232 -1.0 118.09615384615384 0.4967948717948717 135.46153846153845 45.30769230769231 0.0 45.30769230769231 1.7844670000049518
274000 220.57692307692307 -0.9318752518700673 116.71153846153847 0.5849358974358974 135.46153846153845 45.30769230769231 0.0 45.30769230769231 1.7134614000096917
276000 208.40384615384616 -0.9786005755953796 116.78846153846153 0.5849358974358974 135.46153846153845 45.30769230769231 0.0 45.30769230769231 1.691516100006993
278000 163.05769230769232 -1.0 118.09615384615384 0.4967948717948717 135.46153846153845 45.30769230769231 0.0 45.30769230769231 1.6632336000038777
280000 208.40384615384616 -0.9786005755953796 116.78846153846153 0.5849358974358974 135.46153846153845 45.30769230769231 0.0 45.30769230769231 1.6287570999993477
282000 163.05769230769232 -1.0 118.09615384615384 0.4967948717948717 135.46153846153845 45.30769230769231 0.0 45.30769230769231 1.6974492000008468
284000 181.5 -0.9515929962500932 118.0 0.501602564102564 135.46153846153845 45.30769230769231 0.0 45.30769230769231 1.6743778999953065
286000 163.05769230769232 -1.0 118.09615384615384 0.4967948717948717 135.46153846153845 45.30769230769231 0.0 45.30769230769231 1.760406100002001
288000 164.78846153846155 -0.979835771237073 118.0576923076923 0.4967948717948717 135.46153846153845 45.30769230769231 0.0 45.30769230769231 1.639730700000655
290000 164.78846153846155 -0.979835771237073 118.0576923076923 0.4967948717948717 135.46153846153845 45.30769230769231 0.0 45.30769230769231 1.696230799992918
292000 228.30769230769232 -0.882256892643761 117.32692307692308 0.5897435897435896 135.46153846153845 45.30769230769231 0.0 45.30769230769231 1.7500548999960301
294000 223.30769230769232 -0.9381976453674862 117.25 0.5625 135.46153846153845 45.30769230769231 0.0 45.30769230769231 1.721834600000875
296000 163.3846153846154 -0.980592696967582 118.0576923076923 0.4967948717948717 135.46153846153845 45.30769230769231 0.0 45.30769230769231 1.712106599996332
298000 215.73076923076923 -0.9807481931158044 117.28846153846153 0.5625 135.46153846153845 45.30769230769231 0.0 45.30769230769231 1.651786299989908
300000 216.53846153846155 -0.980310039102168 117.28846153846153 0.5625 135.46153846153845 45.30769230769231 0.0 45.30769230769231 1.6885500000062166
302000 216.1153846153846 -0.9805393818037265 117.28846153846153 0.5625 135.46153846153845 45.30769230769231 0.0 45.30769230769231 1.7297136999986833
304000 216.1153846153846 -0.9805393818037265 117.28846153846153 0.5625 135.46153846153845 45.30769230769231 0.0 45.30769230769231 1.6677214999945136
306000 216.53846153846155 -0.980310039102168 117.28846153846153 0.5625 135.46153846153845 45.30769230769231 0.0 45.30769230769231 1.6946100000059232
308000 151.5 -1.0 117.61538461538461 0.5240384615384616 135.46153846153845 45.30769230769231 0.0 45.30769230769231 1.7894783000083407
310000 204.80769230769232 -1.0 116.8076923076923 0.5849358974358974 135.46153846153845 45.30769230769231 0.0 45.30769230769231 1.7916357000067364
312000 208.40384615384616 -0.9786005755953796 116.78846153846153 0.5849358974358974 135.46153846153845 45.30769230769231 0.0 45.30769230769231 1.7304869999934454
314000 164.3846153846154 -0.9800534360448924 118.07692307692308 0.4967948717948717 135.46153846153845 45.30769230769231 0.0 45.30769230769231 1.8111714999977266
316000 215.69230769230768 -1.0 117.28846153846153 0.5625 135.46153846153845 45.30769230769231 0.0 45.30769230769231 1.6355561999953352
318000 164.3846153846154 -0.9800534360448924 118.07692307692308 0.4967948717948717 135.46153846153845 45.30769230769231 0.0 45.30769230769231 1.663396300005843
320000 215.69230769230768 -1.0 117.28846153846153 0.5625 135.46153846153845 45.30769230769231 0.0 45.30769230769231 1.6596527000074275
322000 215.69230769230768 -1.0 117.28846153846153 0.5625 135.46153846153845 45.30769230769231 0.0 45.30769230769231 1.6350769999990007
324000 216.1153846153846 -0.9805393818037265 117.28846153846153 0.5625 135.46153846153845 45.30769230769231 0.0 45.30769230769231 1.7121330999943893
326000 204.94230769230768 -0.9805605819534807 116.82692307692308 0.5913461538461537 135.46153846153845 45.30769230769231 0.0 45.30769230769231 1.7129857999971136
328000 309.0192307692308 -0.24764419532812057 116.63461538461539 0.5993589743589743 135.46153846153845 45.30769230769231 0.0 45.30769230769231 1.7275853999890387
330000 319.13461538461536 -0.12653473370666293 116.57692307692308 0.6041666666666667 135.46153846153845 45.30769230769231 0.0 45.30769230769231 1.7550333000108367
332000 203.44230769230768 -1.0 117.01923076923077 0.5849358974358974 135.46153846153845 45.30769230769231 0.0 45.30769230769231 1.6675707000104012
334000 206.92307692307693 -0.9594300714979906 117.0 0.5849358974358974 135.46153846153845 45.30769230769231 0.0 45.30769230769231 1.6012069999997038
336000 207.03846153846155 -0.979573716472103 116.8076923076923 0.5849358974358974 135.46153846153845 45.30769230769231 0.0 45.30769230769231 1.6108808999997564
338000 204.55769230769232 -1.0 116.82692307692308 0.5849358974358974 135.46153846153845 45.30769230769231 0.0 45.30769230769231 1.6889773000002606
340000 215.69230769230768 -1.0 117.28846153846153 0.5625 135.46153846153845 45.30769230769231 0.0 45.30769230769231 1.6341208000085317
342000 329.36538461538464 -0.12217065091662806 116.48076923076923 0.6041666666666667 135.46153846153845 45.30769230769231 0.0 45.30769230769231 1.7489993999915896
344000 204.94230769230768 -0.9805605819534807 116.82692307692308 0.5913461538461537 135.46153846153845 45.30769230769231 0.0 45.30769230769231 1.7524028999905568
346000 203.44230769230768 -1.0 117.01923076923077 0.5849358974358974 135.46153846153845 45.30769230769231 0.0 45.30769230769231 1.6708862999948906
348000 203.78846153846155 -1.0 116.82692307692308 0.5849358974358974 135.46153846153845 45.30769230769231 0.0 45.30769230769231 1.6142355999909341
350000 203.44230769230768 -1.0 117.01923076923077 0.5849358974358974 135.46153846153845 45.30769230769231 0.0 45.30769230769231 1.6900937000027625
352000 203.44230769230768 -1.0 117.01923076923077 0.5849358974358974 135.46153846153845 45.30769230769231 0.0 45.30769230769231 1.712742799994885
354000 215.69230769230768 -1.0 117.28846153846153 0.5625 135.46153846153845 45.30769230769231 0.0 45.30769230769231 1.6496124999976018
356000 215.69230769230768 -1.0 117.28846153846153 0.5625 135.46153846153845 45.30769230769231 0.0 45.30769230769231 1.677286499994807
358000 181.65384615384616 -0.9804186235291209 117.6923076923077 0.5272435897435896 135.46153846153845 45.30769230769231 0.0 45.30769230769231 1.6058462999935728
360000 215.69230769230768 -1.0 117.28846153846153 0.5625 135.46153846153845 45.30769230769231 0.0 45.30769230769231 1.712342400001944
362000 311.53846153846155 -0.5877224517933215 116.3076923076923 0.6282051282051283 135.46153846153845 45.30769230769231 0.019230769230769232 45.28846153846154 1.6959932000027038
364000 178.3653846153846 -0.9611795206527002 117.34615384615384 0.5625 135.46153846153845 45.30769230769231 0.019230769230769232 45.28846153846154 1.6984315000008792
366000 215.69230769230768 -1.0 117.28846153846153 0.5625 135.46153846153845 45.30769230769231 0.0 45.30769230769231 1.7445802000002004
368000 207.59615384615384 -0.9150352652750376 116.8076923076923 0.6009615384615384 135.46153846153845 45.30769230769231 0.019230769230769232 45.28846153846154 1.6540625000052387
370000 203.44230769230768 -0.9610645036707225 116.88461538461539 0.5961538461538461 135.46153846153845 45.30769230769231 0.0 45.30769230769231 1.6685678999929223
372000 204.5 -0.9574145642620818 116.86538461538461 0.5897435897435896 135.46153846153845 45.30769230769231 0.0 45.30769230769231 1.684057100006612
374000 204.84615384615384 -0.9533052823424814 116.8076923076923 0.594551282051282 135.46153846153845 45.30769230769231 0.019230769230769232 45.28846153846154 1.6861702000023797
376000 203.15384615384616 -1.0 116.88461538461539 0.5897435897435898 135.46153846153845 45.30769230769231 0.0 45.30769230769231 1.6614921000000322
378000 205.32692307692307 -1.0 116.8076923076923 0.5849358974358974 135.46153846153845 45.30769230769231 0.0 45.30769230769231 1.6862840999965556
380000 213.73076923076923 -0.9770107935220379 116.88461538461539 0.594551282051282 135.46153846153845 45.30769230769231 0.019230769230769232 45.28846153846154 1.7021494999935385
382000 204.55769230769232 -1.0 116.82692307692308 0.5849358974358974 135.46153846153845 45.30769230769231 0.0 45.30769230769231 1.661081899990677
384000 207.1346153846154 -0.979573716472103 116.86538461538461 0.5849358974358974 135.46153846153845 45.30769230769231 0.0 45.30769230769231 1.7033622000017203
386000 326.09615384615387 -0.10390240073697678 116.4423076923077 0.6041666666666667 135.46153846153845 45.30769230769231 0.0 45.30769230769231 1.8975055000046268
388000 172.80769230769232 -0.9786615903958485 117.48076923076923 0.5448717948717948 135.46153846153845 45.30769230769231 0.019230769230769232 45.28846153846154 1.7343940999999177
390000 213.05769230769232 -0.9356584227539494 116.82692307692308 0.5849358974358974 135.46153846153845 45.30769230769231 0.0 45.30769230769231 1.8801600000006147
392000 208.30769230769232 -0.9786615903958485 116.78846153846153 0.5849358974358974 135.46153846153845 45.30769230769231 0.0 45.30769230769231 1.6058482999942498
394000 216.75 -0.7981826253065945 116.6923076923077 0.5849358974358974 135.46153846153845 45.30769230769231 0.0 45.30769230769231 1.6812998999957927
396000 351.7692307692308 -0.09461610191819142 116.71153846153847 0.5817307692307693 135.46153846153845 45.30769230769231 0.0 45.30769230769231 1.6997200999903725
398000 207.30769230769232 -0.9785460078646254 116.86538461538461 0.5849358974358974 135.46153846153845 45.30769230769231 0.0 45.30769230769231 1.8055275000078836
400000 210.69230769230768 -0.9368029942016836 116.8076923076923 0.5897435897435896 135.46153846153845 45.30769230769231 0.0 45.30769230769231 1.6487825000076555
402000 208.5 -0.9544513064426673 116.8076923076923 0.594551282051282 135.46153846153845 45.30769230769231 0.0 45.30769230769231 1.6578475999995135
404000 224.42307692307693 -0.9541747336712472 117.17307692307692 0.5673076923076923 135.46153846153845 45.30769230769231 0.0 45.30769230769231 1.7042188999912469
406000 182.94230769230768 -0.9786615903958485 117.25 0.5560897435897436 135.46153846153845 45.30769230769231 0.019230769230769232 45.28846153846154 1.7097944999986794
408000 179.03846153846155 -1.0 117.28846153846153 0.5560897435897436 135.46153846153845 45.30769230769231 0.019230769230769232 45.28846153846154 1.7672235000063665
410000 216.01923076923077 -0.954328741535032 116.75 0.5897435897435896 135.46153846153845 45.30769230769231 0.0 45.30769230769231 1.6743201999925077
412000 229.0 -0.8866971159209557 117.11538461538461 0.5913461538461539 135.46153846153845 45.30769230769231 0.019230769230769232 45.28846153846154 1.839465699988068
414000 224.55769230769232 -0.9776790176757075 117.25 0.5625 135.46153846153845 45.30769230769231 0.0 45.30769230769231 1.7245582999894395
416000 182.94230769230768 -0.9786615903958485 117.25 0.5560897435897436 135.46153846153845 45.30769230769231 0.019230769230769232 45.28846153846154 1.6951054999954067
418000 222.40384615384616 -0.9058907677531727 116.76923076923077 0.5897435897435898 135.46153846153845 45.30769230769231 0.019230769230769232 45.28846153846154 1.7502341000072192
420000 195.32692307692307 -0.971985312239901 117.25 0.5608974358974359 135.46153846153845 45.30769230769231 0.019230769230769232 45.28846153846154 1.6459338999993633
422000 207.3846153846154 -0.9594977381854279 116.82692307692308 0.5849358974358974 135.46153846153845 45.30769230769231 0.0 45.30769230769231 1.7957356999977492
424000 204.3846153846154 -1.0 116.82692307692308 0.5849358974358974 135.46153846153845 45.30769230769231 0.0 45.30769230769231 1.7223217999999179
426000 204.3846153846154 -1.0 116.82692307692308 0.5849358974358974 135.46153846153845 45.30769230769231 0.0 45.30769230769231 1.6518401999928756
428000 204.3846153846154 -1.0 116.82692307692308 0.5849358974358974 135.46153846153845 45.30769230769231 0.0 45.30769230769231 1.8930741000076523
430000 204.3846153846154 -1.0 116.82692307692308 0.5849358974358974 135.46153846153845 45.30769230769231 0.0 45.30769230769231 1.625392699992517
432000 204.3846153846154 -1.0 116.82692307692308 0.5849358974358974 135.46153846153845 45.30769230769231 0.0 45.30769230769231 1.7352875999931712
434000 204.3846153846154 -1.0 116.82692307692308 0.5849358974358974 135.46153846153845 45.30769230769231 0.0 45.30769230769231 1.6541796999954386
436000 204.3846153846154 -1.0 116.82692307692308 0.5849358974358974 135.46153846153845 45.30769230769231 0.0 45.30769230769231 1.5740966000012122
438000 204.3846153846154 -1.0 116.82692307692308 0.5849358974358974 135.46153846153845 45.30769230769231 0.0 45.30769230769231 1.6949786000041058
440000 204.3846153846154 -1.0 116.82692307692308 0.5849358974358974 135.46153846153845 45.30769230769231 0.0 45.30769230769231 1.7690894000115804
442000 204.3846153846154 -1.0 116.82692307692308 0.5849358974358974 135.46153846153845 45.30769230769231 0.0 45.30769230769231 1.7187439999979688
444000 205.55769230769232 -1.0 116.82692307692308 0.5849358974358974 135.46153846153845 45.30769230769231 0.0 45.30769230769231 1.6136996999994153
446000 204.3846153846154 -1.0 116.82692307692308 0.5849358974358974 135.46153846153845 45.30769230769231 0.0 45.30769230769231 1.7340525000035996
448000 215.69230769230768 -1.0 117.28846153846153 0.5625 135.46153846153845 45.30769230769231 0.0 45.30769230769231 1.6944520000106422
450000 215.69230769230768 -1.0 117.28846153846153 0.5625 135.46153846153845 45.30769230769231 0.0 45.30769230769231 1.6486905999918235
452000 215.69230769230768 -1.0 117.28846153846153 0.5625 135.46153846153845 45.30769230769231 0.0 45.30769230769231 1.6524384999938775
454000 204.3846153846154 -1.0 116.82692307692308 0.5849358974358974 135.46153846153845 45.30769230769231 0.0 45.30769230769231 1.6545761000015773
456000 204.3846153846154 -1.0 116.82692307692308 0.5849358974358974 135.46153846153845 45.30769230769231 0.0 45.30769230769231 1.7230964000045788
458000 190.84615384615384 -0.9320719884709718 117.0576923076923 0.5512820512820513 135.46153846153845 45.30769230769231 0.019230769230769232 45.28846153846154 1.7357416000013473
460000 215.15384615384616 -1.0 116.26923076923077 0.5737179487179487 135.46153846153845 45.30769230769231 0.0 45.30769230769231 1.7263954999943962
462000 215.15384615384616 -1.0 116.26923076923077 0.5737179487179487 135.46153846153845 45.30769230769231 0.0 45.30769230769231 1.6285934000043198
464000 217.3846153846154 -1.0 117.25 0.5673076923076923 135.46153846153845 45.30769230769231 0.0 45.30769230769231 1.6658402000030037
466000 264.13461538461536 -0.8833271856708147 117.11538461538461 0.5673076923076924 135.46153846153845 45.30769230769231 0.019230769230769232 45.28846153846154 1.6530676999973366
468000 204.3846153846154 -1.0 116.82692307692308 0.5849358974358974 135.46153846153845 45.30769230769231 0.0 45.30769230769231 1.6706881999998586
470000 222.01923076923077 -0.8565239351857061 116.88461538461539 0.546474358974359 135.46153846153845 45.30769230769231 0.019230769230769232 45.28846153846154 1.8184221999981673
472000 204.3846153846154 -1.0 116.82692307692308 0.5849358974358974 135.46153846153845 45.30769230769231 0.0 45.30769230769231 1.650511899992125
474000 204.3846153846154 -1.0 116.82692307692308 0.5849358974358974 135.46153846153845 45.30769230769231 0.0 45.30769230769231 1.6178540999972029
476000 204.3846153846154 -1.0 116.82692307692308 0.5849358974358974 135.46153846153845 45.30769230769231 0.0 45.30769230769231 1.7546219999931054
478000 204.3846153846154 -1.0 116.82692307692308 0.5849358974358974 135.46153846153845 45.30769230769231 0.0 45.30769230769231 1.7416694999992615
480000 215.15384615384616 -1.0 116.26923076923077 0.5737179487179487 135.46153846153845 45.30769230769231 0.0 45.30769230769231 1.6923179000004893
482000 204.3846153846154 -1.0 116.82692307692308 0.5849358974358974 135.46153846153845 45.30769230769231 0.0 45.30769230769231 1.7279916999978013
484000 204.3846153846154 -1.0 116.82692307692308 0.5849358974358974 135.46153846153845 45.30769230769231 0.0 45.30769230769231 1.6773226999939652
486000 208.46153846153845 -0.9585640234012881 116.84615384615384 0.5849358974358974 135.46153846153845 45.30769230769231 0.0 45.30769230769231 1.6828663000051165
488000 206.59615384615384 -0.9800180155366627 116.86538461538461 0.5849358974358974 135.46153846153845 45.30769230769231 0.0 45.30769230769231 1.664958099994692
490000 215.69230769230768 -1.0 117.28846153846153 0.5625 135.46153846153845 45.30769230769231 0.0 45.30769230769231 1.7190424000000348
492000 204.3846153846154 -1.0 116.82692307692308 0.5849358974358974 135.46153846153845 45.30769230769231 0.0 45.30769230769231 1.6705321000044933
494000 204.3846153846154 -1.0 116.82692307692308 0.5849358974358974 135.46153846153845 45.30769230769231 0.0 45.30769230769231 1.6764381999964826
496000 204.3846153846154 -1.0 116.82692307692308 0.5849358974358974 135.46153846153845 45.30769230769231 0.0 45.30769230769231 1.7274367000063648
498000 204.3846153846154 -1.0 116.82692307692308 0.5849358974358974 135.46153846153845 45.30769230769231 0.0 45.30769230769231 1.7656817999959458
500000 211.78846153846155 -0.9359681640515122 116.82692307692308 0.5849358974358974 135.46153846153845 45.30769230769231 0.0 45.30769230769231 1.7170695000095293
