2000 1.1346153846153846 0.0002911604679444765 115.73076923076923 0.0592948717948718 135.8653846153846 45.28846153846154 1.7115384615384615 43.57692307692308 0.8597959999897284
4000 0.9807692307692307 0.00026108403127208726 112.51923076923077 0.12019230769230768 135.8653846153846 45.28846153846154 2.076923076923077 43.21153846153846 1.013203099995735
6000 1.1538461538461537 0.00024388781518848212 112.5576923076923 0.056089743589743585 135.8653846153846 45.28846153846154 2.076923076923077 43.21153846153846 0.930802600007155
8000 1.4038461538461537 0.00028368788447627957 110.01923076923077 0.1282051282051282 135.8653846153846 45.28846153846154 2.076923076923077 43.21153846153846 1.2235357000026852
10000 2.3461538461538463 0.0004867973360619622 106.11538461538461 0.16826923076923073 135.8653846153846 45.28846153846154 1.1153846153846154 44.17307692307692 1.1033917000022484
12000 2.730769230769231 0.0007150066671912547 106.82692307692308 0.18108974358974358 135.8653846153846 45.28846153846154 1.1153846153846154 44.17307692307692 1.1068755999876885
14000 2.9615384615384617 0.0008857180272306071 109.28846153846153 0.11538461538461539 135.8653846153846 45.28846153846154 1.1153846153846154 44.17307692307692 1.1558278000011342
16000 1.5192307692307692 0.0003559387859714405 111.67307692307692 0.15544871794871792 135.8653846153846 45.28846153846154 1.1153846153846154 44.17307692307692 1.1475790999975288
18000 1.5769230769230769 0.0003265508529151847 105.46153846153847 0.22596153846153846 135.8653846153846 45.28846153846154 1.1153846153846154 44.17307692307692 1.3489338999934262
20000 1.7115384615384615 0.00036812496649180423 108.78846153846153 0.16666666666666666 135.8653846153846 45.28846153846154 1.1153846153846154 44.17307692307692 1.2949158999981591
22000 2.1923076923076925 0.0009921120986842416 109.11538461538461 0.16666666666666669 135.8653846153846 45.28846153846154 1.1153846153846154 44.17307692307692 1.2452370999963023
24000 2.1538461538461537 0.0006547029913404471 109.53846153846153 0.17147435897435898 135.8653846153846 45.28846153846154 1.1153846153846154 44.17307692307692 1.3619517000042833
26000 2.230769230769231 0.0008228663495331694 110.82692307692308 0.1266025641025641 135.8653846153846 45.28846153846154 1.1153846153846154 44.17307692307692 1.4264752000017324
28000 1.5769230769230769 0.0003601853819454834 111.25 0.14102564102564102 135.8653846153846 45.28846153846154 1.1153846153846154 44.17307692307692 1.5173909000004642
30000 3.076923076923077 0.00046005080545938684 106.9423076923077 0.16346153846153846 135.8653846153846 45.28846153846154 1.1153846153846154 44.17307692307692 1.6597235999943223
32000 2.6923076923076925 0.0007971638292167542 107.38461538461539 0.18269230769230768 135.8653846153846 45.28846153846154 1.1153846153846154 44.17307692307692 1.5922059000004083
34000 16.115384615384617 0.003632062804246894 93.73076923076923 0.3477564102564103 135.8653846153846 45.28846153846154 1.1153846153846154 44.17307692307692 1.7073680000030436
36000 36.05769230769231 0.004490378639144857 83.8076923076923 0.41506410256410253 135.8653846153846 45.28846153846154 1.1153846153846154 44.17307692307692 1.6159812999976566
38000 21.403846153846153 0.0061544612937005 86.78846153846153 0.40705128205128205 135.8653846153846 45.28846153846154 1.1346153846153846 44.15384615384615 1.6551077000040095
40000 26.865384615384617 0.00729487442855878 86.84615384615384 0.421474358974359 135.8653846153846 45.28846153846154 1.1153846153846154 44.17307692307692 1.7084405000059633
42000 58.84615384615385 0.018415507699681276 79.65384615384616 0.48076923076923084 135.8653846153846 45.28846153846154 1.1153846153846154 44.17307692307692 1.680364699990605
44000 59.59615384615385 0.014772274865664674 79.17307692307692 0.514423076923077 135.8653846153846 45.28846153846154 1.1153846153846154 44.17307692307692 1.6718721999932313
46000 56.78846153846154 0.012211795474828115 80.5576923076923 0.5000000000000001 135.8653846153846 45.28846153846154 1.1923076923076923 44.09615384615385 1.7302094000042416
48000 49.92307692307692 0.009683369800805837 82.5576923076923 0.45993589743589747 135.8653846153846 45.28846153846154 1.1153846153846154 44.17307692307692 1.6267094000068028
50000 68.21153846153847 0.0037103836511640817 78.65384615384616 0.4823717948717948 135.8653846153846 45.28846153846154 1.1153846153846154 44.17307692307692 1.7141430000046967
52000 71.46153846153847 0.004687533855900605 77.5 0.49038461538461536 135.8653846153846 45.28846153846154 1.1153846153846154 44.17307692307692 1.6753402000031201
54000 81.76923076923077 0.007362392815692959 74.34615384615384 0.5256410256410257 135.8653846153846 45.28846153846154 1.1153846153846154 44.17307692307692 1.6878685999981826
56000 81.71153846153847 0.005815378844159279 73.28846153846153 0.5416666666666666 135.8653846153846 45.28846153846154 1.1153846153846154 44.17307692307692 1.6575511999981245
58000 90.71153846153847 0.0076781541896594465 71.67307692307692 0.5689102564102564 135.8653846153846 45.28846153846154 1.1153846153846154 44.17307692307692 1.6093544000032125
60000 92.07692307692308 0.00956923664859006 71.53846153846153 0.5641025641025641 135.8653846153846 45.28846153846154 1.1153846153846154 44.17307692307692 1.6879558000073303
62000 98.21153846153847 0.010336777024657738 70.26923076923077 0.5881410256410257 135.8653846153846 45.28846153846154 1.1153846153846154 44.17307692307692 1.5640901000006124
64000 95.75 0.010450649388512064 70.71153846153847 0.5689102564102563 135.8653846153846 45.28846153846154 1.1153846153846154 44.17307692307692 1.7774918000068283
66000 102.09615384615384 0.010468158938369684 69.5 0.6105769230769231 135.8653846153846 45.28846153846154 1.1153846153846154 44.17307692307692 1.8005971000093268
68000 94.09615384615384 0.008268943643159898 71.32692307692308 0.5945512820512822 135.8653846153846 45.28846153846154 1.1153846153846154 44.17307692307692 1.7561968000081833
70000 98.75 0.01191954079908812 71.57692307692308 0.5833333333333333 135.8653846153846 45.28846153846154 1.1153846153846154 44.17307692307692 1.7185592000023462
72000 290.13461538461536 0.09112933035838479 64.88461538461539 0.6586538461538461 135.8653846153846 45.28846153846154 7.769230769230769 37.51923076923077 1.7403201999986777
74000 290.13461538461536 0.08935154255640607 64.88461538461539 0.6586538461538461 135.8653846153846 45.28846153846154 7.769230769230769 37.51923076923077 1.7053490999969654
76000 290.13461538461536 0.04058530882307191 64.88461538461539 0.6586538461538461 135.8653846153846 45.28846153846154 7.769230769230769 37.51923076923077 1.6187651999935042
78000 290.13461538461536 0.04239769272843774 64.88461538461539 0.6586538461538461 135.8653846153846 45.28846153846154 7.769230769230769 37.51923076923077 1.6252511000056984
80000 297.9807692307692 0.04378075708617684 64.8076923076923 0.6586538461538461 135.8653846153846 45.28846153846154 7.8076923076923075 37.48076923076923 1.638778499996988
82000 550.1153846153846 0.18041440024987215 63.09615384615385 0.6362179487179488 135.8653846153846 45.28846153846154 10.557692307692308 34.73076923076923 1.692038399996818
84000 553.1923076923077 0.18323852930270365 63.09615384615385 0.6362179487179488 135.8653846153846 45.28846153846154 10.596153846153847 34.69230769230769 1.7023680999991484
86000 553.1923076923077 0.18323852930270365 63.09615384615385 0.6362179487179488 135.8653846153846 45.28846153846154 10.596153846153847 34.69230769230769 1.6388051999965683
88000 554.1153846153846 0.17190492140912075 63.05769230769231 0.6362179487179488 135.8653846153846 45.28846153846154 10.596153846153847 34.69230769230769 1.6116641999979038
90000 560.4615384615385 0.15149885918028094 62.96153846153846 0.6362179487179488 135.8653846153846 45.28846153846154 10.653846153846153 34.63461538461539 1.7613918999995803
92000 560.4615384615385 0.15149885918028094 62.96153846153846 0.6362179487179488 135.8653846153846 45.28846153846154 10.653846153846153 34.63461538461539 1.7292754000081914
94000 560.4615384615385 0.15149885918028094 62.96153846153846 0.6362179487179488 135.8653846153846 45.28846153846154 10.653846153846153 34.63461538461539 1.6842819000012241
96000 555.4807692307693 0.1563961875878532 63.03846153846154 0.6362179487179488 135.8653846153846 45.28846153846154 10.615384615384615 34.67307692307692 1.699860599997919
98000 558.6923076923077 0.1501666148267526 62.84615384615385 0.6362179487179488 135.8653846153846 45.28846153846154 10.692307692307692 34.59615384615385 1.7205534000095213
100000 553.0 0.1544107701368529 63.0 0.6362179487179488 135.8653846153846 45.28846153846154 10.615384615384615 34.67307692307692 1.6556076999986544
102000 553.0 0.1544107701368529 63.0 0.6362179487179488 135.8653846153846 45.28846153846154 10.615384615384615 34.67307692307692 1.6569616999913706
104000 626.1153846153846 0.1972076226640118 58.36538461538461 0.7083333333333335 135.8653846153846 45.28846153846154 11.48076923076923 33.80769230769231 1.6712805999995908
106000 626.1153846153846 0.1972076226640118 58.36538461538461 0.7083333333333335 135.8653846153846 45.28846153846154 11.48076923076923 33.80769230769231 1.785524400009308
108000 626.1153846153846 0.1972076226640118 58.36538461538461 0.7083333333333335 135.8653846153846 45.28846153846154 11.48076923076923 33.80769230769231 1.8544544000033056
110000 626.1153846153846 0.1972076226640118 58.36538461538461 0.7083333333333335 135.8653846153846 45.28846153846154 11.48076923076923 33.80769230769231 1.856225199997425
112000 626.1153846153846 0.1972076226640118 58.36538461538461 0.7083333333333335 135.8653846153846 45.28846153846154 11.48076923076923 33.80769230769231 1.6885334999969928
114000 704.6153846153846 0.23110538888698973 61.13461538461539 0.6746794871794873 135.8653846153846 45.28846153846154 12.48076923076923 32.80769230769231 1.7749372999969637
116000 699.5 0.22598763123419868 61.28846153846154 0.6746794871794873 135.8653846153846 45.28846153846154 12.403846153846153 32.88461538461539 1.637847599995439
118000 699.5 0.22598763123419868 61.28846153846154 0.6746794871794873 135.8653846153846 45.28846153846154 12.403846153846153 32.88461538461539 1.6926232999976492
120000 699.5 0.22598763123419868 61.28846153846154 0.6746794871794873 135.8653846153846 45.28846153846154 12.403846153846153 32.88461538461539 1.7456224000052316
122000 699.5 0.22598763123419868 61.28846153846154 0.6746794871794873 135.8653846153846 45.28846153846154 12.403846153846153 32.88461538461539 1.6921600000059698
124000 699.5 0.22598763123419868 61.28846153846154 0.6746794871794873 135.8653846153846 45.28846153846154 12.403846153846153 32.88461538461539 1.640092600006028
126000 699.5 0.22394051468276782 61.28846153846154 0.6746794871794873 135.8653846153846 45.28846153846154 12.403846153846153 32.88461538461539 1.6648477999988245
128000 699.5 0.22598763123419868 61.28846153846154 0.6746794871794873 135.8653846153846 45.28846153846154 12.403846153846153 32.88461538461539 1.6743254000029992
130000 699.5 0.22598763123419868 61.28846153846154 0.6746794871794873 135.8653846153846 45.28846153846154 12.403846153846153 32.88461538461539 1.7251688000105787
132000 699.5 0.22394051468276782 61.28846153846154 0.6746794871794873 135.8653846153846 45.28846153846154 12.403846153846153 32.88461538461539 1.8909247999981744
134000 699.5 0.22598763123419868 61.28846153846154 0.6746794871794873 135.8653846153846 45.28846153846154 12.403846153846153 32.88461538461539 1.7749850999971386
136000 699.5 0.22598763123419868 61.28846153846154 0.6746794871794873 135.8653846153846 45.28846153846154 12.403846153846153 32.88461538461539 1.6800460000085877
138000 699.5 0.22598763123419868 61.28846153846154 0.6746794871794873 135.8653846153846 45.28846153846154 12.403846153846153 32.88461538461539 1.6450264000013703
140000 699.5 0.22394051468276782 61.28846153846154 0.6746794871794873 135.8653846153846 45.28846153846154 12.403846153846153 32.88461538461539 1.7426176000008127
142000 699.5 0.22394051468276782 61.28846153846154 0.6746794871794873 135.8653846153846 45.28846153846154 12.403846153846153 32.88461538461539 1.8437191999983042
144000 699.5 0.22394051468276782 61.28846153846154 0.6746794871794873 135.8653846153846 45.28846153846154 12.403846153846153 32.88461538461539 1.67826280000736
146000 699.5 0.22394051468276782 61.28846153846154 0.6746794871794873 135.8653846153846 45.28846153846154 12.403846153846153 32.88461538461539 1.6970281999965664
148000 699.5 0.22394051468276782 61.28846153846154 0.6746794871794873 135.8653846153846 45.28846153846154 12.403846153846153 32.88461538461539 1.6541498000005959
150000 699.5 0.22394051468276782 61.28846153846154 0.6746794871794873 135.8653846153846 45.28846153846154 12.403846153846153 32.88461538461539 1.7321725999936461
152000 699.5 0.22394051468276782 61.28846153846154 0.6746794871794873 135.8653846153846 45.28846153846154 12.403846153846153 32.88461538461539 1.7155931000015698
154000 699.5 0.22394051468276782 61.28846153846154 0.6746794871794873 135.8653846153846 45.28846153846154 12.403846153846153 32.88461538461539 1.7631227000092622
156000 699.5 0.22598763123419868 61.28846153846154 0.6746794871794873 135.8653846153846 45.28846153846154 12.403846153846153 32.88461538461539 1.6768072999984724
158000 699.5 0.22598763123419868 61.28846153846154 0.6746794871794873 135.8653846153846 45.28846153846154 12.403846153846153 32.88461538461539 1.7347683000116376
160000 699.5 0.22598763123419868 61.28846153846154 0.6746794871794873 135.8653846153846 45.28846153846154 12.403846153846153 32.88461538461539 1.9673754000104964
162000 699.5 0.22394051468276782 61.28846153846154 0.6746794871794873 135.8653846153846 45.28846153846154 12.403846153846153 32.88461538461539 1.8416466000053333
164000 699.5 0.22394051468276782 61.28846153846154 0.6746794871794873 135.8653846153846 45.28846153846154 12.403846153846153 32.88461538461539 1.8210982000018703
166000 699.5 0.22394051468276782 61.28846153846154 0.6746794871794873 135.8653846153846 45.28846153846154 12.403846153846153 32.88461538461539 1.8824552000005497
168000 699.5 0.22394051468276782 61.28846153846154 0.6746794871794873 135.8653846153846 45.28846153846154 12.403846153846153 32.88461538461539 1.8241064000030747
170000 699.5 0.22394051468276782 61.28846153846154 0.6746794871794873 135.8653846153846 45.28846153846154 12.403846153846153 32.88461538461539 1.794403499996406
172000 699.5 0.22394051468276782 61.28846153846154 0.6746794871794873 135.8653846153846 45.28846153846154 12.403846153846153 32.88461538461539 2.0471568000066327
174000 699.5 0.22394051468276782 61.28846153846154 0.6746794871794873 135.8653846153846 45.28846153846154 12.403846153846153 32.88461538461539 1.8632144000002882
176000 699.5 0.22394051468276782 61.28846153846154 0.6746794871794873 135.8653846153846 45.28846153846154 12.403846153846153 32.88461538461539 1.8612292000034358
178000 699.5 0.22394051468276782 61.28846153846154 0.6746794871794873 135.8653846153846 45.28846153846154 12.403846153846153 32.88461538461539 1.8233840000029886
180000 699.5 0.22394051468276782 61.28846153846154 0.6746794871794873 135.8653846153846 45.28846153846154 12.403846153846153 32.88461538461539 1.9214235999970697
182000 699.5 0.22394051468276782 61.28846153846154 0.6746794871794873 135.8653846153846 45.28846153846154 12.403846153846153 32.88461538461539 1.8493410000082804
184000 679.1923076923077 0.2028299317135363 61.71153846153846 0.6634615384615384 135.8653846153846 45.28846153846154 12.576923076923077 32.71153846153846 1.8013849000126356
186000 699.5 0.22598763123419868 61.28846153846154 0.6746794871794873 135.8653846153846 45.28846153846154 12.403846153846153 32.88461538461539 1.9294718000019202
188000 699.5 0.22394051468276782 61.28846153846154 0.6746794871794873 135.8653846153846 45.28846153846154 12.403846153846153 32.88461538461539 1.826761999996961
190000 699.5 0.22394051468276782 61.28846153846154 0.6746794871794873 135.8653846153846 45.28846153846154 12.403846153846153 32.88461538461539 1.9284848000097554
192000 699.5 0.22394051468276782 61.28846153846154 0.6746794871794873 135.8653846153846 45.28846153846154 12.403846153846153 32.88461538461539 1.814638500000001
194000 699.5 0.22394051468276782 61.28846153846154 0.6746794871794873 135.8653846153846 45.28846153846154 12.403846153846153 32.88461538461539 1.8155075000104262
196000 699.5 0.22394051468276782 61.28846153846154 0.6746794871794873 135.8653846153846 45.28846153846154 12.403846153846153 32.88461538461539 1.9166632999986177
198000 699.5 0.22394051468276782 61.28846153846154 0.6746794871794873 135.8653846153846 45.28846153846154 12.403846153846153 32.88461538461539 1.8726172000024235
200000 699.5 0.22394051468276782 61.28846153846154 0.6746794871794873 135.8653846153846 45.28846153846154 12.403846153846153 32.88461538461539 1.90910889999941
202000 699.5 0.22394051468276782 61.28846153846154 0.6746794871794873 135.8653846153846 45.28846153846154 12.403846153846153 32.88461538461539 1.7403046999970684
204000 699.5 0.22394051468276782 61.28846153846154 0.6746794871794873 135.8653846153846 45.28846153846154 12.403846153846153 32.88461538461539 1.8386509999982081
206000 699.5 0.22394051468276782 61.28846153846154 0.6746794871794873 135.8653846153846 45.28846153846154 12.403846153846153 32.88461538461539 1.7165667999943253
208000 699.5 0.22394051468276782 61.28846153846154 0.6746794871794873 135.8653846153846 45.28846153846154 12.403846153846153 32.88461538461539 1.6297324000042863
210000 699.5 0.22394051468276782 61.28846153846154 0.6746794871794873 135.8653846153846 45.28846153846154 12.403846153846153 32.88461538461539 1.775781400006963
212000 699.5 0.22394051468276782 61.28846153846154 0.6746794871794873 135.8653846153846 45.28846153846154 12.403846153846153 32.88461538461539 1.788672900001984
214000 699.5 0.22394051468276782 61.28846153846154 0.6746794871794873 135.8653846153846 45.28846153846154 12.403846153846153 32.88461538461539 1.8174271000025328
216000 699.5 0.22394051468276782 61.28846153846154 0.6746794871794873 135.8653846153846 45.28846153846154 12.403846153846153 32.88461538461539 1.8035167000052752
218000 699.5 0.22394051468276782 61.28846153846154 0.6746794871794873 135.8653846153846 45.28846153846154 12.403846153846153 32.88461538461539 1.7380323999968823
220000 699.5 0.22598763123419868 61.28846153846154 0.6746794871794873 135.8653846153846 45.28846153846154 12.403846153846153 32.88461538461539 1.7165221000032034
222000 699.5 0.22394051468276782 61.28846153846154 0.6746794871794873 135.8653846153846 45.28846153846154 12.403846153846153 32.88461538461539 1.8483915000106208
224000 699.5 0.22394051468276782 61.28846153846154 0.6746794871794873 135.8653846153846 45.28846153846154 12.403846153846153 32.88461538461539 1.768620800008648
226000 699.5 0.22394051468276782 61.28846153846154 0.6746794871794873 135.8653846153846 45.28846153846154 12.403846153846153 32.88461538461539 1.838839600008214
228000 699.5 0.22394051468276782 61.28846153846154 0.6746794871794873 135.8653846153846 45.28846153846154 12.403846153846153 32.88461538461539 1.9130082000046968
230000 699.5 0.22394051468276782 61.28846153846154 0.6746794871794873 135.8653846153846 45.28846153846154 12.403846153846153 32.88461538461539 1.7952613000088604
232000 699.5 0.22394051468276782 61.28846153846154 0.6746794871794873 135.8653846153846 45.28846153846154 12.403846153846153 32.88461538461539 1.7086229999986244
234000 699.5 0.22394051468276782 61.28846153846154 0.6746794871794873 135.8653846153846 45.28846153846154 12.403846153846153 32.88461538461539 1.7615405999968061
236000 699.5 0.22394051468276782 61.28846153846154 0.6746794871794873 135.8653846153846 45.28846153846154 12.403846153846153 32.88461538461539 1.8758271999977296
238000 699.5 0.22394051468276782 61.28846153846154 0.6746794871794873 135.8653846153846 45.28846153846154 12.403846153846153 32.88461538461539 1.8348635000002105
240000 699.5 0.22394051468276782 61.28846153846154 0.6746794871794873 135.8653846153846 45.28846153846154 12.403846153846153 32.88461538461539 1.743104900000617
242000 699.5 0.22394051468276782 61.28846153846154 0.6746794871794873 135.8653846153846 45.28846153846154 12.403846153846153 32.88461538461539 1.8709334000013769
244000 699.5 0.22394051468276782 61.28846153846154 0.6746794871794873 135.8653846153846 45.28846153846154 12.403846153846153 32.88461538461539 1.8066502000001492
246000 699.5 0.22394051468276782 61.28846153846154 0.6746794871794873 135.8653846153846 45.28846153846154 12.403846153846153 32.88461538461539 1.847084699998959
248000 699.5 0.22394051468276782 61.28846153846154 0.6746794871794873 135.8653846153846 45.28846153846154 12.403846153846153 32.88461538461539 1.8196985999966273
250000 699.5 0.22394051468276782 61.28846153846154 0.6746794871794873 135.8653846153846 45.28846153846154 12.403846153846153 32.88461538461539 1.736606100006611
252000 699.5 0.22394051468276782 61.28846153846154 0.6746794871794873 135.8653846153846 45.28846153846154 12.403846153846153 32.88461538461539 1.8293296000047121
254000 699.5 0.22394051468276782 61.28846153846154 0.6746794871794873 135.8653846153846 45.28846153846154 12.403846153846153 32.88461538461539 1.8559038000094006
256000 699.5 0.22394051468276782 61.28846153846154 0.6746794871794873 135.8653846153846 45.28846153846154 12.403846153846153 32.88461538461539 1.707787700011977
258000 699.5 0.22394051468276782 61.28846153846154 0.6746794871794873 135.8653846153846 45.28846153846154 12.403846153846153 32.88461538461539 1.7869629000051646
260000 699.5 0.22394051468276782 61.28846153846154 0.6746794871794873 135.8653846153846 45.28846153846154 12.403846153846153 32.88461538461539 1.878301000004285
262000 699.5 0.22394051468276782 61.28846153846154 0.6746794871794873 135.8653846153846 45.28846153846154 12.403846153846153 32.88461538461539 1.8641095000057248
264000 699.5 0.22394051468276782 61.28846153846154 0.6746794871794873 135.8653846153846 45.28846153846154 12.403846153846153 32.88461538461539 1.7811988000030397
266000 699.5 0.22394051468276782 61.28846153846154 0.6746794871794873 135.8653846153846 45.28846153846154 12.403846153846153 32.88461538461539 1.7340764999971725
268000 699.5 0.22394051468276782 61.28846153846154 0.6746794871794873 135.8653846153846 45.28846153846154 12.403846153846153 32.88461538461539 1.8545363000012003
270000 699.5 0.22394051468276782 61.28846153846154 0.6746794871794873 135.8653846153846 45.28846153846154 12.403846153846153 32.88461538461539 1.8055380000005243
272000 699.5 0.22394051468276782 61.28846153846154 0.6746794871794873 135.8653846153846 45.28846153846154 12.403846153846153 32.88461538461539 1.7983549999917159
274000 699.5 0.22394051468276782 61.28846153846154 0.6746794871794873 135.8653846153846 45.28846153846154 12.403846153846153 32.88461538461539 1.8398581000074046
276000 699.5 0.22394051468276782 61.28846153846154 0.6746794871794873 135.8653846153846 45.28846153846154 12.403846153846153 32.88461538461539 1.7835799000022234
278000 704.6153846153846 0.22905827233555887 61.13461538461539 0.6746794871794873 135.8653846153846 45.28846153846154 12.48076923076923 32.80769230769231 1.77735859999666
280000 704.6153846153846 0.22905827233555887 61.13461538461539 0.6746794871794873 135.8653846153846 45.28846153846154 12.48076923076923 32.80769230769231 1.8351317000051495
282000 704.6153846153846 0.22905827233555887 61.13461538461539 0.6746794871794873 135.8653846153846 45.28846153846154 12.48076923076923 32.80769230769231 1.925745000000461
284000 704.6153846153846 0.22905827233555887 61.13461538461539 0.6746794871794873 135.8653846153846 45.28846153846154 12.48076923076923 32.80769230769231 1.8390194999956293
286000 704.6153846153846 0.22905827233555887 61.13461538461539 0.6746794871794873 135.8653846153846 45.28846153846154 12.48076923076923 32.80769230769231 1.869284999993397
288000 704.6153846153846 0.22905827233555887 61.13461538461539 0.6746794871794873 135.8653846153846 45.28846153846154 12.48076923076923 32.80769230769231 1.8503868999978295
290000 704.6153846153846 0.22905827233555887 61.13461538461539 0.6746794871794873 135.8653846153846 45.28846153846154 12.48076923076923 32.80769230769231 1.7997794999973848
292000 704.6153846153846 0.22905827233555887 61.13461538461539 0.6746794871794873 135.8653846153846 45.28846153846154 12.48076923076923 32.80769230769231 1.841159699994023
294000 704.6153846153846 0.22905827233555887 61.13461538461539 0.6746794871794873 135.8653846153846 45.28846153846154 12.48076923076923 32.80769230769231 1.7932463999895845
296000 699.5 0.22394051468276782 61.28846153846154 0.6746794871794873 135.8653846153846 45.28846153846154 12.403846153846153 32.88461538461539 1.8253013999928953
298000 699.5 0.22394051468276782 61.28846153846154 0.6746794871794873 135.8653846153846 45.28846153846154 12.403846153846153 32.88461538461539 1.7738772000011522
300000 699.5 0.22394051468276782 61.28846153846154 0.6746794871794873 135.8653846153846 45.28846153846154 12.403846153846153 32.88461538461539 1.8788585000002058
302000 699.5 0.22394051468276782 61.28846153846154 0.6746794871794873 135.8653846153846 45.28846153846154 12.403846153846153 32.88461538461539 1.812645900005009
304000 699.5 0.22394051468276782 61.28846153846154 0.6746794871794873 135.8653846153846 45.28846153846154 12.403846153846153 32.88461538461539 1.760742400001618
306000 699.5 0.22394051468276782 61.28846153846154 0.6746794871794873 135.8653846153846 45.28846153846154 12.403846153846153 32.88461538461539 1.7497848000057274
308000 699.5 0.22598763123419868 61.28846153846154 0.6746794871794873 135.8653846153846 45.28846153846154 12.403846153846153 32.88461538461539 1.8971660999959568
310000 699.5 0.22598763123419868 61.28846153846154 0.6746794871794873 135.8653846153846 45.28846153846154 12.403846153846153 32.88461538461539 1.8674586999986786
312000 699.5 0.22598763123419868 61.28846153846154 0.6746794871794873 135.8653846153846 45.28846153846154 12.403846153846153 32.88461538461539 1.7547016000025906
314000 699.5 0.22598763123419868 61.28846153846154 0.6746794871794873 135.8653846153846 45.28846153846154 12.403846153846153 32.88461538461539 1.912723300003563
316000 699.5 0.22598763123419868 61.28846153846154 0.6746794871794873 135.8653846153846 45.28846153846154 12.403846153846153 32.88461538461539 1.9583172999991802
318000 699.5 0.22324851276882413 61.28846153846154 0.6746794871794873 135.8653846153846 45.28846153846154 12.403846153846153 32.88461538461539 1.7779079000029014
320000 699.5 0.223953748112161 61.28846153846154 0.6746794871794873 135.8653846153846 45.28846153846154 12.403846153846153 32.88461538461539 1.8086286000034306
322000 699.5 0.2235501438060662 61.28846153846154 0.6746794871794873 135.8653846153846 45.28846153846154 12.403846153846153 32.88461538461539 1.7783221999998204
324000 699.5 0.22394051468276782 61.28846153846154 0.6746794871794873 135.8653846153846 45.28846153846154 12.403846153846153 32.88461538461539 1.7949597000115318
326000 699.5 0.22403517454199645 61.28846153846154 0.6746794871794873 135.8653846153846 45.28846153846154 12.403846153846153 32.88461538461539 1.799112900000182
328000 699.5 0.22403517454199645 61.28846153846154 0.6746794871794873 135.8653846153846 45.28846153846154 12.403846153846153 32.88461538461539 1.7826863000082085
330000 699.5 0.2249778639201822 61.28846153846154 0.6746794871794873 135.8653846153846 45.28846153846154 12.403846153846153 32.88461538461539 1.9212006000016117
332000 699.5 0.22324851276882413 61.28846153846154 0.6746794871794873 135.8653846153846 45.28846153846154 12.403846153846153 32.88461538461539 1.7583993000007467
334000 699.5 0.22324851276882413 61.28846153846154 0.6746794871794873 135.8653846153846 45.28846153846154 12.403846153846153 32.88461538461539 1.7925103000015952
336000 699.5 0.2236521170749189 61.28846153846154 0.6746794871794873 135.8653846153846 45.28846153846154 12.403846153846153 32.88461538461539 1.7751480000006268
338000 699.5 0.2249778639201822 61.28846153846154 0.6746794871794873 135.8653846153846 45.28846153846154 12.403846153846153 32.88461538461539 1.8090802999940934
340000 699.5 0.22324851276882413 61.28846153846154 0.6746794871794873 135.8653846153846 45.28846153846154 12.403846153846153 32.88461538461539 1.8664362999988953
342000 699.5 0.2236521170749189 61.28846153846154 0.6746794871794873 135.8653846153846 45.28846153846154 12.403846153846153 32.88461538461539 1.7599648000032175
344000 699.5 0.22324851276882413 61.28846153846154 0.6746794871794873 135.8653846153846 45.28846153846154 12.403846153846153 32.88461538461539 1.8510569999925792
346000 699.5 0.22394051468276782 61.28846153846154 0.6746794871794873 135.8653846153846 45.28846153846154 12.403846153846153 32.88461538461539 1.7568893999996362
348000 699.5 0.22324851276882413 61.28846153846154 0.6746794871794873 135.8653846153846 45.28846153846154 12.403846153846153 32.88461538461539 1.7777553999912925
350000 699.5 0.22394051468276782 61.28846153846154 0.6746794871794873 135.8653846153846 45.28846153846154 12.403846153846153 32.88461538461539 1.8683798999991268
352000 699.5 0.22394051468276782 61.28846153846154 0.6746794871794873 135.8653846153846 45.28846153846154 12.403846153846153 32.88461538461539 1.7504689999914262
354000 699.5 0.22394051468276782 61.28846153846154 0.6746794871794873 135.8653846153846 45.28846153846154 12.403846153846153 32.88461538461539 1.812581299993326
356000 699.5 0.22394051468276782 61.28846153846154 0.6746794871794873 135.8653846153846 45.28846153846154 12.403846153846153 32.88461538461539 1.800895499996841
358000 699.5 0.22394051468276782 61.28846153846154 0.6746794871794873 135.8653846153846 45.28846153846154 12.403846153846153 32.88461538461539 2.0159768000012264
360000 699.5 0.22394051468276782 61.28846153846154 0.6746794871794873 135.8653846153846 45.28846153846154 12.403846153846153 32.88461538461539 1.8396500999951968
362000 699.5 0.22394051468276782 61.28846153846154 0.6746794871794873 135.8653846153846 45.28846153846154 12.403846153846153 32.88461538461539 1.7772226000088267
364000 699.5 0.22394051468276782 61.28846153846154 0.6746794871794873 135.8653846153846 45.28846153846154 12.403846153846153 32.88461538461539 1.748673099995358
366000 699.5 0.22394051468276782 61.28846153846154 0.6746794871794873 135.8653846153846 45.28846153846154 12.403846153846153 32.88461538461539 1.858219999994617
368000 699.5 0.22394051468276782 61.28846153846154 0.6746794871794873 135.8653846153846 45.28846153846154 12.403846153846153 32.88461538461539 1.8860515000123996
370000 699.5 0.22394051468276782 61.28846153846154 0.6746794871794873 135.8653846153846 45.28846153846154 12.403846153846153 32.88461538461539 1.7678676999930758
372000 699.5 0.22394051468276782 61.28846153846154 0.6746794871794873 135.8653846153846 45.28846153846154 12.403846153846153 32.88461538461539 1.8422698000067612
374000 699.5 0.22394051468276782 61.28846153846154 0.6746794871794873 135.8653846153846 45.28846153846154 12.403846153846153 32.88461538461539 1.743305900003179
376000 699.5 0.22394051468276782 61.28846153846154 0.6746794871794873 135.8653846153846 45.28846153846154 12.403846153846153 32.88461538461539 1.8921862999995938
378000 699.5 0.22394051468276782 61.28846153846154 0.6746794871794873 135.8653846153846 45.28846153846154 12.403846153846153 32.88461538461539 1.7885880999965593
380000 699.5 0.22394051468276782 61.28846153846154 0.6746794871794873 135.8653846153846 45.28846153846154 12.403846153846153 32.88461538461539 1.758894099999452
382000 699.5 0.22394051468276782 61.28846153846154 0.6746794871794873 135.8653846153846 45.28846153846154 12.403846153846153 32.88461538461539 1.7045612999936566
384000 699.5 0.22394051468276782 61.28846153846154 0.6746794871794873 135.8653846153846 45.28846153846154 12.403846153846153 32.88461538461539 1.743335000006482
386000 699.5 0.22394051468276782 61.28846153846154 0.6746794871794873 135.8653846153846 45.28846153846154 12.403846153846153 32.88461538461539 1.806809500005329
388000 699.5 0.22394051468276782 61.28846153846154 0.6746794871794873 135.8653846153846 45.28846153846154 12.403846153846153 32.88461538461539 1.968245999989449
390000 699.5 0.22394051468276782 61.28846153846154 0.6746794871794873 135.8653846153846 45.28846153846154 12.403846153846153 32.88461538461539 1.9360729000036372
392000 699.5 0.22394051468276782 61.28846153846154 0.6746794871794873 135.8653846153846 45.28846153846154 12.403846153846153 32.88461538461539 1.8519487000012305
394000 699.5 0.22394051468276782 61.28846153846154 0.6746794871794873 135.8653846153846 45.28846153846154 12.403846153846153 32.88461538461539 2.0445938000048045
396000 704.6153846153846 0.22905827233555887 61.13461538461539 0.6746794871794873 135.8653846153846 45.28846153846154 12.48076923076923 32.80769230769231 1.8848616999894148
398000 704.6153846153846 0.22905827233555887 61.13461538461539 0.6746794871794873 135.8653846153846 45.28846153846154 12.48076923076923 32.80769230769231 1.787289999992936
400000 699.5 0.22394051468276782 61.28846153846154 0.6746794871794873 135.8653846153846 45.28846153846154 12.403846153846153 32.88461538461539 1.8799345000006724
402000 699.5 0.22394051468276782 61.28846153846154 0.6746794871794873 135.8653846153846 45.28846153846154 12.403846153846153 32.88461538461539 1.8126726999907987
404000 699.5 0.22394051468276782 61.28846153846154 0.6746794871794873 135.8653846153846 45.28846153846154 12.403846153846153 32.88461538461539 1.7823421000066446
406000 699.5 0.22394051468276782 61.28846153846154 0.6746794871794873 135.8653846153846 45.28846153846154 12.403846153846153 32.88461538461539 1.8152936000115005
408000 704.6153846153846 0.22905827233555887 61.13461538461539 0.6746794871794873 135.8653846153846 45.28846153846154 12.48076923076923 32.80769230769231 1.7862936000019545
410000 704.6153846153846 0.22905827233555887 61.13461538461539 0.6746794871794873 135.8653846153846 45.28846153846154 12.48076923076923 32.80769230769231 1.809054199999082
412000 699.5 0.22394051468276782 61.28846153846154 0.6746794871794873 135.8653846153846 45.28846153846154 12.403846153846153 32.88461538461539 1.7865902000048663
414000 699.5 0.22394051468276782 61.28846153846154 0.6746794871794873 135.8653846153846 45.28846153846154 12.403846153846153 32.88461538461539 1.878514099997119
416000 699.5 0.22394051468276782 61.28846153846154 0.6746794871794873 135.8653846153846 45.28846153846154 12.403846153846153 32.88461538461539 1.822847899995395
418000 699.5 0.22394051468276782 61.28846153846154 0.6746794871794873 135.8653846153846 45.28846153846154 12.403846153846153 32.88461538461539 1.7431258000142407
420000 699.5 0.22394051468276782 61.28846153846154 0.6746794871794873 135.8653846153846 45.28846153846154 12.403846153846153 32.88461538461539 1.8845135000010487
422000 699.5 0.22394051468276782 61.28846153846154 0.6746794871794873 135.8653846153846 45.28846153846154 12.403846153846153 32.88461538461539 1.74112089999835
424000 699.5 0.22394051468276782 61.28846153846154 0.6746794871794873 135.8653846153846 45.28846153846154 12.403846153846153 32.88461538461539 1.8754155000060564
426000 699.5 0.22394051468276782 61.28846153846154 0.6746794871794873 135.8653846153846 45.28846153846154 12.403846153846153 32.88461538461539 1.88962210000318
428000 699.5 0.22394051468276782 61.28846153846154 0.6746794871794873 135.8653846153846 45.28846153846154 12.403846153846153 32.88461538461539 1.7932516999862855
430000 699.5 0.22394051468276782 61.28846153846154 0.6746794871794873 135.8653846153846 45.28846153846154 12.403846153846153 32.88461538461539 2.000972699999693
432000 699.5 0.22394051468276782 61.28846153846154 0.6746794871794873 135.8653846153846 45.28846153846154 12.403846153846153 32.88461538461539 1.87233150000975
434000 699.5 0.22394051468276782 61.28846153846154 0.6746794871794873 135.8653846153846 45.28846153846154 12.403846153846153 32.88461538461539 1.782629100009217
436000 699.5 0.22394051468276782 61.28846153846154 0.6746794871794873 135.8653846153846 45.28846153846154 12.403846153846153 32.88461538461539 1.8643951000121888
438000 699.5 0.22394051468276782 61.28846153846154 0.6746794871794873 135.8653846153846 45.28846153846154 12.403846153846153 32.88461538461539 1.8222553000086918
440000 699.5 0.22394051468276782 61.28846153846154 0.6746794871794873 135.8653846153846 45.28846153846154 12.403846153846153 32.88461538461539 1.902619100001175
442000 699.5 0.22394051468276782 61.28846153846154 0.6746794871794873 135.8653846153846 45.28846153846154 12.403846153846153 32.88461538461539 1.8023092000075849
444000 699.5 0.22394051468276782 61.28846153846154 0.6746794871794873 135.8653846153846 45.28846153846154 12.403846153846153 32.88461538461539 1.7808448999858228
446000 699.5 0.22394051468276782 61.28846153846154 0.6746794871794873 135.8653846153846 45.28846153846154 12.403846153846153 32.88461538461539 1.8002785999997286
448000 699.5 0.22394051468276782 61.28846153846154 0.6746794871794873 135.8653846153846 45.28846153846154 12.403846153846153 32.88461538461539 1.767374100003508
450000 699.5 0.22394051468276782 61.28846153846154 0.6746794871794873 135.8653846153846 45.28846153846154 12.403846153846153 32.88461538461539 1.8486619000032078
452000 699.5 0.22394051468276782 61.28846153846154 0.6746794871794873 135.8653846153846 45.28846153846154 12.403846153846153 32.88461538461539 1.7803965999919455
454000 699.5 0.22394051468276782 61.28846153846154 0.6746794871794873 135.8653846153846 45.28846153846154 12.403846153846153 32.88461538461539 1.8412668000091799
456000 699.5 0.22394051468276782 61.28846153846154 0.6746794871794873 135.8653846153846 45.28846153846154 12.403846153846153 32.88461538461539 1.7732151999953203
458000 699.5 0.22394051468276782 61.28846153846154 0.6746794871794873 135.8653846153846 45.28846153846154 12.403846153846153 32.88461538461539 1.7895370000042021
460000 699.5 0.22394051468276782 61.28846153846154 0.6746794871794873 135.8653846153846 45.28846153846154 12.403846153846153 32.88461538461539 1.7834588999976404
462000 699.5 0.22394051468276782 61.28846153846154 0.6746794871794873 135.8653846153846 45.28846153846154 12.403846153846153 32.88461538461539 1.7993758999946294
464000 704.6153846153846 0.22905827233555887 61.13461538461539 0.6746794871794873 135.8653846153846 45.28846153846154 12.48076923076923 32.80769230769231 1.7126103000045987
466000 704.6153846153846 0.22905827233555887 61.13461538461539 0.6746794871794873 135.8653846153846 45.28846153846154 12.48076923076923 32.80769230769231 1.7578383999934886
468000 704.6153846153846 0.22905827233555887 61.13461538461539 0.6746794871794873 135.8653846153846 45.28846153846154 12.48076923076923 32.80769230769231 1.793573099988862
470000 704.6153846153846 0.22905827233555887 61.13461538461539 0.6746794871794873 135.8653846153846 45.28846153846154 12.48076923076923 32.80769230769231 1.934700600002543
472000 704.6153846153846 0.22905827233555887 61.13461538461539 0.6746794871794873 135.8653846153846 45.28846153846154 12.48076923076923 32.80769230769231 1.816930400003912
474000 704.6153846153846 0.22905827233555887 61.13461538461539 0.6746794871794873 135.8653846153846 45.28846153846154 12.48076923076923 32.80769230769231 1.8760927000112133
476000 704.6153846153846 0.22905827233555887 61.13461538461539 0.6746794871794873 135.8653846153846 45.28846153846154 12.48076923076923 32.80769230769231 1.7772326999984216
478000 704.6153846153846 0.22905827233555887 61.13461538461539 0.6746794871794873 135.8653846153846 45.28846153846154 12.48076923076923 32.80769230769231 1.8100351999892155
480000 704.6153846153846 0.22905827233555887 61.13461538461539 0.6746794871794873 135.8653846153846 45.28846153846154 12.48076923076923 32.80769230769231 1.6477176999906078
482000 704.6153846153846 0.22905827233555887 61.13461538461539 0.6746794871794873 135.8653846153846 45.28846153846154 12.48076923076923 32.80769230769231 1.7373803000082262
484000 704.6153846153846 0.22905827233555887 61.13461538461539 0.6746794871794873 135.8653846153846 45.28846153846154 12.48076923076923 32.80769230769231 1.602728100013337
486000 704.6153846153846 0.22905827233555887 61.13461538461539 0.6746794871794873 135.8653846153846 45.28846153846154 12.48076923076923 32.80769230769231 1.7879414000053657
488000 704.6153846153846 0.22905827233555887 61.13461538461539 0.6746794871794873 135.8653846153846 45.28846153846154 12.48076923076923 32.80769230769231 1.3810642000025837
490000 704.6153846153846 0.22905827233555887 61.13461538461539 0.6746794871794873 135.8653846153846 45.28846153846154 12.48076923076923 32.80769230769231 1.5057764000084717
492000 704.6153846153846 0.22905827233555887 61.13461538461539 0.6746794871794873 135.8653846153846 45.28846153846154 12.48076923076923 32.80769230769231 1.023757699993439
494000 704.6153846153846 0.22905827233555887 61.13461538461539 0.6746794871794873 135.8653846153846 45.28846153846154 12.48076923076923 32.80769230769231 1.0178998000046704
496000 704.6153846153846 0.22905827233555887 61.13461538461539 0.6746794871794873 135.8653846153846 45.28846153846154 12.48076923076923 32.80769230769231 1.0208778999949573
498000 704.6153846153846 0.22905827233555887 61.13461538461539 0.6746794871794873 135.8653846153846 45.28846153846154 12.48076923076923 32.80769230769231 0.9981968999927631
500000 704.6153846153846 0.22905827233555887 61.13461538461539 0.6746794871794873 135.8653846153846 45.28846153846154 12.48076923076923 32.80769230769231 0.9964949999994133
