2000 0.1346153846153846 -1.0 39.536674653846156 0.020833333333333332 45.286538461538456 45.30769230769231 0.0 45.30769230769231 2.4827617001719773
4000 0.09615384615384616 -0.9807668975947491 39.11462107692307 0.035256410256410256 45.286538461538456 45.30769230769231 0.0 45.30769230769231 2.296313199913129
6000 0.15384615384615385 -0.5384456206794316 38.1461458076923 0.0737179487179487 45.286538461538456 45.30769230769231 0.0 45.30769230769231 3.4639564000535756
8000 0.15384615384615385 -0.32689050315597373 36.765081249999994 0.14743589743589744 45.286538461538456 45.30769230769231 0.0 45.30769230769231 3.5383819001726806
10000 0.17307692307692307 -1.0 38.16019007692307 0.06570512820512821 45.286538461538456 45.30769230769231 0.0 45.30769230769231 2.967594400048256
12000 0.15384615384615385 -1.0 38.687209307692314 0.04967948717948718 45.286538461538456 45.30769230769231 0.0 45.30769230769231 2.0312445000745356
14000 0.21153846153846154 -0.30765790600032833 36.3803285 0.15705128205128205 45.286538461538456 45.30769230769231 0.0 45.30769230769231 3.763506499817595
16000 0.34615384615384615 -0.9230739266247299 34.403309269230775 0.30288461538461536 45.286538461538456 45.30769230769231 0.019230769230769232 45.28846153846154 2.747257800074294
18000 0.36538461538461536 7.064733321170082e-05 34.54042465384616 0.22596153846153844 45.286538461538456 45.30769230769231 0.019230769230769232 45.28846153846154 3.932746300008148
20000 0.28846153846153844 -0.7499949463646725 36.4215785 0.18429487179487178 45.286538461538456 45.30769230769231 0.0 45.30769230769231 3.3547622999176383
22000 0.3269230769230769 -0.4614802317657594 37.09379003846155 0.15705128205128208 45.286538461538456 45.30769230769231 0.0 45.30769230769231 3.3121034000068903
24000 0.2692307692307692 -0.422995385302062 36.71494388461538 0.17307692307692307 45.286538461538456 45.30769230769231 0.0 45.30769230769231 3.437979100039229
26000 0.19230769230769232 -0.30762470586060925 36.76254003846154 0.125 45.286538461538456 45.30769230769231 0.019230769230769232 45.28846153846154 3.7088963999412954
28000 0.15384615384615385 -0.8461485954436431 38.10302080769231 0.0737179487179487 45.286538461538456 45.30769230769231 0.0 45.30769230769231 2.7631411000620574
30000 0.25 -0.8461327123187308 35.92104965384616 0.17467948717948717 45.286538461538456 45.30769230769231 0.019230769230769232 45.28846153846154 2.7923766998574138
32000 0.7115384615384616 -0.40372126065998876 32.70725157692307 0.296474358974359 45.286538461538456 45.30769230769231 0.019230769230769232 45.28846153846154 3.392057200195268
34000 0.7115384615384616 0.00023197304589288686 31.774559269230775 0.3733974358974359 45.286538461538456 45.30769230769231 0.019230769230769232 45.28846153846154 3.9842793999705464
36000 0.28846153846153844 0.00010647640889808408 34.85917465384615 0.21474358974358973 45.286538461538456 45.30769230769231 0.019230769230769232 45.28846153846154 3.8220027999486774
38000 0.2692307692307692 0.0001401050262237565 35.84619388461538 0.17147435897435898 45.286538461538456 45.30769230769231 0.019230769230769232 45.28846153846154 3.626597800059244
40000 0.38461538461538464 -0.09607833593798952 36.02119388461539 0.20833333333333331 45.286538461538456 45.30769230769231 0.0 45.30769230769231 4.0331779001280665
42000 0.25 0.00012661466400097288 36.85484773076924 0.16506410256410253 45.286538461538456 45.30769230769231 0.0 45.30769230769231 4.074257900007069
44000 0.5961538461538461 0.0003322947591525922 36.234655423076916 0.1778846153846154 45.286538461538456 45.30769230769231 0.0 45.30769230769231 3.94863160001114
46000 0.38461538461538464 -0.36529612542201134 36.34873682692309 0.14262820512820512 45.286538461538456 45.30769230769231 0.019230769230769232 45.28846153846154 3.7837055001873523
48000 0.36538461538461536 -0.48067653337263166 36.4292816923077 0.15224358974358976 45.286538461538456 45.30769230769231 0.0 45.30769230769231 3.532933000009507
50000 0.21153846153846154 9.865631664319131e-05 37.356674653846156 0.09455128205128206 45.286538461538456 45.30769230769231 0.0 45.30769230769231 4.147230099886656
52000 0.2692307692307692 -0.019177279473097254 36.79186696153846 0.1330128205128205 45.286538461538456 45.30769230769231 0.019230769230769232 45.28846153846154 3.6935741000343114
54000 0.21153846153846154 -0.07686777773341544 36.44394799999999 0.1490384615384615 45.286538461538456 45.30769230769231 0.019230769230769232 45.28846153846154 3.725183099973947
56000 0.23076923076923078 -0.6922921246629211 37.272794153846164 0.10256410256410257 45.286538461538456 45.30769230769231 0.0 45.30769230769231 3.1944590001367033
58000 0.3269230769230769 0.00011003304540553516 36.073501576923086 0.1394230769230769 45.286538461538456 45.30769230769231 0.0 45.30769230769231 3.9723475000355393
60000 0.46153846153846156 0.00015413831844057454 36.40715542307694 0.16506410256410253 45.286538461538456 45.30769230769231 0.0 45.30769230769231 3.875114600174129
62000 0.23076923076923078 7.646447113611897e-05 36.93311696153847 0.12499999999999999 45.286538461538456 45.30769230769231 0.0 45.30769230769231 3.844368699938059
64000 0.3076923076923077 0.00013107981585313707 36.73519800000001 0.15705128205128205 45.286538461538456 45.30769230769231 0.0 45.30769230769231 4.056995999999344
66000 0.11538461538461539 -1.0 37.43312861538463 0.09935897435897437 45.286538461538456 45.30769230769231 0.0 45.30769230769231 3.016806700034067
68000 0.17307692307692307 -0.49998949276307847 37.555967230769234 0.12499999999999999 45.286538461538456 45.30769230769231 0.0 45.30769230769231 3.69514529989101
70000 0.15384615384615385 -0.15380803954891897 36.777828500000005 0.1362179487179487 45.286538461538456 45.30769230769231 0.0 45.30769230769231 4.141681500012055
72000 0.2692307692307692 -0.1152136218151398 36.466722730769234 0.14262820512820512 45.286538461538456 45.30769230769231 0.0 45.30769230769231 3.940411400049925
74000 0.25 7.832222115457659e-05 35.85859773076923 0.1362179487179487 45.286538461538456 45.30769230769231 0.0 45.30769230769231 4.148083799984306
76000 0.2692307692307692 8.40554093480878e-05 35.90667465384616 0.16185897435897434 45.286538461538456 45.30769230769231 0.0 45.30769230769231 3.806230700109154
78000 0.23076923076923078 6.31292829193386e-05 35.52254003846154 0.20833333333333331 45.286538461538456 45.30769230769231 0.0 45.30769230769231 3.788436000002548
80000 0.19230769230769232 5.645829829545283e-05 35.880232346153846 0.20993589743589738 45.286538461538456 45.30769230769231 0.0 45.30769230769231 3.582860699854791
82000 0.4230769230769231 0.00012179096975939759 35.13540061538462 0.25480769230769235 45.286538461538456 45.30769230769231 0.0 45.30769230769231 3.7415338000282645
84000 0.21153846153846154 -0.1345119075266237 35.78359773076923 0.23717948717948717 45.286538461538456 45.30769230769231 0.0 45.30769230769231 4.050027099903673
86000 0.21153846153846154 -0.48073387742735196 37.14369388461539 0.15705128205128205 45.286538461538456 45.30769230769231 0.0 45.30769230769231 3.822827200172469
88000 0.23076923076923078 -0.557669166683736 36.49780851923077 0.16666666666666666 45.286538461538456 45.30769230769231 0.0 45.30769230769231 4.0884459998924285
90000 0.23076923076923078 -0.7307549263256577 37.91364580769231 0.08653846153846154 45.286538461538456 45.30769230769231 0.0 45.30769230769231 3.2674102999735624
92000 0.3076923076923077 -0.7115105532784131 36.76677080769231 0.16666666666666666 45.286538461538456 45.30769230769231 0.0 45.30769230769231 3.518881299998611
94000 0.6730769230769231 -0.03833016667527593 35.68359773076923 0.2419871794871795 45.286538461538456 45.30769230769231 0.0 45.30769230769231 4.006501300027594
96000 0.8076923076923077 0.0005211751992919504 34.931805153846156 0.2612179487179487 45.286538461538456 45.30769230769231 0.0 45.30769230769231 3.8330174000002444
98000 0.46153846153846156 -0.019007300188421353 35.31484773076923 0.24358974358974358 45.286538461538456 45.30769230769231 0.0 45.30769230769231 3.822550800163299
100000 0.4230769230769231 0.00014197630535137695 35.254401307692305 0.17628205128205124 45.286538461538456 45.30769230769231 0.0 45.30769230769231 3.812501899898052
102000 0.9423076923076923 -0.1342620938982486 33.961425250000005 0.2868589743589744 45.286538461538456 45.30769230769231 0.0 45.30769230769231 4.185866800136864
104000 0.4230769230769231 -0.44223287277672657 35.34244388461539 0.27724358974358976 45.286538461538456 45.30769230769231 0.019230769230769232 45.28846153846154 4.23216769983992
106000 0.5 0.000150000480449067 35.066866961538466 0.24358974358974358 45.286538461538456 45.30769230769231 0.0 45.30769230769231 3.9100114998873323
108000 0.46153846153846156 0.00015396253251338208 35.32447684615385 0.2676282051282052 45.286538461538456 45.30769230769231 0.0 45.30769230769231 3.7643364001996815
110000 0.4423076923076923 -0.05752984167381287 35.59611146153846 0.27403846153846156 45.286538461538456 45.30769230769231 0.0 45.30769230769231 3.763059299904853
112000 0.8461538461538461 -0.03818426752196779 34.6307611923077 0.2980769230769231 45.286538461538456 45.30769230769231 0.0 45.30769230769231 3.785385999828577
114000 0.3269230769230769 -0.038271636630684454 36.31157850000001 0.22275641025641024 45.286538461538456 45.30769230769231 0.0 45.30769230769231 3.8866680001374334
116000 0.3269230769230769 -0.019060796382749896 35.83023234615385 0.22435897435897434 45.286538461538456 45.30769230769231 0.0 45.30769230769231 3.8492356999777257
118000 0.2692307692307692 -0.1921947146035991 35.99330926923077 0.23397435897435898 45.286538461538456 45.30769230769231 0.0 45.30769230769231 3.584820199990645
120000 0.19230769230769232 -0.28841595274777815 36.152924653846156 0.2612179487179487 45.286538461538456 45.30769230769231 0.0 45.30769230769231 3.8519318997859955
122000 0.19230769230769232 -0.40382984080157847 36.38561696153847 0.2003205128205128 45.286538461538456 45.30769230769231 0.0 45.30769230769231 3.8652268000878394
124000 0.5192307692307693 0.0002001366883465881 35.257732346153844 0.25801282051282054 45.286538461538456 45.30769230769231 0.0 45.30769230769231 3.9207369999494404
126000 0.17307692307692307 -0.3845757031566501 36.37888619230771 0.1490384615384615 45.286538461538456 45.30769230769231 0.0 45.30769230769231 4.005846800049767
128000 0.5961538461538461 0.00032830371358419006 35.44667465384615 0.21474358974358973 45.286538461538456 45.30769230769231 0.0 45.30769230769231 3.888855200028047
130000 0.15384615384615385 4.4233934087260667e-05 35.69571311538461 0.20032051282051283 45.286538461538456 45.30769230769231 0.0 45.30769230769231 3.862007300136611
132000 0.5769230769230769 0.0003227528438209808 35.84869388461539 0.21955128205128205 45.286538461538456 45.30769230769231 0.0 45.30769230769231 4.184798300033435
134000 0.46153846153846156 -0.018866489774605574 35.74774832692308 0.2003205128205128 45.286538461538456 45.30769230769231 0.0 45.30769230769231 3.6646024000365287
136000 0.3076923076923077 -0.24976621592145581 36.38754003846155 0.1875 45.286538461538456 45.30769230769231 0.0 45.30769230769231 3.5327513001393527
138000 0.15384615384615385 -0.17300856672364298 36.97936696153845 0.17467948717948717 45.286538461538456 45.30769230769231 0.0 45.30769230769231 3.7091018001083285
140000 0.4230769230769231 0.00016873580427308757 36.15677080769231 0.2259615384615385 45.286538461538456 45.30769230769231 0.0 45.30769230769231 3.8738378998823464
142000 0.28846153846153844 -0.21122608958347733 36.276482346153855 0.2099358974358974 45.286538461538456 45.30769230769231 0.0 45.30769230769231 3.3461861999239773
144000 0.17307692307692307 -0.09605967336823008 36.07994388461539 0.21955128205128205 45.286538461538456 45.30769230769231 0.0 45.30769230769231 3.8602489000186324
146000 0.28846153846153844 -0.07679755187460743 35.36984773076924 0.27083333333333337 45.286538461538456 45.30769230769231 0.0 45.30769230769231 3.6790359001606703
148000 0.15384615384615385 0.00010063809897611755 35.755328500000005 0.23557692307692307 45.286538461538456 45.30769230769231 0.0 45.30769230769231 3.6969518999103457
150000 0.36538461538461536 -0.15375277836125004 34.714559269230776 0.264423076923077 45.286538461538456 45.30769230769231 0.0 45.30769230769231 4.091270999982953
152000 0.1346153846153846 -0.7114839046254088 37.33042465384616 0.1362179487179487 45.286538461538456 45.30769230769231 0.0 45.30769230769231 3.3027047000359744
154000 0.09615384615384616 -0.9807689316541499 38.40942876923077 0.0737179487179487 45.286538461538456 45.30769230769231 0.0 45.30769230769231 2.178847400005907
156000 0.28846153846153844 0.00017764564452183086 35.426482346153854 0.26282051282051283 45.286538461538456 45.30769230769231 0.0 45.30769230769231 3.786193999927491
158000 0.34615384615384615 0.00013835906122532267 34.61869388461539 0.27243589743589747 45.286538461538456 45.30769230769231 0.0 45.30769230769231 4.032127199927345
160000 0.3269230769230769 9.087119788314316e-05 34.41869388461539 0.2644230769230769 45.286538461538456 45.30769230769231 0.0 45.30769230769231 3.561021100031212
162000 0.38461538461538464 0.00013895918744089104 34.551386192307696 0.25480769230769235 45.286538461538456 45.30769230769231 0.0 45.30769230769231 4.313694800017402
164000 0.4230769230769231 8.254409045998197e-05 34.762924653846156 0.2612179487179487 45.286538461538456 45.30769230769231 0.0 45.30769230769231 3.926612100098282
166000 0.4230769230769231 8.983700366907607e-05 34.605232346153855 0.2195512820512821 45.286538461538456 45.30769230769231 0.0 45.30769230769231 4.037463400047272
168000 0.2692307692307692 9.198597046130528e-05 34.497540038461544 0.2355769230769231 45.286538461538456 45.30769230769231 0.0 45.30769230769231 4.074900799896568
170000 1.0192307692307692 -0.32670560852239927 34.13577273076923 0.25801282051282054 45.286538461538456 45.30769230769231 0.0 45.30769230769231 3.935223799897358
172000 0.36538461538461536 7.88982620263892e-05 34.81100157692308 0.2371794871794872 45.286538461538456 45.30769230769231 0.0 45.30769230769231 4.166969300014898
174000 0.5384615384615384 0.00020207537641994997 34.413199653846156 0.22435897435897442 45.286538461538456 45.30769230769231 0.0 45.30769230769231 3.8189137999434024
176000 1.9423076923076923 -0.5766130540379216 33.64479773076923 0.2980769230769231 45.286538461538456 45.30769230769231 0.0 45.30769230769231 3.5780062000267208
178000 0.9423076923076923 0.00027022118588830644 34.01484773076923 0.25801282051282054 45.286538461538456 45.30769230769231 0.0 45.30769230769231 4.011191700119525
180000 0.9038461538461539 -0.018953621278952008 35.114607346153846 0.21474358974358976 45.286538461538456 45.30769230769231 0.0 45.30769230769231 3.78570850007236
182000 0.7115384615384616 -0.17290546326648265 35.32374196153847 0.19230769230769232 45.286538461538456 45.30769230769231 0.0 45.30769230769231 4.154058899963275
184000 1.0192307692307692 -0.32670875965107676 34.49235028846155 0.22435897435897434 45.286538461538456 45.30769230769231 0.0 45.30769230769231 3.566564900102094
186000 0.40384615384615385 -0.17302478482992745 35.99205926923078 0.15705128205128205 45.286538461538456 45.30769230769231 0.0 45.30769230769231 4.10923509998247
188000 0.36538461538461536 -0.03840191612260227 35.55542465384616 0.2003205128205128 45.286538461538456 45.30769230769231 0.0 45.30769230769231 3.7909802000503987
190000 0.36538461538461536 -0.019136299190229904 35.62523234615385 0.18108974358974356 45.286538461538456 45.30769230769231 0.0 45.30769230769231 3.9553720999974757
192000 0.3269230769230769 -0.019133313493150682 35.90119388461539 0.18269230769230768 45.286538461538456 45.30769230769231 0.0 45.30769230769231 4.08315149997361
194000 0.40384615384615385 -0.019156398047265186 36.097924653846164 0.16987179487179485 45.286538461538456 45.30769230769231 0.0 45.30769230769231 3.8470338999759406
196000 0.4423076923076923 -0.019070390158665552 35.78254003846154 0.20352564102564102 45.286538461538456 45.30769230769231 0.0 45.30769230769231 3.8808190000709146
198000 0.4423076923076923 -0.019083791449999814 35.67446311538462 0.17948717948717946 45.286538461538456 45.30769230769231 0.0 45.30769230769231 3.827286799903959
200000 0.5384615384615384 0.00023975869538638033 36.00379003846155 0.21955128205128208 45.286538461538456 45.30769230769231 0.0 45.30769230769231 3.798594000050798
202000 0.5192307692307693 0.00027728187224675854 36.26917465384617 0.20032051282051283 45.286538461538456 45.30769230769231 0.0 45.30769230769231 4.203948999987915
204000 0.5 0.00014134870932629607 35.763886192307695 0.23878205128205127 45.286538461538456 45.30769230769231 0.0 45.30769230769231 3.9838265001308173
206000 0.3076923076923077 0.0001430136851919217 35.863405423076934 0.1778846153846154 45.286538461538456 45.30769230769231 0.0 45.30769230769231 3.787635500077158
208000 0.4230769230769231 0.00014243087120427002 35.53504003846154 0.22275641025641024 45.286538461538456 45.30769230769231 0.0 45.30769230769231 3.798714099917561
210000 0.5192307692307693 0.00020240135392426365 35.335520807692305 0.21955128205128205 45.286538461538456 45.30769230769231 0.0 45.30769230769231 3.595885899849236
212000 0.4423076923076923 0.0002180470406402588 35.37830926923077 0.22275641025641024 45.286538461538456 45.30769230769231 0.0 45.30769230769231 3.8904694002121687
214000 0.6923076923076923 0.0002311814507105469 34.54273234615384 0.23557692307692304 45.286538461538456 45.30769230769231 0.0 45.30769230769231 4.0055124999489635
216000 0.4423076923076923 0.00014640358614795252 35.04715542307692 0.1971153846153846 45.286538461538456 45.30769230769231 0.0 45.30769230769231 3.8618505001068115
218000 0.6346153846153846 -0.018894716494904054 34.65024607692307 0.2644230769230769 45.286538461538456 45.30769230769231 0.0 45.30769230769231 4.050477499840781
220000 0.34615384615384615 -0.1728009070011767 34.78572684615386 0.21794871794871795 45.286538461538456 45.30769230769231 0.0 45.30769230769231 4.04067869996652
222000 0.5192307692307693 -0.11511861136565282 34.218130692307696 0.2676282051282052 45.286538461538456 45.30769230769231 0.0 45.30769230769231 4.058362799929455
224000 0.3269230769230769 -0.26904901052905905 35.825136192307696 0.2307692307692308 45.286538461538456 45.30769230769231 0.0 45.30769230769231 3.85623969999142
226000 0.6153846153846154 -0.34598709556883683 33.658996076923074 0.3285256410256411 45.286538461538456 45.30769230769231 0.0 45.30769230769231 3.9052066998556256
228000 0.4423076923076923 -0.7114958064218704 35.26056888461539 0.25480769230769235 45.286538461538456 45.30769230769231 0.0 45.30769230769231 3.5091049999464303
230000 0.40384615384615385 -0.7114329393440172 35.87403042307692 0.21153846153846154 45.286538461538456 45.30769230769231 0.0 45.30769230769231 3.7577910001855344
232000 0.25 -0.8845733152422844 36.87931888461538 0.1618589743589744 45.286538461538456 45.30769230769231 0.0 45.30769230769231 3.497876900015399
234000 0.36538461538461536 -0.5767830195822783 36.16032849999999 0.1875 45.286538461538456 45.30769230769231 0.0 45.30769230769231 3.409155400004238
236000 0.28846153846153844 -0.7884109729426091 36.720905423076914 0.16346153846153846 45.286538461538456 45.30769230769231 0.0 45.30769230769231 3.815071400022134
238000 0.6346153846153846 0.0002109449405213996 34.752924653846165 0.25641025641025644 45.286538461538456 45.30769230769231 0.0 45.30769230769231 3.888299799989909
240000 0.9615384615384616 0.0004782782569550155 33.1965785 0.3285256410256411 45.286538461538456 45.30769230769231 0.0 45.30769230769231 3.6691451999358833
242000 0.8269230769230769 -0.0573998331334496 34.309078500000005 0.280448717948718 45.286538461538456 45.30769230769231 0.0 45.30769230769231 3.8643273999914527
244000 0.75 -0.1344192048433314 34.6024438846154 0.3028846153846154 45.286538461538456 45.30769230769231 0.0 45.30769230769231 3.7676802999339998
246000 0.7692307692307693 0.00021174800804309215 34.36917465384615 0.27083333333333337 45.286538461538456 45.30769230769231 0.0 45.30769230769231 3.7680563000030816
248000 0.6730769230769231 -0.01905515799478735 34.22013619230769 0.296474358974359 45.286538461538456 45.30769230769231 0.0 45.30769230769231 3.8585909998510033
250000 0.5192307692307693 -0.17293628012752496 34.755713115384616 0.296474358974359 45.286538461538456 45.30769230769231 0.0 45.30769230769231 3.8734963999595493
252000 0.6923076923076923 -0.11509482683038007 32.85340542307693 0.3621794871794872 45.286538461538456 45.30769230769231 0.0 45.30769230769231 3.9696979001164436
254000 1.3653846153846154 0.0003599549609500674 31.53129003846154 0.3942307692307692 45.286538461538456 45.30769230769231 0.019230769230769232 45.28846153846154 3.7040430000051856
256000 1.0 0.00021727510423990459 32.18465542307693 0.40865384615384615 45.286538461538456 45.30769230769231 0.0 45.30769230769231 3.5590352998115122
258000 1.4807692307692308 0.0004715608080492258 32.35436696153847 0.3637820512820513 45.286538461538456 45.30769230769231 0.0 45.30769230769231 3.715992100071162
260000 1.1923076923076923 0.00017404966222919958 31.537924653846154 0.37820512820512814 45.286538461538456 45.30769230769231 0.0 45.30769230769231 3.6648406002204865
262000 1.5576923076923077 0.0002693360539665277 30.907155423076922 0.4326923076923076 45.286538461538456 45.30769230769231 0.019230769230769232 45.28846153846154 3.392790100071579
264000 1.75 0.0005128040545165955 31.01677080769231 0.4391025641025641 45.286538461538456 45.30769230769231 0.019230769230769232 45.28846153846154 3.817898399895057
266000 1.3461538461538463 0.00025139100332730176 31.11292465384616 0.4022435897435897 45.286538461538456 45.30769230769231 0.019230769230769232 45.28846153846154 3.6792735001072288
268000 0.9423076923076923 -0.018966622285349125 31.123020807692306 0.4118589743589744 45.286538461538456 45.30769230769231 0.019230769230769232 45.28846153846154 3.6043674999382347
270000 0.7307692307692307 -0.038245344216855874 31.23023234615384 0.3701923076923077 45.286538461538456 45.30769230769231 0.019230769230769232 45.28846153846154 4.367654199944809
272000 0.75 -0.19190886308095678 31.252347730769227 0.40544871794871795 45.286538461538456 45.30769230769231 0.019230769230769232 45.28846153846154 3.539193900069222
274000 0.6346153846153846 -0.1922114511885426 32.00811696153847 0.3541666666666667 45.286538461538456 45.30769230769231 0.0 45.30769230769231 3.7298139000777155
276000 0.5 -0.40379715358223095 35.28071311538462 0.28205128205128205 45.286538461538456 45.30769230769231 0.0 45.30769230769231 3.2827741000801325
278000 0.34615384615384615 -0.519097325426306 36.52734773076923 0.2099358974358974 45.286538461538456 45.30769230769231 0.0 45.30769230769231 3.542098900070414
280000 0.4423076923076923 -0.15368992461800662 35.25330926923077 0.2163461538461538 45.286538461538456 45.30769230769231 0.0 45.30769230769231 3.791757799917832
282000 0.5192307692307693 -0.15370371607158168 34.895616961538465 0.25801282051282054 45.286538461538456 45.30769230769231 0.0 45.30769230769231 3.698120699962601
284000 0.3076923076923077 -0.13450883014504836 33.96965542307692 0.27564102564102566 45.286538461538456 45.30769230769231 0.0 45.30769230769231 3.7473627999424934
286000 0.6346153846153846 0.000283258029908862 33.32927080769231 0.2932692307692308 45.286538461538456 45.30769230769231 0.0 45.30769230769231 3.578547599958256
288000 0.6346153846153846 -0.01905440658706636 34.07975157692307 0.31089743589743585 45.286538461538456 45.30769230769231 0.0 45.30769230769231 4.092252400005236
290000 0.4807692307692308 -0.01912463561954922 35.20475157692308 0.25641025641025644 45.286538461538456 45.30769230769231 0.0 45.30769230769231 4.025891799945384
292000 0.4423076923076923 -0.057549180087048 34.62993513461539 0.3076923076923077 45.286538461538456 45.30769230769231 0.0 45.30769230769231 3.6757813999429345
294000 0.5576923076923077 -0.05755991910195241 34.55604413461539 0.31410256410256415 45.286538461538456 45.30769230769231 0.0 45.30769230769231 3.9390889999922365
296000 0.36538461538461536 6.746365375694727e-05 33.840328500000005 0.32211538461538464 45.286538461538456 45.30769230769231 0.0 45.30769230769231 3.394562999950722
298000 0.5384615384615384 0.00012147401660234524 33.58215542307692 0.3541666666666667 45.286538461538456 45.30769230769231 0.0 45.30769230769231 3.5218142999801785
300000 0.4423076923076923 -0.019104875022030506 35.11917465384615 0.23397435897435898 45.286538461538456 45.30769230769231 0.0 45.30769230769231 3.9761395000386983
302000 0.6153846153846154 -0.09602225824795468 33.3917708076923 0.32211538461538464 45.286538461538456 45.30769230769231 0.0 45.30769230769231 3.8472094999160618
304000 0.6538461538461539 -0.09601296292773195 33.19080926923077 0.34615384615384615 45.286538461538456 45.30769230769231 0.0 45.30769230769231 4.015887499786913
306000 0.6730769230769231 -0.13445823421874376 34.132155423076924 0.3381410256410256 45.286538461538456 45.30769230769231 0.0 45.30769230769231 3.536956900032237
308000 0.6730769230769231 -0.17293883519762848 34.290328499999994 0.3125 45.286538461538456 45.30769230769231 0.0 45.30769230769231 3.6299328000750393
310000 0.9615384615384616 -0.15357294526560367 32.572540038461526 0.38461538461538464 45.286538461538456 45.30769230769231 0.0 45.30769230769231 3.55218580015935
312000 0.8846153846153846 -0.11504495636759991 32.49754003846154 0.41346153846153855 45.286538461538456 45.30769230769231 0.0 45.30769230769231 3.4092170000076294
314000 0.7115384615384616 -0.11507326091345414 32.77494388461538 0.38141025641025644 45.286538461538456 45.30769230769231 0.0 45.30769230769231 3.7211732999421656
316000 1.3653846153846154 -0.03791082003044589 30.831193884615388 0.4503205128205129 45.286538461538456 45.30769230769231 0.0 45.30769230769231 3.7376612999942154
318000 0.9807692307692307 -0.07658237834288782 31.43080926923077 0.419871794871795 45.286538461538456 45.30769230769231 0.0 45.30769230769231 3.695506399963051
320000 0.6730769230769231 -0.018974672535979835 32.529366961538464 0.3766025641025641 45.286538461538456 45.30769230769231 0.0 45.30769230769231 3.723176699830219
322000 0.8846153846153846 -0.018943203100306217 32.61580926923078 0.4022435897435898 45.286538461538456 45.30769230769231 0.0 45.30769230769231 3.9624459000770003
324000 0.4423076923076923 -0.5384001312237543 34.30643426923076 0.31089743589743585 45.286538461538456 45.30769230769231 0.0 45.30769230769231 3.6275862001348287
326000 0.4230769230769231 -0.2883490971671371 34.90667465384615 0.27884615384615385 45.286538461538456 45.30769230769231 0.0 45.30769230769231 3.8291843000333756
328000 0.36538461538461536 -0.24992553535574658 34.83840542307692 0.28044871794871795 45.286538461538456 45.30769230769231 0.0 45.30769230769231 3.876456300029531
330000 0.38461538461538464 -0.01910648572831357 34.99994388461539 0.23557692307692307 45.286538461538456 45.30769230769231 0.0 45.30769230769231 4.049307800130919
332000 0.38461538461538464 -0.09604947887856413 33.86869388461538 0.342948717948718 45.286538461538456 45.30769230769231 0.0 45.30769230769231 4.0274751000106335
334000 0.6538461538461539 -0.01895511035576988 32.87686696153847 0.358974358974359 45.286538461538456 45.30769230769231 0.0 45.30769230769231 3.775934600038454
336000 0.7307692307692307 -0.0190734590369974 31.315328500000003 0.4086538461538462 45.286538461538456 45.30769230769231 0.019230769230769232 45.28846153846154 4.194269899977371
338000 0.6346153846153846 -0.01902700931342763 33.64994388461538 0.3317307692307692 45.286538461538456 45.30769230769231 0.0 45.30769230769231 3.7370513000059873
340000 0.5192307692307693 -0.019128338694084257 33.863886192307696 0.30929487179487186 45.286538461538456 45.30769230769231 0.0 45.30769230769231 3.500219900161028
342000 0.5 0.0002235184807052705 34.19273234615385 0.266025641025641 45.286538461538456 45.30769230769231 0.0 45.30769230769231 4.169488099869341
344000 0.5961538461538461 0.00019865799753060757 34.58696311538461 0.2932692307692308 45.286538461538456 45.30769230769231 0.0 45.30769230769231 3.76883490011096
346000 0.5 -0.019042635481058032 33.71436696153847 0.3349358974358974 45.286538461538456 45.30769230769231 0.0 45.30769230769231 3.7832881999202073
348000 0.5384615384615384 -0.038239285881934156 33.86100157692307 0.33814102564102566 45.286538461538456 45.30769230769231 0.0 45.30769230769231 3.6066568000242114
350000 0.4807692307692308 0.00018769718725494735 33.76638619230769 0.33814102564102566 45.286538461538456 45.30769230769231 0.0 45.30769230769231 3.5669103998225182
352000 0.4423076923076923 -0.0574591697990289 33.90859773076923 0.3285256410256411 45.286538461538456 45.30769230769231 0.0 45.30769230769231 3.6141537001822144
354000 0.46153846153846156 -0.0190294718008773 33.49330926923077 0.3557692307692308 45.286538461538456 45.30769230769231 0.0 45.30769230769231 3.702882800018415
356000 0.38461538461538464 -0.019104399520600477 33.79898234615385 0.31891025641025644 45.286538461538456 45.30769230769231 0.0 45.30769230769231 3.8001729000825435
358000 0.5192307692307693 -0.03831366473471394 34.1513861923077 0.31570512820512825 45.286538461538456 45.30769230769231 0.0 45.30769230769231 3.5859785000793636
360000 0.5 0.00023922917224423272 34.82254003846155 0.25801282051282054 45.286538461538456 45.30769230769231 0.0 45.30769230769231 4.118661299813539
362000 0.38461538461538464 0.00017957165806658772 35.58936696153847 0.1875 45.286538461538456 45.30769230769231 0.0 45.30769230769231 4.117832300020382
364000 0.38461538461538464 0.00012511485227493163 35.92494388461539 0.25961538461538464 45.286538461538456 45.30769230769231 0.0 45.30769230769231 3.9610404002014548
366000 0.3076923076923077 0.00014466449632720982 36.26975157692308 0.1875 45.286538461538456 45.30769230769231 0.0 45.30769230769231 3.8214364000596106
368000 0.3076923076923077 0.00012630715699715305 36.073501576923086 0.19070512820512822 45.286538461538456 45.30769230769231 0.0 45.30769230769231 3.673713800031692
370000 0.2692307692307692 -0.03820390945518671 35.60475157692308 0.2371794871794872 45.286538461538456 45.30769230769231 0.0 45.30769230769231 3.781591200036928
372000 0.34615384615384615 -0.018903101293411183 35.54802080769231 0.27403846153846156 45.286538461538456 45.30769230769231 0.0 45.30769230769231 3.6079503998626024
374000 0.25 -0.19209652004278277 35.467251576923076 0.21634615384615385 45.286538461538456 45.30769230769231 0.0 45.30769230769231 3.673175700008869
376000 0.40384615384615385 0.00015839531702358165 36.25594388461539 0.16666666666666663 45.286538461538456 45.30769230769231 0.0 45.30769230769231 3.8605483998544514
378000 0.2692307692307692 -0.03835232073087419 36.60426923076923 0.14102564102564102 45.286538461538456 45.30769230769231 0.0 45.30769230769231 3.707476899959147
380000 0.25 0.00017757542133809638 35.93765734615384 0.1346153846153846 45.286538461538456 45.30769230769231 0.019230769230769232 45.28846153846154 4.0258084000088274
382000 0.2692307692307692 0.00012540673221026488 36.004270807692315 0.15705128205128205 45.286538461538456 45.30769230769231 0.0 45.30769230769231 4.352907200111076
384000 0.4230769230769231 0.0001735110906104032 35.574078500000006 0.18429487179487178 45.286538461538456 45.30769230769231 0.0 45.30769230769231 4.046204000012949
386000 0.40384615384615385 0.00011679828059329018 35.71100157692309 0.18108974358974356 45.286538461538456 45.30769230769231 0.0 45.30769230769231 3.8250084000173956
388000 0.4423076923076923 0.0001779534988730195 35.50907850000001 0.18269230769230765 45.286538461538456 45.30769230769231 0.0 45.30769230769231 3.9654802998993546
390000 0.40384615384615385 0.00014865781236501454 35.76677080769232 0.14583333333333331 45.286538461538456 45.30769230769231 0.0 45.30769230769231 3.797277599805966
392000 0.21153846153846154 0.00020029286105232392 35.819655423076924 0.14583333333333331 45.286538461538456 45.30769230769231 0.0 45.30769230769231 3.8210259000770748
394000 0.21153846153846154 0.00017558064302953584 35.93504003846154 0.1201923076923077 45.286538461538456 45.30769230769231 0.0 45.30769230769231 4.2793095000088215
396000 0.2692307692307692 0.00022327164338134208 35.64369388461539 0.10256410256410256 45.286538461538456 45.30769230769231 0.0 45.30769230769231 3.725865500047803
398000 0.19230769230769232 9.481503274156557e-05 36.08215542307693 0.1201923076923077 45.286538461538456 45.30769230769231 0.0 45.30769230769231 3.9808054000604898
400000 0.17307692307692307 7.679131635059867e-05 36.18792465384616 0.11858974358974358 45.286538461538456 45.30769230769231 0.0 45.30769230769231 3.8974897998850793
402000 0.23076923076923078 0.0001140234370279643 35.86773234615385 0.1201923076923077 45.286538461538456 45.30769230769231 0.0 45.30769230769231 4.123088000109419
404000 0.19230769230769232 9.205298319958663e-05 35.9215785 0.1378205128205128 45.286538461538456 45.30769230769231 0.0 45.30769230769231 3.8573662999551743
406000 0.23076923076923078 8.791214548294192e-05 36.03407850000001 0.14102564102564102 45.286538461538456 45.30769230769231 0.0 45.30769230769231 3.769114499911666
408000 0.21153846153846154 6.81828279422341e-05 36.23023234615385 0.1474358974358974 45.286538461538456 45.30769230769231 0.0 45.30769230769231 3.721465399954468
410000 0.21153846153846154 7.207467666274576e-05 36.06004003846154 0.15865384615384615 45.286538461538456 45.30769230769231 0.0 45.30769230769231 3.6173626999370754
412000 0.21153846153846154 6.224445671629633e-05 35.96004003846154 0.1618589743589744 45.286538461538456 45.30769230769231 0.0 45.30769230769231 3.695381399942562
414000 0.23076923076923078 8.57060888785489e-05 36.01484773076924 0.15064102564102566 45.286538461538456 45.30769230769231 0.0 45.30769230769231 3.627987800166011
416000 0.2692307692307692 9.978499839710694e-05 35.64946311538462 0.15384615384615385 45.286538461538456 45.30769230769231 0.0 45.30769230769231 3.7135539001319557
418000 0.28846153846153844 0.00012301014715927202 35.25715542307693 0.17628205128205127 45.286538461538456 45.30769230769231 0.0 45.30769230769231 3.3203843999654055
420000 0.34615384615384615 0.0001117205312492214 35.036001576923084 0.1746794871794872 45.286538461538456 45.30769230769231 0.0 45.30769230769231 3.6835994999855757
422000 0.3076923076923077 0.00010337404871912231 34.39177080769232 0.23397435897435898 45.286538461538456 45.30769230769231 0.0 45.30769230769231 3.192307900171727
424000 0.38461538461538464 0.00010480251857072014 34.059078500000005 0.24839743589743588 45.286538461538456 45.30769230769231 0.0 45.30769230769231 3.0214118000585586
426000 0.38461538461538464 0.00015717377955377535 33.41004003846155 0.27724358974358976 45.286538461538456 45.30769230769231 0.0 45.30769230769231 2.9506729000713676
428000 0.36538461538461536 0.0001158544070971682 33.36100157692308 0.28685897435897434 45.286538461538456 45.30769230769231 0.019230769230769232 45.28846153846154 2.9230364998802543
430000 0.3269230769230769 0.00020338919633719216 33.72446311538462 0.24839743589743588 45.286538461538456 45.30769230769231 0.0 45.30769230769231 2.7514134999364614
432000 0.3076923076923077 8.948285596323773e-05 33.932155423076935 0.2548076923076923 45.286538461538456 45.30769230769231 0.019230769230769232 45.28846153846154 3.010770699940622
434000 0.40384615384615385 0.0002305017224363789 34.23119388461539 0.2548076923076923 45.286538461538456 45.30769230769231 0.019230769230769232 45.28846153846154 2.7060329001396894
436000 0.5384615384615384 0.0002348406686395113 34.21388619230769 0.27243589743589747 45.286538461538456 45.30769230769231 0.019230769230769232 45.28846153846154 2.809128100052476
438000 0.5192307692307693 0.0001448578953690421 34.20715542307693 0.2612179487179487 45.286538461538456 45.30769230769231 0.019230769230769232 45.28846153846154 2.777062099892646
440000 0.6730769230769231 0.00023435857685640942 34.12061696153847 0.2596153846153846 45.286538461538456 45.30769230769231 0.019230769230769232 45.28846153846154 3.1647528000175953
442000 0.4807692307692308 0.0001672533940827587 33.951386192307695 0.27564102564102566 45.286538461538456 45.30769230769231 0.019230769230769232 45.28846153846154 2.9591063999105245
444000 0.46153846153846156 0.0001444218538680894 34.05427080769231 0.24519230769230768 45.286538461538456 45.30769230769231 0.019230769230769232 45.28846153846154 3.4136085000354797
446000 0.5384615384615384 0.0001417293254296022 34.271578500000004 0.23878205128205127 45.286538461538456 45.30769230769231 0.019230769230769232 45.28846153846154 3.0177028998732567
448000 0.5961538461538461 0.00021033031044332982 34.33215542307692 0.23878205128205127 45.286538461538456 45.30769230769231 0.019230769230769232 45.28846153846154 2.339419199852273
450000 0.6346153846153846 0.00020953644054671748 33.4465785 0.28365384615384615 45.286538461538456 45.30769230769231 0.019230769230769232 45.28846153846154 2.100085200043395
452000 0.6923076923076923 0.00021954022604063985 33.85523234615385 0.27243589743589747 45.286538461538456 45.30769230769231 0.019230769230769232 45.28846153846154 2.8149417999666184
454000 0.5384615384615384 0.00021976658495424995 33.88215542307693 0.2692307692307692 45.286538461538456 45.30769230769231 0.019230769230769232 45.28846153846154 2.354841700056568
456000 0.5 0.00020812480609592118 34.26677080769231 0.2644230769230769 45.286538461538456 45.30769230769231 0.019230769230769232 45.28846153846154 1.9951592001598328
458000 0.40384615384615385 0.00014494623852847233 34.21879003846154 0.2532051282051282 45.286538461538456 45.30769230769231 0.019230769230769232 45.28846153846154 1.81309389998205
460000 0.3076923076923077 0.00014122725280141314 34.490328500000004 0.23397435897435898 45.286538461538456 45.30769230769231 0.019230769230769232 45.28846153846154 1.8301357999444008
462000 0.3269230769230769 0.00012266281947903327 33.962443884615396 0.24999999999999997 45.286538461538456 45.30769230769231 0.019230769230769232 45.28846153846154 1.7655646000057459
464000 0.36538461538461536 0.00017411352628166963 34.668213115384624 0.24839743589743585 45.286538461538456 45.30769230769231 0.0 45.30769230769231 1.820154899964109
466000 0.3269230769230769 0.0001366751546716282 34.07840542307693 0.25641025641025644 45.286538461538456 45.30769230769231 0.019230769230769232 45.28846153846154 1.767591099953279
468000 0.40384615384615385 0.00018842199678235986 34.37590542307693 0.2467948717948718 45.286538461538456 45.30769230769231 0.0 45.30769230769231 1.8041491000913084
470000 0.3269230769230769 0.00019228901383317945 34.2899438846154 0.2371794871794872 45.286538461538456 45.30769230769231 0.0 45.30769230769231 1.7498002999927849
472000 0.2692307692307692 0.0001381644619221747 35.10340542307693 0.1939102564102564 45.286538461538456 45.30769230769231 0.0 45.30769230769231 1.653031799942255
474000 0.3269230769230769 0.00016572535433419084 35.22744388461538 0.20673076923076922 45.286538461538456 45.30769230769231 0.0 45.30769230769231 1.732843599980697
476000 0.2692307692307692 0.00014057170503116976 35.083213115384616 0.21153846153846154 45.286538461538456 45.30769230769231 0.0 45.30769230769231 1.6300187001470476
478000 0.2692307692307692 0.000140495954691343 35.17552080769231 0.1987179487179487 45.286538461538456 45.30769230769231 0.0 45.30769230769231 1.6635579001158476
480000 0.2692307692307692 0.0001409895891018039 35.03513619230769 0.19230769230769232 45.286538461538456 45.30769230769231 0.0 45.30769230769231 1.724992300150916
482000 0.25 0.00013327870300340646 34.86205926923077 0.1987179487179487 45.286538461538456 45.30769230769231 0.0 45.30769230769231 1.6573846000246704
484000 0.23076923076923078 7.747626434423063e-05 34.68898234615385 0.24038461538461536 45.286538461538456 45.30769230769231 0.0 45.30769230769231 1.5757242999970913
486000 0.2692307692307692 0.00012610870256487883 34.674943884615395 0.23237179487179488 45.286538461538456 45.30769230769231 0.019230769230769232 45.28846153846154 1.7909627000335604
488000 0.2692307692307692 0.00010349086595515048 34.74994388461539 0.22916666666666666 45.286538461538456 45.30769230769231 0.019230769230769232 45.28846153846154 1.5852691000327468
490000 0.25 7.817677388626661e-05 34.58648234615385 0.23237179487179488 45.286538461538456 45.30769230769231 0.019230769230769232 45.28846153846154 1.6626262001227587
492000 0.21153846153846154 5.398309197662017e-05 34.72590542307693 0.21794871794871792 45.286538461538456 45.30769230769231 0.019230769230769232 45.28846153846154 1.737078599864617
494000 0.25 7.3633574542851e-05 34.463405423076935 0.24839743589743588 45.286538461538456 45.30769230769231 0.019230769230769232 45.28846153846154 1.7070345000829548
496000 0.28846153846153844 9.332152409020366e-05 34.547059269230786 0.25641025641025644 45.286538461538456 45.30769230769231 0.019230769230769232 45.28846153846154 1.6693929000757635
498000 0.3076923076923077 8.789415912208485e-05 34.285520807692315 0.2548076923076923 45.286538461538456 45.30769230769231 0.019230769230769232 45.28846153846154 1.5887138999532908
500000 0.3269230769230769 0.0001391056138263952 34.59994388461539 0.23717948717948717 45.286538461538456 45.30769230769231 0.019230769230769232 45.28846153846154 1.425442700041458
