2000 1.7692307692307692 -0.9615245530549933 39.03763619230768 0.03365384615384615 45.286538461538456 45.30769230769231 0.0 45.30769230769231 2.351043500006199
4000 1.4807692307692308 -0.9807557480147853 39.008178769230774 0.03205128205128205 45.286538461538456 45.30769230769231 0.0 45.30769230769231 2.2954163999529555
6000 1.3653846153846154 -1.0 38.182986461538455 0.09775641025641027 45.286538461538456 45.30769230769231 0.0 45.30769230769231 2.0286995999049395
8000 2.5 -1.0 38.21384994230769 0.1362179487179487 45.286538461538456 45.30769230769231 0.0 45.30769230769231 2.3771389999892563
10000 1.1923076923076923 -0.9615146372537673 39.05580926923078 0.08012820512820512 45.286538461538456 45.30769230769231 0.0 45.30769230769231 2.2205391000024974
12000 1.4807692307692308 -0.9614624755452463 38.83754003846155 0.08653846153846154 45.286538461538456 45.30769230769231 0.019230769230769232 45.28846153846154 2.4648567000404
14000 1.1923076923076923 -0.9614988456877078 39.04811696153847 0.08012820512820512 45.286538461538456 45.30769230769231 0.019230769230769232 45.28846153846154 2.2577775000827387
16000 1.1730769230769231 -1.0 39.000198 0.08012820512820512 45.286538461538456 45.30769230769231 0.0 45.30769230769231 2.108200900023803
18000 3.0576923076923075 -0.9422577580725704 37.269186307692316 0.11217948717948717 45.286538461538456 45.30769230769231 0.0 45.30769230769231 3.154336199979298
20000 7.5 -0.48003124143073206 36.0148593846154 0.16025641025641024 45.286538461538456 45.30769230769231 0.0 45.30769230769231 3.682187799946405
22000 8.057692307692308 0.0022086535674031363 34.38513619230769 0.22596153846153846 45.286538461538456 45.30769230769231 0.019230769230769232 45.28846153846154 3.546174900024198
24000 6.538461538461538 -0.9614929274533033 33.00725157692308 0.28365384615384615 45.286538461538456 45.30769230769231 0.019230769230769232 45.28846153846154 3.338352399994619
26000 4.211538461538462 -0.9227833542443927 36.4035909423077 0.14583333333333331 45.286538461538456 45.30769230769231 0.019230769230769232 45.28846153846154 2.2890014000004157
28000 1.8653846153846154 -0.9614025186386381 38.513020807692314 0.10576923076923075 45.286538461538456 45.30769230769231 0.019230769230769232 45.28846153846154 2.613387899938971
30000 6.75 -1.0 36.585275288461546 0.1378205128205128 45.286538461538456 45.30769230769231 0.0 45.30769230769231 2.28414519992657
32000 6.769230769230769 -1.0 36.62373682692308 0.1378205128205128 45.286538461538456 45.30769230769231 0.0 45.30769230769231 2.1637931000441313
34000 13.576923076923077 -0.07486716670559958 32.92903276923078 0.24679487179487178 45.286538461538456 45.30769230769231 0.019230769230769232 45.28846153846154 3.5335332000395283
36000 12.423076923076923 0.0008835073890902447 32.73832092307693 0.2516025641025641 45.286538461538456 45.30769230769231 0.019230769230769232 45.28846153846154 3.676811999990605
38000 9.807692307692308 0.0012237356164962044 32.63447476923078 0.2548076923076923 45.286538461538456 45.30769230769231 0.019230769230769232 45.28846153846154 3.954243900021538
40000 12.75 0.0016223387017171725 32.622936307692314 0.2516025641025641 45.286538461538456 45.30769230769231 0.019230769230769232 45.28846153846154 3.812115199980326
42000 14.615384615384615 -0.9032987347095459 32.73335221153846 0.2612179487179487 45.286538461538456 45.30769230769231 0.019230769230769232 45.28846153846154 3.2863902000244707
44000 11.288461538461538 0.0018432085485798463 32.586796192307695 0.2868589743589744 45.286538461538456 45.30769230769231 0.019230769230769232 45.28846153846154 3.5113127999939024
46000 11.038461538461538 0.002318445117060541 32.56756542307692 0.28044871794871795 45.286538461538456 45.30769230769231 0.019230769230769232 45.28846153846154 3.895075300009921
48000 9.51923076923077 -0.017692440829797287 32.78417465384616 0.28525641025641024 45.286538461538456 45.30769230769231 0.019230769230769232 45.28846153846154 3.369536199956201
50000 21.365384615384617 -0.033893484088347095 31.241770807692316 0.31570512820512814 45.286538461538456 45.30769230769231 0.019230769230769232 45.28846153846154 3.518080500070937
52000 20.48076923076923 0.004888779505283622 30.732155423076925 0.3205128205128205 45.286538461538456 45.30769230769231 0.019230769230769232 45.28846153846154 3.4318021000362933
54000 16.192307692307693 0.0035711985462148635 31.47061696153846 0.3253205128205128 45.286538461538456 45.30769230769231 0.019230769230769232 45.28846153846154 3.756813499960117
56000 22.403846153846153 -0.012695527987778248 32.3053285 0.3221153846153847 45.286538461538456 45.30769230769231 0.019230769230769232 45.28846153846154 3.8377176000503823
58000 16.01923076923077 0.002952416495984251 32.53215542307692 0.2932692307692308 45.286538461538456 45.30769230769231 0.0 45.30769230769231 3.935481099993922
60000 19.115384615384617 0.00430391525872396 31.686001576923083 0.33493589743589747 45.286538461538456 45.30769230769231 0.0 45.30769230769231 3.4887300999835134
62000 19.615384615384617 0.003290772308578251 31.832155423076927 0.37179487179487175 45.286538461538456 45.30769230769231 0.019230769230769232 45.28846153846154 4.130483099957928
64000 25.78846153846154 0.003470883648551976 30.768790038461546 0.3942307692307692 45.286538461538456 45.30769230769231 0.019230769230769232 45.28846153846154 3.6957801000680774
66000 26.25 0.00519293894104585 30.977828500000005 0.3701923076923077 45.286538461538456 45.30769230769231 0.019230769230769232 45.28846153846154 3.3788578999228776
68000 17.596153846153847 0.0036048073069420757 31.46869388461539 0.31410256410256415 45.286538461538456 45.30769230769231 0.019230769230769232 45.28846153846154 3.867053300025873
70000 9.76923076923077 -0.17096893371099078 33.724174653846156 0.25801282051282054 45.286538461538456 45.30769230769231 0.019230769230769232 45.28846153846154 3.426972399931401
72000 20.557692307692307 -0.32371713711578176 32.19725157692308 0.33012820512820507 45.286538461538456 45.30769230769231 0.019230769230769232 45.28846153846154 3.797958999988623
74000 27.192307692307693 -0.11149450384398313 30.562924653846153 0.36698717948717946 45.286538461538456 45.30769230769231 0.019230769230769232 45.28846153846154 3.421044399961829
76000 30.78846153846154 0.005029563602678925 29.91484773076924 0.3814102564102564 45.286538461538456 45.30769230769231 0.019230769230769232 45.28846153846154 3.6861618999391794
78000 30.807692307692307 0.005058144026886798 29.905232346153852 0.3814102564102564 45.286538461538456 45.30769230769231 0.019230769230769232 45.28846153846154 3.4807955999858677
80000 29.826923076923077 0.004838132200516116 29.978309269230774 0.3701923076923077 45.286538461538456 45.30769230769231 0.019230769230769232 45.28846153846154 3.934473800007254
82000 34.36538461538461 0.008417801644789374 30.143693884615384 0.39903846153846145 45.286538461538456 45.30769230769231 0.019230769230769232 45.28846153846154 4.061400400009006
84000 24.384615384615383 0.007283139285857472 30.9340785 0.3701923076923076 45.286538461538456 45.30769230769231 0.019230769230769232 45.28846153846154 3.8826826999429613
86000 33.13461538461539 0.010379150762119146 30.444106019230773 0.3958333333333333 45.286538461538456 45.30769230769231 0.019230769230769232 45.28846153846154 3.9046214000554755
88000 21.73076923076923 -0.14945139684804779 31.392062730769233 0.33333333333333337 45.286538461538456 45.30769230769231 0.019230769230769232 45.28846153846154 3.700071799918078
90000 25.96153846153846 -0.14842719479072627 31.1220306923077 0.34615384615384615 45.286538461538456 45.30769230769231 0.019230769230769232 45.28846153846154 3.665014100028202
92000 35.65384615384615 -0.1057511126261286 31.21497942307693 0.36057692307692313 45.286538461538456 45.30769230769231 0.019230769230769232 45.28846153846154 3.5405529000563547
94000 30.134615384615383 -0.1275350693011312 31.58805634615385 0.33333333333333337 45.286538461538456 45.30769230769231 0.019230769230769232 45.28846153846154 3.8042996999574825
96000 33.38461538461539 -0.10478753951589223 30.805364038461544 0.38301282051282054 45.286538461538456 45.30769230769231 0.019230769230769232 45.28846153846154 3.525160299963318
98000 35.94230769230769 -0.10576079410307528 30.632287115384624 0.3942307692307693 45.286538461538456 45.30769230769231 0.019230769230769232 45.28846153846154 3.998258899897337
100000 27.01923076923077 0.006598874310351481 31.447636192307694 0.375 45.286538461538456 45.30769230769231 0.019230769230769232 45.28846153846154 3.5446284998906776
102000 67.8076923076923 0.02238000722346388 29.26494388461539 0.48237179487179493 45.286538461538456 45.30769230769231 0.019230769230769232 45.28846153846154 3.5187450000084937
104000 51.25 0.008799643661206948 29.424174653846155 0.5 45.286538461538456 45.30769230769231 0.019230769230769232 45.28846153846154 3.9518536999821663
106000 65.4423076923077 0.014973000669868092 29.255328500000005 0.47756410256410253 45.286538461538456 45.30769230769231 0.019230769230769232 45.28846153846154 3.8026834999909624
108000 49.5 0.006466920732034234 29.22840542307692 0.48076923076923084 45.286538461538456 45.30769230769231 0.019230769230769232 45.28846153846154 3.965117600047961
110000 57.71153846153846 -0.009704779456626069 28.91674682692308 0.46314102564102566 45.286538461538456 45.30769230769231 0.019230769230769232 45.28846153846154 3.6062707999954
112000 53.59615384615385 0.008269686572568739 28.799505884615392 0.5096153846153846 45.286538461538456 45.30769230769231 0.019230769230769232 45.28846153846154 3.5905618000542745
114000 50.92307692307692 0.008151057470918899 28.720924153846163 0.532051282051282 45.286538461538456 45.30769230769231 0.019230769230769232 45.28846153846154 3.729392100009136
116000 44.21153846153846 -0.32378978564473704 29.33374776923076 0.46634615384615385 45.286538461538456 45.30769230769231 0.019230769230769232 45.28846153846154 3.846832000068389
118000 54.48076923076923 -0.05071095613107657 28.922089115384612 0.467948717948718 45.286538461538456 45.30769230769231 0.019230769230769232 45.28846153846154 3.808062499971129
120000 56.94230769230769 0.008488035183045937 28.614313576923085 0.5240384615384615 45.286538461538456 45.30769230769231 0.019230769230769232 45.28846153846154 3.6861659000860527
122000 49.42307692307692 0.007428624073278356 28.81611646153847 0.532051282051282 45.286538461538456 45.30769230769231 0.019230769230769232 45.28846153846154 3.5352728998987004
124000 40.59615384615385 0.006662636221596253 29.269327307692315 0.4935897435897436 45.286538461538456 45.30769230769231 0.019230769230769232 45.28846153846154 3.885848499950953
126000 40.19230769230769 0.00816343722211709 29.270924153846156 0.47596153846153855 45.286538461538456 45.30769230769231 0.019230769230769232 45.28846153846154 3.852121000061743
128000 40.5 0.005220635210129874 29.325881384615393 0.4487179487179487 45.286538461538456 45.30769230769231 0.019230769230769232 45.28846153846154 3.5703929000301287
130000 43.15384615384615 0.008464441052122454 29.24496261538462 0.5128205128205128 45.286538461538456 45.30769230769231 0.019230769230769232 45.28846153846154 3.43904880003538
132000 47.15384615384615 0.007027910212931183 28.960347230769237 0.5176282051282051 45.286538461538456 45.30769230769231 0.019230769230769232 45.28846153846154 4.41256169998087
134000 50.51923076923077 0.007386748834718141 28.985970461538468 0.47275641025641024 45.286538461538456 45.30769230769231 0.019230769230769232 45.28846153846154 3.620253299945034
136000 59.5 0.01191752485989329 28.908213115384623 0.4887820512820513 45.286538461538456 45.30769230769231 0.019230769230769232 45.28846153846154 3.904918299987912
138000 30.96153846153846 0.009445377916111768 30.83486646153847 0.43429487179487175 45.286538461538456 45.30769230769231 0.019230769230769232 45.28846153846154 3.6291820999467745
140000 40.17307692307692 0.009338151895216059 29.807011192307698 0.4583333333333333 45.286538461538456 45.30769230769231 0.019230769230769232 45.28846153846154 3.5955729000270367
142000 33.28846153846154 0.008796173200819464 30.225731846153852 0.47596153846153855 45.286538461538456 45.30769230769231 0.019230769230769232 45.28846153846154 3.5803630999289453
144000 40.40384615384615 0.010916749641604198 29.661818884615386 0.44711538461538464 45.286538461538456 45.30769230769231 0.019230769230769232 45.28846153846154 3.6668868999695405
146000 27.807692307692307 0.003969216202383077 30.941866961538462 0.37179487179487175 45.286538461538456 45.30769230769231 0.019230769230769232 45.28846153846154 3.5223947000922635
148000 29.23076923076923 0.004858197171590085 30.928044846153853 0.37179487179487175 45.286538461538456 45.30769230769231 0.019230769230769232 45.28846153846154 4.013964000041597
150000 30.96153846153846 0.005777088568324512 30.557251576923083 0.3974358974358974 45.286538461538456 45.30769230769231 0.019230769230769232 45.28846153846154 3.5905231999931857
152000 42.84615384615385 0.011527425529561985 30.123597730769234 0.4326923076923077 45.286538461538456 45.30769230769231 0.019230769230769232 45.28846153846154 3.773119500023313
154000 52.80769230769231 0.007354054844473035 29.039936807692314 0.47596153846153844 45.286538461538456 45.30769230769231 0.019230769230769232 45.28846153846154 3.8036897000856698
156000 100.76923076923077 0.027857131774169038 27.7090785 0.5544871794871795 45.286538461538456 45.30769230769231 0.019230769230769232 45.28846153846154 3.950906499987468
158000 78.73076923076923 0.021360263051770488 28.461097730769236 0.5064102564102564 45.286538461538456 45.30769230769231 0.019230769230769232 45.28846153846154 3.8402953000040725
160000 55.23076923076923 0.01260395038363853 29.337924653846155 0.4647435897435897 45.286538461538456 45.30769230769231 0.019230769230769232 45.28846153846154 4.0064933999674395
162000 62.65384615384615 0.01350312493913142 28.65148234615385 0.47916666666666663 45.286538461538456 45.30769230769231 0.019230769230769232 45.28846153846154 3.4529354999540374
164000 64.4423076923077 0.012550438463717728 28.55052080769231 0.49999999999999994 45.286538461538456 45.30769230769231 0.019230769230769232 45.28846153846154 3.8575930999359116
166000 63.34615384615385 0.015726519829694884 28.70148234615385 0.4983974358974359 45.286538461538456 45.30769230769231 0.019230769230769232 45.28846153846154 4.0575753999874
168000 52.19230769230769 -0.05013417175969177 28.910835211538462 0.5 45.286538461538456 45.30769230769231 0.019230769230769232 45.28846153846154 4.189547699992545
170000 54.69230769230769 -0.04957110419971389 28.735148403846157 0.5112179487179487 45.286538461538456 45.30769230769231 0.019230769230769232 45.28846153846154 3.857482000021264
172000 50.92307692307692 0.006840624462055345 28.91398234615385 0.47275641025641024 45.286538461538456 45.30769230769231 0.019230769230769232 45.28846153846154 3.704535400029272
174000 58.80769230769231 0.006049908365220299 28.705328500000004 0.4807692307692308 45.286538461538456 45.30769230769231 0.019230769230769232 45.28846153846154 3.455002599977888
176000 86.96153846153847 0.02146486527131368 28.057155423076928 0.4823717948717948 45.286538461538456 45.30769230769231 0.019230769230769232 45.28846153846154 3.647025499958545
178000 90.96153846153847 0.0040885880291329935 27.811001576923083 0.4983974358974359 45.286538461538456 45.30769230769231 0.019230769230769232 45.28846153846154 3.876052499981597
180000 90.96153846153847 0.0040885880291329935 27.811001576923083 0.4983974358974359 45.286538461538456 45.30769230769231 0.019230769230769232 45.28846153846154 3.3978900000220165
182000 90.96153846153847 0.0040885880291329935 27.811001576923083 0.4983974358974359 45.286538461538456 45.30769230769231 0.019230769230769232 45.28846153846154 3.5484639999922365
184000 94.8076923076923 0.00735078648646241 27.81004003846154 0.49198717948717946 45.286538461538456 45.30769230769231 0.019230769230769232 45.28846153846154 3.6411065999418497
186000 91.13461538461539 0.004730004689497035 27.820616961538466 0.4983974358974359 45.286538461538456 45.30769230769231 0.019230769230769232 45.28846153846154 4.114077700069174
188000 91.13461538461539 0.004730004689497035 27.820616961538466 0.4983974358974359 45.286538461538456 45.30769230769231 0.019230769230769232 45.28846153846154 3.843198399990797
190000 92.86538461538461 0.004891846051144469 27.801386192307696 0.4983974358974359 45.286538461538456 45.30769230769231 0.019230769230769232 45.28846153846154 3.877224800060503
192000 91.28846153846153 0.0032596996872083384 27.811001576923083 0.49198717948717946 45.286538461538456 45.30769230769231 0.019230769230769232 45.28846153846154 3.7161251000361517
194000 124.8076923076923 0.020758277690424876 27.514847730769233 0.5496794871794871 45.286538461538456 45.30769230769231 0.019230769230769232 45.28846153846154 3.7341202000388876
196000 136.17307692307693 0.02098476961252701 27.475018884615388 0.5544871794871795 45.286538461538456 45.30769230769231 0.019230769230769232 45.28846153846154 3.6241656000493094
198000 310.40384615384613 0.12350910907530549 26.08457311538461 0.5961538461538461 45.286538461538456 45.30769230769231 0.0 45.30769230769231 3.5551195999141783
200000 305.9423076923077 -0.054075972543690495 26.097330461538455 0.6009615384615384 45.286538461538456 45.30769230769231 0.0 45.30769230769231 3.6364997999044135
202000 307.1923076923077 0.008863242898790579 26.0684843076923 0.6009615384615384 45.286538461538456 45.30769230769231 0.0 45.30769230769231 3.8836369999917224
204000 291.4423076923077 -0.7922061867566585 26.424253538461535 0.6009615384615384 45.286538461538456 45.30769230769231 0.0 45.30769230769231 3.5690995999611914
206000 289.8076923076923 -0.9771929766784636 26.49156123076923 0.5961538461538461 45.286538461538456 45.30769230769231 0.0 45.30769230769231 3.8232802998973057
208000 288.0769230769231 -1.0 26.520407384615382 0.5961538461538461 45.286538461538456 45.30769230769231 0.0 45.30769230769231 3.5745562999509275
210000 279.53846153846155 -0.9725354348819178 26.09586169230769 0.5865384615384616 45.286538461538456 45.30769230769231 0.0 45.30769230769231 3.6287420000880957
212000 270.75 -1.0 26.14860894230769 0.5865384615384616 45.286538461538456 45.30769230769231 0.0 45.30769230769231 3.792819399968721
214000 400.36538461538464 -0.7406064887243132 25.748070576923073 0.6474358974358976 45.286538461538456 45.30769230769231 0.0 45.30769230769231 3.759517600061372
216000 320.11538461538464 -0.9291535409418056 26.346609307692304 0.6009615384615384 45.286538461538456 45.30769230769231 0.0 45.30769230769231 3.959562800009735
218000 373.53846153846155 -0.7611272572895083 25.99450484615384 0.6153846153846154 45.286538461538456 45.30769230769231 0.0 45.30769230769231 3.7298197000054643
220000 302.09615384615387 -0.9750198841104166 26.462234307692306 0.6009615384615384 45.286538461538456 45.30769230769231 0.0 45.30769230769231 3.618788899970241
222000 288.0769230769231 -1.0 26.520407384615382 0.5961538461538461 45.286538461538456 45.30769230769231 0.0 45.30769230769231 3.4898539000423625
224000 288.0769230769231 -1.0 26.520407384615382 0.5961538461538461 45.286538461538456 45.30769230769231 0.0 45.30769230769231 3.6253973999992013
226000 288.0769230769231 -1.0 26.520407384615382 0.5961538461538461 45.286538461538456 45.30769230769231 0.0 45.30769230769231 3.7404502000426874
228000 369.1923076923077 -0.8127722507530788 26.07847119230769 0.6009615384615384 45.286538461538456 45.30769230769231 0.0 45.30769230769231 3.594429000047967
230000 318.96153846153845 -0.930166927452488 26.370057730769226 0.6009615384615384 45.286538461538456 45.30769230769231 0.0 45.30769230769231 3.634103099931963
232000 288.0769230769231 -1.0 26.520407384615382 0.5961538461538461 45.286538461538456 45.30769230769231 0.0 45.30769230769231 3.559572400059551
234000 313.34615384615387 -0.9277876898018801 26.343003538461534 0.6009615384615384 45.286538461538456 45.30769230769231 0.0 45.30769230769231 3.7123359999386594
236000 458.0769230769231 -0.5685024783747045 25.791500038461535 0.6346153846153846 45.286538461538456 45.30769230769231 0.019230769230769232 45.28846153846154 3.4340692999539897
238000 637.5961538461538 -0.042715812934453326 24.40661607692308 0.6682692307692307 45.286538461538456 45.30769230769231 0.0 45.30769230769231 3.764241600059904
240000 656.6923076923077 0.039963526913829366 24.45440869230769 0.6538461538461539 45.286538461538456 45.30769230769231 0.0 45.30769230769231 3.399893300025724
242000 699.1153846153846 0.17052441692066 23.93719936538461 0.6826923076923077 45.286538461538456 45.30769230769231 0.0 45.30769230769231 3.8937051000539213
244000 721.6923076923077 0.21864905408305374 23.85982244230769 0.6875 45.286538461538456 45.30769230769231 0.0 45.30769230769231 3.3727612000657246
246000 716.1923076923077 0.19654122227352355 23.91366859615384 0.6875 45.286538461538456 45.30769230769231 0.0 45.30769230769231 3.6769828000105917
248000 721.6923076923077 0.21934141773014956 23.85982244230769 0.6875 45.286538461538456 45.30769230769231 0.0 45.30769230769231 3.991033500060439
250000 721.6923076923077 0.21887741958283813 23.85982244230769 0.6875 45.286538461538456 45.30769230769231 0.0 45.30769230769231 3.541737799998373
252000 721.6923076923077 0.21730842790062802 23.85982244230769 0.6875 45.286538461538456 45.30769230769231 0.0 45.30769230769231 3.7453973999945447
254000 721.6923076923077 0.21754401050049482 23.85982244230769 0.6875 45.286538461538456 45.30769230769231 0.0 45.30769230769231 3.9704272999661043
256000 721.6923076923077 0.21754401050049482 23.85982244230769 0.6875 45.286538461538456 45.30769230769231 0.0 45.30769230769231 3.8679312999593094
258000 727.6153846153846 0.2422973368194499 23.81282436538461 0.6875 45.286538461538456 45.30769230769231 0.0 45.30769230769231 4.1343974999617785
260000 727.6153846153846 0.21615480878507076 23.81282436538461 0.6875 45.286538461538456 45.30769230769231 0.0 45.30769230769231 3.7329714000225067
262000 727.6153846153846 0.24355084547164388 23.81282436538461 0.6875 45.286538461538456 45.30769230769231 0.0 45.30769230769231 3.640899599995464
264000 744.3076923076923 0.2761377610209922 23.768593596153842 0.6875 45.286538461538456 45.30769230769231 0.0 45.30769230769231 3.735642999992706
266000 744.3076923076923 0.27607005505973786 23.768593596153842 0.6875 45.286538461538456 45.30769230769231 0.0 45.30769230769231 3.8036803000140935
268000 744.3076923076923 0.27633536836591627 23.768593596153842 0.6875 45.286538461538456 45.30769230769231 0.0 45.30769230769231 3.7377780999522656
270000 744.3076923076923 0.24753549335852723 23.768593596153842 0.6875 45.286538461538456 45.30769230769231 0.0 45.30769230769231 3.8310273999813944
272000 744.3076923076923 0.24753549335852723 23.768593596153842 0.6875 45.286538461538456 45.30769230769231 0.0 45.30769230769231 4.2538900000508875
274000 744.3076923076923 0.24753549335852723 23.768593596153842 0.6875 45.286538461538456 45.30769230769231 0.0 45.30769230769231 4.059706100029871
276000 744.3076923076923 0.24849509350406815 23.768593596153842 0.6875 45.286538461538456 45.30769230769231 0.0 45.30769230769231 3.75904829998035
278000 744.3076923076923 0.27669309443574047 23.768593596153842 0.6875 45.286538461538456 45.30769230769231 0.0 45.30769230769231 4.5678791999816895
280000 727.6153846153846 0.24374845281656798 23.81282436538461 0.6875 45.286538461538456 45.30769230769231 0.0 45.30769230769231 3.7915977000957355
282000 727.6153846153846 0.2436587573280885 23.81282436538461 0.6875 45.286538461538456 45.30769230769231 0.0 45.30769230769231 4.079309399938211
284000 727.6153846153846 0.21518697642448872 23.81282436538461 0.6875 45.286538461538456 45.30769230769231 0.0 45.30769230769231 3.788102100021206
286000 727.6153846153846 0.21504104098537732 23.81282436538461 0.6875 45.286538461538456 45.30769230769231 0.0 45.30769230769231 3.9752301999833435
288000 744.3076923076923 0.2468142918282961 23.768593596153842 0.6875 45.286538461538456 45.30769230769231 0.0 45.30769230769231 3.987347099930048
290000 744.3076923076923 0.24658228925142295 23.768593596153842 0.6875 45.286538461538456 45.30769230769231 0.0 45.30769230769231 4.058934300090186
292000 744.3076923076923 0.24658228925142295 23.768593596153842 0.6875 45.286538461538456 45.30769230769231 0.0 45.30769230769231 3.561523300013505
294000 744.3076923076923 0.27407027770308756 23.768593596153842 0.6875 45.286538461538456 45.30769230769231 0.0 45.30769230769231 4.157594800111838
296000 727.6153846153846 0.2154700643913895 23.81282436538461 0.6875 45.286538461538456 45.30769230769231 0.0 45.30769230769231 3.7760344999842346
298000 727.6153846153846 0.2147476773191219 23.81282436538461 0.6875 45.286538461538456 45.30769230769231 0.0 45.30769230769231 4.043129300000146
300000 727.6153846153846 0.2154700643913895 23.81282436538461 0.6875 45.286538461538456 45.30769230769231 0.0 45.30769230769231 3.904998700018041
302000 727.6153846153846 0.2153083778236913 23.81282436538461 0.6875 45.286538461538456 45.30769230769231 0.0 45.30769230769231 3.9880636000307277
304000 727.6153846153846 0.2156212103269011 23.81282436538461 0.6875 45.286538461538456 45.30769230769231 0.0 45.30769230769231 3.8144549999851733
306000 727.6153846153846 0.21444100086973392 23.81282436538461 0.6875 45.286538461538456 45.30769230769231 0.0 45.30769230769231 4.220518399961293
308000 727.6153846153846 0.21444100086973392 23.81282436538461 0.6875 45.286538461538456 45.30769230769231 0.0 45.30769230769231 3.96001989999786
310000 727.6153846153846 0.21477370136665136 23.81282436538461 0.6875 45.286538461538456 45.30769230769231 0.0 45.30769230769231 4.105421400046907
312000 727.6153846153846 0.21462255543113976 23.81282436538461 0.6875 45.286538461538456 45.30769230769231 0.0 45.30769230769231 3.875462699914351
314000 727.6153846153846 0.21462255543113976 23.81282436538461 0.6875 45.286538461538456 45.30769230769231 0.0 45.30769230769231 3.963881599949673
316000 721.4807692307693 0.19246720866590972 23.833662826923078 0.6826923076923077 45.286538461538456 45.30769230769231 0.0 45.30769230769231 3.7811537999659777
318000 721.4807692307693 0.22030748352775784 23.833662826923078 0.6826923076923077 45.286538461538456 45.30769230769231 0.0 45.30769230769231 4.311563500086777
320000 721.4807692307693 0.22030748352775784 23.833662826923078 0.6826923076923077 45.286538461538456 45.30769230769231 0.0 45.30769230769231 4.3562099999981
322000 727.6153846153846 0.24240889205375515 23.81282436538461 0.6875 45.286538461538456 45.30769230769231 0.0 45.30769230769231 4.25358789996244
324000 727.6153846153846 0.24228705239620957 23.81282436538461 0.6875 45.286538461538456 45.30769230769231 0.0 45.30769230769231 3.617362100048922
326000 727.6153846153846 0.24269549057893677 23.81282436538461 0.6875 45.286538461538456 45.30769230769231 0.0 45.30769230769231 3.6554740000283346
328000 727.6153846153846 0.21464359591528487 23.81282436538461 0.6875 45.286538461538456 45.30769230769231 0.0 45.30769230769231 4.536560399923474
330000 727.6153846153846 0.2137863600840559 23.81282436538461 0.6875 45.286538461538456 45.30769230769231 0.0 45.30769230769231 5.290984499966726
332000 727.6153846153846 0.24171270208366585 23.81282436538461 0.6875 45.286538461538456 45.30769230769231 0.0 45.30769230769231 4.099671499920078
334000 727.6153846153846 0.24171270208366585 23.81282436538461 0.6875 45.286538461538456 45.30769230769231 0.0 45.30769230769231 4.02981690003071
336000 727.6153846153846 0.24198436101572823 23.81282436538461 0.6875 45.286538461538456 45.30769230769231 0.0 45.30769230769231 4.057959400000982
338000 727.6153846153846 0.24192028165376706 23.81282436538461 0.6875 45.286538461538456 45.30769230769231 0.0 45.30769230769231 4.0114257000386715
340000 744.3076923076923 0.2733096896099582 23.768593596153842 0.6875 45.286538461538456 45.30769230769231 0.0 45.30769230769231 3.7654043999500573
342000 744.3076923076923 0.2737720660319182 23.768593596153842 0.6875 45.286538461538456 45.30769230769231 0.0 45.30769230769231 3.849662799970247
344000 744.3076923076923 0.2737720660319182 23.768593596153842 0.6875 45.286538461538456 45.30769230769231 0.0 45.30769230769231 3.996880099992268
346000 744.3076923076923 0.2729229135023822 23.768593596153842 0.6875 45.286538461538456 45.30769230769231 0.0 45.30769230769231 3.8624131000833586
348000 744.3076923076923 0.2728030948801742 23.768593596153842 0.6875 45.286538461538456 45.30769230769231 0.0 45.30769230769231 3.6675292000873014
350000 744.3076923076923 0.273250179006204 23.768593596153842 0.6875 45.286538461538456 45.30769230769231 0.0 45.30769230769231 3.8202913999557495
352000 744.3076923076923 0.27348380683487244 23.768593596153842 0.6875 45.286538461538456 45.30769230769231 0.0 45.30769230769231 4.523124699946493
354000 744.3076923076923 0.27396507991292 23.768593596153842 0.6875 45.286538461538456 45.30769230769231 0.0 45.30769230769231 3.992133899941109
356000 744.3076923076923 0.27396507991292 23.768593596153842 0.6875 45.286538461538456 45.30769230769231 0.0 45.30769230769231 4.160775899887085
358000 744.3076923076923 0.2742790526997866 23.768593596153842 0.6875 45.286538461538456 45.30769230769231 0.0 45.30769230769231 4.278490700060502
360000 744.3076923076923 0.2744112204168764 23.768593596153842 0.6875 45.286538461538456 45.30769230769231 0.0 45.30769230769231 3.969565900042653
362000 744.3076923076923 0.2743572821776436 23.768593596153842 0.6875 45.286538461538456 45.30769230769231 0.0 45.30769230769231 4.244370999978855
364000 744.3076923076923 0.2741770810359486 23.768593596153842 0.6875 45.286538461538456 45.30769230769231 0.0 45.30769230769231 4.0395755000645295
366000 744.3076923076923 0.27392209846462895 23.768593596153842 0.6875 45.286538461538456 45.30769230769231 0.0 45.30769230769231 4.348435300053097
368000 744.3076923076923 0.27412323893930085 23.768593596153842 0.6875 45.286538461538456 45.30769230769231 0.0 45.30769230769231 3.604396800044924
370000 744.3076923076923 0.2743685068985771 23.768593596153842 0.6875 45.286538461538456 45.30769230769231 0.0 45.30769230769231 3.7628795000491664
372000 744.3076923076923 0.2741993154364326 23.768593596153842 0.6875 45.286538461538456 45.30769230769231 0.0 45.30769230769231 4.212326999986544
374000 744.3076923076923 0.27368419101701275 23.768593596153842 0.6875 45.286538461538456 45.30769230769231 0.0 45.30769230769231 4.15999059996102
376000 744.3076923076923 0.27392209846462895 23.768593596153842 0.6875 45.286538461538456 45.30769230769231 0.0 45.30769230769231 4.373973299982026
378000 744.3076923076923 0.27447664291537655 23.768593596153842 0.6875 45.286538461538456 45.30769230769231 0.0 45.30769230769231 3.736471200012602
380000 744.3076923076923 0.2737624204948698 23.768593596153842 0.6875 45.286538461538456 45.30769230769231 0.0 45.30769230769231 4.505976499989629
382000 744.3076923076923 0.2737624204948698 23.768593596153842 0.6875 45.286538461538456 45.30769230769231 0.0 45.30769230769231 3.766393999918364
384000 744.3076923076923 0.27364467641780216 23.768593596153842 0.6875 45.286538461538456 45.30769230769231 0.0 45.30769230769231 3.6600417000008747
386000 744.3076923076923 0.27428649501902513 23.768593596153842 0.6875 45.286538461538456 45.30769230769231 0.0 45.30769230769231 4.010176599957049
388000 744.3076923076923 0.2739478614758352 23.768593596153842 0.6875 45.286538461538456 45.30769230769231 0.0 45.30769230769231 3.8572491999948397
390000 744.3076923076923 0.2732118771946192 23.768593596153842 0.6875 45.286538461538456 45.30769230769231 0.0 45.30769230769231 3.7426726000849158
392000 744.3076923076923 0.2741714773401601 23.768593596153842 0.6875 45.286538461538456 45.30769230769231 0.0 45.30769230769231 4.046043499954976
394000 744.3076923076923 0.273144171233365 23.768593596153842 0.6875 45.286538461538456 45.30769230769231 0.0 45.30769230769231 3.9084970999974757
396000 744.3076923076923 0.27377969226914867 23.768593596153842 0.6875 45.286538461538456 45.30769230769231 0.0 45.30769230769231 4.083059000084177
398000 744.3076923076923 0.273524709697829 23.768593596153842 0.6875 45.286538461538456 45.30769230769231 0.0 45.30769230769231 3.746011500013992
400000 744.3076923076923 0.27377969226914867 23.768593596153842 0.6875 45.286538461538456 45.30769230769231 0.0 45.30769230769231 4.203494400018826
402000 744.3076923076923 0.2736216293853528 23.768593596153842 0.6875 45.286538461538456 45.30769230769231 0.0 45.30769230769231 3.833620100049302
404000 744.3076923076923 0.2736216293853528 23.768593596153842 0.6875 45.286538461538456 45.30769230769231 0.0 45.30769230769231 4.03822779993061
406000 744.3076923076923 0.2736216293853528 23.768593596153842 0.6875 45.286538461538456 45.30769230769231 0.0 45.30769230769231 3.9172222999623045
408000 744.3076923076923 0.2736216293853528 23.768593596153842 0.6875 45.286538461538456 45.30769230769231 0.0 45.30769230769231 3.848885799990967
410000 744.3076923076923 0.2733666468140331 23.768593596153842 0.6875 45.286538461538456 45.30769230769231 0.0 45.30769230769231 3.905046400032006
412000 744.3076923076923 0.24577379289218654 23.768593596153842 0.6875 45.286538461538456 45.30769230769231 0.0 45.30769230769231 3.799228399991989
414000 744.3076923076923 0.2734570037365747 23.768593596153842 0.6875 45.286538461538456 45.30769230769231 0.0 45.30769230769231 4.05797760002315
416000 744.3076923076923 0.2734570037365747 23.768593596153842 0.6875 45.286538461538456 45.30769230769231 0.0 45.30769230769231 4.299361899960786
418000 744.3076923076923 0.2730544757448855 23.768593596153842 0.6875 45.286538461538456 45.30769230769231 0.0 45.30769230769231 3.990341299911961
420000 744.3076923076923 0.2733666468140331 23.768593596153842 0.6875 45.286538461538456 45.30769230769231 0.0 45.30769230769231 4.174735200009309
422000 744.3076923076923 0.27327695132555363 23.768593596153842 0.6875 45.286538461538456 45.30769230769231 0.0 45.30769230769231 3.9705396000063047
424000 744.3076923076923 0.2733666468140331 23.768593596153842 0.6875 45.286538461538456 45.30769230769231 0.0 45.30769230769231 3.7879804000258446
426000 744.3076923076923 0.27305347687854953 23.768593596153842 0.6875 45.286538461538456 45.30769230769231 0.0 45.30769230769231 4.299718199996278
428000 744.3076923076923 0.273877776241631 23.768593596153842 0.6875 45.286538461538456 45.30769230769231 0.0 45.30769230769231 4.061450299923308
430000 744.3076923076923 0.2732118771946192 23.768593596153842 0.6875 45.286538461538456 45.30769230769231 0.0 45.30769230769231 4.070229999953881
432000 744.3076923076923 0.2732495713202559 23.768593596153842 0.6875 45.286538461538456 45.30769230769231 0.0 45.30769230769231 3.965695600025356
434000 744.3076923076923 0.27340071725576753 23.768593596153842 0.6875 45.286538461538456 45.30769230769231 0.0 45.30769230769231 3.8813075000653043
436000 744.3076923076923 0.2731526516327321 23.768593596153842 0.6875 45.286538461538456 45.30769230769231 0.0 45.30769230769231 4.091213800013065
438000 744.3076923076923 0.2731526516327321 23.768593596153842 0.6875 45.286538461538456 45.30769230769231 0.0 45.30769230769231 3.990773299941793
440000 744.3076923076923 0.2732423471212116 23.768593596153842 0.6875 45.286538461538456 45.30769230769231 0.0 45.30769230769231 3.3935786000220105
442000 744.3076923076923 0.2730864372181409 23.768593596153842 0.6875 45.286538461538456 45.30769230769231 0.0 45.30769230769231 3.6650938999373466
444000 744.3076923076923 0.2737526736974264 23.768593596153842 0.6875 45.286538461538456 45.30769230769231 0.0 45.30769230769231 3.442810699925758
446000 744.3076923076923 0.2730864372181409 23.768593596153842 0.6875 45.286538461538456 45.30769230769231 0.0 45.30769230769231 3.2940504000289366
448000 744.3076923076923 0.2730864372181409 23.768593596153842 0.6875 45.286538461538456 45.30769230769231 0.0 45.30769230769231 3.4242624999023974
450000 744.3076923076923 0.2737526736974264 23.768593596153842 0.6875 45.286538461538456 45.30769230769231 0.0 45.30769230769231 2.668705900083296
452000 744.3076923076923 0.2448682313467432 23.768593596153842 0.6875 45.286538461538456 45.30769230769231 0.0 45.30769230769231 3.02056650002487
454000 744.3076923076923 0.2730864372181409 23.768593596153842 0.6875 45.286538461538456 45.30769230769231 0.0 45.30769230769231 2.848713399958797
456000 744.3076923076923 0.27255044332479533 23.768593596153842 0.6875 45.286538461538456 45.30769230769231 0.0 45.30769230769231 3.0621128999628127
458000 744.3076923076923 0.27255044332479533 23.768593596153842 0.6875 45.286538461538456 45.30769230769231 0.0 45.30769230769231 2.931052800035104
460000 744.3076923076923 0.2730144414721068 23.768593596153842 0.6875 45.286538461538456 45.30769230769231 0.0 45.30769230769231 2.727108099963516
462000 744.3076923076923 0.2738365878544629 23.768593596153842 0.6875 45.286538461538456 45.30769230769231 0.0 45.30769230769231 2.7196083999006078
464000 744.3076923076923 0.2731703513751774 23.768593596153842 0.6875 45.286538461538456 45.30769230769231 0.0 45.30769230769231 3.3906096999999136
466000 744.3076923076923 0.272706353227866 23.768593596153842 0.6875 45.286538461538456 45.30769230769231 0.0 45.30769230769231 2.8130628999788314
468000 744.3076923076923 0.2740915704257826 23.768593596153842 0.6875 45.286538461538456 45.30769230769231 0.0 45.30769230769231 3.1306157999206334
470000 744.3076923076923 0.2740915704257826 23.768593596153842 0.6875 45.286538461538456 45.30769230769231 0.0 45.30769230769231 3.3713221000507474
472000 744.3076923076923 0.2734253339464971 23.768593596153842 0.6875 45.286538461538456 45.30769230769231 0.0 45.30769230769231 2.869744100025855
474000 744.3076923076923 0.2734253339464971 23.768593596153842 0.6875 45.286538461538456 45.30769230769231 0.0 45.30769230769231 2.499631499988027
476000 744.3076923076923 0.2740915704257826 23.768593596153842 0.6875 45.286538461538456 45.30769230769231 0.0 45.30769230769231 1.9713960000080988
478000 744.3076923076923 0.2738365878544629 23.768593596153842 0.6875 45.286538461538456 45.30769230769231 0.0 45.30769230769231 1.9444444999098778
480000 744.3076923076923 0.2740915704257826 23.768593596153842 0.6875 45.286538461538456 45.30769230769231 0.0 45.30769230769231 1.9699245999800041
482000 744.3076923076923 0.27339486401990476 23.768593596153842 0.6875 45.286538461538456 45.30769230769231 0.0 45.30769230769231 1.7783467000117525
484000 744.3076923076923 0.2740915704257826 23.768593596153842 0.6875 45.286538461538456 45.30769230769231 0.0 45.30769230769231 1.7790901000844315
486000 744.3076923076923 0.2740915704257826 23.768593596153842 0.6875 45.286538461538456 45.30769230769231 0.0 45.30769230769231 1.9364168000174686
488000 744.3076923076923 0.2740915704257826 23.768593596153842 0.6875 45.286538461538456 45.30769230769231 0.0 45.30769230769231 1.7266570999054238
490000 744.3076923076923 0.2740915704257826 23.768593596153842 0.6875 45.286538461538456 45.30769230769231 0.0 45.30769230769231 1.6966292000142857
492000 744.3076923076923 0.2740915704257826 23.768593596153842 0.6875 45.286538461538456 45.30769230769231 0.0 45.30769230769231 1.7280317000113428
494000 744.3076923076923 0.2740915704257826 23.768593596153842 0.6875 45.286538461538456 45.30769230769231 0.0 45.30769230769231 1.7892278999788687
496000 744.3076923076923 0.2740915704257826 23.768593596153842 0.6875 45.286538461538456 45.30769230769231 0.0 45.30769230769231 1.8277118999976665
498000 744.3076923076923 0.2740915704257826 23.768593596153842 0.6875 45.286538461538456 45.30769230769231 0.0 45.30769230769231 1.7248759000794962
500000 744.3076923076923 0.2740915704257826 23.768593596153842 0.6875 45.286538461538456 45.30769230769231 0.0 45.30769230769231 1.6152479000156745
