2000 2.6666666666666665 -0.9629495696085121 38.909271351851835 0.032407407407407406 45.312962962962956 45.333333333333336 0.0 45.333333333333336 0.6569602999952622
4000 2.1666666666666665 -0.9814684980883117 38.89757161111112 0.038580246913580245 45.312962962962956 45.333333333333336 0.0 45.333333333333336 0.7638450999947963
6000 1.6481481481481481 -1.0 38.082571611111106 0.08487654320987653 45.312962962962956 45.333333333333336 0.0 45.333333333333336 0.6950007999985246
8000 3.0 -1.0 38.14284755555555 0.12191358024691358 45.312962962962956 45.333333333333336 0.0 45.333333333333336 0.7761743000010028
10000 2.074074074074074 -0.9443991617855632 38.89899357407408 0.07716049382716049 45.312962962962956 45.333333333333336 0.0 45.333333333333336 0.8626649999932852
12000 2.4074074074074074 -0.9442711734249523 38.68325283333334 0.08333333333333333 45.312962962962956 45.333333333333336 0.018518518518518517 45.31481481481482 1.011932199995499
14000 2.0185185185185186 -0.9629248143659409 38.908252833333336 0.07716049382716049 45.312962962962956 45.333333333333336 0.018518518518518517 45.31481481481482 0.8082763999991585
16000 2.0185185185185186 -1.0 38.862108648148144 0.07716049382716049 45.312962962962956 45.333333333333336 0.0 45.333333333333336 0.6803644000028726
18000 3.685185185185185 -0.9443963596254382 37.17020850000001 0.12654320987654322 45.312962962962956 45.333333333333336 0.0 45.333333333333336 1.1250051999959396
20000 8.666666666666666 -0.4992836878417888 35.92437516666667 0.17901234567901234 45.312962962962956 45.333333333333336 0.0 45.333333333333336 1.2861219000042183
22000 10.018518518518519 0.0022380823191564623 34.23325283333333 0.23302469135802467 45.312962962962956 45.333333333333336 0.018518518518518517 45.31481481481482 1.5877863999921829
24000 8.5 -0.9443557705794036 32.92677135185185 0.29783950617283955 45.312962962962956 45.333333333333336 0.018518518518518517 45.31481481481482 1.5965259999939008
26000 5.814814814814815 -0.9069958663229524 36.20657962962964 0.15895061728395063 45.312962962962956 45.333333333333336 0.018518518518518517 45.31481481481482 1.0924106000020402
28000 3.1296296296296298 -0.9628320549853553 38.314502833333336 0.09567901234567901 45.312962962962956 45.333333333333336 0.018518518518518517 45.31481481481482 1.217551800000365
30000 7.296296296296297 -1.0 36.50764603703704 0.13425925925925924 45.312962962962956 45.333333333333336 0.0 45.333333333333336 0.9792165999970166
32000 7.314814814814815 -1.0 36.54468307407408 0.13425925925925924 45.312962962962956 45.333333333333336 0.0 45.333333333333336 0.9870389999996405
34000 15.24074074074074 -0.07220926047411748 32.84496805555557 0.26080246913580246 45.312962962962956 45.333333333333336 0.018518518518518517 45.31481481481482 1.6574622000043746
36000 13.722222222222221 0.0008022381312790003 32.64928257407408 0.26543209876543206 45.312962962962956 45.333333333333336 0.018518518518518517 45.31481481481482 1.7025282999966294
38000 11.12962962962963 0.0012111606218750195 32.552986277777784 0.2638888888888889 45.312962962962956 45.333333333333336 0.018518518518518517 45.31481481481482 1.6788846999988891
40000 14.24074074074074 0.0020102091836776545 32.538171462962964 0.26543209876543206 45.312962962962956 45.333333333333336 0.018518518518518517 45.31481481481482 1.5926971000008052
42000 16.59259259259259 -0.9070237191627536 32.65949788888889 0.26851851851851855 45.312962962962956 45.333333333333336 0.018518518518518517 45.31481481481482 1.4209084999893093
44000 13.61111111111111 0.002063776383227673 32.51262912962963 0.2993827160493827 45.312962962962956 45.333333333333336 0.018518518518518517 45.31481481481482 1.580927300004987
46000 13.203703703703704 0.0024452259454940985 32.49411061111111 0.29320987654320985 45.312962962962956 45.333333333333336 0.018518518518518517 45.31481481481482 1.7251451999909477
48000 11.444444444444445 -0.0170105637245592 32.70269727777778 0.29320987654320985 45.312962962962956 45.333333333333336 0.018518518518518517 45.31481481481482 1.667036700004246
50000 25.333333333333332 -0.03221914568974143 31.176678759259264 0.3225308641975309 45.312962962962956 45.333333333333336 0.018518518518518517 45.31481481481482 1.7409455000015441
52000 24.37037037037037 0.005825878908839049 30.693345425925926 0.3256172839506173 45.312962962962956 45.333333333333336 0.018518518518518517 45.31481481481482 1.6484092000027886
54000 18.11111111111111 0.003427964086728225 31.422975055555554 0.31944444444444436 45.312962962962956 45.333333333333336 0.018518518518518517 45.31481481481482 1.69093850000354
56000 26.51851851851852 -0.010551881229692306 32.23603061111111 0.337962962962963 45.312962962962956 45.333333333333336 0.018518518518518517 45.31481481481482 1.7438582999893697
58000 18.24074074074074 0.002982083919808013 32.45584542592593 0.29629629629629634 45.312962962962956 45.333333333333336 0.0 45.333333333333336 1.7310026999912225
60000 21.203703703703702 0.00452571434667935 31.641030611111116 0.3101851851851852 45.312962962962956 45.333333333333336 0.0 45.333333333333336 1.6404882999922847
62000 22.166666666666668 0.003800761050201353 31.763252833333336 0.34722222222222215 45.312962962962956 45.333333333333336 0.018518518518518517 45.31481481481482 1.6880794000026071
64000 30.0 0.0033648453972996667 30.673067648148155 0.3626543209876543 45.312962962962956 45.333333333333336 0.018518518518518517 45.31481481481482 1.6780475999985356
66000 30.51851851851852 0.005702156777718864 30.874363944444447 0.35802469135802467 45.312962962962956 45.333333333333336 0.018518518518518517 45.31481481481482 1.68190890000551
68000 19.555555555555557 0.0035504349164425636 31.41186394444445 0.3148148148148148 45.312962962962956 45.333333333333336 0.018518518518518517 45.31481481481482 1.6500941999984207
70000 11.481481481481481 -0.16416516335963718 33.62084542592592 0.2608024691358025 45.312962962962956 45.333333333333336 0.018518518518518517 45.31481481481482 1.643368899996858
72000 25.48148148148148 -0.3106190255315777 32.05973431481481 0.3302469135802469 45.312962962962956 45.333333333333336 0.018518518518518517 45.31481481481482 1.580109500006074
74000 30.75925925925926 -0.1073567722168252 30.46556764814815 0.3564814814814814 45.312962962962956 45.333333333333336 0.018518518518518517 45.31481481481482 1.6762281999981496
76000 35.648148148148145 0.005601193919079161 29.847049129629635 0.37499999999999994 45.312962962962956 45.333333333333336 0.018518518518518517 45.31481481481482 1.6764776000054553
78000 35.666666666666664 0.005628715809057112 29.837789870370376 0.37499999999999994 45.312962962962956 45.333333333333336 0.018518518518518517 45.31481481481482 1.7161931000009645
80000 34.870370370370374 0.005473177027642885 29.902604685185192 0.3641975308641975 45.312962962962956 45.333333333333336 0.018518518518518517 45.31481481481482 1.5907142000069143
82000 38.31481481481482 0.009301227325810917 30.052604685185184 0.3765432098765431 45.312962962962956 45.333333333333336 0.018518518518518517 45.31481481481482 1.6267237000138266
84000 27.37037037037037 0.008011009593038512 30.90630838888889 0.35802469135802467 45.312962962962956 45.333333333333336 0.018518518518518517 45.31481481481482 1.6391965000075288
86000 37.648148148148145 0.011803676308790192 30.440038592592597 0.39043209876543206 45.312962962962956 45.333333333333336 0.018518518518518517 45.31481481481482 1.7062118999892846
88000 25.85185185185185 -0.1424784817366661 31.355200611111112 0.3441358024691359 45.312962962962956 45.333333333333336 0.018518518518518517 45.31481481481482 1.6078747999999905
90000 30.98148148148148 -0.14261376492771302 31.04887346296297 0.3657407407407408 45.312962962962956 45.333333333333336 0.018518518518518517 45.31481481481482 1.6617977999994764
92000 42.870370370370374 -0.09890025643069231 31.123564833333337 0.3657407407407408 45.312962962962956 45.333333333333336 0.018518518518518517 45.31481481481482 1.6871433000051184
94000 34.388888888888886 -0.121396435048396 31.519861129629632 0.34259259259259267 45.312962962962956 45.333333333333336 0.018518518518518517 45.31481481481482 1.5980101000022842
96000 36.611111111111114 -0.09962788489373614 30.766157425925933 0.39043209876543217 45.312962962962956 45.333333333333336 0.018518518518518517 45.31481481481482 1.689156800013734
98000 43.907407407407405 -0.09851715270429408 30.56245372222223 0.3981481481481482 45.312962962962956 45.333333333333336 0.018518518518518517 45.31481481481482 1.6903794999961974
100000 29.0 0.006878853472196122 31.354549129629632 0.3672839506172839 45.312962962962956 45.333333333333336 0.018518518518518517 45.31481481481482 1.6678941999998642
102000 76.22222222222223 0.023387749351792355 29.16010468518519 0.4861111111111111 45.312962962962956 45.333333333333336 0.018518518518518517 45.31481481481482 1.6844978999870364
104000 56.370370370370374 0.009389008031430786 29.33566024074074 0.49382716049382713 45.312962962962956 45.333333333333336 0.018518518518518517 45.31481481481482 1.6742344999947818
106000 68.96296296296296 0.012851019781610754 29.174919500000005 0.478395061728395 45.312962962962956 45.333333333333336 0.018518518518518517 45.31481481481482 1.6625141999975313
108000 55.111111111111114 0.005914357197894029 29.141586166666663 0.46913580246913583 45.312962962962956 45.333333333333336 0.018518518518518517 45.31481481481482 1.6258682000043336
110000 61.7962962962963 -0.010211564458717562 28.878959407407407 0.4537037037037038 45.312962962962956 45.333333333333336 0.018518518518518517 45.31481481481482 1.7735517999972217
112000 59.870370370370374 0.00805104628860239 28.73153475925927 0.5185185185185185 45.312962962962956 45.333333333333336 0.018518518518518517 45.31481481481482 1.6038645000080578
114000 57.2037037037037 0.00813529600285452 28.646604203703713 0.5354938271604938 45.312962962962956 45.333333333333336 0.018518518518518517 45.31481481481482 1.7490919999981998
116000 50.5 -0.31161940421411244 29.239951555555542 0.4614197530864197 45.312962962962956 45.333333333333336 0.018518518518518517 45.31481481481482 1.6624305000004824
118000 59.94444444444444 -0.04883153974524658 28.849095074074075 0.46913580246913583 45.312962962962956 45.333333333333336 0.018518518518518517 45.31481481481482 1.702322599987383
120000 62.888888888888886 0.008216078796064862 28.56523846296297 0.5324074074074073 45.312962962962956 45.333333333333336 0.018518518518518517 45.31481481481482 1.6932094999938272
122000 56.03703703703704 0.007383108662437751 28.846604203703713 0.529320987654321 45.312962962962956 45.333333333333336 0.018518518518518517 45.31481481481482 1.738395499996841
124000 47.77777777777778 0.006589348221510741 29.297844277777784 0.49074074074074076 45.312962962962956 45.333333333333336 0.018518518518518517 45.31481481481482 1.7977317000040784
126000 47.611111111111114 0.009716538067258194 29.315122722222227 0.47530864197530875 45.312962962962956 45.333333333333336 0.018518518518518517 45.31481481481482 1.74334380000073
128000 47.96296296296296 0.006146603885980637 29.273414870370377 0.43827160493827155 45.312962962962956 45.333333333333336 0.018518518518518517 45.31481481481482 1.6421065000031376
130000 50.129629629629626 0.00998638531583091 29.062344944444447 0.5123456790123456 45.312962962962956 45.333333333333336 0.018518518518518517 45.31481481481482 1.7337009999901056
132000 54.01851851851852 0.00698253990890816 28.867900500000005 0.5216049382716049 45.312962962962956 45.333333333333336 0.018518518518518517 45.31481481481482 1.6943074000009801
134000 58.129629629629626 0.007848248699605051 28.851648796296303 0.4737654320987654 45.312962962962956 45.333333333333336 0.018518518518518517 45.31481481481482 1.7370582000003196
136000 66.37037037037037 0.011964406344380509 28.7925120925926 0.48456790123456794 45.312962962962956 45.333333333333336 0.018518518518518517 45.31481481481482 1.7220847000135109
138000 38.092592592592595 0.010930635366198257 30.728548648148156 0.43827160493827155 45.312962962962956 45.333333333333336 0.018518518518518517 45.31481481481482 1.6223689000034938
140000 44.5 0.01000263998477842 29.815891722222226 0.43364197530864196 45.312962962962956 45.333333333333336 0.018518518518518517 45.31481481481482 1.681396300002234
142000 36.166666666666664 0.009212580569596236 30.1604930925926 0.46450617283950624 45.312962962962956 45.333333333333336 0.018518518518518517 45.31481481481482 1.7038724000012735
144000 45.407407407407405 0.011264443136198513 29.583947277777778 0.43209876543209874 45.312962962962956 45.333333333333336 0.018518518518518517 45.31481481481482 1.7662406000017654
146000 33.370370370370374 0.004746346423797645 30.836030611111113 0.3564814814814814 45.312962962962956 45.333333333333336 0.018518518518518517 45.31481481481482 1.659781700000167
148000 34.94444444444444 0.005629575119459828 30.767164870370376 0.3564814814814814 45.312962962962956 45.333333333333336 0.018518518518518517 45.31481481481482 1.7353372999932617
150000 36.370370370370374 0.006785352771791527 30.474919500000006 0.37962962962962954 45.312962962962956 45.333333333333336 0.018518518518518517 45.31481481481482 1.7541802000050666
152000 46.925925925925924 0.011236372162697406 30.135104685185187 0.4074074074074074 45.312962962962956 45.333333333333336 0.018518518518518517 45.31481481481482 1.660449899995001
154000 59.18518518518518 0.008073835432018749 29.029542314814815 0.46450617283950624 45.312962962962956 45.333333333333336 0.018518518518518517 45.31481481481482 1.6634061000077054
156000 111.72222222222223 0.03011180385243992 27.643345425925926 0.5524691358024691 45.312962962962956 45.333333333333336 0.018518518518518517 45.31481481481482 1.7039279000018723
158000 85.51851851851852 0.02190112152067658 28.404549129629636 0.5061728395061729 45.312962962962956 45.333333333333336 0.018518518518518517 45.31481481481482 1.7112546000134898
160000 63.2962962962963 0.013406209352134492 29.197049129629633 0.4598765432098765 45.312962962962956 45.333333333333336 0.018518518518518517 45.31481481481482 1.7732278000039514
162000 70.5925925925926 0.014719873424691896 28.58695653703704 0.47376543209876537 45.312962962962956 45.333333333333336 0.018518518518518517 45.31481481481482 1.7466897999984212
164000 70.42592592592592 0.013062006390550293 28.571215796296297 0.4938271604938271 45.312962962962956 45.333333333333336 0.018518518518518517 45.31481481481482 1.6873720000003232
166000 69.77777777777777 0.015941894743795957 28.608252833333335 0.49074074074074076 45.312962962962956 45.333333333333336 0.018518518518518517 45.31481481481482 1.6906836999987718
168000 60.03703703703704 -0.046875877038557695 28.84318522222222 0.49382716049382713 45.312962962962956 45.333333333333336 0.018518518518518517 45.31481481481482 1.744156800006749
170000 61.98148148148148 -0.0461006163079683 28.6369682962963 0.49845679012345673 45.312962962962956 45.333333333333336 0.018518518518518517 45.31481481481482 1.6469363999931375
172000 58.370370370370374 0.007332041718623759 28.822141722222227 0.47222222222222215 45.312962962962956 45.333333333333336 0.018518518518518517 45.31481481481482 1.7297009000030812
174000 64.79629629629629 0.006749243275603001 28.673067648148148 0.4691358024691358 45.312962962962956 45.333333333333336 0.018518518518518517 45.31481481481482 1.7670549000031315
176000 94.37037037037037 0.02197126051935691 27.993345425925927 0.4768518518518518 45.312962962962956 45.333333333333336 0.018518518518518517 45.31481481481482 1.7618323000060627
178000 102.14814814814815 0.005492174681100467 27.728530611111115 0.49845679012345673 45.312962962962956 45.333333333333336 0.018518518518518517 45.31481481481482 1.862626400004956
180000 102.14814814814815 0.005492174681100467 27.728530611111115 0.49845679012345673 45.312962962962956 45.333333333333336 0.018518518518518517 45.31481481481482 1.691597199998796
182000 102.16666666666667 0.005501984082175744 27.719271351851855 0.49845679012345673 45.312962962962956 45.333333333333336 0.018518518518518517 45.31481481481482 1.6901368999970146
184000 109.61111111111111 0.009783629753588626 27.723557074074076 0.48611111111111105 45.312962962962956 45.333333333333336 0.018518518518518517 45.31481481481482 1.7757189999974798
186000 105.25925925925925 0.0069787167827687615 27.737789870370374 0.49845679012345673 45.312962962962956 45.333333333333336 0.018518518518518517 45.31481481481482 1.7275535000080708
188000 105.25925925925925 0.0069787167827687615 27.737789870370374 0.49845679012345673 45.312962962962956 45.333333333333336 0.018518518518518517 45.31481481481482 1.6571356999920681
190000 106.14814814814815 0.007060552180206707 27.728530611111115 0.49845679012345673 45.312962962962956 45.333333333333336 0.018518518518518517 45.31481481481482 1.7406952999881469
192000 99.81481481481481 0.003964014443446113 27.747049129629634 0.48611111111111105 45.312962962962956 45.333333333333336 0.018518518518518517 45.31481481481482 1.6948207000095863
194000 134.07407407407408 0.022373295222670182 27.456308388888893 0.5416666666666666 45.312962962962956 45.333333333333336 0.018518518518518517 45.31481481481482 1.7643343999952776
196000 144.74074074074073 0.022008884939014435 27.417954685185187 0.5462962962962963 45.312962962962956 45.333333333333336 0.018518518518518517 45.31481481481482 1.7840365000010934
198000 322.5 0.12584437878674393 26.118200037037038 0.5833333333333333 45.312962962962956 45.333333333333336 0.0 45.333333333333336 1.73042500000156
200000 325.2037037037037 -0.02473642175976771 26.030114518518513 0.58179012345679 45.312962962962956 45.333333333333336 0.0 45.333333333333336 1.7628521000006003
202000 327.5925925925926 0.05945135479025301 25.99307748148148 0.58179012345679 45.312962962962956 45.333333333333336 0.0 45.333333333333336 1.855748100002529
204000 310.5740740740741 -0.7965723580626475 26.363447851851852 0.58179012345679 45.312962962962956 45.333333333333336 0.0 45.333333333333336 1.7566412999876775
206000 306.7037037037037 -1.0 26.456040444444444 0.5771604938271605 45.312962962962956 45.333333333333336 0.0 45.333333333333336 1.6708405999961542
208000 306.7037037037037 -1.0 26.456040444444444 0.5771604938271605 45.312962962962956 45.333333333333336 0.0 45.333333333333336 1.6620444000000134
210000 299.6666666666667 -0.9525641741757113 25.98705331481481 0.5895061728395061 45.312962962962956 45.333333333333336 0.0 45.333333333333336 1.6513511999946786
212000 286.6111111111111 -1.0 26.089698814814806 0.5895061728395061 45.312962962962956 45.333333333333336 0.0 45.333333333333336 1.6251714000100037
214000 430.9259259259259 -0.7234965558546081 25.64675877777777 0.6481481481481481 45.312962962962956 45.333333333333336 0.0 45.333333333333336 1.8267962999962037
216000 321.7962962962963 -0.9791357353519893 26.402105259259255 0.5771604938271605 45.312962962962956 45.333333333333336 0.0 45.333333333333336 1.8046367000060854
218000 402.51851851851853 -0.7491255378659678 25.904833018518516 0.6018518518518519 45.312962962962956 45.333333333333336 0.0 45.333333333333336 1.7531381000007968
220000 315.31481481481484 -0.9779916058196144 26.424685222222223 0.58179012345679 45.312962962962956 45.333333333333336 0.0 45.333333333333336 1.6499061999929836
222000 306.7037037037037 -1.0 26.456040444444444 0.5771604938271605 45.312962962962956 45.333333333333336 0.0 45.333333333333336 1.719323400000576
224000 306.7037037037037 -1.0 26.456040444444444 0.5771604938271605 45.312962962962956 45.333333333333336 0.0 45.333333333333336 1.5601998000056483
226000 306.7037037037037 -1.0 26.456040444444444 0.5771604938271605 45.312962962962956 45.333333333333336 0.0 45.333333333333336 1.8712022000108846
228000 404.18518518518516 -0.7753922061608004 25.939393203703702 0.5925925925925926 45.312962962962956 45.333333333333336 0.0 45.333333333333336 1.7279397999955108
230000 334.44444444444446 -0.9332496148779709 26.311259296296292 0.58179012345679 45.312962962962956 45.333333333333336 0.0 45.333333333333336 1.7613528000074439
232000 306.7037037037037 -1.0 26.456040444444444 0.5771604938271605 45.312962962962956 45.333333333333336 0.0 45.333333333333336 1.6260810000094352
234000 334.44444444444446 -0.9332496148779709 26.311259296296292 0.58179012345679 45.312962962962956 45.333333333333336 0.0 45.333333333333336 1.65560669999104
236000 490.4074074074074 -0.5635542130068458 25.72254135185185 0.6249999999999999 45.312962962962956 45.333333333333336 0.018518518518518517 45.31481481481482 1.6619817000027979
238000 632.2777777777778 -0.03934399982718139 24.37890309259259 0.6620370370370369 45.312962962962956 45.333333333333336 0.0 45.333333333333336 1.6640900000056718
240000 671.9629629629629 0.06874685219278881 24.390620055555548 0.6435185185185184 45.312962962962956 45.333333333333336 0.0 45.333333333333336 1.765607599998475
242000 698.8518518518518 0.13147260057252239 24.292766055555553 0.6728395061728395 45.312962962962956 45.333333333333336 0.0 45.333333333333336 1.640936600000714
244000 725.9814814814815 0.19863780041453258 23.844180870370366 0.6774691358024691 45.312962962962956 45.333333333333336 0.0 45.333333333333336 1.7353062000038335
246000 720.5925925925926 0.1782600951352333 24.146032722222223 0.6774691358024691 45.312962962962956 45.333333333333336 0.0 45.333333333333336 1.6978410000010626
248000 725.9814814814815 0.19942674090136397 23.844180870370366 0.6774691358024691 45.312962962962956 45.333333333333336 0.0 45.333333333333336 1.7949277000006987
250000 725.9814814814815 0.19885770793284346 23.844180870370366 0.6774691358024691 45.312962962962956 45.333333333333336 0.0 45.333333333333336 1.732697300001746
252000 725.9814814814815 0.19746904699145434 23.844180870370366 0.6774691358024691 45.312962962962956 45.333333333333336 0.0 45.333333333333336 1.7781862999981968
254000 733.0185185185185 0.22148777596982333 23.806680870370364 0.6774691358024691 45.312962962962956 45.333333333333336 0.0 45.333333333333336 1.737621799999033
256000 733.0185185185185 0.22148777596982333 23.806680870370364 0.6774691358024691 45.312962962962956 45.333333333333336 0.0 45.333333333333336 1.6545763000031002
258000 738.7222222222222 0.24520209248733724 23.76142346296296 0.6774691358024691 45.312962962962956 45.333333333333336 0.0 45.333333333333336 1.6942741999955615
260000 728.1296296296297 0.1679403152094887 23.78549753703703 0.6774691358024691 45.312962962962956 45.333333333333336 0.0 45.333333333333336 1.7210836000012932
262000 738.7222222222222 0.24651971848145668 23.76142346296296 0.6774691358024691 45.312962962962956 45.333333333333336 0.0 45.333333333333336 1.830686200002674
264000 754.7962962962963 0.2778997112326809 23.718830870370365 0.6774691358024691 45.312962962962956 45.333333333333336 0.0 45.333333333333336 1.6840683000045829
266000 754.7962962962963 0.2778345128996213 23.718830870370365 0.6774691358024691 45.312962962962956 45.333333333333336 0.0 45.333333333333336 1.7247197999968193
268000 754.7962962962963 0.2778997112326809 23.718830870370365 0.6774691358024691 45.312962962962956 45.333333333333336 0.0 45.333333333333336 1.6556061000010232
270000 744.2037037037037 0.1980790072400821 23.74290494444444 0.6774691358024691 45.312962962962956 45.333333333333336 0.0 45.333333333333336 1.7121482000075048
272000 744.2037037037037 0.19862410029679042 23.74290494444444 0.6774691358024691 45.312962962962956 45.333333333333336 0.0 45.333333333333336 1.6884812000062084
274000 744.2037037037037 0.19862410029679042 23.74290494444444 0.6774691358024691 45.312962962962956 45.333333333333336 0.0 45.333333333333336 1.6146739999967394
276000 744.2037037037037 0.19954815969620018 23.74290494444444 0.6774691358024691 45.312962962962956 45.333333333333336 0.0 45.333333333333336 1.8079265999986092
278000 754.7962962962963 0.2787892812455163 23.718830870370365 0.6774691358024691 45.312962962962956 45.333333333333336 0.0 45.333333333333336 1.706817800004501
280000 738.7222222222222 0.24726608829173208 23.76142346296296 0.6774691358024691 45.312962962962956 45.333333333333336 0.0 45.333333333333336 1.8692602999944938
282000 738.7222222222222 0.24726608829173208 23.76142346296296 0.6774691358024691 45.312962962962956 45.333333333333336 0.0 45.333333333333336 1.7080975999997463
284000 733.3888888888889 0.19135192167586046 23.77068272222222 0.6774691358024691 45.312962962962956 45.333333333333336 0.0 45.333333333333336 1.7836279000039212
286000 733.3888888888889 0.19121139125301245 23.77068272222222 0.6774691358024691 45.312962962962956 45.333333333333336 0.0 45.333333333333336 1.8235424000013154
288000 749.4629629629629 0.22180785502767492 23.728090129629624 0.6774691358024691 45.312962962962956 45.333333333333336 0.0 45.333333333333336 1.8830795000103535
290000 744.2037037037037 0.1977925734788554 23.74290494444444 0.6774691358024691 45.312962962962956 45.333333333333336 0.0 45.333333333333336 1.8717750999931013
292000 744.2037037037037 0.1977925734788554 23.74290494444444 0.6774691358024691 45.312962962962956 45.333333333333336 0.0 45.333333333333336 1.7509018999990076
294000 754.7962962962963 0.27612936346438643 23.718830870370365 0.6774691358024691 45.312962962962956 45.333333333333336 0.0 45.333333333333336 1.7080206000100588
296000 738.7222222222222 0.21459186035716257 23.76142346296296 0.6774691358024691 45.312962962962956 45.333333333333336 0.0 45.333333333333336 1.7355396000057226
298000 728.1296296296297 0.16691640540545458 23.78549753703703 0.6774691358024691 45.312962962962956 45.333333333333336 0.0 45.333333333333336 1.691435700005968
300000 728.1296296296297 0.16761203740097147 23.78549753703703 0.6774691358024691 45.312962962962956 45.333333333333336 0.0 45.333333333333336 1.7330561999988277
302000 738.7222222222222 0.2198727039045434 23.76142346296296 0.6774691358024691 45.312962962962956 45.333333333333336 0.0 45.333333333333336 1.852024399995571
304000 738.7222222222222 0.21984507636139203 23.76142346296296 0.6774691358024691 45.312962962962956 45.333333333333336 0.0 45.333333333333336 1.8094463000015821
306000 738.7222222222222 0.21870857836560142 23.76142346296296 0.6774691358024691 45.312962962962956 45.333333333333336 0.0 45.333333333333336 1.7000465000019176
308000 738.7222222222222 0.21870857836560142 23.76142346296296 0.6774691358024691 45.312962962962956 45.333333333333336 0.0 45.333333333333336 1.766039099995396
310000 738.7222222222222 0.21392128855556292 23.76142346296296 0.6774691358024691 45.312962962962956 45.333333333333336 0.0 45.333333333333336 1.773357300000498
312000 728.1296296296297 0.16679591766147175 23.78549753703703 0.6774691358024691 45.312962962962956 45.333333333333336 0.0 45.333333333333336 1.7212207999982638
314000 728.1296296296297 0.16679591766147175 23.78549753703703 0.6774691358024691 45.312962962962956 45.333333333333336 0.0 45.333333333333336 1.6201693000039086
316000 722.2222222222222 0.14546113929495397 23.8055642037037 0.6728395061728395 45.312962962962956 45.333333333333336 0.0 45.333333333333336 1.8178063000086695
318000 732.8148148148148 0.22577729242315878 23.781490129629628 0.6728395061728395 45.312962962962956 45.333333333333336 0.0 45.333333333333336 1.7353824000019813
320000 732.8148148148148 0.22577729242315878 23.781490129629628 0.6728395061728395 45.312962962962956 45.333333333333336 0.0 45.333333333333336 1.7574624999979278
322000 738.7222222222222 0.24673125660565468 23.76142346296296 0.6774691358024691 45.312962962962956 45.333333333333336 0.0 45.333333333333336 1.6608497999986866
324000 738.7222222222222 0.24552329465035574 23.76142346296296 0.6774691358024691 45.312962962962956 45.333333333333336 0.0 45.333333333333336 1.7502569000062067
326000 728.1296296296297 0.19382911447046147 23.78549753703703 0.6774691358024691 45.312962962962956 45.333333333333336 0.0 45.333333333333336 1.7853246000013314
328000 728.1296296296297 0.16681617886842634 23.78549753703703 0.6774691358024691 45.312962962962956 45.333333333333336 0.0 45.333333333333336 1.7389687999966554
330000 738.7222222222222 0.21753309047824027 23.76142346296296 0.6774691358024691 45.312962962962956 45.333333333333336 0.0 45.333333333333336 1.795567299996037
332000 738.7222222222222 0.24442512351490164 23.76142346296296 0.6774691358024691 45.312962962962956 45.333333333333336 0.0 45.333333333333336 1.7816659999953117
334000 738.7222222222222 0.24442512351490164 23.76142346296296 0.6774691358024691 45.312962962962956 45.333333333333336 0.0 45.333333333333336 1.6789926999917952
336000 738.7222222222222 0.24468672100503583 23.76142346296296 0.6774691358024691 45.312962962962956 45.333333333333336 0.0 45.333333333333336 1.6962179000111064
338000 738.7222222222222 0.2446250149527769 23.76142346296296 0.6774691358024691 45.312962962962956 45.333333333333336 0.0 45.333333333333336 1.7345975000062026
340000 754.7962962962963 0.2756526105846687 23.718830870370365 0.6774691358024691 45.312962962962956 45.333333333333336 0.0 45.333333333333336 1.736376000000746
342000 754.7962962962963 0.2752971036132188 23.718830870370365 0.6774691358024691 45.312962962962956 45.333333333333336 0.0 45.333333333333336 1.7937820000079228
344000 754.7962962962963 0.2760978619539635 23.718830870370365 0.6774691358024691 45.312962962962956 45.333333333333336 0.0 45.333333333333336 1.718315399994026
346000 754.7962962962963 0.27447940117736924 23.718830870370365 0.6774691358024691 45.312962962962956 45.333333333333336 0.0 45.333333333333336 1.8358826999901794
348000 754.7962962962963 0.27436402028190965 23.718830870370365 0.6774691358024691 45.312962962962956 45.333333333333336 0.0 45.333333333333336 1.7465189999929862
350000 754.7962962962963 0.2753396387933134 23.718830870370365 0.6774691358024691 45.312962962962956 45.333333333333336 0.0 45.333333333333336 1.8214584999950603
352000 754.7962962962963 0.27581015251182045 23.718830870370365 0.6774691358024691 45.312962962962956 45.333333333333336 0.0 45.333333333333336 1.7258137000026181
354000 754.7962962962963 0.2760280618886695 23.718830870370365 0.6774691358024691 45.312962962962956 45.333333333333336 0.0 45.333333333333336 1.718209200000274
356000 754.7962962962963 0.2760280618886695 23.718830870370365 0.6774691358024691 45.312962962962956 45.333333333333336 0.0 45.333333333333336 1.770392799997353
358000 754.7962962962963 0.27633040605380027 23.718830870370365 0.6774691358024691 45.312962962962956 45.333333333333336 0.0 45.333333333333336 1.6617302000086056
360000 754.7962962962963 0.2764576786702571 23.718830870370365 0.6774691358024691 45.312962962962956 45.333333333333336 0.0 45.333333333333336 1.7475584000058006
362000 754.7962962962963 0.27640573814358854 23.718830870370365 0.6774691358024691 45.312962962962956 45.333333333333336 0.0 45.333333333333336 1.7436234000051627
364000 754.7962962962963 0.2762322111182527 23.718830870370365 0.6774691358024691 45.312962962962956 45.333333333333336 0.0 45.333333333333336 1.7602326000051107
366000 754.7962962962963 0.2762322111182527 23.718830870370365 0.6774691358024691 45.312962962962956 45.333333333333336 0.0 45.333333333333336 1.6913563999987673
368000 754.7962962962963 0.2770674629998413 23.718830870370365 0.6774691358024691 45.312962962962956 45.333333333333336 0.0 45.333333333333336 1.8564494000020204
370000 754.7962962962963 0.2773036469606258 23.718830870370365 0.6774691358024691 45.312962962962956 45.333333333333336 0.0 45.333333333333336 1.9155701999989105
372000 754.7962962962963 0.2771407218489311 23.718830870370365 0.6774691358024691 45.312962962962956 45.333333333333336 0.0 45.333333333333336 1.7253677999979118
374000 754.7962962962963 0.2761866900789664 23.718830870370365 0.6774691358024691 45.312962962962956 45.333333333333336 0.0 45.333333333333336 1.715279299998656
376000 754.7962962962963 0.27641578613963386 23.718830870370365 0.6774691358024691 45.312962962962956 45.333333333333336 0.0 45.333333333333336 1.7316315000061877
378000 754.7962962962963 0.27694979190702046 23.718830870370365 0.6774691358024691 45.312962962962956 45.333333333333336 0.0 45.333333333333336 1.7500617999903625
380000 754.7962962962963 0.2762620221687547 23.718830870370365 0.6774691358024691 45.312962962962956 45.333333333333336 0.0 45.333333333333336 1.7030120999988867
382000 754.7962962962963 0.2762620221687547 23.718830870370365 0.6774691358024691 45.312962962962956 45.333333333333336 0.0 45.333333333333336 1.8727943999983836
384000 754.7962962962963 0.27614863898343023 23.718830870370365 0.6774691358024691 45.312962962962956 45.333333333333336 0.0 45.333333333333336 1.77279489999637
386000 754.7962962962963 0.27676668652534864 23.718830870370365 0.6774691358024691 45.312962962962956 45.333333333333336 0.0 45.333333333333336 1.7599340000015218
388000 754.7962962962963 0.2765748373741855 23.718830870370365 0.6774691358024691 45.312962962962956 45.333333333333336 0.0 45.333333333333336 1.7477807000104804
390000 754.7962962962963 0.2756825367486704 23.718830870370365 0.6774691358024691 45.312962962962956 45.333333333333336 0.0 45.333333333333336 1.7144457999966107
392000 754.7962962962963 0.27660659614808014 23.718830870370365 0.6774691358024691 45.312962962962956 45.333333333333336 0.0 45.333333333333336 1.6697982999903616
394000 754.7962962962963 0.2758009134369918 23.718830870370365 0.6774691358024691 45.312962962962956 45.333333333333336 0.0 45.333333333333336 1.6473630999971647
396000 754.7962962962963 0.27598378286287234 23.718830870370365 0.6774691358024691 45.312962962962956 45.333333333333336 0.0 45.333333333333336 1.9498713000066346
398000 754.7962962962963 0.27598378286287234 23.718830870370365 0.6774691358024691 45.312962962962956 45.333333333333336 0.0 45.333333333333336 1.7050130999996327
400000 754.7962962962963 0.27598378286287234 23.718830870370365 0.6774691358024691 45.312962962962956 45.333333333333336 0.0 45.333333333333336 1.7712452999985544
402000 754.7962962962963 0.27583157415995774 23.718830870370365 0.6774691358024691 45.312962962962956 45.333333333333336 0.0 45.333333333333336 1.7356328000023495
404000 754.7962962962963 0.27583157415995774 23.718830870370365 0.6774691358024691 45.312962962962956 45.333333333333336 0.0 45.333333333333336 1.7469796000077622
406000 754.7962962962963 0.27583157415995774 23.718830870370365 0.6774691358024691 45.312962962962956 45.333333333333336 0.0 45.333333333333336 1.7544288999924902
408000 754.7962962962963 0.27583157415995774 23.718830870370365 0.6774691358024691 45.312962962962956 45.333333333333336 0.0 45.333333333333336 1.7098333000030834
410000 749.4629629629629 0.247535954797416 23.728090129629624 0.6774691358024691 45.312962962962956 45.333333333333336 0.0 45.333333333333336 1.8177971999975853
412000 749.4629629629629 0.2213860036400611 23.728090129629624 0.6774691358024691 45.312962962962956 45.333333333333336 0.0 45.333333333333336 1.8726578000059817
414000 754.7962962962963 0.2765231047630245 23.718830870370365 0.6774691358024691 45.312962962962956 45.333333333333336 0.0 45.333333333333336 1.7203421000012895
416000 754.7962962962963 0.2765231047630245 23.718830870370365 0.6774691358024691 45.312962962962956 45.333333333333336 0.0 45.333333333333336 1.7575716999999713
418000 754.7962962962963 0.2762218586488225 23.718830870370365 0.6774691358024691 45.312962962962956 45.333333333333336 0.0 45.333333333333336 1.7971055999951204
420000 754.7962962962963 0.27583157415995774 23.718830870370365 0.6774691358024691 45.312962962962956 45.333333333333336 0.0 45.333333333333336 1.754337399994256
422000 754.7962962962963 0.2764360943931696 23.718830870370365 0.6774691358024691 45.312962962962956 45.333333333333336 0.0 45.333333333333336 1.7350952999986475
424000 754.7962962962963 0.2762525193717884 23.718830870370365 0.6774691358024691 45.312962962962956 45.333333333333336 0.0 45.333333333333336 1.7002508000005037
426000 754.7962962962963 0.2760373217561548 23.718830870370365 0.6774691358024691 45.312962962962956 45.333333333333336 0.0 45.333333333333336 1.7830816000059713
428000 754.7962962962963 0.2761895304590694 23.718830870370365 0.6774691358024691 45.312962962962956 45.333333333333336 0.0 45.333333333333336 1.8325806999928318
430000 754.7962962962963 0.276103481960501 23.718830870370365 0.6774691358024691 45.312962962962956 45.333333333333336 0.0 45.333333333333336 1.7092290000000503
432000 754.7962962962963 0.27598061466837903 23.718830870370365 0.6774691358024691 45.312962962962956 45.333333333333336 0.0 45.333333333333336 1.7404799000069033
434000 754.7962962962963 0.2757052173944484 23.718830870370365 0.6774691358024691 45.312962962962956 45.333333333333336 0.0 45.333333333333336 1.8604390999971656
436000 754.7962962962963 0.27613282337129363 23.718830870370365 0.6774691358024691 45.312962962962956 45.333333333333336 0.0 45.333333333333336 1.8259437999950023
438000 754.7962962962963 0.27613282337129363 23.718830870370365 0.6774691358024691 45.312962962962956 45.333333333333336 0.0 45.333333333333336 1.9105334000050789
440000 754.7962962962963 0.27613282337129363 23.718830870370365 0.6774691358024691 45.312962962962956 45.333333333333336 0.0 45.333333333333336 1.8705046999966726
442000 754.7962962962963 0.2759826879090775 23.718830870370365 0.6774691358024691 45.312962962962956 45.333333333333336 0.0 45.333333333333336 1.811343899986241
444000 754.7962962962963 0.2759826879090775 23.718830870370365 0.6774691358024691 45.312962962962956 45.333333333333336 0.0 45.333333333333336 1.7562490999989677
446000 754.7962962962963 0.2759826879090775 23.718830870370365 0.6774691358024691 45.312962962962956 45.333333333333336 0.0 45.333333333333336 1.7367792000004556
448000 754.7962962962963 0.2759826879090775 23.718830870370365 0.6774691358024691 45.312962962962956 45.333333333333336 0.0 45.333333333333336 1.703442800004268
450000 754.7962962962963 0.2759826879090775 23.718830870370365 0.6774691358024691 45.312962962962956 45.333333333333336 0.0 45.333333333333336 1.7080950000090525
452000 749.4629629629629 0.22051398141111564 23.728090129629624 0.6774691358024691 45.312962962962956 45.333333333333336 0.0 45.333333333333336 1.7204810000112047
454000 754.7962962962963 0.2761662629304586 23.718830870370365 0.6774691358024691 45.312962962962956 45.333333333333336 0.0 45.333333333333336 1.765671500004828
456000 754.7962962962963 0.2756501206627925 23.718830870370365 0.6774691358024691 45.312962962962956 45.333333333333336 0.0 45.333333333333336 1.822083000006387
458000 754.7962962962963 0.2754665456414114 23.718830870370365 0.6774691358024691 45.312962962962956 45.333333333333336 0.0 45.333333333333336 1.7337809000018751
460000 754.7962962962963 0.27591335867215566 23.718830870370365 0.6774691358024691 45.312962962962956 45.333333333333336 0.0 45.333333333333336 1.7879848000011407
462000 754.7962962962963 0.276247069155753 23.718830870370365 0.6774691358024691 45.312962962962956 45.333333333333336 0.0 45.333333333333336 1.8361469000083162
464000 754.7962962962963 0.2760634941343718 23.718830870370365 0.6774691358024691 45.312962962962956 45.333333333333336 0.0 45.333333333333336 1.6688457999989623
466000 754.7962962962963 0.2756166811036275 23.718830870370365 0.6774691358024691 45.312962962962956 45.333333333333336 0.0 45.333333333333336 1.6656719999882625
468000 754.7962962962963 0.2760634941343718 23.718830870370365 0.6774691358024691 45.312962962962956 45.333333333333336 0.0 45.333333333333336 1.8695609999995213
470000 754.7962962962963 0.2760634941343718 23.718830870370365 0.6774691358024691 45.312962962962956 45.333333333333336 0.0 45.333333333333336 1.8229117000009865
472000 754.7962962962963 0.2760634941343718 23.718830870370365 0.6774691358024691 45.312962962962956 45.333333333333336 0.0 45.333333333333336 1.7361703000060515
474000 754.7962962962963 0.2755184010776635 23.718830870370365 0.6774691358024691 45.312962962962956 45.333333333333336 0.0 45.333333333333336 1.719864200000302
476000 754.7962962962963 0.2760634941343718 23.718830870370365 0.6774691358024691 45.312962962962956 45.333333333333336 0.0 45.333333333333336 1.7403861999919172
478000 754.7962962962963 0.2760634941343718 23.718830870370365 0.6774691358024691 45.312962962962956 45.333333333333336 0.0 45.333333333333336 1.8327414999948815
480000 754.7962962962963 0.2760634941343718 23.718830870370365 0.6774691358024691 45.312962962962956 45.333333333333336 0.0 45.333333333333336 1.7965422999986913
482000 754.7962962962963 0.27603415272357923 23.718830870370365 0.6774691358024691 45.312962962962956 45.333333333333336 0.0 45.333333333333336 1.8742455999890808
484000 754.7962962962963 0.2760634941343718 23.718830870370365 0.6774691358024691 45.312962962962956 45.333333333333336 0.0 45.333333333333336 1.7361033000051975
486000 754.7962962962963 0.2755184010776635 23.718830870370365 0.6774691358024691 45.312962962962956 45.333333333333336 0.0 45.333333333333336 1.7847664000000805
488000 754.7962962962963 0.2755184010776635 23.718830870370365 0.6774691358024691 45.312962962962956 45.333333333333336 0.0 45.333333333333336 1.7137905999989016
490000 754.7962962962963 0.2755184010776635 23.718830870370365 0.6774691358024691 45.312962962962956 45.333333333333336 0.0 45.333333333333336 1.7655509000032907
492000 754.7962962962963 0.2760634941343718 23.718830870370365 0.6774691358024691 45.312962962962956 45.333333333333336 0.0 45.333333333333336 1.7011482999951113
494000 754.7962962962963 0.2760634941343718 23.718830870370365 0.6774691358024691 45.312962962962956 45.333333333333336 0.0 45.333333333333336 1.7972165000101086
496000 754.7962962962963 0.2760634941343718 23.718830870370365 0.6774691358024691 45.312962962962956 45.333333333333336 0.0 45.333333333333336 1.7020363000046927
498000 754.7962962962963 0.2760634941343718 23.718830870370365 0.6774691358024691 45.312962962962956 45.333333333333336 0.0 45.333333333333336 1.7740913999878103
500000 754.7962962962963 0.2760634941343718 23.718830870370365 0.6774691358024691 45.312962962962956 45.333333333333336 0.0 45.333333333333336 1.747337000007974
