2000 0.15384615384615385 -0.05743204884306278 33.377150153846145 0.20833333333333337 45.301282057692305 45.30769230769231 3.0 42.30769230769231 1.6889752999995835
4000 0.17307692307692307 5.955494554063479e-05 33.41999142307692 0.18910256410256407 45.301282057692305 45.30769230769231 2.826923076923077 42.48076923076923 1.702812500006985
6000 0.11538461538461539 -0.019174525932841753 35.183267961538455 0.1746794871794872 45.301282057692305 45.30769230769231 2.6346153846153846 42.67307692307692 2.343109600013122
8000 0.1346153846153846 -0.4999440367690368 35.3639458653846 0.17628205128205127 45.301282057692305 45.30769230769231 2.6346153846153846 42.67307692307692 2.504396500007715
10000 0.11538461538461539 -0.153808942752761 35.122735423076925 0.15224358974358973 45.301282057692305 45.30769230769231 2.6538461538461537 42.65384615384615 2.95115330000408
12000 0.17307692307692307 -0.5768450402164834 35.50753588461537 0.1522435897435897 45.301282057692305 45.30769230769231 2.6923076923076925 42.61538461538461 2.492852099996526
14000 0.15384615384615385 -0.21148379888083174 35.83656696153845 0.1378205128205128 45.301282057692305 45.30769230769231 2.6346153846153846 42.67307692307692 2.6169534000218846
16000 0.15384615384615385 -0.4999135558202777 35.739658903846156 0.1362179487179487 45.301282057692305 45.30769230769231 2.6346153846153846 42.67307692307692 2.4688896000152454
18000 0.11538461538461539 -0.057644143463047644 35.717887326923076 0.12019230769230768 45.301282057692305 45.30769230769231 2.673076923076923 42.63461538461539 3.114025100017898
20000 0.09615384615384616 6.123559360544485e-05 34.8375856923077 0.1618589743589743 45.301282057692305 45.30769230769231 2.673076923076923 42.63461538461539 2.669227599981241
22000 0.15384615384615385 -0.07682320014905018 35.82003813461537 0.11538461538461536 45.301282057692305 45.30769230769231 2.673076923076923 42.63461538461539 2.8084082000423223
24000 0.1346153846153846 -0.23069619616875708 35.633462250000015 0.12019230769230768 45.301282057692305 45.30769230769231 2.673076923076923 42.63461538461539 2.8661530999816023
26000 0.2692307692307692 -0.03835784267835432 34.93633134615384 0.2067307692307692 45.301282057692305 45.30769230769231 3.076923076923077 42.23076923076923 2.835498800035566
28000 0.15384615384615385 -0.1922634011157623 35.55680626923078 0.1346153846153846 45.301282057692305 45.30769230769231 2.7115384615384617 42.59615384615385 2.8490928999963216
30000 0.15384615384615385 -0.4422159806417895 35.61679548076923 0.1426282051282051 45.301282057692305 45.30769230769231 3.019230769230769 42.28846153846154 2.492213499965146
32000 0.09615384615384616 -0.076850795330329 35.90498630769232 0.11378205128205127 45.301282057692305 45.30769230769231 2.730769230769231 42.57692307692308 2.863253200019244
34000 0.15384615384615385 -0.4999394504906748 36.101660173076915 0.14262820512820512 45.301282057692305 45.30769230769231 2.6346153846153846 42.67307692307692 2.2224267999990843
36000 0.09615384615384616 -0.11534158947712131 35.88646763461538 0.11378205128205127 45.301282057692305 45.30769230769231 2.6346153846153846 42.67307692307692 2.601063299982343
38000 0.11538461538461539 -0.42300319838024625 36.07058001923076 0.1105769230769231 45.301282057692305 45.30769230769231 2.6346153846153846 42.67307692307692 2.3015511999838054
40000 0.11538461538461539 -0.0768607911289439 35.82667128846155 0.14102564102564102 45.301282057692305 45.30769230769231 2.6346153846153846 42.67307692307692 2.5030279000056908
42000 0.11538461538461539 -0.03840458674244059 35.68249369230769 0.1490384615384615 45.301282057692305 45.30769230769231 2.6538461538461537 42.65384615384615 3.272132000012789
44000 0.25 -0.01913238061308769 35.12309109615384 0.16506410256410253 45.301282057692305 45.30769230769231 2.6346153846153846 42.67307692307692 2.86831190000521
46000 0.09615384615384616 -0.01915249373288568 35.95888232692307 0.14102564102564102 45.301282057692305 45.30769230769231 2.6346153846153846 42.67307692307692 2.549894800002221
48000 0.09615384615384616 -0.019171503298021707 35.66899703846154 0.13782051282051283 45.301282057692305 45.30769230769231 2.923076923076923 42.38461538461539 2.8145060000242665
50000 0.15384615384615385 -0.01913639380023576 35.12864719230768 0.1794871794871795 45.301282057692305 45.30769230769231 2.923076923076923 42.38461538461539 2.6433851000037976
52000 0.09615384615384616 -0.03830728921532835 35.32220140384616 0.15064102564102566 45.301282057692305 45.30769230769231 2.730769230769231 42.57692307692308 2.7438681999919936
54000 0.09615384615384616 0.00013020357093362821 35.66130423076924 0.16506410256410253 45.301282057692305 45.30769230769231 2.673076923076923 42.63461538461539 2.5838247999781743
56000 0.1346153846153846 0.0001839689669613101 34.18865390384615 0.16025641025641024 45.301282057692305 45.30769230769231 2.8653846153846154 42.44230769230769 2.8634486000519246
58000 0.17307692307692307 0.00012198457714740783 33.838139115384614 0.21474358974358973 45.301282057692305 45.30769230769231 2.6346153846153846 42.67307692307692 2.6884330000029877
60000 0.07692307692307693 5.708925403170681e-05 35.32808236538461 0.15384615384615385 45.301282057692305 45.30769230769231 3.0 42.30769230769231 2.676679299969692
62000 0.07692307692307693 6.164590947507634e-05 35.225696557692295 0.19230769230769226 45.301282057692305 45.30769230769231 3.0576923076923075 42.25 2.679118899977766
64000 0.07692307692307693 6.475200838739707e-05 35.13138867307692 0.13141025641025642 45.301282057692305 45.30769230769231 3.2115384615384617 42.09615384615385 2.5679091999772936
66000 0.09615384615384616 7.83882202041812e-05 34.9458115 0.15705128205128205 45.301282057692305 45.30769230769231 3.1538461538461537 42.15384615384615 2.6245484999963082
68000 0.09615384615384616 6.035994975597663e-05 34.66274273076921 0.16666666666666666 45.301282057692305 45.30769230769231 3.2115384615384617 42.09615384615385 2.6829239999642596
70000 0.07692307692307693 3.197699108843753e-05 35.18485840384616 0.157051282051282 45.301282057692305 45.30769230769231 3.2115384615384617 42.09615384615385 2.5862294000107795
72000 0.07692307692307693 4.42578992472586e-05 35.88936190384615 0.12179487179487178 45.301282057692305 45.30769230769231 3.2115384615384617 42.09615384615385 2.6208166999858804
74000 0.07692307692307693 4.926421188264785e-05 35.83380615384616 0.1362179487179487 45.301282057692305 45.30769230769231 3.2115384615384617 42.09615384615385 2.656769399996847
76000 0.25 0.00015456865439957893 33.968693980769224 0.15865384615384615 45.301282057692305 45.30769230769231 3.173076923076923 42.13461538461539 2.8233594999765046
78000 0.38461538461538464 0.00013611839517240534 32.57293190384615 0.27083333333333337 45.301282057692305 45.30769230769231 2.980769230769231 42.32692307692308 2.705561199982185
80000 0.2692307692307692 0.00011850304918059093 33.35462790384615 0.22435897435897434 45.301282057692305 45.30769230769231 3.2884615384615383 42.01923076923077 2.794232500018552
82000 0.21153846153846154 0.00019248827628486181 34.51573151923076 0.1875 45.301282057692305 45.30769230769231 2.8076923076923075 42.5 2.704825099965092
84000 0.1346153846153846 0.0001525473491932319 33.92855119230767 0.18910256410256407 45.301282057692305 45.30769230769231 2.6538461538461537 42.65384615384615 2.8084524999721907
86000 0.19230769230769232 0.00011396030611260586 34.61846099999999 0.17147435897435892 45.301282057692305 45.30769230769231 2.6538461538461537 42.65384615384615 2.5947578999912366
88000 0.1346153846153846 0.0001809689534985065 33.96942176923076 0.1875 45.301282057692305 45.30769230769231 2.6923076923076925 42.61538461538461 2.7207377000013366
90000 0.11538461538461539 0.00013917928996808003 35.15649548076922 0.16987179487179488 45.301282057692305 45.30769230769231 2.6346153846153846 42.67307692307692 2.6507662999792956
92000 0.17307692307692307 0.0001728974622013352 34.38619638461539 0.20192307692307693 45.301282057692305 45.30769230769231 2.7884615384615383 42.51923076923077 2.811256000015419
94000 0.09615384615384616 -0.4229171747163607 34.95196528846154 0.14583333333333331 45.301282057692305 45.30769230769231 2.7884615384615383 42.51923076923077 2.7264847999904305
96000 0.11538461538461539 -0.46137178373808185 34.69117467307692 0.15224358974358973 45.301282057692305 45.30769230769231 2.7884615384615383 42.51923076923077 2.62651980004739
98000 0.28846153846153844 -0.1920836210404716 33.222895961538455 0.2868589743589744 45.301282057692305 45.30769230769231 2.9615384615384617 42.34615384615385 2.644830900011584
100000 0.23076923076923078 0.0002093464554923697 33.84378146153846 0.2147435897435897 45.301282057692305 45.30769230769231 2.9038461538461537 42.40384615384615 2.744422499963548
102000 0.2692307692307692 0.0002595483167950602 32.835020615384614 0.2516025641025641 45.301282057692305 45.30769230769231 3.0 42.30769230769231 2.6090892999782227
104000 0.23076923076923078 0.00015560795069201092 33.999415442307686 0.2467948717948718 45.301282057692305 45.30769230769231 3.0384615384615383 42.26923076923077 2.6598994999658316
106000 0.19230769230769232 0.0001119107960059691 34.340703019230766 0.22275641025641027 45.301282057692305 45.30769230769231 3.0961538461538463 42.21153846153846 2.7775325999828056
108000 0.28846153846153844 0.00016163354751443917 34.07175161538461 0.2371794871794872 45.301282057692305 45.30769230769231 3.4423076923076925 41.86538461538461 2.884968400001526
110000 0.21153846153846154 9.54712836647842e-05 34.37627973076923 0.18429487179487178 45.301282057692305 45.30769230769231 3.173076923076923 42.13461538461539 2.688361199980136
112000 0.09615384615384616 7.21153399204645e-05 35.372013807692305 0.17307692307692307 45.301282057692305 45.30769230769231 3.1153846153846154 42.19230769230769 2.5839606000226922
114000 0.09615384615384616 6.930235809262877e-05 35.63196667307692 0.1506410256410256 45.301282057692305 45.30769230769231 2.9423076923076925 42.36538461538461 2.7376953000202775
116000 0.19230769230769232 9.63826481971158e-05 34.80608292307692 0.1490384615384615 45.301282057692305 45.30769230769231 3.076923076923077 42.23076923076923 2.894687299965881
118000 0.15384615384615385 6.613958707622113e-05 35.51609859615384 0.1330128205128205 45.301282057692305 45.30769230769231 3.0576923076923075 42.25 2.8158727000118233
120000 0.1346153846153846 7.605128603008184e-05 35.59752753846154 0.10897435897435896 45.301282057692305 45.30769230769231 3.076923076923077 42.23076923076923 2.8499255000497214
122000 0.21153846153846154 8.66026954917431e-05 35.399343692307696 0.13782051282051283 45.301282057692305 45.30769230769231 3.019230769230769 42.28846153846154 2.6711356000159867
124000 0.40384615384615385 0.0001681011849162681 35.36809340384616 0.15544871794871792 45.301282057692305 45.30769230769231 2.980769230769231 42.32692307692308 2.711764100007713
126000 0.11538461538461539 4.498427536350034e-05 36.16184976923077 0.08333333333333334 45.301282057692305 45.30769230769231 2.9038461538461537 42.40384615384615 2.7529654999962077
128000 0.11538461538461539 -0.05764984395760996 36.205609288461524 0.10096153846153846 45.301282057692305 45.30769230769231 3.0 42.30769230769231 2.6149433000246063
130000 0.11538461538461539 -0.11534324615282378 36.19427848076922 0.125 45.301282057692305 45.30769230769231 3.019230769230769 42.28846153846154 2.64956190000521
132000 0.11538461538461539 -0.09611220759746877 36.204107249999986 0.10096153846153846 45.301282057692305 45.30769230769231 2.923076923076923 42.38461538461539 2.7311639999970794
134000 0.1346153846153846 -0.11532698841763217 36.22446019230768 0.12339743589743589 45.301282057692305 45.30769230769231 2.7884615384615383 42.51923076923077 2.5835949999745935
136000 0.09615384615384616 -0.15382442813576755 36.00419678846155 0.1490384615384615 45.301282057692305 45.30769230769231 2.8076923076923075 42.5 2.616770800028462
138000 0.1346153846153846 -0.05761516855630714 35.621190096153846 0.1907051282051282 45.301282057692305 45.30769230769231 2.8653846153846154 42.44230769230769 2.6329700000351295
140000 0.1346153846153846 6.10761144707392e-05 35.00052303846154 0.21634615384615385 45.301282057692305 45.30769230769231 2.9038461538461537 42.40384615384615 2.7054297999711707
142000 0.11538461538461539 0.0001261936604300428 34.47595200000001 0.20673076923076922 45.301282057692305 45.30769230769231 2.8076923076923075 42.5 2.6665444999816827
144000 0.19230769230769232 0.00010746726057775942 34.84026859615385 0.20833333333333331 45.301282057692305 45.30769230769231 2.8461538461538463 42.46153846153846 2.7518579000025056
146000 0.28846153846153844 0.00013577675616443456 34.64208505769231 0.19391025641025642 45.301282057692305 45.30769230769231 2.769230769230769 42.53846153846154 2.6486534999567084
148000 0.28846153846153844 0.00011964592862293526 34.71354786538461 0.18589743589743588 45.301282057692305 45.30769230769231 2.7115384615384617 42.59615384615385 3.0599134000367485
150000 0.19230769230769232 6.016588592675744e-05 34.50681607692308 0.20833333333333331 45.301282057692305 45.30769230769231 2.6923076923076925 42.61538461538461 3.0602916999487206
152000 0.19230769230769232 0.00010845964643197145 34.803824461538454 0.15705128205128205 45.301282057692305 45.30769230769231 2.7884615384615383 42.51923076923077 2.883673899981659
154000 0.15384615384615385 8.409133320041238e-05 34.94657609615385 0.15064102564102563 45.301282057692305 45.30769230769231 2.9038461538461537 42.40384615384615 2.686865899944678
156000 0.11538461538461539 4.417752237716566e-05 34.618995615384605 0.15064102564102563 45.301282057692305 45.30769230769231 2.8076923076923075 42.5 2.602286900044419
158000 0.15384615384615385 5.717482034856103e-05 34.31116598076924 0.17628205128205127 45.301282057692305 45.30769230769231 3.173076923076923 42.13461538461539 2.774048099992797
160000 0.09615384615384616 7.869713763456176e-05 34.343259403846154 0.15384615384615383 45.301282057692305 45.30769230769231 3.0576923076923075 42.25 2.72133719996782
162000 0.1346153846153846 6.203857901929947e-05 34.81462723076923 0.14102564102564102 45.301282057692305 45.30769230769231 2.9038461538461537 42.40384615384615 2.6951762000098825
164000 0.1346153846153846 6.207233640096176e-05 34.83492634615386 0.15865384615384615 45.301282057692305 45.30769230769231 2.7884615384615383 42.51923076923077 2.7697872999706306
166000 0.09615384615384616 5.253828000378934e-05 34.757469173076935 0.13141025641025642 45.301282057692305 45.30769230769231 2.9423076923076925 42.36538461538461 2.751715400023386
168000 0.07692307692307693 2.5585515114829707e-05 35.3792648076923 0.13621794871794873 45.301282057692305 45.30769230769231 2.75 42.55769230769231 2.800137899990659
170000 0.19230769230769232 8.867045923160285e-05 34.50559882692307 0.17948717948717946 45.301282057692305 45.30769230769231 2.7884615384615383 42.51923076923077 2.696278599963989
172000 0.09615384615384616 3.06387861701446e-05 35.00933874999999 0.14743589743589744 45.301282057692305 45.30769230769231 2.8461538461538463 42.46153846153846 2.627552999998443
174000 0.09615384615384616 5.830045812511103e-05 34.78070634615385 0.1362179487179487 45.301282057692305 45.30769230769231 2.8846153846153846 42.42307692307692 2.74022600002354
176000 0.21153846153846154 0.0001192687041118643 33.69069434615385 0.1810897435897436 45.301282057692305 45.30769230769231 2.9615384615384617 42.34615384615385 2.6606292000506073
178000 0.23076923076923078 9.24930034379341e-05 32.65410171153846 0.22596153846153844 45.301282057692305 45.30769230769231 2.8461538461538463 42.46153846153846 2.7450129999779165
180000 0.17307692307692307 0.00010180853557355551 32.92199696153846 0.21153846153846154 45.301282057692305 45.30769230769231 2.769230769230769 42.53846153846154 2.8879079000325873
182000 0.21153846153846154 0.00011126858907322253 33.437488673076935 0.18108974358974358 45.301282057692305 45.30769230769231 2.8076923076923075 42.5 2.92309130000649
184000 0.25 9.285817768922307e-05 33.58812967307692 0.17467948717948717 45.301282057692305 45.30769230769231 2.6923076923076925 42.61538461538461 2.6235782000003383
186000 0.23076923076923078 9.194898576689501e-05 33.78577940384615 0.16346153846153846 45.301282057692305 45.30769230769231 2.75 42.55769230769231 2.739296399988234
188000 0.21153846153846154 8.644507580204246e-05 33.50932944230769 0.18269230769230768 45.301282057692305 45.30769230769231 2.769230769230769 42.53846153846154 2.7687781000277027
190000 0.28846153846153844 -0.019052863025321328 33.24677165384615 0.1971153846153846 45.301282057692305 45.30769230769231 2.6923076923076925 42.61538461538461 2.849819299997762
192000 0.17307692307692307 -0.019149724986223665 33.15168644230769 0.1987179487179487 45.301282057692305 45.30769230769231 2.730769230769231 42.57692307692308 2.724093600001652
194000 0.2692307692307692 -0.018997682832519402 33.072353980769236 0.2516025641025641 45.301282057692305 45.30769230769231 2.6538461538461537 42.65384615384615 2.7197828000062145
196000 0.15384615384615385 6.597299353547379e-05 32.951187980769234 0.20352564102564102 45.301282057692305 45.30769230769231 2.6923076923076925 42.61538461538461 2.5953340999549255
198000 0.25 -0.019070603010229153 33.132455653846144 0.25961538461538464 45.301282057692305 45.30769230769231 2.6538461538461537 42.65384615384615 2.877877599967178
200000 0.17307692307692307 -0.01912946489558486 34.035767326923065 0.12660256410256412 45.301282057692305 45.30769230769231 2.6538461538461537 42.65384615384615 2.8399723999900743
202000 0.19230769230769232 -0.019110058737289642 34.20724165384615 0.1394230769230769 45.301282057692305 45.30769230769231 2.6538461538461537 42.65384615384615 2.765394299989566
204000 0.2692307692307692 -0.038373708499572126 33.43880628846153 0.17147435897435898 45.301282057692305 45.30769230769231 2.6538461538461537 42.65384615384615 2.7823490999871865
206000 0.19230769230769232 -0.03839167170647277 33.14525784615384 0.21794871794871795 45.301282057692305 45.30769230769231 2.6923076923076925 42.61538461538461 2.6557842000038363
208000 0.21153846153846154 -0.01913603690207801 33.050190115384616 0.1794871794871795 45.301282057692305 45.30769230769231 2.6923076923076925 42.61538461538461 2.84645620000083
210000 0.19230769230769232 -0.019139514888470068 33.02000855769231 0.18750000000000003 45.301282057692305 45.30769230769231 2.75 42.55769230769231 2.6150988999870606
212000 0.1346153846153846 -0.05760900745678802 33.20163234615384 0.18269230769230768 45.301282057692305 45.30769230769231 2.730769230769231 42.57692307692308 2.6796826000208966
214000 0.25 -0.03838285828397772 33.18988026923077 0.21634615384615385 45.301282057692305 45.30769230769231 2.730769230769231 42.57692307692308 2.894903799984604
216000 0.28846153846153844 -0.03833462353623312 33.464880480769224 0.17147435897435898 45.301282057692305 45.30769230769231 2.7115384615384617 42.59615384615385 2.724870700039901
218000 0.4423076923076923 0.000150906964021641 33.620970423076926 0.21474358974358973 45.301282057692305 45.30769230769231 2.7115384615384617 42.59615384615385 2.635590499965474
220000 0.4807692307692308 0.00016028668875431933 32.95793626923076 0.23717948717948717 45.301282057692305 45.30769230769231 2.6923076923076925 42.61538461538461 2.7529093000339344
222000 0.5384615384615384 0.00017125454703568804 33.31648290384616 0.2147435897435897 45.301282057692305 45.30769230769231 2.6923076923076925 42.61538461538461 2.6809111000038683
224000 0.38461538461538464 0.00014723579668497885 33.92652619230769 0.18108974358974358 45.301282057692305 45.30769230769231 2.7115384615384617 42.59615384615385 2.9395721000037156
226000 0.36538461538461536 9.911903981917797e-05 34.18934709615384 0.15705128205128205 45.301282057692305 45.30769230769231 2.6923076923076925 42.61538461538461 2.7267608999973163
228000 0.3269230769230769 0.00010413526054490506 34.36723176923077 0.16987179487179485 45.301282057692305 45.30769230769231 2.8846153846153846 42.42307692307692 2.6743098000297323
230000 0.4423076923076923 0.00012161841747012783 33.44255119230769 0.22756410256410253 45.301282057692305 45.30769230769231 2.75 42.55769230769231 2.6377308000228368
232000 0.2692307692307692 9.075191048233926e-05 33.94148315384616 0.15865384615384615 45.301282057692305 45.30769230769231 2.7884615384615383 42.51923076923077 2.781972799974028
234000 0.28846153846153844 0.00013801879896015973 34.194688557692295 0.1778846153846154 45.301282057692305 45.30769230769231 2.826923076923077 42.48076923076923 2.796557000023313
236000 0.2692307692307692 0.0001445581842171401 34.76509478846154 0.14262820512820512 45.301282057692305 45.30769230769231 2.769230769230769 42.53846153846154 2.6734738999512047
238000 0.38461538461538464 0.0001668797676170204 34.1662696923077 0.15865384615384615 45.301282057692305 45.30769230769231 2.7884615384615383 42.51923076923077 2.8947526999982074
240000 0.3269230769230769 0.00015084123384227226 34.66370584615385 0.14423076923076922 45.301282057692305 45.30769230769231 2.75 42.55769230769231 2.71363489999203
242000 0.36538461538461536 0.00019044224267830972 34.564774211538456 0.18749999999999997 45.301282057692305 45.30769230769231 2.7115384615384617 42.59615384615385 2.226463099999819
244000 0.3269230769230769 8.540942220516091e-05 34.26812142307693 0.1794871794871795 45.301282057692305 45.30769230769231 2.75 42.55769230769231 2.3125488000223413
246000 0.36538461538461536 0.00011807155036033938 34.25614686538462 0.16666666666666666 45.301282057692305 45.30769230769231 2.769230769230769 42.53846153846154 2.966361600032542
248000 0.3269230769230769 9.538884088499805e-05 34.063839153846175 0.20993589743589747 45.301282057692305 45.30769230769231 2.75 42.55769230769231 2.7034447000478394
250000 0.38461538461538464 0.00022207766154483502 33.75387636538461 0.18269230769230768 45.301282057692305 45.30769230769231 2.730769230769231 42.57692307692308 2.9775605999748223
252000 0.28846153846153844 0.00015887229027881334 33.70366265384616 0.22115384615384615 45.301282057692305 45.30769230769231 2.730769230769231 42.57692307692308 2.7283845000201836
254000 0.3269230769230769 0.00010814601605980482 33.243548346153844 0.22916666666666669 45.301282057692305 45.30769230769231 2.75 42.55769230769231 2.8264552999753505
256000 0.28846153846153844 0.0001289798920995987 33.47538626923077 0.20833333333333334 45.301282057692305 45.30769230769231 2.923076923076923 42.38461538461539 2.674325999978464
258000 0.34615384615384615 0.00011977922586645921 33.43906125 0.19230769230769232 45.301282057692305 45.30769230769231 2.769230769230769 42.53846153846154 2.8620917999651283
260000 0.3269230769230769 0.000135614647972983 33.63849132692308 0.18108974358974358 45.301282057692305 45.30769230769231 2.8076923076923075 42.5 2.696780900005251
262000 0.2692307692307692 0.00014148854454567442 34.08988073076924 0.18269230769230768 45.301282057692305 45.30769230769231 3.0961538461538463 42.21153846153846 2.8932322000036947
264000 0.38461538461538464 0.00017256222898760543 33.740073519230776 0.17307692307692307 45.301282057692305 45.30769230769231 3.2115384615384617 42.09615384615385 2.78228870005114
266000 0.3076923076923077 0.00011004581609764867 33.677629807692306 0.24038461538461536 45.301282057692305 45.30769230769231 3.076923076923077 42.23076923076923 2.6993998999823816
268000 0.3076923076923077 0.00016082058089757483 34.05668094230769 0.2019230769230769 45.301282057692305 45.30769230769231 3.0 42.30769230769231 2.636198099993635
270000 0.36538461538461536 0.00015961206636338248 33.74336936538462 0.1907051282051282 45.301282057692305 45.30769230769231 3.0384615384615383 42.26923076923077 2.912627700017765
272000 0.3269230769230769 0.00014028184785663683 33.60109834615384 0.1939102564102564 45.301282057692305 45.30769230769231 2.769230769230769 42.53846153846154 2.7207818999886513
274000 0.3076923076923077 0.00016652224807404612 33.821718423076916 0.1955128205128205 45.301282057692305 45.30769230769231 2.6923076923076925 42.61538461538461 2.712841500004288
276000 0.23076923076923078 0.00015200268697557832 34.22026205769231 0.2099358974358974 45.301282057692305 45.30769230769231 2.8076923076923075 42.5 2.8932247000047937
278000 0.34615384615384615 0.00015655138430006416 33.62122036538463 0.24519230769230765 45.301282057692305 45.30769230769231 2.7115384615384617 42.59615384615385 2.6795795999933034
280000 0.28846153846153844 9.224521251128954e-05 33.65784217307693 0.22275641025641024 45.301282057692305 45.30769230769231 2.7884615384615383 42.51923076923077 2.9036271999939345
282000 0.2692307692307692 0.00010436613310450358 34.005065115384625 0.23237179487179485 45.301282057692305 45.30769230769231 2.7884615384615383 42.51923076923077 2.8526636000024155
284000 0.28846153846153844 9.557850774784541e-05 33.837413403846156 0.24198717948717946 45.301282057692305 45.30769230769231 2.769230769230769 42.53846153846154 2.844342799973674
286000 0.23076923076923078 7.935150140111086e-05 34.104305307692314 0.22596153846153844 45.301282057692305 45.30769230769231 2.75 42.55769230769231 2.6915244999690913
288000 0.23076923076923078 -0.019156546545854077 34.1021685 0.23397435897435898 45.301282057692305 45.30769230769231 2.6923076923076925 42.61538461538461 2.665864499984309
290000 0.19230769230769232 -0.01911200635636315 34.276670076923075 0.22275641025641024 45.301282057692305 45.30769230769231 2.673076923076923 42.63461538461539 2.6964895000564866
292000 0.25 7.722463163473587e-05 34.33881319230768 0.1971153846153846 45.301282057692305 45.30769230769231 2.673076923076923 42.63461538461539 2.828054500045255
294000 0.28846153846153844 8.949207879094151e-05 34.35150019230768 0.1778846153846154 45.301282057692305 45.30769230769231 2.7115384615384617 42.59615384615385 2.7072127999854274
296000 0.28846153846153844 0.00017895764888350025 34.26349248076924 0.18589743589743585 45.301282057692305 45.30769230769231 2.673076923076923 42.63461538461539 2.7727298999670893
298000 0.25 0.00016508274757685815 34.32826282692307 0.20192307692307693 45.301282057692305 45.30769230769231 2.6923076923076925 42.61538461538461 2.6418341000098735
300000 0.21153846153846154 0.00011059557595532649 34.30057438461539 0.20512820512820512 45.301282057692305 45.30769230769231 2.7115384615384617 42.59615384615385 2.761130700004287
302000 0.17307692307692307 0.00012956552405171524 33.988074250000004 0.17948717948717946 45.301282057692305 45.30769230769231 2.730769230769231 42.57692307692308 2.7781466000014916
304000 0.15384615384615385 6.183338553658172e-05 33.93772753846153 0.24358974358974358 45.301282057692305 45.30769230769231 2.7115384615384617 42.59615384615385 2.880778899998404
306000 0.17307692307692307 9.551470743756191e-05 33.53192234615384 0.21474358974358973 45.301282057692305 45.30769230769231 2.75 42.55769230769231 2.7299543999833986
308000 0.21153846153846154 9.007104763746067e-05 33.69418173076924 0.23237179487179488 45.301282057692305 45.30769230769231 2.7115384615384617 42.59615384615385 2.8088418999686837
310000 0.17307692307692307 0.00011621143936012443 33.72636642307692 0.24519230769230765 45.301282057692305 45.30769230769231 2.6923076923076925 42.61538461538461 2.71371540002292
312000 0.15384615384615385 9.543306933091069e-05 33.49426171153847 0.21634615384615385 45.301282057692305 45.30769230769231 2.6923076923076925 42.61538461538461 2.966225599986501
314000 0.23076923076923078 -0.019066100655228506 33.00067146153846 0.24679487179487178 45.301282057692305 45.30769230769231 2.7115384615384617 42.59615384615385 2.704530499991961
316000 0.11538461538461539 0.00010804663531235789 34.20192786538461 0.18910256410256407 45.301282057692305 45.30769230769231 2.730769230769231 42.57692307692308 2.9353228000109084
318000 0.19230769230769232 0.00013828127491782575 33.96888821153844 0.2467948717948718 45.301282057692305 45.30769230769231 2.730769230769231 42.57692307692308 2.765866499976255
320000 0.19230769230769232 0.00014937169557651393 33.90799071153845 0.23237179487179488 45.301282057692305 45.30769230769231 2.75 42.55769230769231 2.8645048000034876
322000 0.17307692307692307 0.00017221965350107223 34.07352419230769 0.2371794871794872 45.301282057692305 45.30769230769231 2.769230769230769 42.53846153846154 2.722480099997483
324000 0.36538461538461536 0.00021035989563611342 33.61935711538461 0.22916666666666666 45.301282057692305 45.30769230769231 2.8076923076923075 42.5 2.826307800016366
326000 0.25 0.00012157732724355612 33.56143569230769 0.20352564102564102 45.301282057692305 45.30769230769231 2.7884615384615383 42.51923076923077 2.9958179999957792
328000 0.1346153846153846 0.00011034162524744799 33.84670421153846 0.20352564102564102 45.301282057692305 45.30769230769231 2.8653846153846154 42.44230769230769 2.7521558000007644
330000 0.36538461538461536 0.00023465706315407717 33.683135673076904 0.20833333333333334 45.301282057692305 45.30769230769231 2.8653846153846154 42.44230769230769 2.7202741999644786
332000 0.25 0.00018235501509793756 33.735287884615374 0.22115384615384615 45.301282057692305 45.30769230769231 2.826923076923077 42.48076923076923 2.9226388999959454
334000 0.25 0.00016237088994534415 33.64786755769231 0.20673076923076922 45.301282057692305 45.30769230769231 2.826923076923077 42.48076923076923 2.8245262000127696
336000 0.3076923076923077 0.00014079308413562263 33.49831269230769 0.266025641025641 45.301282057692305 45.30769230769231 2.8076923076923075 42.5 2.7475703000091016
338000 0.23076923076923078 0.00017253780071555701 33.477441 0.24519230769230765 45.301282057692305 45.30769230769231 2.75 42.55769230769231 2.935415300016757
340000 0.23076923076923078 -0.07680634265666056 33.28548961538463 0.2788461538461538 45.301282057692305 45.30769230769231 2.730769230769231 42.57692307692308 2.7711566999787465
342000 0.2692307692307692 -0.03834263516197107 33.32003348076924 0.24519230769230768 45.301282057692305 45.30769230769231 2.6923076923076925 42.61538461538461 2.706445900024846
344000 0.3269230769230769 0.0001488728805484916 33.16071232692308 0.2692307692307692 45.301282057692305 45.30769230769231 2.673076923076923 42.63461538461539 3.035781999991741
346000 0.23076923076923078 9.076133972887068e-05 33.6501211153846 0.23397435897435898 45.301282057692305 45.30769230769231 2.8653846153846154 42.44230769230769 2.649445899995044
348000 0.21153846153846154 -0.019100458369922215 33.579341692307686 0.2275641025641026 45.301282057692305 45.30769230769231 2.9038461538461537 42.40384615384615 2.7314579999656416
350000 0.23076923076923078 -0.019019870537561073 33.84346809615384 0.233974358974359 45.301282057692305 45.30769230769231 3.1153846153846154 42.19230769230769 3.306178600003477
352000 0.15384615384615385 0.0001815462620753613 33.86398109615384 0.1987179487179487 45.301282057692305 45.30769230769231 3.173076923076923 42.13461538461539 2.912585400044918
354000 0.17307692307692307 0.0001485202960290808 34.155653961538455 0.22435897435897434 45.301282057692305 45.30769230769231 3.1923076923076925 42.11538461538461 2.9110442000092007
356000 0.17307692307692307 0.0001443235629866772 34.43307011538462 0.2003205128205128 45.301282057692305 45.30769230769231 3.269230769230769 42.03846153846154 2.826310500036925
358000 0.17307692307692307 0.0001403210411907783 34.36602944230769 0.203525641025641 45.301282057692305 45.30769230769231 3.230769230769231 42.07692307692308 2.8162381000001915
360000 0.11538461538461539 0.0001141504733292678 34.51987611538462 0.18269230769230765 45.301282057692305 45.30769230769231 3.3461538461538463 41.96153846153846 3.133295600011479
362000 0.09615384615384616 0.00011692752368272141 34.83924903846153 0.16025641025641024 45.301282057692305 45.30769230769231 3.326923076923077 41.98076923076923 2.966045600012876
364000 0.11538461538461539 0.00012244086442809407 34.586844980769236 0.1907051282051282 45.301282057692305 45.30769230769231 3.230769230769231 42.07692307692308 2.984766200010199
366000 0.11538461538461539 -0.01911694779878918 34.65335144230769 0.16506410256410253 45.301282057692305 45.30769230769231 3.2884615384615383 42.01923076923077 2.6743226999533363
368000 0.11538461538461539 -0.03835427176391683 34.699291326923074 0.1362179487179487 45.301282057692305 45.30769230769231 3.2884615384615383 42.01923076923077 2.781098400009796
370000 0.1346153846153846 -0.038338021585777385 34.56040275000001 0.17307692307692307 45.301282057692305 45.30769230769231 3.269230769230769 42.03846153846154 2.635731799993664
372000 0.11538461538461539 0.00011221458780653475 34.67888573076924 0.17307692307692307 45.301282057692305 45.30769230769231 3.3076923076923075 42.0 2.8428595999721438
374000 0.1346153846153846 -0.01909008195452934 34.86195192307692 0.14102564102564102 45.301282057692305 45.30769230769231 3.2884615384615383 42.01923076923077 2.7751619999762625
376000 0.15384615384615385 -0.019145613059241486 34.79535634615384 0.16346153846153846 45.301282057692305 45.30769230769231 3.230769230769231 42.07692307692308 2.9106742999865673
378000 0.15384615384615385 0.0001431538847612713 34.7592805576923 0.14903846153846154 45.301282057692305 45.30769230769231 3.173076923076923 42.13461538461539 2.933600899996236
380000 0.11538461538461539 0.00012166868384743251 34.94598457692308 0.14903846153846154 45.301282057692305 45.30769230769231 3.1153846153846154 42.19230769230769 2.9514919000212103
382000 0.1346153846153846 8.837709046507948e-05 35.07009440384615 0.1490384615384615 45.301282057692305 45.30769230769231 3.173076923076923 42.13461538461539 2.642831400036812
384000 0.1346153846153846 8.219923038100865e-05 35.2011840576923 0.13141025641025642 45.301282057692305 45.30769230769231 3.173076923076923 42.13461538461539 2.663258799992036
386000 0.07692307692307693 -0.01917195179149683 35.236903346153845 0.14743589743589744 45.301282057692305 45.30769230769231 3.019230769230769 42.28846153846154 2.903352099994663
388000 0.09615384615384616 -0.019167852031834774 35.29908273076923 0.14102564102564102 45.301282057692305 45.30769230769231 3.1538461538461537 42.15384615384615 2.881700800033286
390000 0.09615384615384616 -0.03840051117765142 35.22803580769231 0.1474358974358974 45.301282057692305 45.30769230769231 3.019230769230769 42.28846153846154 2.900454999995418
392000 0.07692307692307693 -0.019201619482809348 35.18458851923077 0.1346153846153846 45.301282057692305 45.30769230769231 3.173076923076923 42.13461538461539 2.941552300006151
394000 0.07692307692307693 8.409947263091773e-05 35.182985942307695 0.14423076923076922 45.301282057692305 45.30769230769231 3.173076923076923 42.13461538461539 2.822911800001748
396000 0.11538461538461539 -0.0191908814689059 35.016497461538464 0.13942307692307693 45.301282057692305 45.30769230769231 3.2884615384615383 42.01923076923077 2.8891304000280797
398000 0.15384615384615385 7.79113674162897e-05 34.6871598846154 0.15064102564102563 45.301282057692305 45.30769230769231 3.326923076923077 41.98076923076923 2.6888373999972828
400000 0.07692307692307693 0.0001234896288723229 34.59955823076924 0.15865384615384615 45.301282057692305 45.30769230769231 3.3653846153846154 41.94230769230769 2.7562962000374682
402000 0.09615384615384616 0.00013027846079296962 34.58816234615385 0.15705128205128205 45.301282057692305 45.30769230769231 3.3076923076923075 42.0 3.11591180000687
404000 0.07692307692307693 5.216641693014288e-05 34.51604703846154 0.15865384615384615 45.301282057692305 45.30769230769231 3.2884615384615383 42.01923076923077 2.801978599978611
406000 0.07692307692307693 5.327337934489248e-05 34.30130353846153 0.16666666666666666 45.301282057692305 45.30769230769231 3.3653846153846154 41.94230769230769 2.994210400036536
408000 0.07692307692307693 5.902013306827602e-05 33.94784898076924 0.16826923076923078 45.301282057692305 45.30769230769231 3.4038461538461537 41.90384615384615 3.042214500019327
410000 0.09615384615384616 6.560068309687283e-05 33.93876778846154 0.15064102564102563 45.301282057692305 45.30769230769231 3.326923076923077 41.98076923076923 2.8431342000258155
412000 0.11538461538461539 5.940686958150973e-05 33.99272111538461 0.1875 45.301282057692305 45.30769230769231 3.1153846153846154 42.19230769230769 2.734394200029783
414000 0.11538461538461539 -0.019161793509059156 33.97455882692308 0.18910256410256412 45.301282057692305 45.30769230769231 3.1538461538461537 42.15384615384615 2.7127946999971755
416000 0.19230769230769232 -0.019157786143814356 34.10596894230769 0.16987179487179485 45.301282057692305 45.30769230769231 3.269230769230769 42.03846153846154 2.9055504000280052
418000 0.19230769230769232 7.077703875797497e-05 34.203926961538464 0.18108974358974358 45.301282057692305 45.30769230769231 3.269230769230769 42.03846153846154 3.012704399996437
420000 0.19230769230769232 6.853631512510308e-05 33.98962278846154 0.1842948717948718 45.301282057692305 45.30769230769231 3.3461538461538463 41.96153846153846 2.6843061999534257
422000 0.11538461538461539 -0.019152698033426528 33.97536540384615 0.16987179487179485 45.301282057692305 45.30769230769231 3.2884615384615383 42.01923076923077 2.7205929999472573
424000 0.07692307692307693 6.580052708379088e-05 34.04560555769231 0.18910256410256412 45.301282057692305 45.30769230769231 3.2884615384615383 42.01923076923077 2.983491499966476
426000 0.11538461538461539 -0.019104218359780326 34.01436086538462 0.19871794871794873 45.301282057692305 45.30769230769231 3.326923076923077 41.98076923076923 2.878142800007481
428000 0.07692307692307693 0.00011096101958992098 33.93850626923077 0.20512820512820512 45.301282057692305 45.30769230769231 3.2884615384615383 42.01923076923077 2.7349514000234194
430000 0.07692307692307693 0.00011618938407617693 33.95105955769231 0.20673076923076927 45.301282057692305 45.30769230769231 3.3846153846153846 41.92307692307692 3.2411633000010625
432000 0.07692307692307693 -0.019110437733272992 33.68075498076923 0.21634615384615388 45.301282057692305 45.30769230769231 3.3846153846153846 41.92307692307692 2.7329326000181027
434000 0.07692307692307693 5.9041919018610534e-05 33.54666130769231 0.20673076923076927 45.301282057692305 45.30769230769231 3.480769230769231 41.82692307692308 3.0414306000457145
436000 0.07692307692307693 -0.019115735010470928 33.53250498076925 0.20192307692307696 45.301282057692305 45.30769230769231 3.4615384615384617 41.84615384615385 2.854585099965334
438000 0.07692307692307693 0.00011304359222440414 33.50428205769232 0.17307692307692307 45.301282057692305 45.30769230769231 3.519230769230769 41.78846153846154 2.783115700003691
440000 0.07692307692307693 -0.019118537250939246 33.486124942307704 0.1746794871794872 45.301282057692305 45.30769230769231 3.4038461538461537 41.90384615384615 2.7611602999968454
442000 0.07692307692307693 -0.019113347772070747 33.65428726923077 0.15705128205128208 45.301282057692305 45.30769230769231 3.3653846153846154 41.94230769230769 2.9436695000040345
444000 0.07692307692307693 0.00011668622160537493 33.78517588461539 0.16826923076923078 45.301282057692305 45.30769230769231 3.4423076923076925 41.86538461538461 2.7028457000269555
446000 0.09615384615384616 9.624545519978014e-05 33.60161098076923 0.18108974358974358 45.301282057692305 45.30769230769231 3.5576923076923075 41.75 2.789090800040867
448000 0.09615384615384616 9.646927088194836e-05 33.53323507692308 0.18108974358974358 45.301282057692305 45.30769230769231 3.5961538461538463 41.71153846153846 2.8775382000021636
450000 0.11538461538461539 8.33617384099922e-05 33.37502653846154 0.219551282051282 45.301282057692305 45.30769230769231 3.5384615384615383 41.76923076923077 2.907003199972678
452000 0.11538461538461539 8.423071811519376e-05 33.21368411538462 0.18269230769230768 45.301282057692305 45.30769230769231 3.5961538461538463 41.71153846153846 2.9770311000174843
454000 0.1346153846153846 7.22018611008597e-05 33.17030792307693 0.1778846153846154 45.301282057692305 45.30769230769231 3.5961538461538463 41.71153846153846 2.8390071999747306
456000 0.1346153846153846 7.22638534210935e-05 33.060110769230775 0.1971153846153846 45.301282057692305 45.30769230769231 3.576923076923077 41.73076923076923 2.824208100035321
458000 0.11538461538461539 9.187071781527072e-05 33.13218228846155 0.21153846153846154 45.301282057692305 45.30769230769231 3.519230769230769 41.78846153846154 2.6204833000083454
460000 0.11538461538461539 8.749216871382237e-05 33.3747035 0.2003205128205128 45.301282057692305 45.30769230769231 3.5384615384615383 41.76923076923077 2.836787300009746
462000 0.17307692307692307 0.00014136765294926257 33.35627369230769 0.2099358974358974 45.301282057692305 45.30769230769231 3.5 41.80769230769231 2.7306157000130042
464000 0.17307692307692307 0.00013863894402690402 33.207166365384616 0.1842948717948718 45.301282057692305 45.30769230769231 3.5961538461538463 41.71153846153846 2.767944799968973
466000 0.11538461538461539 0.00011812947781023686 33.25948398076924 0.15064102564102566 45.301282057692305 45.30769230769231 3.75 41.55769230769231 2.853048700024374
468000 0.15384615384615385 0.00013148755776180645 33.23879011538461 0.1778846153846154 45.301282057692305 45.30769230769231 3.6153846153846154 41.69230769230769 3.110702299978584
470000 0.17307692307692307 0.00014170112739955926 33.18002973076923 0.19391025641025642 45.301282057692305 45.30769230769231 3.5384615384615383 41.76923076923077 2.8755910000181757
472000 0.17307692307692307 0.00012759418429956945 33.299916807692306 0.20833333333333334 45.301282057692305 45.30769230769231 3.5961538461538463 41.71153846153846 2.9197129999520257
474000 0.17307692307692307 0.00010528813672317599 33.166370307692304 0.2403846153846153 45.301282057692305 45.30769230769231 3.5 41.80769230769231 2.656613000028301
476000 0.17307692307692307 0.00010277207696966255 33.229137384615385 0.21955128205128208 45.301282057692305 45.30769230769231 3.5 41.80769230769231 2.783166399982292
478000 0.17307692307692307 8.434858297357003e-05 33.07502428846154 0.2099358974358974 45.301282057692305 45.30769230769231 3.4615384615384617 41.84615384615385 2.5253057000227273
480000 0.15384615384615385 7.026300458146799e-05 33.36946890384616 0.19230769230769226 45.301282057692305 45.30769230769231 3.4038461538461537 41.90384615384615 2.1188154999981634
482000 0.17307692307692307 9.501811912115396e-05 33.320336442307685 0.2099358974358974 45.301282057692305 45.30769230769231 3.326923076923077 41.98076923076923 2.1165145999984816
484000 0.15384615384615385 7.028609724020315e-05 33.31579582692307 0.17147435897435898 45.301282057692305 45.30769230769231 3.3076923076923075 42.0 2.198066500015557
486000 0.19230769230769232 8.786099828947649e-05 33.42637269230769 0.1907051282051282 45.301282057692305 45.30769230769231 3.3076923076923075 42.0 2.1064349000225775
488000 0.15384615384615385 8.247217601177573e-05 33.41194965384614 0.2003205128205128 45.301282057692305 45.30769230769231 3.3076923076923075 42.0 2.364046100003179
490000 0.15384615384615385 8.204385522118197e-05 33.434385788461526 0.2083333333333333 45.301282057692305 45.30769230769231 3.2884615384615383 42.01923076923077 2.086748900008388
492000 0.19230769230769232 0.000104246208501862 33.39271898076923 0.2115384615384615 45.301282057692305 45.30769230769231 3.3653846153846154 41.94230769230769 2.2859155000187457
494000 0.15384615384615385 7.714278410971441e-05 33.30751601923077 0.22596153846153844 45.301282057692305 45.30769230769231 3.2884615384615383 42.01923076923077 2.210494800005108
496000 0.15384615384615385 6.602978938746055e-05 33.23865917307691 0.22916666666666666 45.301282057692305 45.30769230769231 3.2884615384615383 42.01923076923077 2.2359361999551766
498000 0.15384615384615385 8.166229464199475e-05 33.36526163461538 0.22596153846153846 45.301282057692305 45.30769230769231 3.326923076923077 41.98076923076923 1.9423888000310399
500000 0.15384615384615385 0.0001521653222067069 33.10563332692307 0.2371794871794872 45.301282057692305 45.30769230769231 3.25 42.05769230769231 1.9234265999984927
