2000 2.730769230769231 -0.34534531220859666 34.899836403846145 0.1330128205128205 45.301282057692305 45.30769230769231 1.3269230769230769 43.98076923076923 1.234882699965965
4000 2.3846153846153846 -0.03784927947899636 34.571886711538454 0.16987179487179485 45.301282057692305 45.30769230769231 1.0576923076923077 44.25 1.441240200016182
6000 1.3461538461538463 -0.11504284935039986 36.07902732692307 0.10737179487179487 45.301282057692305 45.30769230769231 1.1153846153846154 44.19230769230769 1.5127746000071056
8000 4.5 -0.11391607320684641 34.28737767307693 0.16826923076923078 45.301282057692305 45.30769230769231 1.6346153846153846 43.67307692307692 1.6760547999874689
10000 5.0 0.001006021233473735 33.6620876923077 0.20833333333333337 45.301282057692305 45.30769230769231 1.9230769230769231 43.38461538461539 1.8253784999833442
12000 3.4038461538461537 0.0004178060798411219 34.72138344230769 0.1474358974358974 45.301282057692305 45.30769230769231 1.9615384615384615 43.34615384615385 1.8948553000227548
14000 3.480769230769231 -0.03789411439145033 34.73377623076924 0.14903846153846154 45.301282057692305 45.30769230769231 1.9807692307692308 43.32692307692308 2.0552263999707066
16000 3.730769230769231 -0.03755664489915547 33.433695134615384 0.1955128205128205 45.301282057692305 45.30769230769231 4.576923076923077 40.73076923076923 2.2182404000195675
18000 3.3846153846153846 -0.09540318353531713 34.794187961538455 0.1185897435897436 45.301282057692305 45.30769230769231 2.173076923076923 43.13461538461539 2.5093024999951012
20000 3.3653846153846154 -0.037547200512764896 34.76942457692308 0.2099358974358974 45.301282057692305 45.30769230769231 2.0576923076923075 43.25 3.358483799966052
22000 1.7307692307692308 -0.057264327309491 35.48901517307692 0.16185897435897434 45.301282057692305 45.30769230769231 1.2115384615384615 44.09615384615385 2.3134095999994315
24000 2.75 0.0005127511029896745 34.90337151923076 0.17628205128205127 45.301282057692305 45.30769230769231 1.3461538461538463 43.96153846153846 2.208861400024034
26000 2.4038461538461537 0.0008379094398443611 35.13824440384615 0.15865384615384615 45.301282057692305 45.30769230769231 1.3653846153846154 43.94230769230769 2.2645103000104427
28000 7.923076923076923 0.0013049401358429435 31.840281634615376 0.23237179487179485 45.301282057692305 45.30769230769231 1.3846153846153846 43.92307692307692 2.376121199980844
30000 6.326923076923077 -0.036460941982657015 32.52815557692309 0.24198717948717943 45.301282057692305 45.30769230769231 1.2692307692307692 44.03846153846154 2.284470800019335
32000 9.5 0.0033310043717276637 31.952995500000018 0.23397435897435898 45.301282057692305 45.30769230769231 1.2115384615384615 44.09615384615385 2.2968483999720775
34000 5.115384615384615 -0.036880043496149255 32.79273938461539 0.20673076923076922 45.301282057692305 45.30769230769231 1.0384615384615385 44.26923076923077 2.4845191999920644
36000 3.6923076923076925 0.001313204541637406 34.281041769230775 0.15384615384615385 45.301282057692305 45.30769230769231 1.0384615384615385 44.26923076923077 3.0712470000144094
38000 12.134615384615385 0.003934648787083735 31.28728976923077 0.2692307692307692 45.301282057692305 45.30769230769231 1.7692307692307692 43.53846153846154 3.125067300046794
40000 7.903846153846154 0.0026838175335426903 31.39476840384615 0.2628205128205128 45.301282057692305 45.30769230769231 1.25 44.05769230769231 2.4625462999683805
42000 3.0961538461538463 0.0009898084673663548 33.44957298076924 0.19230769230769235 45.301282057692305 45.30769230769231 1.0384615384615385 44.26923076923077 2.598629899963271
44000 2.0384615384615383 0.0003682645780411923 33.944182826923075 0.20512820512820515 45.301282057692305 45.30769230769231 1.0384615384615385 44.26923076923077 2.8366678999736905
46000 2.230769230769231 0.00036893929592222996 33.07639350000001 0.20833333333333331 45.301282057692305 45.30769230769231 1.0384615384615385 44.26923076923077 2.8914400000358
48000 2.3076923076923075 0.0003263514320890141 33.16934221153846 0.21794871794871792 45.301282057692305 45.30769230769231 1.0384615384615385 44.26923076923077 3.3509436000022106
50000 2.423076923076923 0.0005408991511193287 33.30502623076924 0.22596153846153846 45.301282057692305 45.30769230769231 1.0961538461538463 44.21153846153846 2.5976846999838017
52000 5.365384615384615 0.001077399443491457 33.23424636538461 0.19230769230769232 45.301282057692305 45.30769230769231 1.5769230769230769 43.73076923076923 2.562824299966451
54000 5.6923076923076925 -0.018136698810653006 32.97569926923077 0.19230769230769232 45.301282057692305 45.30769230769231 1.3653846153846154 43.94230769230769 2.760687300004065
56000 9.76923076923077 -0.0168456725869369 32.07747063461539 0.24839743589743588 45.301282057692305 45.30769230769231 1.1730769230769231 44.13461538461539 2.7333617000258528
58000 6.769230769230769 0.002453777952582249 31.654383653846153 0.25320512820512825 45.301282057692305 45.30769230769231 1.1538461538461537 44.15384615384615 2.8265795999905095
60000 7.480769230769231 0.0014910678894068231 31.696050499999995 0.2644230769230769 45.301282057692305 45.30769230769231 1.3653846153846154 43.94230769230769 2.559345400019083
62000 8.211538461538462 0.0016941754537936257 31.641563134615385 0.2516025641025641 45.301282057692305 45.30769230769231 1.3076923076923077 44.0 2.8874739999882877
64000 5.576923076923077 0.0012419859031425594 32.795410153846156 0.22916666666666669 45.301282057692305 45.30769230769231 1.7307692307692308 43.57692307692308 2.7633840000489727
66000 5.3076923076923075 0.001188382531873255 32.93643594230769 0.21474358974358976 45.301282057692305 45.30769230769231 1.7307692307692308 43.57692307692308 3.088498700002674
68000 6.711538461538462 0.0015186231520935899 32.61111576923078 0.2003205128205128 45.301282057692305 45.30769230769231 2.0384615384615383 43.26923076923077 2.637817900045775
70000 5.1923076923076925 0.0005207406920865437 33.27137273076924 0.22756410256410253 45.301282057692305 45.30769230769231 1.8653846153846154 43.44230769230769 2.7084049999830313
72000 3.8461538461538463 0.0011697558746141174 34.089215211538466 0.1474358974358974 45.301282057692305 45.30769230769231 1.7692307692307692 43.53846153846154 2.6726856000022963
74000 2.826923076923077 0.000840115538637367 35.442314499999995 0.10897435897435896 45.301282057692305 45.30769230769231 2.076923076923077 43.23076923076923 2.7842617999995127
76000 1.8076923076923077 0.0003872291254372585 36.050569134615394 0.16025641025641027 45.301282057692305 45.30769230769231 1.5576923076923077 43.75 2.7942195999785326
78000 1.3846153846153846 0.00018883666233255556 36.6859050576923 0.12179487179487179 45.301282057692305 45.30769230769231 1.3269230769230769 43.98076923076923 2.7248718999908306
80000 4.576923076923077 0.0016877924150629684 34.52083953846154 0.20673076923076922 45.301282057692305 45.30769230769231 1.0769230769230769 44.23076923076923 2.7982518000062555
82000 4.673076923076923 0.0015922457406945083 34.52297592307691 0.17307692307692307 45.301282057692305 45.30769230769231 1.0384615384615385 44.26923076923077 2.8907993999891914
84000 7.230769230769231 0.0008533895872416731 33.38355194230768 0.21153846153846154 45.301282057692305 45.30769230769231 1.0384615384615385 44.26923076923077 2.819831000000704
86000 5.096153846153846 0.0015521176545315108 34.06581811538461 0.23237179487179485 45.301282057692305 45.30769230769231 1.0384615384615385 44.26923076923077 2.7951860000030138
88000 10.865384615384615 0.0032136633517109168 32.13062321153846 0.23557692307692307 45.301282057692305 45.30769230769231 1.0384615384615385 44.26923076923077 2.7473894999711774
90000 21.115384615384617 0.005865604534472087 30.42868898076923 0.296474358974359 45.301282057692305 45.30769230769231 1.0384615384615385 44.26923076923077 2.8230405999929644
92000 13.115384615384615 0.0033625807408485223 31.663956538461548 0.2644230769230769 45.301282057692305 45.30769230769231 1.0384615384615385 44.26923076923077 2.8230930999852717
94000 8.115384615384615 -0.07492592777733481 32.657547384615384 0.22916666666666666 45.301282057692305 45.30769230769231 1.0384615384615385 44.26923076923077 2.7758329000207596
96000 12.365384615384615 -0.07276303700180232 31.08836940384616 0.28205128205128205 45.301282057692305 45.30769230769231 1.0384615384615385 44.26923076923077 2.6865752000012435
98000 20.807692307692307 -0.014397616812953271 29.647128730769232 0.37820512820512814 45.301282057692305 45.30769230769231 1.0384615384615385 44.26923076923077 2.6904014999745414
100000 6.269230769230769 -0.07566725205982289 32.851457153846155 0.2051282051282051 45.301282057692305 45.30769230769231 1.0769230769230769 44.23076923076923 2.6257252999930643
102000 6.5576923076923075 0.0012811723315726171 32.700281653846154 0.22916666666666663 45.301282057692305 45.30769230769231 1.0384615384615385 44.26923076923077 2.7432252000435255
104000 11.26923076923077 0.0035774794115057498 31.424906923076925 0.266025641025641 45.301282057692305 45.30769230769231 1.0384615384615385 44.26923076923077 3.155398899980355
106000 11.423076923076923 0.0035740996722323825 31.606530846153852 0.25320512820512814 45.301282057692305 45.30769230769231 1.0384615384615385 44.26923076923077 2.690750300011132
108000 7.711538461538462 0.001557283678594225 32.63858273076924 0.21794871794871792 45.301282057692305 45.30769230769231 1.0384615384615385 44.26923076923077 2.7581351999542676
110000 9.0 0.001788260051076667 32.10866778846153 0.23237179487179488 45.301282057692305 45.30769230769231 1.0384615384615385 44.26923076923077 2.7716899000224657
112000 8.096153846153847 0.00161133245928879 32.30738576923076 0.19711538461538458 45.301282057692305 45.30769230769231 1.0384615384615385 44.26923076923077 2.9139166999957524
114000 8.826923076923077 0.0016641828037316112 32.07127434615384 0.2083333333333333 45.301282057692305 45.30769230769231 1.0384615384615385 44.26923076923077 3.1380686000338756
116000 19.134615384615383 0.004665476487020934 29.297768288461533 0.3333333333333333 45.301282057692305 45.30769230769231 1.0384615384615385 44.26923076923077 2.7527900999994017
118000 18.51923076923077 0.00475213359233828 29.854606403846155 0.28846153846153844 45.301282057692305 45.30769230769231 1.0384615384615385 44.26923076923077 2.822283999994397
120000 22.73076923076923 0.004625187918744637 28.833024730769235 0.36217948717948717 45.301282057692305 45.30769230769231 1.0384615384615385 44.26923076923077 2.727667900035158
122000 37.59615384615385 0.010423808580804238 26.64926259615383 0.4519230769230769 45.301282057692305 45.30769230769231 1.0384615384615385 44.26923076923077 2.769199899979867
124000 23.365384615384617 0.00440353244666503 28.810588615384614 0.3942307692307693 45.301282057692305 45.30769230769231 1.0384615384615385 44.26923076923077 3.0438871999504045
126000 35.57692307692308 0.009633825492938949 26.852254134615368 0.42788461538461536 45.301282057692305 45.30769230769231 1.0576923076923077 44.25 2.7390656999778003
128000 37.11538461538461 0.01064448813432466 26.583023249999982 0.44711538461538464 45.301282057692305 45.30769230769231 1.0961538461538463 44.21153846153846 2.8527157999924384
130000 36.80769230769231 0.010422245699693005 26.6650211153846 0.4567307692307692 45.301282057692305 45.30769230769231 1.0576923076923077 44.25 2.897836800024379
132000 39.01923076923077 0.010902497949480503 26.489005980769214 0.4455128205128206 45.301282057692305 45.30769230769231 1.0769230769230769 44.23076923076923 2.803822299989406
134000 39.28846153846154 0.011354140072993273 26.41956153846153 0.4519230769230769 45.301282057692305 45.30769230769231 1.0576923076923077 44.25 2.7233481999719515
136000 40.01923076923077 0.011592503660252381 26.22939046153845 0.46153846153846156 45.301282057692305 45.30769230769231 1.0384615384615385 44.26923076923077 2.7546611000434496
138000 40.03846153846154 0.01099554421267259 26.582756096153837 0.4519230769230769 45.301282057692305 45.30769230769231 1.0384615384615385 44.26923076923077 3.047205600014422
140000 40.13461538461539 0.010220248947322699 26.210159692307684 0.4503205128205129 45.301282057692305 45.30769230769231 1.0384615384615385 44.26923076923077 2.817349400022067
142000 40.59615384615385 0.010263629842027614 26.062723730769218 0.4455128205128206 45.301282057692305 45.30769230769231 1.0384615384615385 44.26923076923077 2.8999246999737807
144000 40.65384615384615 0.010458126332487366 25.90887746153845 0.45993589743589747 45.301282057692305 45.30769230769231 1.0384615384615385 44.26923076923077 2.8621365999570116
146000 40.59615384615385 0.010082631260450994 26.072339096153833 0.4455128205128206 45.301282057692305 45.30769230769231 1.0384615384615385 44.26923076923077 2.6355063000228256
148000 43.13461538461539 0.009812398813898695 25.58836446153845 0.4407051282051283 45.301282057692305 45.30769230769231 1.0384615384615385 44.26923076923077 2.645522799983155
150000 74.86538461538461 0.02616608562127894 24.07981653846154 0.47115384615384615 45.301282057692305 45.30769230769231 1.0384615384615385 44.26923076923077 3.008008500037249
152000 78.86538461538461 0.013415374461062743 23.913149788461535 0.47756410256410253 45.301282057692305 45.30769230769231 1.0384615384615385 44.26923076923077 2.6820598000194877
154000 81.21153846153847 0.013415010106069084 23.66955990384615 0.4871794871794872 45.301282057692305 45.30769230769231 1.0384615384615385 44.26923076923077 2.8263678000075743
156000 81.4423076923077 0.01215395338544999 23.618277826923073 0.4919871794871795 45.301282057692305 45.30769230769231 1.0384615384615385 44.26923076923077 2.841999299998861
158000 81.4423076923077 0.01136959500199621 23.618277826923073 0.4919871794871795 45.301282057692305 45.30769230769231 1.0384615384615385 44.26923076923077 2.9108687000116333
160000 81.40384615384616 0.010652300819357039 23.55417523076923 0.4919871794871795 45.301282057692305 45.30769230769231 1.0384615384615385 44.26923076923077 2.7845222000032663
162000 81.4423076923077 0.010787845010851211 23.509303403846154 0.4855769230769231 45.301282057692305 45.30769230769231 1.0384615384615385 44.26923076923077 2.8738959999755025
164000 81.36538461538461 0.011137089237029916 23.53494444230769 0.4855769230769231 45.301282057692305 45.30769230769231 1.0384615384615385 44.26923076923077 2.6785328999976628
166000 81.21153846153847 0.010318662400587948 23.547764961538462 0.4919871794871795 45.301282057692305 45.30769230769231 1.0384615384615385 44.26923076923077 2.899479200015776
168000 77.5576923076923 0.008076457316471688 23.970842596153847 0.5048076923076923 45.301282057692305 45.30769230769231 1.0384615384615385 44.26923076923077 2.809270999976434
170000 77.28846153846153 0.007148344833831459 24.02212471153846 0.5048076923076923 45.301282057692305 45.30769230769231 1.0384615384615385 44.26923076923077 2.809337000013329
172000 78.9423076923077 0.00877703357242724 23.983662615384617 0.4663461538461538 45.301282057692305 45.30769230769231 1.0384615384615385 44.26923076923077 2.7568051000125706
174000 177.78846153846155 0.06847626543850883 23.030326557692312 0.5096153846153846 45.301282057692305 45.30769230769231 4.211538461538462 41.09615384615385 2.7037886999896728
176000 215.8653846153846 0.07376233037960879 22.43463107692308 0.5256410256410257 45.301282057692305 45.30769230769231 5.6923076923076925 39.61538461538461 2.906320500012953
178000 245.98076923076923 0.08366726164709903 22.54360548076924 0.546474358974359 45.301282057692305 45.30769230769231 5.6923076923076925 39.61538461538461 2.652275300002657
180000 256.9423076923077 0.08736388363870559 22.4730926346154 0.546474358974359 45.301282057692305 45.30769230769231 5.6923076923076925 39.61538461538461 2.674937099975068
182000 272.13461538461536 0.09335778451066996 22.495986461538475 0.546474358974359 45.301282057692305 45.30769230769231 5.75 39.55769230769231 2.816457500040997
184000 276.8076923076923 0.09208314205455839 22.431884038461547 0.5913461538461539 45.301282057692305 45.30769230769231 5.75 39.55769230769231 2.9107429000432603
186000 278.75 0.0939748529805428 22.40624298076924 0.5865384615384616 45.301282057692305 45.30769230769231 5.75 39.55769230769231 2.8740375000052154
188000 277.9230769230769 0.09262122172985054 22.41906351923078 0.5913461538461539 45.301282057692305 45.30769230769231 5.75 39.55769230769231 2.9472826000419445
190000 276.59615384615387 0.0918678206739232 22.460730096153853 0.5512820512820512 45.301282057692305 45.30769230769231 5.923076923076923 39.38461538461539 2.795545000000857
192000 276.59615384615387 0.0918678206739232 22.460730096153853 0.5512820512820512 45.301282057692305 45.30769230769231 5.923076923076923 39.38461538461539 2.7362031000084244
194000 275.8076923076923 0.09133981820151675 22.463935230769234 0.5560897435897435 45.301282057692305 45.30769230769231 5.769230769230769 39.53846153846154 2.938835100037977
196000 288.63461538461536 0.10528551153032255 22.310088923076933 0.5625 45.301282057692305 45.30769230769231 5.75 39.55769230769231 2.9734582999954
198000 288.63461538461536 0.10528551153032255 22.310088923076933 0.5625 45.301282057692305 45.30769230769231 5.75 39.55769230769231 3.1105228000087664
200000 288.63461538461536 0.10528551153032255 22.310088923076933 0.5625 45.301282057692305 45.30769230769231 5.75 39.55769230769231 2.8372154999524355
202000 288.63461538461536 0.10528551153032255 22.310088923076933 0.5625 45.301282057692305 45.30769230769231 5.75 39.55769230769231 2.904561899951659
204000 288.61538461538464 0.10558701030361567 22.310088923076933 0.5625 45.301282057692305 45.30769230769231 5.75 39.55769230769231 2.8310902999946848
206000 290.0769230769231 0.10690156085200739 22.29726840384616 0.5625 45.301282057692305 45.30769230769231 5.75 39.55769230769231 2.9269828000105917
208000 290.0576923076923 0.10859453243175396 22.29726840384616 0.5625 45.301282057692305 45.30769230769231 5.75 39.55769230769231 2.886631999979727
210000 290.0576923076923 0.10859453243175396 22.29726840384616 0.5625 45.301282057692305 45.30769230769231 5.75 39.55769230769231 2.8618104999768548
212000 285.0 0.10070720050267955 22.38060182692308 0.5560897435897435 45.301282057692305 45.30769230769231 5.75 39.55769230769231 2.7555681000230834
214000 284.78846153846155 0.10055912359346258 22.387012096153853 0.5560897435897435 45.301282057692305 45.30769230769231 5.75 39.55769230769231 2.7815226000384428
216000 286.90384615384613 0.1043234980146428 22.354960846153855 0.5625 45.301282057692305 45.30769230769231 5.75 39.55769230769231 2.741571600025054
218000 286.90384615384613 0.1043234980146428 22.354960846153855 0.5625 45.301282057692305 45.30769230769231 5.75 39.55769230769231 2.893716900027357
220000 285.9230769230769 0.10363738483747059 22.354960846153855 0.5625 45.301282057692305 45.30769230769231 5.75 39.55769230769231 2.8364399999845773
222000 286.90384615384613 0.1043234980146428 22.354960846153855 0.5625 45.301282057692305 45.30769230769231 5.75 39.55769230769231 3.1389058000058867
224000 286.90384615384613 0.10592549026793013 22.354960826923083 0.5625 45.301282057692305 45.30769230769231 5.75 39.55769230769231 3.215977399959229
226000 289.1923076923077 0.10851289665187577 22.329319750000007 0.5625 45.301282057692305 45.30769230769231 5.75 39.55769230769231 2.8207246999954805
228000 289.1923076923077 0.10851289665187577 22.329319750000007 0.5625 45.301282057692305 45.30769230769231 5.75 39.55769230769231 2.808274300012272
230000 289.1923076923077 0.10851289665187577 22.329319750000007 0.5625 45.301282057692305 45.30769230769231 5.75 39.55769230769231 2.8491970999748446
232000 290.8269230769231 0.10967540424612202 22.316499211538467 0.5625 45.301282057692305 45.30769230769231 5.75 39.55769230769231 2.9784258999861777
234000 289.5576923076923 0.10878742568368852 22.322909461538465 0.5625 45.301282057692305 45.30769230769231 5.75 39.55769230769231 2.9415447000064887
236000 290.8269230769231 0.10967540424612202 22.316499211538467 0.5625 45.301282057692305 45.30769230769231 5.75 39.55769230769231 2.8291872999980114
238000 289.9230769230769 0.10840945055790158 22.342140250000003 0.5721153846153846 45.301282057692305 45.30769230769231 5.75 39.55769230769231 2.8017980000004172
240000 286.4230769230769 0.10199387528715419 22.393422346153848 0.5657051282051282 45.301282057692305 45.30769230769231 5.75 39.55769230769231 3.068313300027512
242000 286.4230769230769 0.10199387528715419 22.393422346153848 0.5657051282051282 45.301282057692305 45.30769230769231 5.75 39.55769230769231 2.864323800022248
244000 286.4230769230769 0.10199387528715419 22.393422346153848 0.5657051282051282 45.301282057692305 45.30769230769231 5.75 39.55769230769231 2.888504200032912
246000 286.4230769230769 0.10199387528715419 22.393422346153848 0.5657051282051282 45.301282057692305 45.30769230769231 5.75 39.55769230769231 2.7855835999944247
248000 285.15384615384613 0.10110589672472069 22.39983259615385 0.5657051282051282 45.301282057692305 45.30769230769231 5.75 39.55769230769231 2.6985809999750927
250000 286.8076923076923 0.1056912677380676 22.36778128846154 0.5657051282051282 45.301282057692305 45.30769230769231 5.75 39.55769230769231 3.173629999975674
252000 286.8076923076923 0.1056912677380676 22.36778128846154 0.5657051282051282 45.301282057692305 45.30769230769231 5.75 39.55769230769231 2.777856000000611
254000 286.8076923076923 0.1056912677380676 22.36778128846154 0.5657051282051282 45.301282057692305 45.30769230769231 5.75 39.55769230769231 2.6758811000036076
256000 286.8076923076923 0.1056912677380676 22.36778128846154 0.5657051282051282 45.301282057692305 45.30769230769231 5.75 39.55769230769231 2.6264954000362195
258000 288.65384615384613 0.10752147199546805 22.3485505 0.5721153846153846 45.301282057692305 45.30769230769231 5.75 39.55769230769231 2.6582317000138573
260000 288.65384615384613 0.10752147199546805 22.3485505 0.5721153846153846 45.301282057692305 45.30769230769231 5.75 39.55769230769231 3.0930718000163324
262000 288.65384615384613 0.10752147199546805 22.3485505 0.5721153846153846 45.301282057692305 45.30769230769231 5.75 39.55769230769231 2.823878299968783
264000 288.65384615384613 0.10752147199546805 22.3485505 0.5721153846153846 45.301282057692305 45.30769230769231 5.75 39.55769230769231 2.6773462999844924
266000 286.8076923076923 0.1056912677380676 22.36778128846154 0.5657051282051282 45.301282057692305 45.30769230769231 5.75 39.55769230769231 2.7912983000278473
268000 288.65384615384613 0.10752147199546805 22.3485505 0.5721153846153846 45.301282057692305 45.30769230769231 5.75 39.55769230769231 2.7652769000269473
270000 288.28846153846155 0.10672732320971805 22.35496076923077 0.5657051282051282 45.301282057692305 45.30769230769231 5.75 39.55769230769231 2.8172008999972604
272000 288.1730769230769 0.10777388665490975 22.329319730769235 0.5625 45.301282057692305 45.30769230769231 5.75 39.55769230769231 2.6729573999764398
274000 289.2692307692308 0.10959194234785624 22.322909461538465 0.5625 45.301282057692305 45.30769230769231 5.75 39.55769230769231 2.715891700005159
276000 288.1730769230769 0.10777388665490975 22.329319730769235 0.5625 45.301282057692305 45.30769230769231 5.75 39.55769230769231 2.8357178999576718
278000 288.1730769230769 0.10777388665490975 22.329319730769235 0.5625 45.301282057692305 45.30769230769231 5.75 39.55769230769231 2.8739545000134967
280000 289.2692307692308 0.10959194234785624 22.322909461538465 0.5625 45.301282057692305 45.30769230769231 5.75 39.55769230769231 2.722954299999401
282000 289.2692307692308 0.10872043749962591 22.322909461538465 0.5625 45.301282057692305 45.30769230769231 5.75 39.55769230769231 2.767136400041636
284000 289.13461538461536 0.1086249131693457 22.331456480769234 0.5625 45.301282057692305 45.30769230769231 5.788461538461538 39.51923076923077 3.147996299958322
286000 286.0192307692308 0.10639599430146397 22.375870403846157 0.5560897435897435 45.301282057692305 45.30769230769231 5.730769230769231 39.57692307692308 2.958996700006537
288000 289.13461538461536 0.1086249131693457 22.331456480769234 0.5625 45.301282057692305 45.30769230769231 5.788461538461538 39.51923076923077 3.0424005999811925
290000 289.13461538461536 0.1086249131693457 22.331456480769234 0.5625 45.301282057692305 45.30769230769231 5.788461538461538 39.51923076923077 2.904045599978417
292000 289.13461538461536 0.1086249131693457 22.331456480769234 0.5625 45.301282057692305 45.30769230769231 5.788461538461538 39.51923076923077 2.9070527000003494
294000 288.96153846153845 0.10780261004348007 22.325046230769235 0.5625 45.301282057692305 45.30769230769231 5.826923076923077 39.48076923076923 2.9798059999593534
296000 291.09615384615387 0.10929990951807206 22.279716557692307 0.5625 45.301282057692305 45.30769230769231 5.903846153846154 39.40384615384615 2.900558200024534
298000 291.09615384615387 0.10929990951807206 22.279716557692307 0.5625 45.301282057692305 45.30769230769231 5.903846153846154 39.40384615384615 2.942509400018025
300000 292.6730769230769 0.11042165141592777 22.280784923076926 0.5625 45.301282057692305 45.30769230769231 5.846153846153846 39.46153846153846 2.8812114999745972
302000 287.84615384615387 0.11113308180935456 22.30902057692308 0.5625 45.301282057692305 45.30769230769231 5.846153846153846 39.46153846153846 3.0541559000266716
304000 291.09615384615387 0.10929990951807206 22.279716557692307 0.5625 45.301282057692305 45.30769230769231 5.903846153846154 39.40384615384615 3.1271832000347786
306000 287.84615384615387 0.11113308180935456 22.30902057692308 0.5625 45.301282057692305 45.30769230769231 5.846153846153846 39.46153846153846 2.9359639000031166
308000 287.84615384615387 0.11113308180935456 22.30902057692308 0.5625 45.301282057692305 45.30769230769231 5.846153846153846 39.46153846153846 3.1075132999685593
310000 289.6730769230769 0.11504373312693163 22.322909442307697 0.5625 45.301282057692305 45.30769230769231 5.75 39.55769230769231 2.9187829000293277
312000 295.8269230769231 0.11663701272189433 22.26323305769231 0.5625 45.301282057692305 45.30769230769231 5.961538461538462 39.34615384615385 2.914045699988492
314000 295.8269230769231 0.11663701272189433 22.26323305769231 0.5625 45.301282057692305 45.30769230769231 5.961538461538462 39.34615384615385 3.221663100004662
316000 301.75 0.11979812244830063 22.228587153846156 0.5625 45.301282057692305 45.30769230769231 5.980769230769231 39.32692307692308 2.940445600019302
318000 301.75 0.11979812244830063 22.228587153846156 0.5625 45.301282057692305 45.30769230769231 5.980769230769231 39.32692307692308 3.0945746999932453
320000 302.6923076923077 0.12077353937808034 22.20889851923077 0.5625 45.301282057692305 45.30769230769231 6.0576923076923075 39.25 2.915142100013327
322000 306.40384615384613 0.11979481380800518 22.166774019230772 0.5625 45.301282057692305 45.30769230769231 6.173076923076923 39.13461538461539 2.8685652000131086
324000 307.15384615384613 0.1204876239227067 22.15670078846154 0.5625 45.301282057692305 45.30769230769231 6.25 39.05769230769231 2.87207009998383
326000 308.9230769230769 0.12261373691724929 22.12098651923077 0.5625 45.301282057692305 45.30769230769231 6.326923076923077 38.98076923076923 2.8690115000354126
328000 309.7692307692308 0.12402170605026094 22.113660557692306 0.5625 45.301282057692305 45.30769230769231 6.4423076923076925 38.86538461538461 2.9409592000301927
330000 311.4807692307692 0.12465579566115043 22.090766807692304 0.5625 45.301282057692305 45.30769230769231 6.519230769230769 38.78846153846154 2.964415700000245
332000 309.65384615384613 0.12355342115329944 22.123733788461536 0.5625 45.301282057692305 45.30769230769231 6.365384615384615 38.94230769230769 3.042160100012552
334000 311.4807692307692 0.12423564785493736 22.090766807692304 0.5625 45.301282057692305 45.30769230769231 6.519230769230769 38.78846153846154 2.848583500017412
336000 313.36538461538464 0.12846454409808025 22.055052538461535 0.5625 45.301282057692305 45.30769230769231 6.596153846153846 38.71153846153846 2.7784730999846943
338000 313.36538461538464 0.12317638548841352 22.044979307692305 0.5625 45.301282057692305 45.30769230769231 6.673076923076923 38.63461538461539 2.834266099962406
340000 314.4230769230769 0.12487364982937689 22.022085557692307 0.5625 45.301282057692305 45.30769230769231 6.75 38.55769230769231 3.082673099997919
342000 314.4230769230769 0.12487364982937689 22.022085557692307 0.5625 45.301282057692305 45.30769230769231 6.75 38.55769230769231 2.910816900024656
344000 319.2692307692308 0.12641592670662483 21.999191807692306 0.5625 45.301282057692305 45.30769230769231 6.826923076923077 38.48076923076923 2.9135917000239715
346000 314.4230769230769 0.12487362753585005 22.032158788461537 0.5625 45.301282057692305 45.30769230769231 6.673076923076923 38.63461538461539 2.9740563999512233
348000 318.21153846153845 0.13000682097532817 22.032158788461537 0.5625 45.301282057692305 45.30769230769231 6.673076923076923 38.63461538461539 3.3832866000011563
350000 319.2692307692308 0.126415904413098 22.009265038461535 0.5625 45.301282057692305 45.30769230769231 6.75 38.55769230769231 3.080949099967256
352000 319.9807692307692 0.1269570834459493 21.992781557692304 0.5625 45.301282057692305 45.30769230769231 6.826923076923077 38.48076923076923 3.0617194999940693
354000 319.9807692307692 0.1269570834459493 21.992781557692304 0.5625 45.301282057692305 45.30769230769231 6.826923076923077 38.48076923076923 2.7640760999638587
356000 318.9423076923077 0.1264567261995303 21.988891596153845 0.5528846153846154 45.301282057692305 45.30769230769231 6.903846153846154 38.40384615384615 3.034831299970392
358000 318.8269230769231 0.12626928575655236 22.022085557692307 0.5625 45.301282057692305 45.30769230769231 6.75 38.55769230769231 3.0157907999819145
360000 314.21153846153845 0.12509582410931264 22.03856905769231 0.5625 45.301282057692305 45.30769230769231 6.673076923076923 38.63461538461539 2.90534239995759
362000 313.9807692307692 0.12472700887930444 22.044979307692305 0.5625 45.301282057692305 45.30769230769231 6.673076923076923 38.63461538461539 2.889152900024783
364000 314.21153846153845 0.1239145307352245 22.03856905769231 0.5625 45.301282057692305 45.30769230769231 6.673076923076923 38.63461538461539 2.828258299967274
366000 313.59615384615387 0.12366503016386533 22.04864228846154 0.5625 45.301282057692305 45.30769230769231 6.596153846153846 38.71153846153846 3.126952899969183
368000 314.21153846153845 0.1239145307352245 22.03856905769231 0.5625 45.301282057692305 45.30769230769231 6.673076923076923 38.63461538461539 2.926636199990753
370000 315.0576923076923 0.12568855240564253 22.018422596153847 0.5625 45.301282057692305 45.30769230769231 6.826923076923077 38.48076923076923 2.9778156999964267
372000 314.21153846153845 0.1239145307352245 22.03856905769231 0.5625 45.301282057692305 45.30769230769231 6.673076923076923 38.63461538461539 3.0343418000265956
374000 312.53846153846155 0.12314905919699012 22.07153603846154 0.5625 45.301282057692305 45.30769230769231 6.519230769230769 38.78846153846154 2.8659920999780297
376000 313.96153846153845 0.1240853946573521 22.03856905769231 0.5625 45.301282057692305 45.30769230769231 6.673076923076923 38.63461538461539 2.9338124000350945
378000 312.53846153846155 0.12314905919699012 22.07153603846154 0.5625 45.301282057692305 45.30769230769231 6.519230769230769 38.78846153846154 3.0145076000480913
380000 313.96153846153845 0.1240853946573521 22.03856905769231 0.5625 45.301282057692305 45.30769230769231 6.673076923076923 38.63461538461539 2.8958836999954656
382000 312.53846153846155 0.12314905919699012 22.07153603846154 0.5625 45.301282057692305 45.30769230769231 6.519230769230769 38.78846153846154 2.8529641999630257
384000 312.90384615384613 0.12356942369047688 22.06146280769231 0.5625 45.301282057692305 45.30769230769231 6.596153846153846 38.71153846153846 2.851475199975539
386000 313.96153846153845 0.1240853946573521 22.03856905769231 0.5625 45.301282057692305 45.30769230769231 6.673076923076923 38.63461538461539 3.0840324999880977
388000 313.4423076923077 0.12377245883768563 22.011785346153847 0.5528846153846154 45.301282057692305 45.30769230769231 6.826923076923077 38.48076923076923 2.8552629000041634
390000 313.36538461538464 0.12373165606747873 22.02185857692308 0.5528846153846154 45.301282057692305 45.30769230769231 6.75 38.55769230769231 2.8305850000469945
392000 318.3269230769231 0.12502593225408296 21.99896482692308 0.5528846153846154 45.301282057692305 45.30769230769231 6.826923076923077 38.48076923076923 2.9066955000162125
394000 318.6923076923077 0.12544629674756977 21.988891596153845 0.5528846153846154 45.301282057692305 45.30769230769231 6.903846153846154 38.40384615384615 2.904922399960924
396000 318.6923076923077 0.12544629674756977 21.988891596153845 0.5528846153846154 45.301282057692305 45.30769230769231 6.903846153846154 38.40384615384615 3.235105800034944
398000 317.63461538461536 0.12493032578069455 22.011785346153847 0.5528846153846154 45.301282057692305 45.30769230769231 6.826923076923077 38.48076923076923 2.90673039999092
400000 317.15384615384613 0.12475796197785145 22.021858576923076 0.5528846153846154 45.301282057692305 45.30769230769231 6.75 38.55769230769231 2.88340569997672
402000 317.15384615384613 0.12475796197785145 22.021858576923076 0.5528846153846154 45.301282057692305 45.30769230769231 6.75 38.55769230769231 2.829558800032828
404000 316.88461538461536 0.12465766347220608 22.02185857692308 0.5528846153846154 45.301282057692305 45.30769230769231 6.75 38.55769230769231 2.7857110999757424
406000 317.63461538461536 0.12493032578069455 22.011785346153847 0.5528846153846154 45.301282057692305 45.30769230769231 6.826923076923077 38.48076923076923 3.4027184000005946
408000 317.63461538461536 0.12493032578069455 22.011785346153847 0.5528846153846154 45.301282057692305 45.30769230769231 6.826923076923077 38.48076923076923 3.0274342000484467
410000 317.63461538461536 0.12493032578069455 22.011785346153847 0.5528846153846154 45.301282057692305 45.30769230769231 6.826923076923077 38.48076923076923 2.8995528999948874
412000 317.63461538461536 0.12493032578069455 22.011785346153847 0.5528846153846154 45.301282057692305 45.30769230769231 6.826923076923077 38.48076923076923 2.8598150000325404
414000 318.28846153846155 0.12657047107198652 21.988891596153845 0.5528846153846154 45.301282057692305 45.30769230769231 6.903846153846154 38.40384615384615 2.7323268999462016
416000 317.63461538461536 0.12493032578069455 22.011785346153847 0.5528846153846154 45.301282057692305 45.30769230769231 6.826923076923077 38.48076923076923 2.764117799990345
418000 317.63461538461536 0.12493032578069455 22.011785346153847 0.5528846153846154 45.301282057692305 45.30769230769231 6.826923076923077 38.48076923076923 2.912608199985698
420000 317.63461538461536 0.12493032578069455 22.011785346153847 0.5528846153846154 45.301282057692305 45.30769230769231 6.826923076923077 38.48076923076923 2.8763520999928005
422000 317.63461538461536 0.12493032578069455 22.011785346153847 0.5528846153846154 45.301282057692305 45.30769230769231 6.826923076923077 38.48076923076923 2.7729462000424974
424000 317.63461538461536 0.12493032578069455 22.011785346153847 0.5528846153846154 45.301282057692305 45.30769230769231 6.826923076923077 38.48076923076923 2.7642042000079527
426000 318.2307692307692 0.12528406437056788 22.028495826923077 0.5625 45.301282057692305 45.30769230769231 6.75 38.55769230769231 2.8347138999961317
428000 318.2307692307692 0.12528406437056788 22.028495826923077 0.5625 45.301282057692305 45.30769230769231 6.75 38.55769230769231 3.0242556000011973
430000 312.90384615384613 0.12356942369047688 22.06146280769231 0.5625 45.301282057692305 45.30769230769231 6.596153846153846 38.71153846153846 2.9843728999840096
432000 313.96153846153845 0.1240853946573521 22.03856905769231 0.5625 45.301282057692305 45.30769230769231 6.673076923076923 38.63461538461539 2.809419800003525
434000 318.8076923076923 0.12562767153460003 22.01567530769231 0.5625 45.301282057692305 45.30769230769231 6.75 38.55769230769231 3.0000758999958634
436000 318.21153846153845 0.12527393294472663 21.99896482692308 0.5528846153846154 45.301282057692305 45.30769230769231 6.826923076923077 38.48076923076923 2.983978600008413
438000 318.8076923076923 0.12562767153460003 22.01567530769231 0.5625 45.301282057692305 45.30769230769231 6.75 38.55769230769231 2.894683399994392
440000 313.96153846153845 0.1240853946573521 22.03856905769231 0.5625 45.301282057692305 45.30769230769231 6.673076923076923 38.63461538461539 2.727570499991998
442000 313.96153846153845 0.1240853946573521 22.03856905769231 0.5625 45.301282057692305 45.30769230769231 6.673076923076923 38.63461538461539 2.764628100034315
444000 313.96153846153845 0.1240853946573521 22.03856905769231 0.5625 45.301282057692305 45.30769230769231 6.673076923076923 38.63461538461539 3.0089849999640137
446000 319.4230769230769 0.12587717210595917 22.00560207692308 0.5625 45.301282057692305 45.30769230769231 6.826923076923077 38.48076923076923 2.7760941000306047
448000 314.5769230769231 0.12433489522871126 22.028495826923077 0.5625 45.301282057692305 45.30769230769231 6.75 38.55769230769231 2.8613683999865316
450000 314.5769230769231 0.12433489522871126 22.028495826923077 0.5625 45.301282057692305 45.30769230769231 6.75 38.55769230769231 2.8017476000241004
452000 312.90384615384613 0.12356942369047688 22.06146280769231 0.5625 45.301282057692305 45.30769230769231 6.596153846153846 38.71153846153846 2.7081923999940045
454000 311.7692307692308 0.122862951723257 22.08160926923077 0.5625 45.301282057692305 45.30769230769231 6.4423076923076925 38.86538461538461 2.607113100006245
456000 311.53846153846155 0.12292957762687041 22.054825557692308 0.5528846153846154 45.301282057692305 45.30769230769231 6.596153846153846 38.71153846153846 2.7413011000026017
458000 311.7692307692308 0.122862951723257 22.08160926923077 0.5625 45.301282057692305 45.30769230769231 6.4423076923076925 38.86538461538461 2.7768522999831475
460000 311.7692307692308 0.122862951723257 22.08160926923077 0.5625 45.301282057692305 45.30769230769231 6.4423076923076925 38.86538461538461 2.5853880000067875
462000 311.7692307692308 0.122862951723257 22.08160926923077 0.5625 45.301282057692305 45.30769230769231 6.4423076923076925 38.86538461538461 2.5782419000170194
464000 311.7692307692308 0.122862951723257 22.08160926923077 0.5625 45.301282057692305 45.30769230769231 6.4423076923076925 38.86538461538461 2.48437310004374
466000 311.7692307692308 0.122862951723257 22.08160926923077 0.5625 45.301282057692305 45.30769230769231 6.4423076923076925 38.86538461538461 2.465563200006727
468000 311.7692307692308 0.122862951723257 22.08160926923077 0.5625 45.301282057692305 45.30769230769231 6.4423076923076925 38.86538461538461 2.37584799999604
470000 311.7692307692308 0.122862951723257 22.08160926923077 0.5625 45.301282057692305 45.30769230769231 6.4423076923076925 38.86538461538461 2.122237099974882
472000 311.7692307692308 0.122862951723257 22.08160926923077 0.5625 45.301282057692305 45.30769230769231 6.4423076923076925 38.86538461538461 2.1532155000022613
474000 311.7692307692308 0.122862951723257 22.08160926923077 0.5625 45.301282057692305 45.30769230769231 6.4423076923076925 38.86538461538461 2.1569390000076964
476000 311.1730769230769 0.12250921313338362 22.064898788461537 0.5528846153846154 45.301282057692305 45.30769230769231 6.519230769230769 38.78846153846154 1.9844794000382535
478000 311.7692307692308 0.122862951723257 22.08160926923077 0.5625 45.301282057692305 45.30769230769231 6.4423076923076925 38.86538461538461 2.221963100018911
480000 311.7692307692308 0.122862951723257 22.08160926923077 0.5625 45.301282057692305 45.30769230769231 6.4423076923076925 38.86538461538461 2.224330099998042
482000 311.1730769230769 0.12250921313338362 22.064898788461537 0.5528846153846154 45.301282057692305 45.30769230769231 6.519230769230769 38.78846153846154 2.223562800034415
484000 311.7692307692308 0.122862951723257 22.08160926923077 0.5625 45.301282057692305 45.30769230769231 6.4423076923076925 38.86538461538461 2.170880899997428
486000 311.7692307692308 0.122862951723257 22.08160926923077 0.5625 45.301282057692305 45.30769230769231 6.4423076923076925 38.86538461538461 2.110475099994801
488000 311.7692307692308 0.122862951723257 22.08160926923077 0.5625 45.301282057692305 45.30769230769231 6.4423076923076925 38.86538461538461 2.0118542999844067
490000 312.8269230769231 0.12337892269013222 22.058715519230766 0.5625 45.301282057692305 45.30769230769231 6.519230769230769 38.78846153846154 1.781627300020773
492000 312.2307692307692 0.12302518410025884 22.04200503846154 0.5528846153846154 45.301282057692305 45.30769230769231 6.596153846153846 38.71153846153846 1.8580026000272483
494000 312.2307692307692 0.12302518410025884 22.04200503846154 0.5528846153846154 45.301282057692305 45.30769230769231 6.596153846153846 38.71153846153846 1.8110906000365503
496000 312.2307692307692 0.12302518410025884 22.04200503846154 0.5528846153846154 45.301282057692305 45.30769230769231 6.596153846153846 38.71153846153846 1.8268294000299647
498000 313.4423076923077 0.12362842326149139 22.04864228846154 0.5625 45.301282057692305 45.30769230769231 6.596153846153846 38.71153846153846 1.8907739000278525
500000 313.4423076923077 0.12362842326149139 22.04864228846154 0.5625 45.301282057692305 45.30769230769231 6.596153846153846 38.71153846153846 1.980786700034514
