2000 3.673076923076923 -0.1337589207792795 33.85408048076923 0.18269230769230768 45.301282057692305 45.30769230769231 2.7115384615384617 42.59615384615385 1.2578080999956
4000 3.8653846153846154 0.0010622233357384088 35.11428128846155 0.125 45.301282057692305 45.30769230769231 3.2115384615384617 42.09615384615385 1.647633800006588
6000 8.692307692307692 0.0023041059600648023 32.773657788461534 0.1971153846153846 45.301282057692305 45.30769230769231 2.8461538461538463 42.46153846153846 1.733909799993853
8000 8.307692307692308 0.0017164233622023323 32.23003244230769 0.28205128205128205 45.301282057692305 45.30769230769231 2.6346153846153846 42.67307692307692 1.7158404999936465
10000 14.211538461538462 0.004298740876057647 31.4305668076923 0.264423076923077 45.301282057692305 45.30769230769231 3.0961538461538463 42.21153846153846 2.313647500006482
12000 5.480769230769231 0.0009182753636695231 32.80829161538462 0.23878205128205127 45.301282057692305 45.30769230769231 2.923076923076923 42.38461538461539 3.1295699999900535
14000 9.865384615384615 0.0035798742588180558 31.610960538461548 0.2852564102564102 45.301282057692305 45.30769230769231 2.769230769230769 42.53846153846154 3.2448308000020916
16000 6.423076923076923 0.0019177017857882857 32.62696196153848 0.22275641025641024 45.301282057692305 45.30769230769231 3.2115384615384617 42.09615384615385 2.62996390000626
18000 4.673076923076923 -0.09490146538853007 33.32511698076924 0.1939102564102564 45.301282057692305 45.30769230769231 2.730769230769231 42.57692307692308 2.8389631000027293
20000 5.961538461538462 -0.17136599406237002 33.55790407692307 0.20833333333333331 45.301282057692305 45.30769230769231 3.3076923076923075 42.0 2.8061768999905325
22000 4.25 0.0010868278475117022 33.061924615384605 0.21794871794871795 45.301282057692305 45.30769230769231 2.8461538461538463 42.46153846153846 2.8207336999912513
24000 5.519230769230769 0.0015594147657165365 32.41169867307693 0.2419871794871795 45.301282057692305 45.30769230769231 3.173076923076923 42.13461538461539 3.319176699995296
26000 7.903846153846154 0.0024252724707106133 31.655077019230767 0.28685897435897434 45.301282057692305 45.30769230769231 2.7884615384615383 42.51923076923077 3.122467900000629
28000 9.25 -0.13036158586927743 32.46892973076922 0.3076923076923077 45.301282057692305 45.30769230769231 2.7884615384615383 42.51923076923077 3.1137057000014465
30000 4.384615384615385 0.0014958608029458469 33.76460103846154 0.20352564102564102 45.301282057692305 45.30769230769231 3.173076923076923 42.13461538461539 3.4549406000005547
32000 9.192307692307692 0.0030257839929998917 32.1938325 0.27403846153846156 45.301282057692305 45.30769230769231 2.7884615384615383 42.51923076923077 3.384918000010657
34000 5.75 0.001505216725013263 32.75961171153846 0.25641025641025644 45.301282057692305 45.30769230769231 3.230769230769231 42.07692307692308 3.245819899995695
36000 7.384615384615385 0.002981418613572666 31.333997884615393 0.28685897435897434 45.301282057692305 45.30769230769231 2.6538461538461537 42.65384615384615 3.2217335000023013
38000 5.826923076923077 0.0017995876531559925 32.11362111538462 0.2371794871794872 45.301282057692305 45.30769230769231 3.0961538461538463 42.21153846153846 3.2172482999885688
40000 4.769230769230769 0.000978655570952598 32.17875419230769 0.2163461538461538 45.301282057692305 45.30769230769231 2.6346153846153846 42.67307692307692 3.134849599999143
42000 4.596153846153846 0.0009634562722745132 32.56123136538462 0.19551282051282054 45.301282057692305 45.30769230769231 2.6538461538461537 42.65384615384615 3.215963399998145
44000 5.0576923076923075 0.0011263901194423693 32.325658134615395 0.21794871794871792 45.301282057692305 45.30769230769231 2.6538461538461537 42.65384615384615 3.117495400001644
46000 6.75 0.001749875356363868 32.96133723076924 0.21474358974358973 45.301282057692305 45.30769230769231 2.6346153846153846 42.67307692307692 3.142969299995457
48000 6.423076923076923 0.0017386041724383877 32.78495894230769 0.23878205128205124 45.301282057692305 45.30769230769231 2.6346153846153846 42.67307692307692 3.070606299996143
50000 4.730769230769231 0.0010471629250757826 32.640728057692314 0.21794871794871792 45.301282057692305 45.30769230769231 2.6346153846153846 42.67307692307692 3.125950700006797
52000 6.115384615384615 0.0011284681916242005 32.89509773076923 0.16346153846153846 45.301282057692305 45.30769230769231 2.6346153846153846 42.67307692307692 3.252901700005168
54000 4.519230769230769 0.0012490108171573828 33.74873434615385 0.14102564102564102 45.301282057692305 45.30769230769231 3.0576923076923075 42.25 3.2823097000073176
56000 4.115384615384615 0.0009019637934658388 34.00702799999999 0.1362179487179487 45.301282057692305 45.30769230769231 2.8653846153846154 42.44230769230769 3.234976799998549
58000 4.519230769230769 0.0012610077071690856 33.365220846153846 0.15224358974358973 45.301282057692305 45.30769230769231 2.923076923076923 42.38461538461539 3.195088599997689
60000 4.461538461538462 0.001200572388962019 33.53954342307692 0.141025641025641 45.301282057692305 45.30769230769231 3.1923076923076925 42.11538461538461 3.3783784999977797
62000 5.538461538461538 0.001436179512319377 32.635214730769235 0.203525641025641 45.301282057692305 45.30769230769231 3.076923076923077 42.23076923076923 3.148849999997765
64000 3.8076923076923075 0.00086542817205435 34.03710009615385 0.17467948717948717 45.301282057692305 45.30769230769231 2.7115384615384617 42.59615384615385 3.065863600000739
66000 7.596153846153846 0.0022747617066578955 31.786703269230774 0.24358974358974356 45.301282057692305 45.30769230769231 3.230769230769231 42.07692307692308 3.2186008999997284
68000 7.288461538461538 0.002394561653134673 33.13579959615386 0.21153846153846154 45.301282057692305 45.30769230769231 3.1538461538461537 42.15384615384615 3.323892499989597
70000 5.615384615384615 0.001367307206851019 33.99235019230769 0.18269230769230768 45.301282057692305 45.30769230769231 2.7884615384615383 42.51923076923077 3.089185099990573
72000 17.673076923076923 -0.6139047729498864 31.40711919230769 0.2932692307692308 45.301282057692305 45.30769230769231 3.326923076923077 41.98076923076923 3.133413199990173
74000 17.96153846153846 -0.5753830617026116 31.268229557692305 0.2868589743589744 45.301282057692305 45.30769230769231 3.3461538461538463 41.96153846153846 2.9325968000048306
76000 21.46153846153846 -0.011996028663688338 30.679018653846153 0.32211538461538464 45.301282057692305 45.30769230769231 3.3846153846153846 41.92307692307692 3.23577590000059
78000 13.0 0.003292860945121931 32.31367192307694 0.23076923076923078 45.301282057692305 45.30769230769231 3.0961538461538463 42.21153846153846 3.301010099996347
80000 4.576923076923077 0.0009985041388072347 34.276950500000005 0.18269230769230768 45.301282057692305 45.30769230769231 2.6538461538461537 42.65384615384615 3.4234147000097437
82000 9.51923076923077 0.003604542159825873 33.79152492307692 0.1490384615384615 45.301282057692305 45.30769230769231 2.769230769230769 42.53846153846154 3.294661299994914
84000 8.26923076923077 0.002309667614257045 32.90998403846154 0.17467948717948717 45.301282057692305 45.30769230769231 3.2884615384615383 42.01923076923077 3.064188300006208
86000 7.384615384615385 0.0026026286439798938 33.956171250000004 0.16185897435897434 45.301282057692305 45.30769230769231 3.519230769230769 41.78846153846154 3.1468194000044605
88000 10.826923076923077 -0.7298344044096499 32.349427596153845 0.2355769230769231 45.301282057692305 45.30769230769231 3.480769230769231 41.82692307692308 2.906451199989533
90000 12.096153846153847 -0.5751775331467903 31.823787788461534 0.27243589743589747 45.301282057692305 45.30769230769231 3.576923076923077 41.73076923076923 2.962086800005636
92000 11.653846153846153 -0.4401544233698576 32.07336125 0.26282051282051283 45.301282057692305 45.30769230769231 3.4615384615384617 41.84615384615385 3.0293104000011226
94000 16.21153846153846 -0.07158564404320963 32.21077575000001 0.24038461538461542 45.301282057692305 45.30769230769231 3.2115384615384617 42.09615384615385 3.091127799998503
96000 11.26923076923077 -0.014624837114189012 33.815957076923084 0.1778846153846154 45.301282057692305 45.30769230769231 2.8846153846153846 42.42307692307692 3.1798976000136463
98000 16.692307692307693 -0.07128258185552488 31.769486826923078 0.25320512820512825 45.301282057692305 45.30769230769231 3.230769230769231 42.07692307692308 3.1752120000019204
100000 13.673076923076923 -0.32289141564640356 32.569271269230775 0.2227564102564103 45.301282057692305 45.30769230769231 3.0576923076923075 42.25 3.261896700001671
102000 5.884615384615385 0.0017968099936103664 33.774788711538456 0.1987179487179487 45.301282057692305 45.30769230769231 2.9038461538461537 42.40384615384615 3.6222092999960296
104000 11.942307692307692 0.00388002671437921 33.12753823076924 0.20833333333333334 45.301282057692305 45.30769230769231 3.1538461538461537 42.15384615384615 3.1495973999990383
106000 7.096153846153846 0.0025210858815734173 33.73829275000001 0.22916666666666663 45.301282057692305 45.30769230769231 3.1346153846153846 42.17307692307692 3.492060999997193
108000 8.903846153846153 0.0036927144069515043 33.111153557692305 0.1955128205128205 45.301282057692305 45.30769230769231 2.9423076923076925 42.36538461538461 3.14605459998711
110000 4.884615384615385 0.0014256628063898042 33.92815963461538 0.18269230769230768 45.301282057692305 45.30769230769231 3.076923076923077 42.23076923076923 3.1608370000030845
112000 5.673076923076923 0.0017889417332580344 33.067136769230764 0.20352564102564102 45.301282057692305 45.30769230769231 2.8461538461538463 42.46153846153846 3.0818050999951083
114000 4.903846153846154 0.0015238530907156099 33.61684951923077 0.17948717948717946 45.301282057692305 45.30769230769231 2.7884615384615383 42.51923076923077 3.2250730999949155
116000 5.403846153846154 0.0016665399477986027 34.39610642307693 0.14743589743589744 45.301282057692305 45.30769230769231 2.9038461538461537 42.40384615384615 3.25675400000182
118000 6.403846153846154 -0.01712942948802256 33.875974884615395 0.18429487179487178 45.301282057692305 45.30769230769231 3.076923076923077 42.23076923076923 3.1337231999932555
120000 6.538461538461538 0.002476277471801407 34.2300436923077 0.17307692307692304 45.301282057692305 45.30769230769231 3.173076923076923 42.13461538461539 3.1960083000012673
122000 6.230769230769231 0.0024240598394705947 34.5400440576923 0.1217948717948718 45.301282057692305 45.30769230769231 3.5384615384615383 41.76923076923077 3.261660899996059
124000 11.153846153846153 0.0042997976127762795 34.22044921153847 0.125 45.301282057692305 45.30769230769231 3.7115384615384617 41.59615384615385 3.268773700008751
126000 18.615384615384617 0.005283738025778023 32.243210288461526 0.16025641025641024 45.301282057692305 45.30769230769231 3.3076923076923075 42.0 3.2175586000084877
128000 23.76923076923077 0.008923553928133605 30.51071555769229 0.20993589743589747 45.301282057692305 45.30769230769231 3.2115384615384617 42.09615384615385 3.248816799998167
130000 65.53846153846153 -0.35176346925531654 27.762777519230767 0.3493589743589744 45.301282057692305 45.30769230769231 3.6923076923076925 41.61538461538461 3.1351125999935903
132000 22.326923076923077 0.006998845094221089 29.206301884615392 0.32211538461538464 45.301282057692305 45.30769230769231 3.3653846153846154 41.94230769230769 3.147819599995273
134000 8.038461538461538 0.001982118657567127 31.642785384615383 0.22596153846153844 45.301282057692305 45.30769230769231 3.1538461538461537 42.15384615384615 3.124277399998391
136000 14.596153846153847 0.002361184386232306 31.796553230769234 0.24519230769230768 45.301282057692305 45.30769230769231 3.5384615384615383 41.76923076923077 3.1277155999996467
138000 15.403846153846153 0.0037430745175119204 31.28578819230769 0.24198717948717946 45.301282057692305 45.30769230769231 3.480769230769231 41.82692307692308 3.3676260000065668
140000 14.923076923076923 0.003439690136224162 31.6855855 0.22596153846153844 45.301282057692305 45.30769230769231 2.8846153846153846 42.42307692307692 3.250928900000872
142000 24.78846153846154 0.009081921378355453 30.408351230769224 0.2612179487179487 45.301282057692305 45.30769230769231 2.980769230769231 42.32692307692308 3.4468441999924835
144000 17.865384615384617 0.003971404902345723 31.460549826923074 0.2532051282051282 45.301282057692305 45.30769230769231 3.4038461538461537 41.90384615384615 3.2682511000020895
146000 20.21153846153846 -0.014062071134896255 30.37789932692307 0.3044871794871795 45.301282057692305 45.30769230769231 2.7115384615384617 42.59615384615385 3.3104498000029707
148000 13.596153846153847 -0.05585588988125601 31.521596749999997 0.23076923076923078 45.301282057692305 45.30769230769231 2.6346153846153846 42.67307692307692 3.1009206000017002
150000 15.788461538461538 -0.03593548157448037 31.367692230769237 0.2532051282051282 45.301282057692305 45.30769230769231 2.6346153846153846 42.67307692307692 2.9780008000088856
152000 17.326923076923077 0.0032293570498652243 31.157221884615392 0.27724358974358976 45.301282057692305 45.30769230769231 2.6346153846153846 42.67307692307692 3.6006047000118997
154000 16.78846153846154 0.0029876695743460417 31.332699019230766 0.24519230769230765 45.301282057692305 45.30769230769231 2.6346153846153846 42.67307692307692 3.268850199994631
156000 36.07692307692308 0.00995007474883924 29.054173499999997 0.3493589743589744 45.301282057692305 45.30769230769231 2.6346153846153846 42.67307692307692 3.3698931999970227
158000 36.11538461538461 0.007261233429531589 28.66634461538462 0.33493589743589747 45.301282057692305 45.30769230769231 2.6346153846153846 42.67307692307692 3.3417030999989947
160000 54.36538461538461 0.014517937213071569 27.024256173076918 0.3926282051282052 45.301282057692305 45.30769230769231 2.6346153846153846 42.67307692307692 3.239278599998215
162000 49.19230769230769 0.013185113996213969 27.3543845576923 0.36057692307692313 45.301282057692305 45.30769230769231 2.6346153846153846 42.67307692307692 3.1968099999940023
164000 49.46153846153846 -0.004874217513804651 26.90353790384615 0.39262820512820507 45.301282057692305 45.30769230769231 2.6346153846153846 42.67307692307692 3.1303005999943707
166000 49.44230769230769 0.010435318501582063 27.24327338461538 0.36057692307692313 45.301282057692305 45.30769230769231 2.6346153846153846 42.67307692307692 3.2848234999983106
168000 71.0576923076923 -0.0007135304319799018 26.770778461538455 0.3798076923076923 45.301282057692305 45.30769230769231 3.019230769230769 42.28846153846154 3.1335899000114296
170000 74.09615384615384 0.00028070450470768683 26.600907134615376 0.3894230769230769 45.301282057692305 45.30769230769231 2.9615384615384617 42.34615384615385 3.2812197000021115
172000 90.25 -0.18879390506776028 26.08328892307692 0.4214743589743589 45.301282057692305 45.30769230769231 3.5576923076923075 41.75 3.3770240000012564
174000 74.86538461538461 0.00038079301662137597 26.568855230769223 0.3862179487179487 45.301282057692305 45.30769230769231 2.980769230769231 42.32692307692308 3.224333000005572
176000 88.09615384615384 -0.3075269515945711 26.26277619230769 0.405448717948718 45.301282057692305 45.30769230769231 3.5576923076923075 41.75 3.2521789000020362
178000 84.53846153846153 -0.07407405866374919 26.232961999999993 0.4214743589743589 45.301282057692305 45.30769230769231 3.2115384615384617 42.09615384615385 3.162120099994354
180000 73.57692307692308 0.0001830585748895308 26.822060615384608 0.3862179487179487 45.301282057692305 45.30769230769231 3.0576923076923075 42.25 3.239023799993447
182000 72.96153846153847 0.0002861473411371872 27.14578144230768 0.37179487179487175 45.301282057692305 45.30769230769231 3.1153846153846154 42.19230769230769 3.1239993999915896
184000 89.0576923076923 -0.3266375166712745 26.205084499999998 0.4150641025641026 45.301282057692305 45.30769230769231 3.5576923076923075 41.75 3.3177810999914072
186000 82.71153846153847 -0.32973575263935245 26.538418019230768 0.41346153846153844 45.301282057692305 45.30769230769231 3.5576923076923075 41.75 3.2918398000037996
188000 82.73076923076923 -0.07588748355939115 26.669825884615378 0.3974358974358974 45.301282057692305 45.30769230769231 3.480769230769231 41.82692307692308 3.3283429000002798
190000 88.3076923076923 -0.3278452970472887 26.381366634615382 0.4150641025641026 45.301282057692305 45.30769230769231 3.5576923076923075 41.75 3.322192499996163
192000 93.32692307692308 -0.24853687247447098 26.003160634615377 0.4262820512820512 45.301282057692305 45.30769230769231 3.576923076923077 41.73076923076923 3.0939213000092423
194000 93.59615384615384 -0.17039497259119532 25.95989042307692 0.43429487179487186 45.301282057692305 45.30769230769231 3.5576923076923075 41.75 3.0287083000002895
196000 86.8076923076923 -0.23130006219353455 26.50957119230769 0.4214743589743589 45.301282057692305 45.30769230769231 3.5576923076923075 41.75 3.7257578000135254
198000 96.98076923076923 -0.2476106426692858 25.939058057692304 0.4278846153846153 45.301282057692305 45.30769230769231 3.576923076923077 41.73076923076923 3.2521658999903593
200000 99.9423076923077 -0.2468600190074834 25.881365653846142 0.4214743589743589 45.301282057692305 45.30769230769231 3.576923076923077 41.73076923076923 3.4755740000109654
202000 103.42307692307692 -0.16658179562774253 25.618544942307683 0.45512820512820507 45.301282057692305 45.30769230769231 3.5576923076923075 41.75 3.1502504000090994
204000 103.34615384615384 -0.16662808927955586 25.644186019230762 0.4503205128205128 45.301282057692305 45.30769230769231 3.576923076923077 41.73076923076923 3.0960164999996778
206000 104.71153846153847 -0.16596067077234766 25.569399615384608 0.4663461538461538 45.301282057692305 45.30769230769231 3.5576923076923075 41.75 3.3667131999973208
208000 107.71153846153847 -0.16510427251966214 25.50529701923076 0.4663461538461538 45.301282057692305 45.30769230769231 3.5576923076923075 41.75 3.515075999996043
210000 154.05769230769232 0.05703441989197487 24.913027557692313 0.44070512820512814 45.301282057692305 45.30769230769231 8.096153846153847 37.21153846153846 3.230123099987395
212000 149.55769230769232 0.055118078417482175 25.038161192307694 0.4214743589743589 45.301282057692305 45.30769230769231 8.134615384615385 37.17307692307692 3.30559920000087
214000 153.32692307692307 0.05620934396519487 24.970853461538464 0.4214743589743589 45.301282057692305 45.30769230769231 8.134615384615385 37.17307692307692 3.1039829999936046
216000 149.28846153846155 0.056513900789569305 25.11815582692308 0.44070512820512814 45.301282057692305 45.30769230769231 8.0 37.30769230769231 3.1450789000082295
218000 152.03846153846155 0.05752103701629749 25.036959211538466 0.4503205128205128 45.301282057692305 45.30769230769231 8.0 37.30769230769231 3.0560401000111597
220000 161.90384615384616 0.06380191128221985 24.70796490384616 0.4455128205128205 45.301282057692305 45.30769230769231 7.865384615384615 37.44230769230769 3.3295616999967024
222000 150.78846153846155 0.056893691538666295 25.113242153846155 0.44070512820512814 45.301282057692305 45.30769230769231 8.115384615384615 37.19230769230769 3.1125844000052894
224000 150.28846153846155 0.055563807864299014 25.197004211538463 0.43108974358974356 45.301282057692305 45.30769230769231 8.153846153846153 37.15384615384615 3.183705200004624
226000 160.46153846153845 0.06122305334732147 24.648897096153853 0.4358974358974358 45.301282057692305 45.30769230769231 7.9423076923076925 37.36538461538461 3.079855999996653
228000 160.46153846153845 0.06122305334732147 24.648897096153853 0.4358974358974358 45.301282057692305 45.30769230769231 7.9423076923076925 37.36538461538461 3.139978899998823
230000 160.46153846153845 0.06133718188996417 24.648897096153853 0.4358974358974358 45.301282057692305 45.30769230769231 7.9423076923076925 37.36538461538461 3.200398100001621
232000 157.8653846153846 0.05939748393659197 24.82197375 0.42628205128205116 45.301282057692305 45.30769230769231 7.9423076923076925 37.36538461538461 3.3811807000020053
234000 157.8653846153846 0.05939748393659197 24.82197375 0.42628205128205116 45.301282057692305 45.30769230769231 7.9423076923076925 37.36538461538461 3.3856672999972943
236000 157.8653846153846 0.05928335539394927 24.82197375 0.42628205128205116 45.301282057692305 45.30769230769231 7.9423076923076925 37.36538461538461 3.165492700005416
238000 159.01923076923077 0.060884241558461616 24.96994580769231 0.42628205128205116 45.301282057692305 45.30769230769231 8.01923076923077 37.28846153846154 3.128498000005493
240000 150.82692307692307 0.05627333121271823 25.150636000000002 0.44070512820512814 45.301282057692305 45.30769230769231 8.134615384615385 37.17307692307692 3.149900400007027
242000 160.46153846153845 0.06088711158109336 24.648897096153853 0.4358974358974358 45.301282057692305 45.30769230769231 7.9423076923076925 37.36538461538461 3.606027500005439
244000 160.46153846153845 0.06154773267503918 24.648897096153853 0.4358974358974358 45.301282057692305 45.30769230769231 7.9423076923076925 37.36538461538461 3.246054000002914
246000 160.46153846153845 0.061071467619644056 24.648897096153853 0.4358974358974358 45.301282057692305 45.30769230769231 7.9423076923076925 37.36538461538461 3.298978199993144
248000 160.46153846153845 0.06105552765300527 24.648897096153853 0.4358974358974358 45.301282057692305 45.30769230769231 7.9423076923076925 37.36538461538461 3.2532050000008894
250000 161.6346153846154 0.06317403668525706 24.727958826923082 0.4358974358974358 45.301282057692305 45.30769230769231 8.0 37.30769230769231 3.2091959999961546
252000 160.46153846153845 0.061233158357134394 24.648897096153853 0.4358974358974358 45.301282057692305 45.30769230769231 7.9423076923076925 37.36538461538461 3.1442417000071146
254000 160.46153846153845 0.061071467619644056 24.648897096153853 0.4358974358974358 45.301282057692305 45.30769230769231 7.9423076923076925 37.36538461538461 3.0540994000039063
256000 160.46153846153845 0.06124951256526334 24.648897096153853 0.4358974358974358 45.301282057692305 45.30769230769231 7.9423076923076925 37.36538461538461 3.213631600010558
258000 160.46153846153845 0.06124951256526334 24.648897096153853 0.4358974358974358 45.301282057692305 45.30769230769231 7.9423076923076925 37.36538461538461 3.2003334000037285
260000 160.46153846153845 0.06054218829484015 24.648897096153853 0.4358974358974358 45.301282057692305 45.30769230769231 7.9423076923076925 37.36538461538461 3.050301600000239
262000 160.46153846153845 0.061071467619644056 24.648897096153853 0.4358974358974358 45.301282057692305 45.30769230769231 7.9423076923076925 37.36538461538461 3.4735749999963446
264000 160.46153846153845 0.060703879032330495 24.648897096153853 0.4358974358974358 45.301282057692305 45.30769230769231 7.9423076923076925 37.36538461538461 3.1745002000097884
266000 160.46153846153845 0.0607239839375172 24.648897096153853 0.4358974358974358 45.301282057692305 45.30769230769231 7.9423076923076925 37.36538461538461 3.213576499998453
268000 160.46153846153845 0.060106149294760845 24.648897096153853 0.4358974358974358 45.301282057692305 45.30769230769231 7.9423076923076925 37.36538461538461 3.2079284000064945
270000 160.46153846153845 0.060258190402624985 24.648897096153853 0.4358974358974358 45.301282057692305 45.30769230769231 7.9423076923076925 37.36538461538461 3.1894595000048866
272000 160.46153846153845 0.060708043970878416 24.648897096153853 0.4358974358974358 45.301282057692305 45.30769230769231 7.9423076923076925 37.36538461538461 3.4748981000011554
274000 160.46153846153845 0.0602422504359862 24.648897096153853 0.4358974358974358 45.301282057692305 45.30769230769231 7.9423076923076925 37.36538461538461 3.2226290999969933
276000 160.46153846153845 0.0602422504359862 24.648897096153853 0.4358974358974358 45.301282057692305 45.30769230769231 7.9423076923076925 37.36538461538461 3.2313217999908375
278000 160.46153846153845 0.06032389111822678 24.648897096153853 0.4358974358974358 45.301282057692305 45.30769230769231 7.9423076923076925 37.36538461538461 3.0899797000020044
280000 160.46153846153845 0.0609642373411385 24.648897096153853 0.4358974358974358 45.301282057692305 45.30769230769231 7.9423076923076925 37.36538461538461 3.3614052000048105
282000 160.46153846153845 0.06009649966513464 24.648897096153853 0.4358974358974358 45.301282057692305 45.30769230769231 7.9423076923076925 37.36538461538461 3.1030205999995815
284000 160.46153846153845 0.06009649966513464 24.648897096153853 0.4358974358974358 45.301282057692305 45.30769230769231 7.9423076923076925 37.36538461538461 3.199045000001206
286000 160.46153846153845 0.06009649966513464 24.648897096153853 0.4358974358974358 45.301282057692305 45.30769230769231 7.9423076923076925 37.36538461538461 3.2652710000111256
288000 160.46153846153845 0.06069180892222533 24.648897096153853 0.4358974358974358 45.301282057692305 45.30769230769231 7.9423076923076925 37.36538461538461 3.0788851999968756
290000 160.46153846153845 0.06026178909993677 24.648897096153853 0.4358974358974358 45.301282057692305 45.30769230769231 7.9423076923076925 37.36538461538461 3.1256473999965237
292000 160.26923076923077 0.060766227759457246 24.644267480769237 0.4294871794871794 45.301282057692305 45.30769230769231 7.9423076923076925 37.36538461538461 3.450761700005387
294000 160.26923076923077 0.06057841293898944 24.644267480769237 0.4294871794871794 45.301282057692305 45.30769230769231 7.9423076923076925 37.36538461538461 3.302966400005971
296000 160.26923076923077 0.06057841293898944 24.644267480769237 0.4294871794871794 45.301282057692305 45.30769230769231 7.9423076923076925 37.36538461538461 3.3825421999936225
298000 160.26923076923077 0.06095533664249385 24.644267480769237 0.4294871794871794 45.301282057692305 45.30769230769231 7.9423076923076925 37.36538461538461 3.1423599000117974
300000 160.26923076923077 0.06093281125682817 24.644267480769237 0.4294871794871794 45.301282057692305 45.30769230769231 7.9423076923076925 37.36538461538461 3.417435299998033
302000 160.46153846153845 0.06069180892222533 24.648897096153853 0.4358974358974358 45.301282057692305 45.30769230769231 7.9423076923076925 37.36538461538461 3.4323834999959217
304000 160.26923076923077 0.060766227759457246 24.644267480769237 0.4294871794871794 45.301282057692305 45.30769230769231 7.9423076923076925 37.36538461538461 3.3462852999946335
306000 160.57692307692307 0.060647855332076554 24.653882846153856 0.4487179487179486 45.301282057692305 45.30769230769231 7.9423076923076925 37.36538461538461 3.117056600007345
308000 160.57692307692307 0.06063191536543778 24.653882846153856 0.4487179487179486 45.301282057692305 45.30769230769231 7.9423076923076925 37.36538461538461 3.2125354999880074
310000 160.3846153846154 0.06053445934884067 24.64925323076924 0.44230769230769224 45.301282057692305 45.30769230769231 7.9423076923076925 37.36538461538461 3.4572972000023583
312000 160.34615384615384 0.06031871837996013 24.644623596153853 0.44230769230769224 45.301282057692305 45.30769230769231 7.9423076923076925 37.36538461538461 3.2420618000032846
314000 160.34615384615384 0.06031871837996013 24.644623596153853 0.44230769230769224 45.301282057692305 45.30769230769231 7.9423076923076925 37.36538461538461 3.1202041000069585
316000 160.34615384615384 0.06031871837996013 24.644623596153853 0.44230769230769224 45.301282057692305 45.30769230769231 7.9423076923076925 37.36538461538461 3.1401736000116216
318000 160.34615384615384 0.06031871837996013 24.644623596153853 0.44230769230769224 45.301282057692305 45.30769230769231 7.9423076923076925 37.36538461538461 3.352774600003613
320000 160.34615384615384 0.06031871837996013 24.644623596153853 0.44230769230769224 45.301282057692305 45.30769230769231 7.9423076923076925 37.36538461538461 3.3207750999863492
322000 160.34615384615384 0.06031871837996013 24.644623596153853 0.44230769230769224 45.301282057692305 45.30769230769231 7.9423076923076925 37.36538461538461 3.32001229999878
324000 161.0 0.060503923784688246 24.636788846153852 0.44711538461538464 45.301282057692305 45.30769230769231 7.9423076923076925 37.36538461538461 3.565484099992318
326000 161.15384615384616 0.06087278392567807 24.651391269230775 0.44711538461538464 45.301282057692305 45.30769230769231 7.9423076923076925 37.36538461538461 3.2992795999889495
328000 152.28846153846155 0.05538388707203533 24.712109076923085 0.44711538461538464 45.301282057692305 45.30769230769231 7.961538461538462 37.34615384615385 3.317317599998205
330000 161.0 0.06085832210252696 24.636788846153852 0.44711538461538464 45.301282057692305 45.30769230769231 7.9423076923076925 37.36538461538461 3.785394399994402
332000 157.6153846153846 0.05898774303825367 24.66919563461539 0.4519230769230769 45.301282057692305 45.30769230769231 7.9423076923076925 37.36538461538461 3.1396060999977635
334000 157.19230769230768 0.05911437778558601 24.632158576923082 0.45833333333333326 45.301282057692305 45.30769230769231 7.9423076923076925 37.36538461538461 3.2604248999996344
336000 161.19230769230768 0.061325675286095484 24.59832665384616 0.46314102564102555 45.301282057692305 45.30769230769231 7.9423076923076925 37.36538461538461 3.466075100004673
338000 157.19230769230768 0.05911437778558601 24.632158576923082 0.45833333333333326 45.301282057692305 45.30769230769231 7.9423076923076925 37.36538461538461 3.1766129000025103
340000 157.23076923076923 0.05962833886424238 24.63678821153847 0.45833333333333326 45.301282057692305 45.30769230769231 7.9423076923076925 37.36538461538461 3.148829100013245
342000 157.19230769230768 0.05909843781894723 24.632158576923082 0.45833333333333326 45.301282057692305 45.30769230769231 7.9423076923076925 37.36538461538461 3.232936000000336
344000 157.23076923076923 0.05992565469239756 24.63678821153847 0.45833333333333326 45.301282057692305 45.30769230769231 7.9423076923076925 37.36538461538461 3.1457876000058604
346000 157.5 0.05960722040023918 24.628953461538465 0.45833333333333326 45.301282057692305 45.30769230769231 7.9423076923076925 37.36538461538461 3.2332645999995293
348000 150.67307692307693 0.055297259980264475 24.682669307692308 0.4647435897435897 45.301282057692305 45.30769230769231 7.961538461538462 37.34615384615385 3.241063200010103
350000 157.46153846153845 0.059077319354944015 24.62432382692308 0.45833333333333326 45.301282057692305 45.30769230769231 7.9423076923076925 37.36538461538461 3.3774135999992723
352000 157.5 0.05960722040023918 24.628953461538465 0.45833333333333326 45.301282057692305 45.30769230769231 7.9423076923076925 37.36538461538461 3.3809682999999495
354000 157.5 0.05990453622839435 24.628953461538465 0.45833333333333326 45.301282057692305 45.30769230769231 7.9423076923076925 37.36538461538461 3.2758281999995233
356000 157.8653846153846 0.05901072240711078 24.60366855769231 0.469551282051282 45.301282057692305 45.30769230769231 7.9423076923076925 37.36538461538461 3.2148689000023296
358000 157.8653846153846 0.05902666237374955 24.60366855769231 0.469551282051282 45.301282057692305 45.30769230769231 7.9423076923076925 37.36538461538461 3.2391468999994686
360000 157.8653846153846 0.059381060691588286 24.60366855769231 0.469551282051282 45.301282057692305 45.30769230769231 7.9423076923076925 37.36538461538461 3.1133678999904078
362000 157.46153846153845 0.05939057514973799 24.62432382692308 0.45833333333333326 45.301282057692305 45.30769230769231 7.9423076923076925 37.36538461538461 3.3657203000038862
364000 157.8653846153846 0.059381060691588286 24.60366855769231 0.469551282051282 45.301282057692305 45.30769230769231 7.9423076923076925 37.36538461538461 3.2646438000083435
366000 158.03846153846155 0.05935982158574223 24.595833807692312 0.469551282051282 45.301282057692305 45.30769230769231 7.9423076923076925 37.36538461538461 3.346122300004936
368000 158.01923076923077 0.05939552251473939 24.618270980769235 0.469551282051282 45.301282057692305 45.30769230769231 7.9423076923076925 37.36538461538461 3.1562928999919677
370000 158.01923076923077 0.05939552251473939 24.618270980769235 0.469551282051282 45.301282057692305 45.30769230769231 7.9423076923076925 37.36538461538461 3.3140255000034813
372000 157.8653846153846 0.059381060691588286 24.60366855769231 0.469551282051282 45.301282057692305 45.30769230769231 7.9423076923076925 37.36538461538461 3.2256436000025133
374000 157.75 0.05961282910220485 24.59868280769231 0.45673076923076916 45.301282057692305 45.30769230769231 7.9423076923076925 37.36538461538461 3.164258599994355
376000 157.75 0.05961282910220485 24.59868280769231 0.45673076923076916 45.301282057692305 45.30769230769231 7.9423076923076925 37.36538461538461 3.1141498000069987
378000 157.8653846153846 0.059381060691588286 24.60366855769231 0.469551282051282 45.301282057692305 45.30769230769231 7.9423076923076925 37.36538461538461 3.614760299999034
380000 157.3653846153846 0.05967944929439313 24.619695480769238 0.469551282051282 45.301282057692305 45.30769230769231 7.9423076923076925 37.36538461538461 3.391591100007645
382000 157.8653846153846 0.059381060691588286 24.60366855769231 0.469551282051282 45.301282057692305 45.30769230769231 7.9423076923076925 37.36538461538461 3.212918500008527
384000 158.01923076923077 0.05939552251473939 24.618270980769235 0.469551282051282 45.301282057692305 45.30769230769231 7.9423076923076925 37.36538461538461 3.631410900008632
386000 157.8653846153846 0.059381060691588286 24.60366855769231 0.469551282051282 45.301282057692305 45.30769230769231 7.9423076923076925 37.36538461538461 3.073549399996409
388000 157.21153846153845 0.05966498747124202 24.60509305769231 0.469551282051282 45.301282057692305 45.30769230769231 7.9423076923076925 37.36538461538461 3.2578887999989092
390000 157.21153846153845 0.05966498747124202 24.60509305769231 0.469551282051282 45.301282057692305 45.30769230769231 7.9423076923076925 37.36538461538461 3.457645300004515
392000 157.21153846153845 0.05966498747124202 24.60509305769231 0.469551282051282 45.301282057692305 45.30769230769231 7.9423076923076925 37.36538461538461 3.532652900001267
394000 161.8653846153846 0.061592358192097754 24.569836634615392 0.47435897435897434 45.301282057692305 45.30769230769231 7.9423076923076925 37.36538461538461 3.2632233000040287
396000 161.8653846153846 0.061592358192097754 24.569836634615392 0.47435897435897434 45.301282057692305 45.30769230769231 7.9423076923076925 37.36538461538461 3.3504725999955554
398000 161.8653846153846 0.06123795987425903 24.569836634615392 0.47435897435897434 45.301282057692305 45.30769230769231 7.9423076923076925 37.36538461538461 3.4248159999988275
400000 161.90384615384616 0.06163657237136611 24.577671384615392 0.46794871794871784 45.301282057692305 45.30769230769231 7.9423076923076925 37.36538461538461 3.2036954000068363
402000 161.8653846153846 0.061592358192097754 24.569836634615392 0.47435897435897434 45.301282057692305 45.30769230769231 7.9423076923076925 37.36538461538461 3.2942187000007834
404000 161.8653846153846 0.06123795987425903 24.569836634615392 0.47435897435897434 45.301282057692305 45.30769230769231 7.9423076923076925 37.36538461538461 3.515690899992478
406000 161.8653846153846 0.061592358192097754 24.569836634615392 0.47435897435897434 45.301282057692305 45.30769230769231 7.9423076923076925 37.36538461538461 3.2509123999916483
408000 161.90384615384616 0.06163657237136611 24.577671384615392 0.46794871794871784 45.301282057692305 45.30769230769231 7.9423076923076925 37.36538461538461 3.299547700007679
410000 161.90384615384616 0.06163657237136611 24.577671384615392 0.46794871794871784 45.301282057692305 45.30769230769231 7.9423076923076925 37.36538461538461 3.406681699998444
412000 161.90384615384616 0.06163657237136611 24.577671384615392 0.46794871794871784 45.301282057692305 45.30769230769231 7.9423076923076925 37.36538461538461 3.2984067000070354
414000 161.90384615384616 0.06163657237136611 24.577671384615392 0.46794871794871784 45.301282057692305 45.30769230769231 7.9423076923076925 37.36538461538461 3.141465100008645
416000 161.90384615384616 0.06163657237136611 24.577671384615392 0.46794871794871784 45.301282057692305 45.30769230769231 7.9423076923076925 37.36538461538461 3.443956100003561
418000 161.90384615384616 0.06163657237136611 24.577671384615392 0.46794871794871784 45.301282057692305 45.30769230769231 7.9423076923076925 37.36538461538461 3.0623191999911796
420000 161.69230769230768 0.06154625758093983 24.606517538461546 0.46153846153846156 45.301282057692305 45.30769230769231 7.9423076923076925 37.36538461538461 3.265756799999508
422000 161.69230769230768 0.06154625758093983 24.606517538461546 0.46153846153846156 45.301282057692305 45.30769230769231 7.9423076923076925 37.36538461538461 3.2423015000094892
424000 161.69230769230768 0.06154625758093983 24.606517538461546 0.46153846153846156 45.301282057692305 45.30769230769231 7.9423076923076925 37.36538461538461 3.2789033000008203
426000 161.69230769230768 0.06154625758093983 24.606517538461546 0.46153846153846156 45.301282057692305 45.30769230769231 7.9423076923076925 37.36538461538461 3.1396247999946354
428000 161.69230769230768 0.06154625758093983 24.606517538461546 0.46153846153846156 45.301282057692305 45.30769230769231 7.9423076923076925 37.36538461538461 3.1996187000040663
430000 161.69230769230768 0.06154625758093983 24.606517538461546 0.46153846153846156 45.301282057692305 45.30769230769231 7.9423076923076925 37.36538461538461 3.115281899998081
432000 161.69230769230768 0.06154625758093983 24.606517538461546 0.46153846153846156 45.301282057692305 45.30769230769231 7.9423076923076925 37.36538461538461 3.1621605999971507
434000 161.69230769230768 0.06154625758093983 24.606517538461546 0.46153846153846156 45.301282057692305 45.30769230769231 7.9423076923076925 37.36538461538461 3.4173169000132475
436000 161.69230769230768 0.06154625758093983 24.606517538461546 0.46153846153846156 45.301282057692305 45.30769230769231 7.9423076923076925 37.36538461538461 3.249784700004966
438000 161.69230769230768 0.06154625758093983 24.606517538461546 0.46153846153846156 45.301282057692305 45.30769230769231 7.9423076923076925 37.36538461538461 3.276965299999574
440000 161.69230769230768 0.06154625758093983 24.606517538461546 0.46153846153846156 45.301282057692305 45.30769230769231 7.9423076923076925 37.36538461538461 3.1783402000000933
442000 161.69230769230768 0.06154625758093983 24.606517538461546 0.46153846153846156 45.301282057692305 45.30769230769231 7.9423076923076925 37.36538461538461 3.1159069999994244
444000 161.69230769230768 0.06154625758093983 24.606517538461546 0.46153846153846156 45.301282057692305 45.30769230769231 7.9423076923076925 37.36538461538461 3.178137800001423
446000 161.69230769230768 0.06154625758093983 24.606517538461546 0.46153846153846156 45.301282057692305 45.30769230769231 7.9423076923076925 37.36538461538461 3.1798635000013746
448000 161.69230769230768 0.06154625758093983 24.606517538461546 0.46153846153846156 45.301282057692305 45.30769230769231 7.9423076923076925 37.36538461538461 3.357279900010326
450000 161.69230769230768 0.06154625758093983 24.606517538461546 0.46153846153846156 45.301282057692305 45.30769230769231 7.9423076923076925 37.36538461538461 3.154760500008706
452000 161.69230769230768 0.06154625758093983 24.606517538461546 0.46153846153846156 45.301282057692305 45.30769230769231 7.9423076923076925 37.36538461538461 3.1553961999888998
454000 161.69230769230768 0.06154625758093983 24.606517538461546 0.46153846153846156 45.301282057692305 45.30769230769231 7.9423076923076925 37.36538461538461 3.3224891999998363
456000 161.69230769230768 0.06154625758093983 24.606517538461546 0.46153846153846156 45.301282057692305 45.30769230769231 7.9423076923076925 37.36538461538461 3.1919074000034016
458000 161.69230769230768 0.06154625758093983 24.606517538461546 0.46153846153846156 45.301282057692305 45.30769230769231 7.9423076923076925 37.36538461538461 3.321374100007233
460000 161.69230769230768 0.06154625758093983 24.606517538461546 0.46153846153846156 45.301282057692305 45.30769230769231 7.9423076923076925 37.36538461538461 3.484367700002622
462000 161.69230769230768 0.06154625758093983 24.606517538461546 0.46153846153846156 45.301282057692305 45.30769230769231 7.9423076923076925 37.36538461538461 3.1426447999983793
464000 161.69230769230768 0.06154625758093983 24.606517538461546 0.46153846153846156 45.301282057692305 45.30769230769231 7.9423076923076925 37.36538461538461 3.083033199989586
466000 161.69230769230768 0.06154625758093983 24.606517538461546 0.46153846153846156 45.301282057692305 45.30769230769231 7.9423076923076925 37.36538461538461 3.215629900005297
468000 161.69230769230768 0.06154625758093983 24.606517538461546 0.46153846153846156 45.301282057692305 45.30769230769231 7.9423076923076925 37.36538461538461 3.3465056999993976
470000 161.69230769230768 0.06154625758093983 24.606517538461546 0.46153846153846156 45.301282057692305 45.30769230769231 7.9423076923076925 37.36538461538461 3.0872357999905944
472000 161.8653846153846 0.06152501847509378 24.59868278846155 0.46153846153846156 45.301282057692305 45.30769230769231 7.9423076923076925 37.36538461538461 3.3993423999927472
474000 161.69230769230768 0.06154625758093983 24.606517538461546 0.46153846153846156 45.301282057692305 45.30769230769231 7.9423076923076925 37.36538461538461 3.2899835999996867
476000 161.69230769230768 0.06154625758093983 24.606517538461546 0.46153846153846156 45.301282057692305 45.30769230769231 7.9423076923076925 37.36538461538461 3.13965540000936
478000 161.69230769230768 0.06154625758093983 24.606517538461546 0.46153846153846156 45.301282057692305 45.30769230769231 7.9423076923076925 37.36538461538461 3.0304665000003297
480000 161.69230769230768 0.06154625758093983 24.606517538461546 0.46153846153846156 45.301282057692305 45.30769230769231 7.9423076923076925 37.36538461538461 2.9343498999951407
482000 161.69230769230768 0.06154625758093983 24.606517538461546 0.46153846153846156 45.301282057692305 45.30769230769231 7.9423076923076925 37.36538461538461 2.986361200004467
484000 161.69230769230768 0.06154625758093983 24.606517538461546 0.46153846153846156 45.301282057692305 45.30769230769231 7.9423076923076925 37.36538461538461 3.0596577000105754
486000 161.69230769230768 0.06154625758093983 24.606517538461546 0.46153846153846156 45.301282057692305 45.30769230769231 7.9423076923076925 37.36538461538461 2.7365514999983134
488000 161.69230769230768 0.06154625758093983 24.606517538461546 0.46153846153846156 45.301282057692305 45.30769230769231 7.9423076923076925 37.36538461538461 2.7341570999997202
490000 161.69230769230768 0.06154625758093983 24.606517538461546 0.46153846153846156 45.301282057692305 45.30769230769231 7.9423076923076925 37.36538461538461 2.380223299987847
492000 161.69230769230768 0.06154625758093983 24.606517538461546 0.46153846153846156 45.301282057692305 45.30769230769231 7.9423076923076925 37.36538461538461 2.1374184000014793
494000 161.69230769230768 0.06154625758093983 24.606517538461546 0.46153846153846156 45.301282057692305 45.30769230769231 7.9423076923076925 37.36538461538461 2.1297060000069905
496000 161.69230769230768 0.06154625758093983 24.606517538461546 0.46153846153846156 45.301282057692305 45.30769230769231 7.9423076923076925 37.36538461538461 2.1045256000070367
498000 161.69230769230768 0.06154625758093983 24.606517538461546 0.46153846153846156 45.301282057692305 45.30769230769231 7.9423076923076925 37.36538461538461 1.8953178000083426
500000 161.69230769230768 0.06154625758093983 24.606517538461546 0.46153846153846156 45.301282057692305 45.30769230769231 7.9423076923076925 37.36538461538461 1.8817443999869283
