2000 1.1153846153846154 -0.17282682886537787 35.98514776923076 0.18429487179487178 45.301282057692305 45.30769230769231 1.75 43.55769230769231 1.1281076000013854
4000 1.6538461538461537 0.00033748669048104356 37.18774790384616 0.15064102564102563 45.301282057692305 45.30769230769231 1.75 43.55769230769231 1.3059956000070088
6000 3.480769230769231 0.0011368236300597536 34.341956326923075 0.2435897435897436 45.301282057692305 45.30769230769231 1.6346153846153846 43.67307692307692 1.6522314000176266
8000 3.673076923076923 0.0009481830806447437 33.92849417307693 0.2932692307692308 45.301282057692305 45.30769230769231 1.4423076923076923 43.86538461538461 1.8891174999880604
10000 6.326923076923077 0.0024752310450859016 32.95413740384615 0.3301282051282052 45.301282057692305 45.30769230769231 1.8653846153846154 43.44230769230769 1.8647259999997914
12000 1.8653846153846154 0.00036629992670820307 35.10050457692308 0.2516025641025641 45.301282057692305 45.30769230769231 1.8846153846153846 43.42307692307692 2.052895400003763
14000 3.4615384615384617 0.001237608940551789 33.90606048076924 0.28846153846153844 45.301282057692305 45.30769230769231 1.7692307692307692 43.53846153846154 2.9121861000021454
16000 2.2884615384615383 0.0007328283148020565 34.37342209615385 0.2692307692307692 45.301282057692305 45.30769230769231 2.0384615384615383 43.26923076923077 2.758117100020172
18000 1.9230769230769231 -0.11460390389999559 35.10194834615385 0.2628205128205128 45.301282057692305 45.30769230769231 2.0 43.30769230769231 3.1711270999803673
20000 2.019230769230769 -0.15298305478429308 35.45649153846153 0.25961538461538464 45.301282057692305 45.30769230769231 2.0576923076923075 43.25 3.021192499989411
22000 1.2692307692307692 0.00043600957493988233 35.202890403846155 0.27243589743589747 45.301282057692305 45.30769230769231 1.6346153846153846 43.67307692307692 2.8756607999966945
24000 1.7692307692307692 0.0007110989182123531 33.96695819230769 0.29967948717948717 45.301282057692305 45.30769230769231 1.7884615384615385 43.51923076923077 2.7354417000024114
26000 2.9423076923076925 0.0011041699780875813 33.504351038461536 0.31570512820512825 45.301282057692305 45.30769230769231 1.5769230769230769 43.73076923076923 2.721641100011766
28000 4.134615384615385 -0.11328394901573907 34.46920419230769 0.3621794871794872 45.301282057692305 45.30769230769231 1.5961538461538463 43.71153846153846 2.7302744000044186
30000 1.8269230769230769 0.0006832725906580421 35.25911640384615 0.27724358974358976 45.301282057692305 45.30769230769231 1.8269230769230769 43.48076923076923 3.2348610000044573
32000 3.6538461538461537 0.0011473676344078887 33.984434134615384 0.31570512820512814 45.301282057692305 45.30769230769231 1.6153846153846154 43.69230769230769 2.737419300014153
34000 2.3461538461538463 0.0007619042660916797 34.34634157692307 0.34134615384615385 45.301282057692305 45.30769230769231 1.9615384615384615 43.34615384615385 2.8147799000144005
36000 3.230769230769231 0.001272029233822298 32.91228998076922 0.34615384615384615 45.301282057692305 45.30769230769231 1.4807692307692308 43.82692307692308 2.961578799993731
38000 1.7884615384615385 0.0007998462023498778 33.92208738461538 0.29967948717948717 45.301282057692305 45.30769230769231 1.7884615384615385 43.51923076923077 2.627085799991619
40000 1.4615384615384615 0.0005665655603260771 33.95253359615385 0.29166666666666663 45.301282057692305 45.30769230769231 1.4615384615384615 43.84615384615385 3.020434500009287
42000 1.4807692307692308 0.000591739855808009 34.40125178846154 0.22596153846153844 45.301282057692305 45.30769230769231 1.4615384615384615 43.84615384615385 2.7241728999943007
44000 1.7115384615384615 0.0005062718808131063 34.28960605769232 0.24839743589743585 45.301282057692305 45.30769230769231 1.4615384615384615 43.84615384615385 2.8498725999961607
46000 2.076923076923077 0.0007312615170523325 34.819520096153845 0.23076923076923073 45.301282057692305 45.30769230769231 1.4423076923076923 43.86538461538461 2.693037200020626
48000 2.269230769230769 0.0007107564495641606 34.50456330769231 0.2708333333333333 45.301282057692305 45.30769230769231 1.4423076923076923 43.86538461538461 2.71983749998617
50000 1.6153846153846154 0.0004892775676180977 34.753495019230776 0.219551282051282 45.301282057692305 45.30769230769231 1.4423076923076923 43.86538461538461 2.7877500999893527
52000 1.8461538461538463 0.0006429723157968709 34.977639749999994 0.203525641025641 45.301282057692305 45.30769230769231 1.4423076923076923 43.86538461538461 2.90524419999565
54000 1.4038461538461537 0.0004276892700682145 35.93704355769231 0.14903846153846154 45.301282057692305 45.30769230769231 1.9038461538461537 43.40384615384615 2.7911397999851033
56000 1.2884615384615385 0.0003075651519279532 36.19131725 0.14423076923076922 45.301282057692305 45.30769230769231 1.5961538461538463 43.71153846153846 2.7137366000097245
58000 1.3076923076923077 0.0003293121938425996 35.34195782692308 0.203525641025641 45.301282057692305 45.30769230769231 1.6346153846153846 43.67307692307692 2.762754199997289
60000 1.25 0.0004012446001233251 35.503496673076924 0.17147435897435892 45.301282057692305 45.30769230769231 1.8461538461538463 43.46153846153846 2.9958648000028916
62000 1.5576923076923077 0.00045801976486493825 34.97817594230769 0.22275641025641024 45.301282057692305 45.30769230769231 1.7307692307692308 43.57692307692308 2.899639599985676
64000 1.2884615384615385 0.00036808825998903196 35.735448115384614 0.1955128205128205 45.301282057692305 45.30769230769231 1.5769230769230769 43.73076923076923 2.8918343000113964
66000 2.5 0.0010524373046354016 33.56743790384616 0.26762820512820507 45.301282057692305 45.30769230769231 1.9038461538461537 43.40384615384615 2.8418822000094224
68000 2.5384615384615383 0.0010242342464345986 35.2736363846154 0.19871794871794873 45.301282057692305 45.30769230769231 1.9038461538461537 43.40384615384615 3.1308700000226963
70000 2.076923076923077 0.0003848523324972176 36.02155251923077 0.1939102564102564 45.301282057692305 45.30769230769231 1.7115384615384615 43.59615384615385 3.070252100005746
72000 5.653846153846154 -0.4223779870488467 33.85884196153847 0.32211538461538464 45.301282057692305 45.30769230769231 1.9230769230769231 43.38461538461539 3.1073881999764126
74000 5.5576923076923075 -0.36478420456787475 33.6169609423077 0.3060897435897436 45.301282057692305 45.30769230769231 1.9615384615384615 43.34615384615385 3.013004100008402
76000 6.75 -0.017111522428452222 33.35702576923077 0.35096153846153844 45.301282057692305 45.30769230769231 2.019230769230769 43.28846153846154 2.988261100021191
78000 5.961538461538462 0.0021142742307001315 33.750509096153856 0.2900641025641026 45.301282057692305 45.30769230769231 2.0384615384615383 43.26923076923077 3.1275289000186604
80000 2.3076923076923075 0.0006770326908438636 36.23242171153846 0.1955128205128205 45.301282057692305 45.30769230769231 1.4807692307692308 43.82692307692308 3.1632204000197817
82000 3.980769230769231 0.0013245505209317542 35.665249 0.17948717948717946 45.301282057692305 45.30769230769231 1.5769230769230769 43.73076923076923 3.386594299983699
84000 4.269230769230769 -0.017915047914161604 34.55990632692308 0.2211538461538461 45.301282057692305 45.30769230769231 2.019230769230769 43.28846153846154 3.1807268999982625
86000 3.269230769230769 0.0009223791298585425 35.42479463461538 0.21794871794871795 45.301282057692305 45.30769230769231 2.3653846153846154 42.94230769230769 3.431899900024291
88000 5.211538461538462 -0.6916076266214266 33.72412023076923 0.2980769230769231 45.301282057692305 45.30769230769231 2.3461538461538463 42.96153846153846 3.041356800007634
90000 5.980769230769231 -0.4793418435572001 33.249226615384615 0.31570512820512825 45.301282057692305 45.30769230769231 2.4423076923076925 42.86538461538461 3.049207500007469
92000 5.0576923076923075 -0.4799627663179518 33.83149103846153 0.30288461538461536 45.301282057692305 45.30769230769231 2.230769230769231 43.07692307692308 3.2744347999978345
94000 7.134615384615385 -0.015458352905144555 33.52673532692307 0.3044871794871795 45.301282057692305 45.30769230769231 2.0961538461538463 43.21153846153846 3.4162412000005133
96000 3.9615384615384617 -0.01757119139484138 36.35456599999999 0.21153846153846156 45.301282057692305 45.30769230769231 1.5961538461538463 43.71153846153846 3.1937319000135176
98000 6.423076923076923 -0.03528239456929552 33.7203798076923 0.3076923076923077 45.301282057692305 45.30769230769231 2.1153846153846154 43.19230769230769 3.0802223999926355
100000 4.211538461538462 -0.1516042323534516 34.759213999999986 0.27403846153846156 45.301282057692305 45.30769230769231 1.8461538461538463 43.46153846153846 3.3683561000216287
102000 2.826923076923077 0.0017454670931865964 36.013760230769236 0.21474358974358976 45.301282057692305 45.30769230769231 1.9038461538461537 43.40384615384615 3.180437700008042
104000 6.288461538461538 0.0034138593691951723 34.249171365384605 0.2932692307692308 45.301282057692305 45.30769230769231 2.076923076923077 43.23076923076923 3.2997385000053328
106000 4.5576923076923075 0.0021399659289222713 35.28207661538461 0.2596153846153846 45.301282057692305 45.30769230769231 1.9615384615384615 43.34615384615385 3.2136003999912646
108000 3.6538461538461537 0.0012817874348320382 35.166690769230755 0.20833333333333334 45.301282057692305 45.30769230769231 1.6538461538461537 43.65384615384615 3.1959695999976248
110000 3.173076923076923 0.0015450064700019233 35.79115732692306 0.20673076923076922 45.301282057692305 45.30769230769231 1.7884615384615385 43.51923076923077 3.1489327999879606
112000 3.5 0.0015864085878469778 34.52999192307693 0.28365384615384615 45.301282057692305 45.30769230769231 1.5769230769230769 43.73076923076923 3.1440794999944046
114000 3.4038461538461537 0.0016296322728480753 35.255365884615365 0.266025641025641 45.301282057692305 45.30769230769231 1.5769230769230769 43.73076923076923 3.2013225000118837
116000 2.7115384615384617 0.00109502871656224 36.465836211538466 0.20673076923076927 45.301282057692305 45.30769230769231 1.6346153846153846 43.67307692307692 3.4127183000091463
118000 2.173076923076923 -0.017898842122397517 35.64704540384615 0.20192307692307693 45.301282057692305 45.30769230769231 1.7692307692307692 43.53846153846154 3.247850699990522
120000 3.3461538461538463 0.0015761004128241386 35.89428467307692 0.24519230769230765 45.301282057692305 45.30769230769231 1.9038461538461537 43.40384615384615 3.0891860999981873
122000 2.1153846153846154 0.0009116074354477341 36.7051565 0.18910256410256407 45.301282057692305 45.30769230769231 2.326923076923077 42.98076923076923 3.301452400017297
124000 4.115384615384615 0.0018216428345666409 36.83950584615384 0.1217948717948718 45.301282057692305 45.30769230769231 2.5384615384615383 42.76923076923077 3.241882199974498
126000 6.403846153846154 0.002692453517693034 35.51418134615384 0.18589743589743585 45.301282057692305 45.30769230769231 2.1923076923076925 43.11538461538461 3.3320825999835506
128000 13.057692307692308 0.005052294755449495 32.56225634615384 0.2387820512820513 45.301282057692305 45.30769230769231 2.0961538461538463 43.21153846153846 3.3205204000114463
130000 37.80769230769231 -0.16247300232051518 29.748156326923077 0.38461538461538464 45.301282057692305 45.30769230769231 2.423076923076923 42.88461538461539 3.05075759999454
132000 10.115384615384615 0.0035055836225739998 31.11407567307692 0.34775641025641024 45.301282057692305 45.30769230769231 2.2884615384615383 43.01923076923077 3.1212382999947295
134000 2.6538461538461537 0.0006616454783314116 34.34350869230769 0.2067307692307692 45.301282057692305 45.30769230769231 2.0961538461538463 43.21153846153846 3.217602499993518
136000 6.480769230769231 0.0019369621425451662 34.50869363461539 0.23076923076923078 45.301282057692305 45.30769230769231 2.2115384615384617 43.09615384615385 3.573886500002118
138000 6.038461538461538 0.0015669026567512007 34.23907473076924 0.20512820512820512 45.301282057692305 45.30769230769231 2.1346153846153846 43.17307692307692 3.2955353999859653
140000 4.076923076923077 0.0009038825820171527 34.66108161538462 0.20833333333333331 45.301282057692305 45.30769230769231 1.7307692307692308 43.57692307692308 3.2096157999767456
142000 11.576923076923077 0.0034731665471277842 33.12422315384616 0.24358974358974358 45.301282057692305 45.30769230769231 1.8076923076923077 43.5 3.3150976999895647
144000 10.711538461538462 0.002426909783722404 33.40773292307693 0.23878205128205127 45.301282057692305 45.30769230769231 2.076923076923077 43.23076923076923 3.186374999990221
146000 7.903846153846154 -0.017172200114499523 32.95199853846153 0.2435897435897436 45.301282057692305 45.30769230769231 1.4807692307692308 43.82692307692308 3.534061100013787
148000 5.576923076923077 -0.03677836047847222 34.03479878846153 0.26442307692307687 45.301282057692305 45.30769230769231 1.4423076923076923 43.86538461538461 3.545823599997675
150000 6.173076923076923 -0.03749324867167643 33.9876475 0.2692307692307692 45.301282057692305 45.30769230769231 1.4423076923076923 43.86538461538461 3.185600099997828
152000 5.884615384615385 0.0011631784394841645 34.13599842307691 0.28525641025641024 45.301282057692305 45.30769230769231 1.4423076923076923 43.86538461538461 3.083345699997153
154000 11.096153846153847 0.0017345459233139755 32.88813486538461 0.30128205128205127 45.301282057692305 45.30769230769231 1.4423076923076923 43.86538461538461 3.0950740999833215
156000 16.615384615384617 0.0040989284482053825 30.72321251923078 0.3621794871794872 45.301282057692305 45.30769230769231 1.4423076923076923 43.86538461538461 3.1338612000108697
158000 20.384615384615383 0.004579502022593525 29.991525365384614 0.3830128205128205 45.301282057692305 45.30769230769231 1.4423076923076923 43.86538461538461 3.38472269999329
160000 33.42307692307692 0.008228315846882899 28.069515903846156 0.4791666666666667 45.301282057692305 45.30769230769231 1.4423076923076923 43.86538461538461 3.3008820000104606
162000 28.057692307692307 0.006719068419967571 28.516097326923077 0.4358974358974359 45.301282057692305 45.30769230769231 1.4423076923076923 43.86538461538461 3.259955899993656
164000 28.634615384615383 0.009228997663582851 28.219945230769227 0.4423076923076923 45.301282057692305 45.30769230769231 1.4423076923076923 43.86538461538461 3.1769014000019524
166000 29.71153846153846 0.006145598193637224 28.174216807692307 0.45833333333333337 45.301282057692305 45.30769230769231 1.4423076923076923 43.86538461538461 3.261268200003542
168000 41.38461538461539 0.013027196846044777 27.771441076923086 0.47596153846153844 45.301282057692305 45.30769230769231 1.6153846153846154 43.69230769230769 3.020697100000689
170000 43.71153846153846 0.013568444288306603 27.720158326923084 0.47596153846153844 45.301282057692305 45.30769230769231 1.5961538461538463 43.71153846153846 3.131033000012394
172000 61.48076923076923 -0.03708230744277629 26.973581538461538 0.47596153846153844 45.301282057692305 45.30769230769231 2.326923076923077 42.98076923076923 3.2336342000053264
174000 44.21153846153846 0.013553578483456357 27.74579980769232 0.4807692307692308 45.301282057692305 45.30769230769231 1.5961538461538463 43.71153846153846 3.2674879000114743
176000 62.0 -0.09498151119123205 26.93298334615384 0.4807692307692308 45.301282057692305 45.30769230769231 2.3653846153846154 42.94230769230769 3.3757639000250492
178000 55.92307692307692 -0.000762654784814676 27.164604596153847 0.5176282051282051 45.301282057692305 45.30769230769231 1.9230769230769231 43.38461538461539 3.4449344000022393
180000 41.73076923076923 0.01284982718786473 27.777850596153858 0.49679487179487186 45.301282057692305 45.30769230769231 1.5961538461538463 43.71153846153846 3.1156920000212267
182000 41.09615384615385 0.012858481345331544 28.225501307692312 0.4567307692307692 45.301282057692305 45.30769230769231 1.6346153846153846 43.67307692307692 3.2034897999837995
184000 65.28846153846153 -0.07369159209528427 26.541957519230763 0.5016025641025641 45.301282057692305 45.30769230769231 2.3653846153846154 42.94230769230769 3.1830260999849997
186000 63.11538461538461 -0.09454847300784074 26.715034557692302 0.47275641025641024 45.301282057692305 45.30769230769231 2.3653846153846154 42.94230769230769 3.316422200005036
188000 57.46153846153846 0.0001248825846105669 27.294093557692314 0.4775641025641025 45.301282057692305 45.30769230769231 2.173076923076923 43.13461538461539 3.394000000000233
190000 63.63461538461539 -0.09379000969145944 26.734265307692304 0.5016025641025641 45.301282057692305 45.30769230769231 2.3653846153846154 42.94230769230769 3.2350009999936447
192000 67.11538461538461 -0.05371302074828426 26.452213865384614 0.5016025641025641 45.301282057692305 45.30769230769231 2.3653846153846154 42.94230769230769 3.3514810999913607
194000 66.1923076923077 -0.05383413187130718 26.432982961538453 0.5192307692307692 45.301282057692305 45.30769230769231 2.3076923076923075 43.0 3.4284397999872454
196000 68.6923076923077 -0.054163707290804004 26.574008807692298 0.49839743589743585 45.301282057692305 45.30769230769231 2.3653846153846154 42.94230769230769 3.203286100004334
198000 73.36538461538461 -0.07210889256533248 26.272726576923066 0.5192307692307692 45.301282057692305 45.30769230769231 2.3461538461538463 42.96153846153846 3.1469423999951687
200000 75.1923076923077 -0.07236734128883886 26.38170094230768 0.4967948717948717 45.301282057692305 45.30769230769231 2.3653846153846154 42.94230769230769 3.319775399984792
202000 77.88461538461539 -0.012505198301357061 26.11140148076922 0.5224358974358974 45.301282057692305 45.30769230769231 2.3076923076923075 43.0 3.1941527999879327
204000 76.76923076923077 -0.031812779510728646 26.181914442307683 0.5112179487179487 45.301282057692305 45.30769230769231 2.3461538461538463 42.96153846153846 3.1650845000112895
206000 77.0576923076923 -0.031731631890508885 26.191529846153834 0.516025641025641 45.301282057692305 45.30769230769231 2.3461538461538463 42.96153846153846 3.2790680000034627
208000 81.36538461538461 -0.011156751563789098 26.063324634615373 0.516025641025641 45.301282057692305 45.30769230769231 2.3461538461538463 42.96153846153846 3.3333419999980833
210000 103.32692307692308 0.03991155689478558 25.72668 0.5048076923076922 45.301282057692305 45.30769230769231 7.076923076923077 38.23076923076923 3.282704000012018
212000 99.51923076923077 0.03919574702229557 25.829244173076923 0.5048076923076922 45.301282057692305 45.30769230769231 7.096153846153846 38.21153846153846 3.551851099997293
214000 101.73076923076923 0.03967324793927873 25.702107230769233 0.4999999999999999 45.301282057692305 45.30769230769231 6.961538461538462 38.34615384615385 3.1446663000097033
216000 98.21153846153847 0.03893920161818629 25.93394496153846 0.5048076923076922 45.301282057692305 45.30769230769231 6.865384615384615 38.44230769230769 3.15428340001381
218000 99.9423076923077 0.03937291771208719 25.81215009615385 0.5144230769230768 45.301282057692305 45.30769230769231 6.980769230769231 38.32692307692308 3.379422500001965
220000 101.0576923076923 0.04017972958863725 25.72988501923077 0.5048076923076922 45.301282057692305 45.30769230769231 6.923076923076923 38.38461538461539 3.2096444999915548
222000 100.13461538461539 0.039590616761051065 25.874116 0.5048076923076922 45.301282057692305 45.30769230769231 7.096153846153846 38.21153846153846 3.342603199998848
224000 99.63461538461539 0.039254023864501456 26.02155198076923 0.49519230769230754 45.301282057692305 45.30769230769231 7.096153846153846 38.21153846153846 3.3426658999815118
226000 100.17307692307692 0.03871165305873165 25.840996 0.49519230769230754 45.301282057692305 45.30769230769231 7.019230769230769 38.28846153846154 3.103937699983362
228000 100.17307692307692 0.03821031090123951 25.840996 0.49519230769230754 45.301282057692305 45.30769230769231 7.019230769230769 38.28846153846154 3.199056500016013
230000 99.61538461538461 0.03852296414411163 25.802534442307696 0.49519230769230754 45.301282057692305 45.30769230769231 7.019230769230769 38.28846153846154 3.0591328000009526
232000 98.40384615384616 0.037352706767463315 25.89227805769231 0.48557692307692296 45.301282057692305 45.30769230769231 7.019230769230769 38.28846153846154 3.245750300004147
234000 98.96153846153847 0.037541395682083326 25.930739615384617 0.48557692307692296 45.301282057692305 45.30769230769231 7.019230769230769 38.28846153846154 3.2615109000180382
236000 98.96153846153847 0.037541395682083326 25.930739615384617 0.48557692307692296 45.301282057692305 45.30769230769231 7.019230769230769 38.28846153846154 3.206199899985222
238000 100.1923076923077 0.03946162701280316 25.968133057692306 0.48557692307692296 45.301282057692305 45.30769230769231 7.0576923076923075 38.25 3.3259286000102293
240000 100.01923076923077 0.03938620647338295 25.980953615384614 0.48557692307692296 45.301282057692305 45.30769230769231 7.076923076923077 38.23076923076923 3.5528346999781206
242000 100.17307692307692 0.03873295035660322 25.840996 0.49519230769230754 45.301282057692305 45.30769230769231 7.019230769230769 38.28846153846154 3.350898699980462
244000 100.17307692307692 0.03873295035660322 25.840996 0.49519230769230754 45.301282057692305 45.30769230769231 7.019230769230769 38.28846153846154 3.180596800026251
246000 100.17307692307692 0.03873295035660322 25.840996 0.49519230769230754 45.301282057692305 45.30769230769231 7.019230769230769 38.28846153846154 3.1618109999981243
248000 100.17307692307692 0.03873295035660322 25.840996 0.49519230769230754 45.301282057692305 45.30769230769231 7.019230769230769 38.28846153846154 3.210533100005705
250000 101.40384615384616 0.04063188438945147 25.878389442307693 0.49519230769230754 45.301282057692305 45.30769230769231 7.0576923076923075 38.25 3.337170300015714
252000 100.17307692307692 0.03873295035660322 25.840996 0.49519230769230754 45.301282057692305 45.30769230769231 7.019230769230769 38.28846153846154 3.321281499986071
254000 100.17307692307692 0.038231608199111096 25.840996 0.49519230769230754 45.301282057692305 45.30769230769231 7.019230769230769 38.28846153846154 3.238325399986934
256000 100.17307692307692 0.038231608199111096 25.840996 0.49519230769230754 45.301282057692305 45.30769230769231 7.019230769230769 38.28846153846154 3.2309731999994256
258000 100.17307692307692 0.03873295035660322 25.840996 0.49519230769230754 45.301282057692305 45.30769230769231 7.019230769230769 38.28846153846154 3.2085815999889746
260000 100.17307692307692 0.038231608199111096 25.840996 0.49519230769230754 45.301282057692305 45.30769230769231 7.019230769230769 38.28846153846154 3.563423599989619
262000 100.17307692307692 0.03873295035660322 25.840996 0.49519230769230754 45.301282057692305 45.30769230769231 7.019230769230769 38.28846153846154 3.057644499989692
264000 100.17307692307692 0.038231608199111096 25.840996 0.49519230769230754 45.301282057692305 45.30769230769231 7.019230769230769 38.28846153846154 3.153954999987036
266000 100.17307692307692 0.03813002392452988 25.840996 0.49519230769230754 45.301282057692305 45.30769230769231 7.019230769230769 38.28846153846154 3.5593047000002116
268000 100.17307692307692 0.03813002392452988 25.840996 0.49519230769230754 45.301282057692305 45.30769230769231 7.019230769230769 38.28846153846154 3.070464999997057
270000 100.17307692307692 0.03838364930697523 25.840996 0.49519230769230754 45.301282057692305 45.30769230769231 7.019230769230769 38.28846153846154 3.1598227999929804
272000 100.17307692307692 0.038231608199111096 25.840996 0.49519230769230754 45.301282057692305 45.30769230769231 7.019230769230769 38.28846153846154 3.417931399977533
274000 100.17307692307692 0.038282065032394015 25.840996 0.49519230769230754 45.301282057692305 45.30769230769231 7.019230769230769 38.28846153846154 3.3081892000045627
276000 100.17307692307692 0.038282065032394015 25.840996 0.49519230769230754 45.301282057692305 45.30769230769231 7.019230769230769 38.28846153846154 3.198008099978324
278000 100.17307692307692 0.038282065032394015 25.840996 0.49519230769230754 45.301282057692305 45.30769230769231 7.019230769230769 38.28846153846154 3.2063218999828678
280000 100.17307692307692 0.03888499146446736 25.840996 0.49519230769230754 45.301282057692305 45.30769230769231 7.019230769230769 38.28846153846154 3.2493385999987368
282000 100.17307692307692 0.038282065032394015 25.840996 0.49519230769230754 45.301282057692305 45.30769230769231 7.019230769230769 38.28846153846154 3.2546455999836326
284000 100.17307692307692 0.038282065032394015 25.840996 0.49519230769230754 45.301282057692305 45.30769230769231 7.019230769230769 38.28846153846154 3.6564399000199046
286000 100.17307692307692 0.038282065032394015 25.840996 0.49519230769230754 45.301282057692305 45.30769230769231 7.019230769230769 38.28846153846154 3.1289433000201825
288000 100.17307692307692 0.038282065032394015 25.840996 0.49519230769230754 45.301282057692305 45.30769230769231 7.019230769230769 38.28846153846154 3.2423589999962132
290000 100.17307692307692 0.038282065032394015 25.840996 0.49519230769230754 45.301282057692305 45.30769230769231 7.019230769230769 38.28846153846154 3.478582899988396
292000 100.17307692307692 0.038282065032394015 25.840996 0.49519230769230754 45.301282057692305 45.30769230769231 7.019230769230769 38.28846153846154 3.3761312999995425
294000 100.17307692307692 0.038282065032394015 25.840996 0.49519230769230754 45.301282057692305 45.30769230769231 7.019230769230769 38.28846153846154 3.1514591999875847
296000 100.17307692307692 0.038282065032394015 25.840996 0.49519230769230754 45.301282057692305 45.30769230769231 7.019230769230769 38.28846153846154 3.3267519999935757
298000 100.17307692307692 0.038282065032394015 25.840996 0.49519230769230754 45.301282057692305 45.30769230769231 7.019230769230769 38.28846153846154 3.494735700020101
300000 100.17307692307692 0.038282065032394015 25.840996 0.49519230769230754 45.301282057692305 45.30769230769231 7.019230769230769 38.28846153846154 3.469598199997563
302000 100.17307692307692 0.038282065032394015 25.840996 0.49519230769230754 45.301282057692305 45.30769230769231 7.019230769230769 38.28846153846154 3.177384599985089
304000 100.17307692307692 0.038282065032394015 25.840996 0.49519230769230754 45.301282057692305 45.30769230769231 7.019230769230769 38.28846153846154 3.1643127000133973
306000 100.17307692307692 0.038282065032394015 25.840996 0.49519230769230754 45.301282057692305 45.30769230769231 7.019230769230769 38.28846153846154 3.1154853999905754
308000 100.17307692307692 0.038282065032394015 25.840996 0.49519230769230754 45.301282057692305 45.30769230769231 7.019230769230769 38.28846153846154 3.2131714000133798
310000 100.17307692307692 0.038282065032394015 25.840996 0.49519230769230754 45.301282057692305 45.30769230769231 7.019230769230769 38.28846153846154 3.3536773000087123
312000 100.17307692307692 0.038282065032394015 25.840996 0.49519230769230754 45.301282057692305 45.30769230769231 7.019230769230769 38.28846153846154 3.3297462000045925
314000 100.17307692307692 0.038282065032394015 25.840996 0.49519230769230754 45.301282057692305 45.30769230769231 7.019230769230769 38.28846153846154 3.3110702999983914
316000 100.17307692307692 0.038282065032394015 25.840996 0.49519230769230754 45.301282057692305 45.30769230769231 7.019230769230769 38.28846153846154 3.1536582999979146
318000 100.17307692307692 0.038282065032394015 25.840996 0.49519230769230754 45.301282057692305 45.30769230769231 7.019230769230769 38.28846153846154 3.2227923999889754
320000 100.17307692307692 0.038282065032394015 25.840996 0.49519230769230754 45.301282057692305 45.30769230769231 7.019230769230769 38.28846153846154 3.137274000007892
322000 99.82692307692308 0.03818367836636287 25.815354961538464 0.4887820512820512 45.301282057692305 45.30769230769231 7.019230769230769 38.28846153846154 3.236787400004687
324000 100.67307692307692 0.03840357220219524 25.822121365384614 0.49358974358974356 45.301282057692305 45.30769230769231 7.019230769230769 38.28846153846154 3.096889900014503
326000 101.01923076923077 0.03850195886822638 25.847762403846158 0.4999999999999999 45.301282057692305 45.30769230769231 7.019230769230769 38.28846153846154 3.4625277999730315
328000 100.82692307692308 0.03846727043712211 25.833161250000003 0.4999999999999999 45.301282057692305 45.30769230769231 7.019230769230769 38.28846153846154 3.410857600014424
330000 101.4423076923077 0.03882418370504214 25.83173675 0.5096153846153845 45.301282057692305 45.30769230769231 7.019230769230769 38.28846153846154 3.248905799991917
332000 97.01923076923077 0.037034884868047804 25.791850673076926 0.5032051282051282 45.301282057692305 45.30769230769231 6.923076923076923 38.38461538461539 3.5492193999816664
334000 97.01923076923077 0.037034884868047804 25.791850673076926 0.5032051282051282 45.301282057692305 45.30769230769231 6.923076923076923 38.38461538461539 3.3694317000044975
336000 101.11538461538461 0.038686774293499766 25.75801875 0.5080128205128205 45.301282057692305 45.30769230769231 6.923076923076923 38.38461538461539 3.243270700011635
338000 101.11538461538461 0.038686774293499766 25.75801875 0.5080128205128205 45.301282057692305 45.30769230769231 6.923076923076923 38.38461538461539 3.459504900005413
340000 97.01923076923077 0.037034884868047804 25.791850673076926 0.5032051282051282 45.301282057692305 45.30769230769231 6.923076923076923 38.38461538461539 3.1598344999947585
342000 97.01923076923077 0.037034884868047804 25.791850673076926 0.5032051282051282 45.301282057692305 45.30769230769231 6.923076923076923 38.38461538461539 3.215229100023862
344000 97.1923076923077 0.037511783626987934 25.749115634615386 0.5208333333333333 45.301282057692305 45.30769230769231 6.923076923076923 38.38461538461539 3.393206699984148
346000 97.1923076923077 0.037511783626987934 25.749115634615386 0.5208333333333333 45.301282057692305 45.30769230769231 6.923076923076923 38.38461538461539 3.490809899987653
348000 97.15384615384616 0.03746756944771957 25.74128088461538 0.5272435897435896 45.301282057692305 45.30769230769231 6.923076923076923 38.38461538461539 3.0575945999880787
350000 96.59615384615384 0.03774315449969738 25.750540134615385 0.5208333333333333 45.301282057692305 45.30769230769231 6.923076923076923 38.38461538461539 3.1638086999882944
352000 96.59615384615384 0.03774315449969738 25.750540134615385 0.5208333333333333 45.301282057692305 45.30769230769231 6.923076923076923 38.38461538461539 3.376680999994278
354000 96.59615384615384 0.03774315449969738 25.750540134615385 0.5208333333333333 45.301282057692305 45.30769230769231 6.923076923076923 38.38461538461539 3.122855800000252
356000 97.15384615384616 0.03746756944771957 25.74128088461538 0.5272435897435896 45.301282057692305 45.30769230769231 6.923076923076923 38.38461538461539 3.4007305999984965
358000 96.5576923076923 0.03769894032042902 25.742705384615384 0.5272435897435896 45.301282057692305 45.30769230769231 6.923076923076923 38.38461538461539 3.189666699996451
360000 96.5576923076923 0.03769894032042902 25.742705384615384 0.5272435897435896 45.301282057692305 45.30769230769231 6.923076923076923 38.38461538461539 3.6955595999897923
362000 97.1923076923077 0.037511783626987934 25.749115634615386 0.5208333333333333 45.301282057692305 45.30769230769231 6.923076923076923 38.38461538461539 3.4203316000057384
364000 97.15384615384616 0.03746756944771957 25.74128088461538 0.5272435897435896 45.301282057692305 45.30769230769231 6.923076923076923 38.38461538461539 3.1217125999974087
366000 97.32692307692308 0.03744633034187353 25.733446134615384 0.5272435897435896 45.301282057692305 45.30769230769231 6.923076923076923 38.38461538461539 3.340822500002105
368000 96.75 0.037733628751533285 25.75730653846154 0.5272435897435896 45.301282057692305 45.30769230769231 6.923076923076923 38.38461538461539 3.121901300008176
370000 96.75 0.03783521302611449 25.75730653846154 0.5272435897435896 45.301282057692305 45.30769230769231 6.923076923076923 38.38461538461539 3.146686799998861
372000 96.5576923076923 0.03769894032042902 25.742705384615384 0.5272435897435896 45.301282057692305 45.30769230769231 6.923076923076923 38.38461538461539 3.2947215999884065
374000 96.5576923076923 0.03769894032042902 25.742705384615384 0.5272435897435896 45.301282057692305 45.30769230769231 6.923076923076923 38.38461538461539 3.3332817000045907
376000 96.5576923076923 0.03769894032042902 25.742705384615384 0.5272435897435896 45.301282057692305 45.30769230769231 6.923076923076923 38.38461538461539 3.1499884000222664
378000 96.9423076923077 0.03784010283062246 25.73665126923077 0.5272435897435896 45.301282057692305 45.30769230769231 6.923076923076923 38.38461538461539 3.0642499000241514
380000 101.63461538461539 0.03926062138336498 25.701394846153846 0.532051282051282 45.301282057692305 45.30769230769231 6.923076923076923 38.38461538461539 3.7377110999950673
382000 101.63461538461539 0.03926062138336498 25.701394846153846 0.532051282051282 45.301282057692305 45.30769230769231 6.923076923076923 38.38461538461539 3.3098734999948647
384000 101.63461538461539 0.03926062138336498 25.701394846153846 0.532051282051282 45.301282057692305 45.30769230769231 6.923076923076923 38.38461538461539 3.192303699994227
386000 101.4423076923077 0.03922593295226072 25.686793692307692 0.532051282051282 45.301282057692305 45.30769230769231 6.923076923076923 38.38461538461539 3.368825299985474
388000 101.4423076923077 0.03922593295226072 25.686793692307692 0.532051282051282 45.301282057692305 45.30769230769231 6.923076923076923 38.38461538461539 3.450737399980426
390000 101.6923076923077 0.03925467694175878 25.754457884615384 0.5368589743589743 45.301282057692305 45.30769230769231 7.019230769230769 38.28846153846154 3.164761100022588
392000 101.6923076923077 0.03925467694175878 25.754457884615384 0.5368589743589743 45.301282057692305 45.30769230769231 7.019230769230769 38.28846153846154 3.142039999976987
394000 101.5 0.039219988510654516 25.73985673076923 0.5368589743589743 45.301282057692305 45.30769230769231 7.019230769230769 38.28846153846154 3.093022600020049
396000 101.5 0.039219988510654516 25.73985673076923 0.5368589743589743 45.301282057692305 45.30769230769231 7.019230769230769 38.28846153846154 3.3696726000052877
398000 101.4423076923077 0.03922593295226072 25.686793692307692 0.532051282051282 45.301282057692305 45.30769230769231 6.923076923076923 38.38461538461539 3.317960000014864
400000 101.48076923076923 0.039270147131529085 25.694628442307696 0.5256410256410255 45.301282057692305 45.30769230769231 6.923076923076923 38.38461538461539 3.767838400002802
402000 101.4423076923077 0.03922593295226072 25.686793692307692 0.532051282051282 45.301282057692305 45.30769230769231 6.923076923076923 38.38461538461539 3.5091357000055723
404000 101.4423076923077 0.03922593295226072 25.686793692307692 0.532051282051282 45.301282057692305 45.30769230769231 6.923076923076923 38.38461538461539 3.454694500018377
406000 101.4423076923077 0.03922593295226072 25.686793692307692 0.532051282051282 45.301282057692305 45.30769230769231 6.923076923076923 38.38461538461539 3.0927288999955636
408000 101.28846153846153 0.0391636730524399 25.71528371153846 0.5256410256410255 45.301282057692305 45.30769230769231 6.923076923076923 38.38461538461539 3.2886140999908093
410000 101.28846153846153 0.0391636730524399 25.71528371153846 0.5256410256410255 45.301282057692305 45.30769230769231 6.923076923076923 38.38461538461539 3.3288528000121005
412000 101.28846153846153 0.0391636730524399 25.71528371153846 0.5256410256410255 45.301282057692305 45.30769230769231 6.923076923076923 38.38461538461539 3.4282715000153985
414000 101.28846153846153 0.0391636730524399 25.71528371153846 0.5256410256410255 45.301282057692305 45.30769230769231 6.923076923076923 38.38461538461539 3.1302081999892835
416000 101.28846153846153 0.0391636730524399 25.71528371153846 0.5256410256410255 45.301282057692305 45.30769230769231 6.923076923076923 38.38461538461539 3.143823099992005
418000 101.28846153846153 0.0391636730524399 25.71528371153846 0.5256410256410255 45.301282057692305 45.30769230769231 6.923076923076923 38.38461538461539 3.113806299981661
420000 101.28846153846153 0.0391636730524399 25.71528371153846 0.5256410256410255 45.301282057692305 45.30769230769231 6.923076923076923 38.38461538461539 3.11710000000312
422000 101.28846153846153 0.0391636730524399 25.71528371153846 0.5256410256410255 45.301282057692305 45.30769230769231 6.923076923076923 38.38461538461539 3.2807194000051823
424000 101.48076923076923 0.039270147131529085 25.694628442307696 0.5256410256410255 45.301282057692305 45.30769230769231 6.923076923076923 38.38461538461539 3.2981778000248596
426000 101.48076923076923 0.039270147131529085 25.694628442307696 0.5256410256410255 45.301282057692305 45.30769230769231 6.923076923076923 38.38461538461539 3.318385400023544
428000 101.28846153846153 0.0391636730524399 25.71528371153846 0.5256410256410255 45.301282057692305 45.30769230769231 6.923076923076923 38.38461538461539 3.1899633000139147
430000 101.48076923076923 0.039270147131529085 25.694628442307696 0.5256410256410255 45.301282057692305 45.30769230769231 6.923076923076923 38.38461538461539 3.172113000007812
432000 101.28846153846153 0.0391636730524399 25.71528371153846 0.5256410256410255 45.301282057692305 45.30769230769231 6.923076923076923 38.38461538461539 3.2667074999772012
434000 101.48076923076923 0.039270147131529085 25.694628442307696 0.5256410256410255 45.301282057692305 45.30769230769231 6.923076923076923 38.38461538461539 3.5223379000090063
436000 101.48076923076923 0.039270147131529085 25.694628442307696 0.5256410256410255 45.301282057692305 45.30769230769231 6.923076923076923 38.38461538461539 3.311099300015485
438000 101.48076923076923 0.039270147131529085 25.694628442307696 0.5256410256410255 45.301282057692305 45.30769230769231 6.923076923076923 38.38461538461539 3.413578300009249
440000 101.48076923076923 0.039270147131529085 25.694628442307696 0.5256410256410255 45.301282057692305 45.30769230769231 6.923076923076923 38.38461538461539 3.262536399997771
442000 101.48076923076923 0.039270147131529085 25.694628442307696 0.5256410256410255 45.301282057692305 45.30769230769231 6.923076923076923 38.38461538461539 3.4688130999857094
444000 101.48076923076923 0.039270147131529085 25.694628442307696 0.5256410256410255 45.301282057692305 45.30769230769231 6.923076923076923 38.38461538461539 3.0988584000151604
446000 101.48076923076923 0.039270147131529085 25.694628442307696 0.5256410256410255 45.301282057692305 45.30769230769231 6.923076923076923 38.38461538461539 3.254013500001747
448000 101.48076923076923 0.039270147131529085 25.694628442307696 0.5256410256410255 45.301282057692305 45.30769230769231 6.923076923076923 38.38461538461539 3.2924376000009943
450000 101.48076923076923 0.039270147131529085 25.694628442307696 0.5256410256410255 45.301282057692305 45.30769230769231 6.923076923076923 38.38461538461539 3.6797931999899447
452000 101.48076923076923 0.039270147131529085 25.694628442307696 0.5256410256410255 45.301282057692305 45.30769230769231 6.923076923076923 38.38461538461539 3.3372423000109848
454000 101.48076923076923 0.039270147131529085 25.694628442307696 0.5256410256410255 45.301282057692305 45.30769230769231 6.923076923076923 38.38461538461539 3.215660999994725
456000 101.48076923076923 0.039270147131529085 25.694628442307696 0.5256410256410255 45.301282057692305 45.30769230769231 6.923076923076923 38.38461538461539 3.4486521999933757
458000 101.48076923076923 0.039270147131529085 25.694628442307696 0.5256410256410255 45.301282057692305 45.30769230769231 6.923076923076923 38.38461538461539 3.4346594999951776
460000 101.48076923076923 0.039270147131529085 25.694628442307696 0.5256410256410255 45.301282057692305 45.30769230769231 6.923076923076923 38.38461538461539 3.3775755999959074
462000 101.48076923076923 0.039270147131529085 25.694628442307696 0.5256410256410255 45.301282057692305 45.30769230769231 6.923076923076923 38.38461538461539 3.1722838999994565
464000 101.53846153846153 0.03926420268992288 25.747691480769234 0.5304487179487178 45.301282057692305 45.30769230769231 7.019230769230769 38.28846153846154 3.0775771000189707
466000 101.53846153846153 0.03926420268992288 25.747691480769234 0.5304487179487178 45.301282057692305 45.30769230769231 7.019230769230769 38.28846153846154 3.6002160999923944
468000 101.48076923076923 0.039270147131529085 25.694628442307696 0.5256410256410255 45.301282057692305 45.30769230769231 6.923076923076923 38.38461538461539 3.470614599995315
470000 101.53846153846153 0.03926420268992288 25.747691480769234 0.5304487179487178 45.301282057692305 45.30769230769231 7.019230769230769 38.28846153846154 3.1796198000083677
472000 101.71153846153847 0.039242963584076834 25.739856730769233 0.5304487179487178 45.301282057692305 45.30769230769231 7.019230769230769 38.28846153846154 3.2712800999870524
474000 101.48076923076923 0.039270147131529085 25.694628442307696 0.5256410256410255 45.301282057692305 45.30769230769231 6.923076923076923 38.38461538461539 3.4222591999860015
476000 101.48076923076923 0.039270147131529085 25.694628442307696 0.5256410256410255 45.301282057692305 45.30769230769231 6.923076923076923 38.38461538461539 3.2359047000063583
478000 101.48076923076923 0.039270147131529085 25.694628442307696 0.5256410256410255 45.301282057692305 45.30769230769231 6.923076923076923 38.38461538461539 3.1640818000014406
480000 101.48076923076923 0.039270147131529085 25.694628442307696 0.5256410256410255 45.301282057692305 45.30769230769231 6.923076923076923 38.38461538461539 3.037391200021375
482000 101.48076923076923 0.039270147131529085 25.694628442307696 0.5256410256410255 45.301282057692305 45.30769230769231 6.923076923076923 38.38461538461539 2.9732239000150003
484000 101.48076923076923 0.039270147131529085 25.694628442307696 0.5256410256410255 45.301282057692305 45.30769230769231 6.923076923076923 38.38461538461539 3.084082599991234
486000 101.48076923076923 0.039270147131529085 25.694628442307696 0.5256410256410255 45.301282057692305 45.30769230769231 6.923076923076923 38.38461538461539 3.1305935999844223
488000 101.48076923076923 0.039270147131529085 25.694628442307696 0.5256410256410255 45.301282057692305 45.30769230769231 6.923076923076923 38.38461538461539 3.009010699985083
490000 101.48076923076923 0.039270147131529085 25.694628442307696 0.5256410256410255 45.301282057692305 45.30769230769231 6.923076923076923 38.38461538461539 2.952259799989406
492000 101.48076923076923 0.039270147131529085 25.694628442307696 0.5256410256410255 45.301282057692305 45.30769230769231 6.923076923076923 38.38461538461539 2.7961719000013545
494000 101.48076923076923 0.039270147131529085 25.694628442307696 0.5256410256410255 45.301282057692305 45.30769230769231 6.923076923076923 38.38461538461539 2.7988140000088606
496000 101.67307692307692 0.039304835562633346 25.70922959615385 0.5256410256410255 45.301282057692305 45.30769230769231 6.923076923076923 38.38461538461539 2.5587206999771297
498000 101.67307692307692 0.039304835562633346 25.70922959615385 0.5256410256410255 45.301282057692305 45.30769230769231 6.923076923076923 38.38461538461539 2.114418499986641
500000 101.67307692307692 0.039304835562633346 25.70922959615385 0.5256410256410255 45.301282057692305 45.30769230769231 6.923076923076923 38.38461538461539 2.15246329997899
