2000 3.519230769230769 -0.1337093765667888 33.91774319230769 0.20673076923076922 45.301282057692305 45.30769230769231 2.7115384615384617 42.59615384615385 1.65177459998813
4000 3.6923076923076925 0.001103331640696263 35.19632030769231 0.14423076923076922 45.301282057692305 45.30769230769231 3.2115384615384617 42.09615384615385 2.7141083999886177
6000 8.26923076923077 0.0022781469899176153 32.83803186538462 0.22115384615384615 45.301282057692305 45.30769230769231 2.8461538461538463 42.46153846153846 3.170276400007424
8000 7.846153846153846 -0.01754933504292661 32.477134346153846 0.29647435897435903 45.301282057692305 45.30769230769231 2.6346153846153846 42.67307692307692 2.6100389000057476
10000 13.288461538461538 -0.015174393795076539 31.706835634615388 0.28365384615384615 45.301282057692305 45.30769230769231 3.0961538461538463 42.21153846153846 2.8455894000071567
12000 5.269230769230769 0.0008964238106740084 32.87142051923076 0.24358974358974358 45.301282057692305 45.30769230769231 2.923076923076923 42.38461538461539 2.756492500004242
14000 9.403846153846153 0.0034314242692887447 31.677116846153847 0.29006410256410253 45.301282057692305 45.30769230769231 2.769230769230769 42.53846153846154 2.938552100007655
16000 6.115384615384615 0.0018475146975555565 32.68571923076925 0.24198717948717946 45.301282057692305 45.30769230769231 3.2115384615384617 42.09615384615385 2.7258319000102347
18000 4.365384615384615 -0.094962231360191 33.39489446153846 0.1939102564102564 45.301282057692305 45.30769230769231 2.730769230769231 42.57692307692308 2.675441300001694
20000 5.788461538461538 -0.17134460991041303 33.62568475 0.2131410256410256 45.301282057692305 45.30769230769231 3.3076923076923075 42.0 2.9686004999966826
22000 3.8461538461538463 0.001005904640088328 33.17162375 0.21794871794871795 45.301282057692305 45.30769230769231 2.8461538461538463 42.46153846153846 2.7581890000001295
24000 5.211538461538462 0.0015213396340641382 32.4783218076923 0.2467948717948718 45.301282057692305 45.30769230769231 3.173076923076923 42.13461538461539 2.5859434000012698
26000 7.423076923076923 0.0023446875486201647 31.724794711538472 0.29166666666666663 45.301282057692305 45.30769230769231 2.7884615384615383 42.51923076923077 3.0912930000049528
28000 8.76923076923077 -0.13055334766616694 32.54113973076922 0.3125 45.301282057692305 45.30769230769231 2.7884615384615383 42.51923076923077 2.7110768999991706
30000 4.115384615384615 0.001463125694608209 33.83086711538462 0.20352564102564102 45.301282057692305 45.30769230769231 3.173076923076923 42.13461538461539 2.9400338000123156
32000 8.826923076923077 0.00296989198656109 32.2568184423077 0.2980769230769231 45.301282057692305 45.30769230769231 2.7884615384615383 42.51923076923077 2.773544600000605
34000 5.4423076923076925 0.0014532513635019252 32.823829557692314 0.27564102564102566 45.301282057692305 45.30769230769231 3.230769230769231 42.07692307692308 2.7386930999928154
36000 6.980769230769231 0.002888973016455479 31.397400673076927 0.29166666666666663 45.301282057692305 45.30769230769231 2.6538461538461537 42.65384615384615 2.6927536000002874
38000 5.538461538461538 0.0017584846641006439 32.18451732692308 0.2419871794871795 45.301282057692305 45.30769230769231 3.0961538461538463 42.21153846153846 2.6821452000003774
40000 4.480769230769231 0.0009394467934464039 32.244197519230774 0.23557692307692304 45.301282057692305 45.30769230769231 2.6346153846153846 42.67307692307692 2.833683500008192
42000 4.25 0.0009355488971211205 32.63094905769231 0.21474358974358973 45.301282057692305 45.30769230769231 2.6538461538461537 42.65384615384615 2.7016548000101466
44000 4.653846153846154 0.0010483969915556478 32.399650192307696 0.21794871794871792 45.301282057692305 45.30769230769231 2.6538461538461537 42.65384615384615 2.5817853000044124
46000 6.346153846153846 0.0016620588532788522 33.026780557692305 0.23397435897435898 45.301282057692305 45.30769230769231 2.6346153846153846 42.67307692307692 2.7196720000065397
48000 6.038461538461538 0.0016646656977180826 32.850462057692305 0.2580128205128205 45.301282057692305 45.30769230769231 2.6346153846153846 42.67307692307692 2.8268078999972204
50000 4.423076923076923 0.0010015672329146323 32.71477990384615 0.21794871794871792 45.301282057692305 45.30769230769231 2.6346153846153846 42.67307692307692 2.6908063999871956
52000 5.788461538461538 0.0011291245118693813 32.9605410576923 0.18269230769230768 45.301282057692305 45.30769230769231 2.6346153846153846 42.67307692307692 2.7208054999937303
54000 4.25 0.0012428016507587205 33.82699948076923 0.14102564102564102 45.301282057692305 45.30769230769231 3.0576923076923075 42.25 3.1355228000029456
56000 3.826923076923077 0.0009173937165714401 34.12617867307693 0.15544871794871792 45.301282057692305 45.30769230769231 2.826923076923077 42.48076923076923 2.994191999998293
58000 4.211538461538462 0.0012740869987447037 33.44163821153846 0.15224358974358973 45.301282057692305 45.30769230769231 2.923076923076923 42.38461538461539 2.954893699992681
60000 4.115384615384615 0.001131034303443045 33.61649428846154 0.141025641025641 45.301282057692305 45.30769230769231 3.1923076923076925 42.11538461538461 2.7896410999965155
62000 5.230769230769231 0.0014280778998508072 32.70682440384615 0.203525641025641 45.301282057692305 45.30769230769231 3.076923076923077 42.23076923076923 2.952461000008043
64000 3.5961538461538463 0.000849516330539096 34.123259634615394 0.17948717948717946 45.301282057692305 45.30769230769231 2.7115384615384617 42.59615384615385 2.816907700005686
66000 7.25 0.0022241584919770628 31.866207346153846 0.24839743589743585 45.301282057692305 45.30769230769231 3.230769230769231 42.07692307692308 3.078750900007435
68000 6.846153846153846 0.002089647867554514 33.22349405769231 0.21634615384615385 45.301282057692305 45.30769230769231 3.1538461538461537 42.15384615384615 2.8573974999890197
70000 5.269230769230769 0.001287153889561962 34.07662119230769 0.1875 45.301282057692305 45.30769230769231 2.769230769230769 42.53846153846154 3.1546560999995563
72000 17.173076923076923 -0.6139416441274176 31.460804673076925 0.2980769230769231 45.301282057692305 45.30769230769231 3.326923076923077 41.98076923076923 3.015752099992824
74000 17.48076923076923 -0.5754132767143161 31.31977913461538 0.2916666666666667 45.301282057692305 45.30769230769231 3.3461538461538463 41.96153846153846 2.791830400004983
76000 20.923076923076923 -0.01208322906633878 30.730568230769236 0.3269230769230769 45.301282057692305 45.30769230769231 3.3846153846153846 41.92307692307692 3.075537800003076
78000 12.51923076923077 0.0032237626835276696 32.376899115384624 0.23557692307692307 45.301282057692305 45.30769230769231 3.0961538461538463 42.21153846153846 3.5348276999866357
80000 4.326923076923077 -0.01824282283085083 34.49523236538461 0.1778846153846154 45.301282057692305 45.30769230769231 2.6538461538461537 42.65384615384615 3.140029100002721
82000 8.807692307692308 -0.015758898090146224 34.00377963461537 0.1490384615384615 45.301282057692305 45.30769230769231 2.769230769230769 42.53846153846154 2.9501247000007425
84000 7.788461538461538 -0.016937973159532112 33.13173465384615 0.18910256410256407 45.301282057692305 45.30769230769231 3.3076923076923075 42.0 2.998613400006434
86000 6.9423076923076925 -0.01669828245500905 34.1622110576923 0.15705128205128205 45.301282057692305 45.30769230769231 3.5 41.80769230769231 3.0581291999988025
88000 10.615384615384615 -0.729834652054629 32.40337784615384 0.24038461538461542 45.301282057692305 45.30769230769231 3.480769230769231 41.82692307692308 3.0324311000003945
90000 11.826923076923077 -0.5751908294681599 31.875602134615374 0.27724358974358976 45.301282057692305 45.30769230769231 3.576923076923077 41.73076923076923 3.0749688000069
92000 11.384615384615385 -0.4401590106945168 32.125508038461525 0.2676282051282052 45.301282057692305 45.30769230769231 3.4615384615384617 41.84615384615385 3.100313900009496
94000 15.673076923076923 -0.07167020467667731 32.26286161538462 0.24519230769230774 45.301282057692305 45.30769230769231 3.2115384615384617 42.09615384615385 3.2712121999938972
96000 11.01923076923077 -0.014617480562148899 33.879156153846154 0.18269230769230768 45.301282057692305 45.30769230769231 2.8846153846153846 42.42307692307692 3.179956399995717
98000 16.134615384615383 -0.0714172734960823 31.827685903846152 0.2580128205128206 45.301282057692305 45.30769230769231 3.230769230769231 42.07692307692308 3.039577999996254
100000 13.192307692307692 -0.3229874520643181 32.62747034615385 0.22756410256410262 45.301282057692305 45.30769230769231 3.0576923076923075 42.25 3.554382700007409
102000 5.596153846153846 0.0017001100885654856 33.84563382692308 0.203525641025641 45.301282057692305 45.30769230769231 2.9038461538461537 42.40384615384615 3.1733577999984846
104000 11.076923076923077 0.0035382488896045466 33.204367826923075 0.21314102564102566 45.301282057692305 45.30769230769231 3.1346153846153846 42.17307692307692 3.449803299998166
106000 6.730769230769231 0.002471683998851937 33.79986134615385 0.23397435897435892 45.301282057692305 45.30769230769231 3.1346153846153846 42.17307692307692 3.136135299995658
108000 8.51923076923077 0.0036292508010355 33.174861884615375 0.2003205128205128 45.301282057692305 45.30769230769231 2.9423076923076925 42.36538461538461 3.4650828000012552
110000 4.576923076923077 0.001376125981905024 33.998047673076925 0.1875 45.301282057692305 45.30769230769231 3.076923076923077 42.23076923076923 3.2194808999920497
112000 5.384615384615385 0.0017720657211447387 33.132980999999994 0.20833333333333334 45.301282057692305 45.30769230769231 2.8461538461538463 42.46153846153846 3.470623799992609
114000 4.653846153846154 0.00150587195070603 33.68269375 0.18429487179487178 45.301282057692305 45.30769230769231 2.7884615384615383 42.51923076923077 3.084896699991077
116000 5.134615384615385 0.0016310149964283843 34.44836625 0.14583333333333334 45.301282057692305 45.30769230769231 2.9038461538461537 42.40384615384615 3.3589584000001196
118000 6.230769230769231 -0.017123849010745422 33.93073123076923 0.18910256410256407 45.301282057692305 45.30769230769231 3.076923076923077 42.23076923076923 3.2909340000041993
120000 6.5 0.0024574285344626063 34.33921007692309 0.17788461538461536 45.301282057692305 45.30769230769231 3.173076923076923 42.13461538461539 3.094334400011576
122000 5.865384615384615 0.002370859685761023 34.590096153846154 0.12660256410256412 45.301282057692305 45.30769230769231 3.519230769230769 41.78846153846154 3.2097615000093356
124000 10.115384615384615 0.003971293386367541 34.3383108269231 0.125 45.301282057692305 45.30769230769231 3.7115384615384617 41.59615384615385 3.190703999993275
126000 18.096153846153847 0.005625537602634825 32.27531332692307 0.17948717948717946 45.301282057692305 45.30769230769231 3.2884615384615383 42.01923076923077 3.2470602999965195
128000 23.076923076923077 0.00877529855024466 30.565798596153847 0.22916666666666669 45.301282057692305 45.30769230769231 3.2115384615384617 42.09615384615385 2.8824896000005538
130000 64.57692307692308 -0.3518957680812893 27.80439086538462 0.3733974358974359 45.301282057692305 45.30769230769231 3.6923076923076925 41.61538461538461 3.3799033999966923
132000 21.557692307692307 0.006781998487009491 29.263093 0.3269230769230769 45.301282057692305 45.30769230769231 3.3653846153846154 41.94230769230769 3.1598860999947647
134000 7.673076923076923 0.001955059543263333 31.798497076923077 0.22596153846153844 45.301282057692305 45.30769230769231 3.173076923076923 42.13461538461539 3.316078899995773
136000 14.134615384615385 0.0023694060118301455 31.858432942307704 0.25 45.301282057692305 45.30769230769231 3.5384615384615383 41.76923076923077 3.193885999993654
138000 14.788461538461538 0.003673970940124056 31.3553561923077 0.24198717948717946 45.301282057692305 45.30769230769231 3.4615384615384617 41.84615384615385 3.2758022000052733
140000 15.192307692307692 0.0033820573745528717 31.75278786538461 0.22596153846153844 45.301282057692305 45.30769230769231 2.8653846153846154 42.44230769230769 3.490109999998822
142000 23.98076923076923 0.008934186370884004 30.473357057692304 0.2612179487179487 45.301282057692305 45.30769230769231 2.980769230769231 42.32692307692308 3.62178010000207
144000 17.442307692307693 0.0039935001117686565 31.524209673076932 0.2532051282051282 45.301282057692305 45.30769230769231 3.4038461538461537 41.90384615384615 3.1474785000027623
146000 19.557692307692307 -0.014122456927767972 30.438749384615377 0.3044871794871795 45.301282057692305 45.30769230769231 2.7115384615384617 42.59615384615385 3.2137591000064276
148000 12.961538461538462 -0.05590280928538593 31.586721173076917 0.23076923076923078 45.301282057692305 45.30769230769231 2.6346153846153846 42.67307692307692 3.4452253000054043
150000 15.076923076923077 -0.036017276341470124 31.450979480769238 0.2532051282051282 45.301282057692305 45.30769230769231 2.6346153846153846 42.67307692307692 3.390781499998411
152000 16.423076923076923 0.0030396182897350424 31.28217555769231 0.27724358974358976 45.301282057692305 45.30769230769231 2.6346153846153846 42.67307692307692 3.149779600003967
154000 16.26923076923077 0.0029883772319988238 31.397171365384608 0.24999999999999997 45.301282057692305 45.30769230769231 2.6346153846153846 42.67307692307692 3.2706331000081263
156000 34.5 0.0095617952466771 29.11929759615385 0.3493589743589744 45.301282057692305 45.30769230769231 2.6346153846153846 42.67307692307692 3.2037833999929717
158000 34.98076923076923 0.0071008345116881305 28.7083801923077 0.33974358974358976 45.301282057692305 45.30769230769231 2.6346153846153846 42.67307692307692 3.320877999998629
160000 52.59615384615385 0.014270052738536413 27.08439446153847 0.4166666666666667 45.301282057692305 45.30769230769231 2.6346153846153846 42.67307692307692 3.204548599998816
162000 47.96153846153846 0.012951603425539759 27.363240769230774 0.3846153846153847 45.301282057692305 45.30769230769231 2.6346153846153846 42.67307692307692 3.16452130000107
164000 48.07692307692308 -0.005140766317730538 26.897003192307693 0.41666666666666663 45.301282057692305 45.30769230769231 2.6346153846153846 42.67307692307692 3.258899799999199
166000 48.15384615384615 0.010262157051841726 27.309822576923082 0.3846153846153847 45.301282057692305 45.30769230769231 2.6346153846153846 42.67307692307692 3.4535583999968367
168000 69.65384615384616 0.019397085609089586 26.816784442307696 0.40384615384615385 45.301282057692305 45.30769230769231 3.019230769230769 42.28846153846154 3.2223269999958575
170000 72.71153846153847 0.02037019966156437 26.64691311538462 0.41346153846153844 45.301282057692305 45.30769230769231 2.9615384615384617 42.34615384615385 3.2382657999987714
172000 88.4423076923077 -0.18937175877172654 26.12490163461539 0.4262820512820512 45.301282057692305 45.30769230769231 3.5576923076923075 41.75 3.3802205999963917
174000 73.46153846153847 0.02049140895028343 26.614861211538464 0.4102564102564103 45.301282057692305 45.30769230769231 2.980769230769231 42.32692307692308 3.16218270000536
176000 87.09615384615384 -0.3077732404105038 26.27874786538462 0.4102564102564103 45.301282057692305 45.30769230769231 3.5576923076923075 41.75 3.3461161999875912
178000 83.03846153846153 -0.07440594915905364 26.277969653846167 0.4455128205128205 45.301282057692305 45.30769230769231 3.2115384615384617 42.09615384615385 3.349741800004267
180000 71.90384615384616 0.02001860435041045 26.819988980769235 0.4102564102564103 45.301282057692305 45.30769230769231 3.0384615384615383 42.26923076923077 3.345362300009583
182000 71.34615384615384 0.020127671581851116 27.15189948076924 0.3894230769230769 45.301282057692305 45.30769230769231 3.076923076923077 42.23076923076923 3.215135199992801
184000 87.26923076923077 -0.3270668908164773 26.246697211538468 0.41987179487179493 45.301282057692305 45.30769230769231 3.5576923076923075 41.75 3.2172492999961833
186000 81.28846153846153 -0.3299980385744811 26.58003073076924 0.4182692307692308 45.301282057692305 45.30769230769231 3.5576923076923075 41.75 3.125651399997878
188000 83.42307692307692 -0.07585323976799156 26.567920211538475 0.4134615384615384 45.301282057692305 45.30769230769231 3.4615384615384617 41.84615384615385 3.157236999992165
190000 85.26923076923077 -0.3284479214524456 26.464646038461545 0.41987179487179493 45.301282057692305 45.30769230769231 3.5576923076923075 41.75 3.115502899992862
192000 91.42307692307692 -0.24901184208022925 26.044773346153853 0.43108974358974356 45.301282057692305 45.30769230769231 3.576923076923077 41.73076923076923 3.2430192999891005
194000 91.76923076923077 -0.1708765083193374 26.00162173076924 0.4391025641025641 45.301282057692305 45.30769230769231 3.5576923076923075 41.75 3.4489262999995844
196000 86.03846153846153 -0.21180437996704482 26.43579921153847 0.4262820512820512 45.301282057692305 45.30769230769231 3.5576923076923075 41.75 3.2349227000086103
198000 95.0576923076923 -0.2481072402376706 25.980670769230773 0.4326923076923076 45.301282057692305 45.30769230769231 3.576923076923077 41.73076923076923 3.126168000002508
200000 98.0576923076923 -0.24729556502907446 25.922978365384616 0.4262820512820512 45.301282057692305 45.30769230769231 3.576923076923077 41.73076923076923 3.2883206000115024
202000 101.42307692307692 -0.1670657229321317 25.660157653846156 0.4599358974358974 45.301282057692305 45.30769230769231 3.5576923076923075 41.75 3.361002000005101
204000 101.34615384615384 -0.167112016583945 25.685798730769235 0.45512820512820507 45.301282057692305 45.30769230769231 3.576923076923077 41.73076923076923 3.215546399995219
206000 102.53846153846153 -0.1665576893382626 25.611012326923078 0.4711538461538461 45.301282057692305 45.30769230769231 3.5576923076923075 41.75 3.255515800003195
208000 105.53846153846153 -0.1657012910855771 25.54690973076923 0.4711538461538461 45.301282057692305 45.30769230769231 3.5576923076923075 41.75 3.2785441000014544
210000 151.46153846153845 0.05642364711730989 24.950659499999997 0.4599358974358974 45.301282057692305 45.30769230769231 8.096153846153847 37.21153846153846 3.2226919999957317
212000 147.09615384615384 0.05466101814279081 25.074164288461535 0.44070512820512814 45.301282057692305 45.30769230769231 8.134615384615385 37.17307692307692 3.0295558999932837
214000 150.8653846153846 0.05575216881950599 25.006856557692306 0.44070512820512814 45.301282057692305 45.30769230769231 8.134615384615385 37.17307692307692 3.482804200000828
216000 146.78846153846155 0.055940749473623826 25.15578776923077 0.4599358974358974 45.301282057692305 45.30769230769231 8.0 37.30769230769231 3.3228505000006407
218000 149.40384615384616 0.05664877803725454 25.07459115384615 0.469551282051282 45.301282057692305 45.30769230769231 8.0 37.30769230769231 3.335391399989021
220000 158.0 0.06238399592559443 24.750658826923083 0.4647435897435897 45.301282057692305 45.30769230769231 7.865384615384615 37.44230769230769 3.224956799997017
222000 148.03846153846155 0.056278047874755543 25.15054165384615 0.4599358974358974 45.301282057692305 45.30769230769231 8.115384615384615 37.19230769230769 2.8535168999951566
224000 147.6153846153846 0.055012065273926686 25.232451403846156 0.4503205128205128 45.301282057692305 45.30769230769231 8.153846153846153 37.15384615384615 3.1471667000005255
226000 156.51923076923077 0.05984484329176652 24.69260886538462 0.455128205128205 45.301282057692305 45.30769230769231 7.9423076923076925 37.36538461538461 3.1472206999897026
228000 156.51923076923077 0.05984484329176652 24.69260886538462 0.455128205128205 45.301282057692305 45.30769230769231 7.9423076923076925 37.36538461538461 3.2382585000013933
230000 156.51923076923077 0.059958975092473575 24.69260886538462 0.455128205128205 45.301282057692305 45.30769230769231 7.9423076923076925 37.36538461538461 3.2368838999973377
232000 153.92307692307693 0.05801927713910138 24.865685519230773 0.4455128205128204 45.301282057692305 45.30769230769231 7.9423076923076925 37.36538461538461 3.4514536000060616
234000 153.92307692307693 0.05801927713910138 24.865685519230773 0.4455128205128204 45.301282057692305 45.30769230769231 7.9423076923076925 37.36538461538461 3.205594699989888
236000 153.92307692307693 0.05759110013297722 24.865685519230773 0.4455128205128204 45.301282057692305 45.30769230769231 7.9423076923076925 37.36538461538461 3.0320932999893557
238000 155.26923076923077 0.05960431919697784 25.012945076923078 0.4455128205128204 45.301282057692305 45.30769230769231 8.01923076923077 37.28846153846154 3.2079738000029465
240000 148.15384615384616 0.055721566985081156 25.186510499999997 0.4599358974358974 45.301282057692305 45.30769230769231 8.134615384615385 37.17307692307692 3.3396389999979874
242000 156.51923076923077 0.05997434631836914 24.69260886538462 0.455128205128205 45.301282057692305 45.30769230769231 7.9423076923076925 37.36538461538461 3.3025041000073543
244000 156.51923076923077 0.06014314100847082 24.69260886538462 0.455128205128205 45.301282057692305 45.30769230769231 7.9423076923076925 37.36538461538461 3.2295040000026347
246000 156.51923076923077 0.059676241094864184 24.69260886538462 0.455128205128205 45.301282057692305 45.30769230769231 7.9423076923076925 37.36538461538461 3.2255174000019906
248000 156.51923076923077 0.059660301112952036 24.69260886538462 0.455128205128205 45.301282057692305 45.30769230769231 7.9423076923076925 37.36538461538461 3.232607400001143
250000 157.69230769230768 0.06177883375071336 24.77095809615385 0.455128205128205 45.301282057692305 45.30769230769231 8.0 37.30769230769231 3.1681130999932066
252000 156.51923076923077 0.059676241094864184 24.69260886538462 0.455128205128205 45.301282057692305 45.30769230769231 7.9423076923076925 37.36538461538461 3.2653150999976788
254000 156.51923076923077 0.059676241094864184 24.69260886538462 0.455128205128205 45.301282057692305 45.30769230769231 7.9423076923076925 37.36538461538461 3.13550769998983
256000 156.51923076923077 0.05931575646016197 24.69260886538462 0.455128205128205 45.301282057692305 45.30769230769231 7.9423076923076925 37.36538461538461 3.6166794000018854
258000 156.51923076923077 0.05984503578496587 24.69260886538462 0.455128205128205 45.301282057692305 45.30769230769231 7.9423076923076925 37.36538461538461 3.2038658000092255
260000 156.51923076923077 0.05914696177006029 24.69260886538462 0.455128205128205 45.301282057692305 45.30769230769231 7.9423076923076925 37.36538461538461 3.326416199997766
262000 156.51923076923077 0.059676241094864184 24.69260886538462 0.455128205128205 45.301282057692305 45.30769230769231 7.9423076923076925 37.36538461538461 3.3075572999950964
264000 156.51923076923077 0.05904523955151481 24.69260886538462 0.455128205128205 45.301282057692305 45.30769230769231 7.9423076923076925 37.36538461538461 3.265828600007808
266000 156.51923076923077 0.059399155524533113 24.69260886538462 0.455128205128205 45.301282057692305 45.30769230769231 7.9423076923076925 37.36538461538461 3.417282800000976
268000 156.51923076923077 0.05878132088177676 24.69260886538462 0.455128205128205 45.301282057692305 45.30769230769231 7.9423076923076925 37.36538461538461 3.142838900006609
270000 156.51923076923077 0.0589333619896409 24.69260886538462 0.455128205128205 45.301282057692305 45.30769230769231 7.9423076923076925 37.36538461538461 3.563990000009653
272000 156.51923076923077 0.05938321554262097 24.69260886538462 0.455128205128205 45.301282057692305 45.30769230769231 7.9423076923076925 37.36538461538461 3.337494199993671
274000 156.51923076923077 0.0589333619896409 24.69260886538462 0.455128205128205 45.301282057692305 45.30769230769231 7.9423076923076925 37.36538461538461 3.4717539999983273
276000 156.51923076923077 0.0589333619896409 24.69260886538462 0.455128205128205 45.301282057692305 45.30769230769231 7.9423076923076925 37.36538461538461 3.2142862000036985
278000 156.51923076923077 0.05873366183348508 24.69260886538462 0.455128205128205 45.301282057692305 45.30769230769231 7.9423076923076925 37.36538461538461 3.300373699996271
280000 156.51923076923077 0.05954842355107814 24.69260886538462 0.455128205128205 45.301282057692305 45.30769230769231 7.9423076923076925 37.36538461538461 3.4194408000039402
282000 156.51923076923077 0.05873366183348508 24.69260886538462 0.455128205128205 45.301282057692305 45.30769230769231 7.9423076923076925 37.36538461538461 3.219452799996361
284000 156.51923076923077 0.05873366183348508 24.69260886538462 0.455128205128205 45.301282057692305 45.30769230769231 7.9423076923076925 37.36538461538461 3.0982091999903787
286000 156.51923076923077 0.05873366183348508 24.69260886538462 0.455128205128205 45.301282057692305 45.30769230769231 7.9423076923076925 37.36538461538461 3.43515629999456
288000 156.51923076923077 0.05932897109057575 24.69260886538462 0.455128205128205 45.301282057692305 45.30769230769231 7.9423076923076925 37.36538461538461 3.287406799994642
290000 156.51923076923077 0.05889922435386964 24.69260886538462 0.455128205128205 45.301282057692305 45.30769230769231 7.9423076923076925 37.36538461538461 3.2527784000121756
292000 156.51923076923077 0.059517058996625995 24.69260886538462 0.455128205128205 45.301282057692305 45.30769230769231 7.9423076923076925 37.36538461538461 3.0015569000097457
294000 156.3653846153846 0.059194267080741964 24.687979250000005 0.4487179487179486 45.301282057692305 45.30769230769231 7.9423076923076925 37.36538461538461 3.095105100001092
296000 156.3653846153846 0.059194267080741964 24.687979250000005 0.4487179487179486 45.301282057692305 45.30769230769231 7.9423076923076925 37.36538461538461 3.212300899991533
298000 156.51923076923077 0.059351496476241425 24.69260886538462 0.455128205128205 45.301282057692305 45.30769230769231 7.9423076923076925 37.36538461538461 3.244634999995469
300000 156.51923076923077 0.05932897109057575 24.69260886538462 0.455128205128205 45.301282057692305 45.30769230769231 7.9423076923076925 37.36538461538461 3.3764807999978075
302000 156.51923076923077 0.05932897109057575 24.69260886538462 0.455128205128205 45.301282057692305 45.30769230769231 7.9423076923076925 37.36538461538461 3.7848635999980615
304000 156.3653846153846 0.0593823549867922 24.687979250000005 0.4487179487179486 45.301282057692305 45.30769230769231 7.9423076923076925 37.36538461538461 3.143434600002365
306000 156.73076923076923 0.05938311841488234 24.697594615384624 0.46794871794871784 45.301282057692305 45.30769230769231 7.9423076923076925 37.36538461538461 3.3472245000011753
308000 156.73076923076923 0.059367178432970194 24.697594615384624 0.46794871794871784 45.301282057692305 45.30769230769231 7.9423076923076925 37.36538461538461 3.2173225000005914
310000 156.57692307692307 0.05924841440504855 24.692965000000008 0.46153846153846145 45.301282057692305 45.30769230769231 7.9423076923076925 37.36538461538461 3.3008430000045337
312000 156.53846153846155 0.05908560715249304 24.68833536538462 0.46153846153846145 45.301282057692305 45.30769230769231 7.9423076923076925 37.36538461538461 3.221857500000624
314000 156.53846153846155 0.05908560715249304 24.68833536538462 0.46153846153846145 45.301282057692305 45.30769230769231 7.9423076923076925 37.36538461538461 3.112580799992429
316000 156.53846153846155 0.05908560715249304 24.68833536538462 0.46153846153846145 45.301282057692305 45.30769230769231 7.9423076923076925 37.36538461538461 3.1763631999929203
318000 156.53846153846155 0.05908560715249304 24.68833536538462 0.46153846153846145 45.301282057692305 45.30769230769231 7.9423076923076925 37.36538461538461 3.1684100999991642
320000 156.53846153846155 0.05908560715249304 24.68833536538462 0.46153846153846145 45.301282057692305 45.30769230769231 7.9423076923076925 37.36538461538461 3.227384700003313
322000 156.53846153846155 0.05908560715249304 24.68833536538462 0.46153846153846145 45.301282057692305 45.30769230769231 7.9423076923076925 37.36538461538461 3.257773699995596
324000 157.19230769230768 0.05927081255722114 24.680500615384616 0.46634615384615385 45.301282057692305 45.30769230769231 7.9423076923076925 37.36538461538461 3.248551100012264
326000 157.3653846153846 0.059593570174475946 24.695103038461543 0.46634615384615385 45.301282057692305 45.30769230769231 7.9423076923076925 37.36538461538461 3.3217710000026273
328000 148.8846153846154 0.05409559320311453 24.755820846153846 0.46634615384615385 45.301282057692305 45.30769230769231 7.961538461538462 37.34615384615385 3.2319121999898925
330000 157.19230769230768 0.059572234931922444 24.680500615384616 0.46634615384615385 45.301282057692305 45.30769230769231 7.9423076923076925 37.36538461538461 3.204556099997717
332000 153.80769230769232 0.057400243903873764 24.71290740384616 0.47115384615384615 45.301282057692305 45.30769230769231 7.9423076923076925 37.36538461538461 3.237745599995833
334000 153.44230769230768 0.057836409778837264 24.6737344423077 0.4775641025641025 45.301282057692305 45.30769230769231 7.9423076923076925 37.36538461538461 3.2469821000122465
336000 157.44230769230768 0.060047707279346725 24.639902519230777 0.48237179487179477 45.301282057692305 45.30769230769231 7.9423076923076925 37.36538461538461 3.474269300000742
338000 153.44230769230768 0.057836409778837264 24.6737344423077 0.4775641025641025 45.301282057692305 45.30769230769231 7.9423076923076925 37.36538461538461 3.324110000001383
340000 153.48076923076923 0.05831326223680988 24.678364076923085 0.4775641025641025 45.301282057692305 45.30769230769231 7.9423076923076925 37.36538461538461 3.2409778000001097
342000 153.44230769230768 0.05782046979692512 24.6737344423077 0.4775641025641025 45.301282057692305 45.30769230769231 7.9423076923076925 37.36538461538461 3.15780280000763
344000 153.48076923076923 0.05859142324937003 24.678364076923085 0.4775641025641025 45.301282057692305 45.30769230769231 7.9423076923076925 37.36538461538461 3.1891111000004457
346000 153.75 0.05857030478536682 24.670529326923084 0.4775641025641025 45.301282057692305 45.30769230769231 7.9423076923076925 37.36538461538461 3.0539283999969484
348000 147.6346153846154 0.05444666766172083 24.72179259615385 0.4839743589743589 45.301282057692305 45.30769230769231 7.961538461538462 37.34615384615385 3.3324028000060935
350000 153.71153846153845 0.05779935133292191 24.665899692307697 0.4775641025641025 45.301282057692305 45.30769230769231 7.9423076923076925 37.36538461538461 3.3563682999956654
352000 153.75 0.05827620379089452 24.670529326923084 0.4775641025641025 45.301282057692305 45.30769230769231 7.9423076923076925 37.36538461538461 3.3397480999992695
354000 153.75 0.05855436480345467 24.670529326923084 0.4775641025641025 45.301282057692305 45.30769230769231 7.9423076923076925 37.36538461538461 3.3240512999909697
356000 154.1153846153846 0.05778610534375391 24.645244423076925 0.4887820512820512 45.301282057692305 45.30769230769231 7.9423076923076925 37.36538461538461 3.3126476000034017
358000 154.1153846153846 0.05778610534375391 24.645244423076925 0.4887820512820512 45.301282057692305 45.30769230769231 7.9423076923076925 37.36538461538461 3.513422599993646
360000 154.1153846153846 0.05778610534375391 24.645244423076925 0.4887820512820512 45.301282057692305 45.30769230769231 7.9423076923076925 37.36538461538461 3.237167800005409
362000 153.71153846153845 0.0577920299526929 24.665899692307697 0.4775641025641025 45.301282057692305 45.30769230769231 7.9423076923076925 37.36538461538461 3.4588267000071937
364000 154.1153846153846 0.05808752771845522 24.645244423076925 0.4887820512820512 45.301282057692305 45.30769230769231 7.9423076923076925 37.36538461538461 3.371988800005056
366000 154.28846153846155 0.058066288612609165 24.637409673076927 0.4887820512820512 45.301282057692305 45.30769230769231 7.9423076923076925 37.36538461538461 3.40138239999942
368000 154.28846153846155 0.058108862961008714 24.65984684615385 0.4887820512820512 45.301282057692305 45.30769230769231 7.9423076923076925 37.36538461538461 3.516429099996458
370000 154.28846153846155 0.058108862961008714 24.65984684615385 0.4887820512820512 45.301282057692305 45.30769230769231 7.9423076923076925 37.36538461538461 3.265310299990233
372000 154.1153846153846 0.05808752771845522 24.645244423076925 0.4887820512820512 45.301282057692305 45.30769230769231 7.9423076923076925 37.36538461538461 3.5621959999989485
374000 154.1153846153846 0.05808752771845522 24.645244423076925 0.4887820512820512 45.301282057692305 45.30769230769231 7.9423076923076925 37.36538461538461 3.305762500007404
376000 154.1153846153846 0.05808752771845522 24.645244423076925 0.4887820512820512 45.301282057692305 45.30769230769231 7.9423076923076925 37.36538461538461 3.3135234999936074
378000 154.1153846153846 0.05808752771845522 24.645244423076925 0.4887820512820512 45.301282057692305 45.30769230769231 7.9423076923076925 37.36538461538461 3.2674360999953933
380000 153.6346153846154 0.058392789740662455 24.661271346153853 0.4887820512820512 45.301282057692305 45.30769230769231 7.9423076923076925 37.36538461538461 3.3733505999989575
382000 154.1153846153846 0.05808752771845522 24.645244423076925 0.4887820512820512 45.301282057692305 45.30769230769231 7.9423076923076925 37.36538461538461 3.4173792000074172
384000 154.28846153846155 0.058108862961008714 24.65984684615385 0.4887820512820512 45.301282057692305 45.30769230769231 7.9423076923076925 37.36538461538461 3.385210599997663
386000 154.1153846153846 0.05808752771845522 24.645244423076925 0.4887820512820512 45.301282057692305 45.30769230769231 7.9423076923076925 37.36538461538461 3.2925789000000805
388000 153.46153846153845 0.05837145449810895 24.646668923076927 0.4887820512820512 45.301282057692305 45.30769230769231 7.9423076923076925 37.36538461538461 3.850600599995232
390000 153.6346153846154 0.058392789740662455 24.661271346153853 0.4887820512820512 45.301282057692305 45.30769230769231 7.9423076923076925 37.36538461538461 3.5646406000014395
392000 153.46153846153845 0.05837145449810895 24.646668923076927 0.4887820512820512 45.301282057692305 45.30769230769231 7.9423076923076925 37.36538461538461 3.365286300002481
394000 158.1153846153846 0.06029882521896468 24.611412500000004 0.49358974358974356 45.301282057692305 45.30769230769231 7.9423076923076925 37.36538461538461 3.5818842000007862
396000 158.1153846153846 0.05999740284426337 24.611412500000004 0.49358974358974356 45.301282057692305 45.30769230769231 7.9423076923076925 37.36538461538461 3.4681151999975555
398000 158.1153846153846 0.05999740284426337 24.611412500000004 0.49358974358974356 45.301282057692305 45.30769230769231 7.9423076923076925 37.36538461538461 3.3939423999981955
400000 158.15384615384616 0.06004161702353174 24.619247250000004 0.4871794871794871 45.301282057692305 45.30769230769231 7.9423076923076925 37.36538461538461 3.2083629999979166
402000 158.1153846153846 0.05999740284426337 24.611412500000004 0.49358974358974356 45.301282057692305 45.30769230769231 7.9423076923076925 37.36538461538461 3.326281999994535
404000 158.1153846153846 0.05999740284426337 24.611412500000004 0.49358974358974356 45.301282057692305 45.30769230769231 7.9423076923076925 37.36538461538461 3.361481300002197
406000 158.1153846153846 0.06029882521896468 24.611412500000004 0.49358974358974356 45.301282057692305 45.30769230769231 7.9423076923076925 37.36538461538461 3.2513272000069264
408000 158.15384615384616 0.060343039398233045 24.619247250000004 0.4871794871794871 45.301282057692305 45.30769230769231 7.9423076923076925 37.36538461538461 3.5189851999894017
410000 158.15384615384616 0.060343039398233045 24.619247250000004 0.4871794871794871 45.301282057692305 45.30769230769231 7.9423076923076925 37.36538461538461 3.3652035999984946
412000 158.15384615384616 0.060343039398233045 24.619247250000004 0.4871794871794871 45.301282057692305 45.30769230769231 7.9423076923076925 37.36538461538461 3.352881200000411
414000 157.8653846153846 0.05992117351163194 24.65022930769231 0.4807692307692307 45.301282057692305 45.30769230769231 7.9423076923076925 37.36538461538461 3.409586900001159
416000 158.15384615384616 0.06004161702353174 24.619247250000004 0.4871794871794871 45.301282057692305 45.30769230769231 7.9423076923076925 37.36538461538461 3.355803999991622
418000 157.8653846153846 0.06022259588633325 24.65022930769231 0.4807692307692307 45.301282057692305 45.30769230769231 7.9423076923076925 37.36538461538461 3.4344046999904094
420000 157.8653846153846 0.06022259588633325 24.65022930769231 0.4807692307692307 45.301282057692305 45.30769230769231 7.9423076923076925 37.36538461538461 3.413607200011029
422000 157.8653846153846 0.06022259588633325 24.65022930769231 0.4807692307692307 45.301282057692305 45.30769230769231 7.9423076923076925 37.36538461538461 3.3880243000021437
424000 157.8653846153846 0.06022259588633325 24.65022930769231 0.4807692307692307 45.301282057692305 45.30769230769231 7.9423076923076925 37.36538461538461 3.393709999989369
426000 157.8653846153846 0.05992117351163194 24.65022930769231 0.4807692307692307 45.301282057692305 45.30769230769231 7.9423076923076925 37.36538461538461 3.204775000005611
428000 157.8653846153846 0.05992117351163194 24.65022930769231 0.4807692307692307 45.301282057692305 45.30769230769231 7.9423076923076925 37.36538461538461 3.20230150000134
430000 157.8653846153846 0.05992117351163194 24.65022930769231 0.4807692307692307 45.301282057692305 45.30769230769231 7.9423076923076925 37.36538461538461 3.3339424000005238
432000 157.8653846153846 0.05992117351163194 24.65022930769231 0.4807692307692307 45.301282057692305 45.30769230769231 7.9423076923076925 37.36538461538461 3.2899319999996806
434000 157.8653846153846 0.05992117351163194 24.65022930769231 0.4807692307692307 45.301282057692305 45.30769230769231 7.9423076923076925 37.36538461538461 3.030931300003431
436000 157.8653846153846 0.06022259588633325 24.65022930769231 0.4807692307692307 45.301282057692305 45.30769230769231 7.9423076923076925 37.36538461538461 3.0646716999908676
438000 157.8653846153846 0.06022259588633325 24.65022930769231 0.4807692307692307 45.301282057692305 45.30769230769231 7.9423076923076925 37.36538461538461 3.0564326999883633
440000 157.8653846153846 0.06022259588633325 24.65022930769231 0.4807692307692307 45.301282057692305 45.30769230769231 7.9423076923076925 37.36538461538461 3.088179800004582
442000 157.8653846153846 0.06022259588633325 24.65022930769231 0.4807692307692307 45.301282057692305 45.30769230769231 7.9423076923076925 37.36538461538461 3.2257523000007495
444000 157.8653846153846 0.06022259588633325 24.65022930769231 0.4807692307692307 45.301282057692305 45.30769230769231 7.9423076923076925 37.36538461538461 3.165267300006235
446000 157.8653846153846 0.06022259588633325 24.65022930769231 0.4807692307692307 45.301282057692305 45.30769230769231 7.9423076923076925 37.36538461538461 3.11697400000412
448000 157.8653846153846 0.06022259588633325 24.65022930769231 0.4807692307692307 45.301282057692305 45.30769230769231 7.9423076923076925 37.36538461538461 3.1558259000012185
450000 157.8653846153846 0.06022259588633325 24.65022930769231 0.4807692307692307 45.301282057692305 45.30769230769231 7.9423076923076925 37.36538461538461 3.0994462999951793
452000 157.8653846153846 0.06022259588633325 24.65022930769231 0.4807692307692307 45.301282057692305 45.30769230769231 7.9423076923076925 37.36538461538461 3.4886012000060873
454000 157.8653846153846 0.06022259588633325 24.65022930769231 0.4807692307692307 45.301282057692305 45.30769230769231 7.9423076923076925 37.36538461538461 3.0975027000094997
456000 157.8653846153846 0.06022259588633325 24.65022930769231 0.4807692307692307 45.301282057692305 45.30769230769231 7.9423076923076925 37.36538461538461 3.1638336000032723
458000 157.8653846153846 0.06022259588633325 24.65022930769231 0.4807692307692307 45.301282057692305 45.30769230769231 7.9423076923076925 37.36538461538461 3.2921223000012105
460000 157.8653846153846 0.06022259588633325 24.65022930769231 0.4807692307692307 45.301282057692305 45.30769230769231 7.9423076923076925 37.36538461538461 3.108272900004522
462000 157.8653846153846 0.06022259588633325 24.65022930769231 0.4807692307692307 45.301282057692305 45.30769230769231 7.9423076923076925 37.36538461538461 3.2096487000089837
464000 157.8653846153846 0.06022259588633325 24.65022930769231 0.4807692307692307 45.301282057692305 45.30769230769231 7.9423076923076925 37.36538461538461 3.2354579999955604
466000 157.8653846153846 0.06022259588633325 24.65022930769231 0.4807692307692307 45.301282057692305 45.30769230769231 7.9423076923076925 37.36538461538461 3.303148599996348
468000 157.8653846153846 0.06022259588633325 24.65022930769231 0.4807692307692307 45.301282057692305 45.30769230769231 7.9423076923076925 37.36538461538461 3.1373753000079887
470000 157.8653846153846 0.06022259588633325 24.65022930769231 0.4807692307692307 45.301282057692305 45.30769230769231 7.9423076923076925 37.36538461538461 3.258064199995715
472000 158.03846153846155 0.0602013567804872 24.64239455769231 0.4807692307692307 45.301282057692305 45.30769230769231 7.9423076923076925 37.36538461538461 2.966130199987674
474000 157.8653846153846 0.06022259588633325 24.65022930769231 0.4807692307692307 45.301282057692305 45.30769230769231 7.9423076923076925 37.36538461538461 2.989188000006834
476000 157.8653846153846 0.06022259588633325 24.65022930769231 0.4807692307692307 45.301282057692305 45.30769230769231 7.9423076923076925 37.36538461538461 3.039792000010493
478000 157.8653846153846 0.06022259588633325 24.65022930769231 0.4807692307692307 45.301282057692305 45.30769230769231 7.9423076923076925 37.36538461538461 2.9385594999912428
480000 157.8653846153846 0.06022259588633325 24.65022930769231 0.4807692307692307 45.301282057692305 45.30769230769231 7.9423076923076925 37.36538461538461 3.0443212000100175
482000 157.8653846153846 0.06022259588633325 24.65022930769231 0.4807692307692307 45.301282057692305 45.30769230769231 7.9423076923076925 37.36538461538461 3.003889600004186
484000 157.8653846153846 0.06022259588633325 24.65022930769231 0.4807692307692307 45.301282057692305 45.30769230769231 7.9423076923076925 37.36538461538461 2.8359174999932293
486000 157.8653846153846 0.06022259588633325 24.65022930769231 0.4807692307692307 45.301282057692305 45.30769230769231 7.9423076923076925 37.36538461538461 2.475762800007942
488000 157.8653846153846 0.06022259588633325 24.65022930769231 0.4807692307692307 45.301282057692305 45.30769230769231 7.9423076923076925 37.36538461538461 2.1315384000045015
490000 157.8653846153846 0.06022259588633325 24.65022930769231 0.4807692307692307 45.301282057692305 45.30769230769231 7.9423076923076925 37.36538461538461 2.0950274000060745
492000 157.8653846153846 0.06022259588633325 24.65022930769231 0.4807692307692307 45.301282057692305 45.30769230769231 7.9423076923076925 37.36538461538461 2.203165099999751
494000 157.8653846153846 0.06022259588633325 24.65022930769231 0.4807692307692307 45.301282057692305 45.30769230769231 7.9423076923076925 37.36538461538461 2.0646345999994082
496000 157.8653846153846 0.06022259588633325 24.65022930769231 0.4807692307692307 45.301282057692305 45.30769230769231 7.9423076923076925 37.36538461538461 2.0787222999933874
498000 157.8653846153846 0.06022259588633325 24.65022930769231 0.4807692307692307 45.301282057692305 45.30769230769231 7.9423076923076925 37.36538461538461 1.5915053999924567
500000 157.8653846153846 0.06022259588633325 24.65022930769231 0.4807692307692307 45.301282057692305 45.30769230769231 7.9423076923076925 37.36538461538461 1.60290480000549
