2000 0.21153846153846154 0.00011989150316263242 102.98076923076923 0.19230769230769226 135.8653846153846 45.28846153846154 1.4230769230769231 43.86538461538461 1.0952348000137135
4000 0.34615384615384615 0.00013099223149895675 103.01923076923077 0.1778846153846154 135.8653846153846 45.28846153846154 1.2115384615384615 44.07692307692308 1.28355300007388
6000 0.5 0.00018930154059589244 101.32692307692308 0.17147435897435898 135.8653846153846 45.28846153846154 1.4807692307692308 43.80769230769231 1.6442625999916345
8000 0.25 5.91724849346078e-05 102.21153846153847 0.1762820512820513 135.8653846153846 45.28846153846154 1.1923076923076923 44.09615384615385 1.9419429999543354
10000 0.25 6.232603456642207e-05 102.88461538461539 0.14423076923076922 135.8653846153846 45.28846153846154 1.1923076923076923 44.09615384615385 2.3178132000612095
12000 0.28846153846153844 9.977309605288403e-05 104.3076923076923 0.11217948717948717 135.8653846153846 45.28846153846154 1.1923076923076923 44.09615384615385 2.14788090006914
14000 0.1346153846153846 5.8788031948012575e-05 106.96153846153847 0.09615384615384616 135.8653846153846 45.28846153846154 1.1923076923076923 44.09615384615385 2.3054180000908673
16000 0.17307692307692307 6.490182929965123e-05 107.3076923076923 0.05448717948717949 135.8653846153846 45.28846153846154 1.1923076923076923 44.09615384615385 3.086050699930638
18000 0.15384615384615385 0.0001017486800258778 107.17307692307692 0.09775641025641026 135.8653846153846 45.28846153846154 1.1923076923076923 44.09615384615385 2.6403360000113025
20000 0.17307692307692307 6.885592217195122e-05 105.96153846153847 0.09455128205128206 135.8653846153846 45.28846153846154 1.1923076923076923 44.09615384615385 2.8701087000081316
22000 0.25 0.00010601253836483096 104.9423076923077 0.08814102564102563 135.8653846153846 45.28846153846154 1.4807692307692308 43.80769230769231 2.841689100023359
24000 0.11538461538461539 8.352370595866789e-05 106.6923076923077 0.08814102564102563 135.8653846153846 45.28846153846154 1.9423076923076923 43.34615384615385 3.1014271000167355
26000 0.11538461538461539 6.373156375519424e-05 107.90384615384616 0.08493589743589744 135.8653846153846 45.28846153846154 1.3653846153846154 43.92307692307692 2.897300499957055
28000 0.15384615384615385 7.892004381136764e-05 107.07692307692308 0.11698717948717949 135.8653846153846 45.28846153846154 1.1923076923076923 44.09615384615385 2.694405300077051
30000 0.09615384615384616 5.203592423897301e-05 107.42307692307692 0.10256410256410257 135.8653846153846 45.28846153846154 1.1923076923076923 44.09615384615385 2.659719099989161
32000 0.11538461538461539 5.4152476013541415e-05 105.26923076923077 0.15544871794871792 135.8653846153846 45.28846153846154 1.1923076923076923 44.09615384615385 2.8243299999739975
34000 0.11538461538461539 5.74805954352761e-05 106.09615384615384 0.11698717948717949 135.8653846153846 45.28846153846154 1.2307692307692308 44.05769230769231 2.987634600023739
36000 0.17307692307692307 8.077507014191364e-05 103.59615384615384 0.1778846153846154 135.8653846153846 45.28846153846154 1.3846153846153846 43.90384615384615 2.6065917999949306
38000 0.11538461538461539 5.268933120138894e-05 106.21153846153847 0.171474358974359 135.8653846153846 45.28846153846154 1.5192307692307692 43.76923076923077 2.696394900092855
40000 0.11538461538461539 5.7817558694494204e-05 106.86538461538461 0.14102564102564102 135.8653846153846 45.28846153846154 1.8461538461538463 43.44230769230769 2.5204975999658927
42000 0.11538461538461539 9.292488022020763e-05 106.90384615384616 0.14102564102564102 135.8653846153846 45.28846153846154 1.4615384615384615 43.82692307692308 2.792710200068541
44000 0.19230769230769232 0.00015990983394856 104.98076923076923 0.14262820512820512 135.8653846153846 45.28846153846154 1.7115384615384615 43.57692307692308 2.900692299939692
46000 0.21153846153846154 0.00014747400058739144 103.82692307692308 0.12660256410256412 135.8653846153846 45.28846153846154 1.4230769230769231 43.86538461538461 2.7396994000300765
48000 0.15384615384615385 0.00013505155587608205 104.59615384615384 0.15384615384615385 135.8653846153846 45.28846153846154 1.1923076923076923 44.09615384615385 2.6530399000039324
50000 0.1346153846153846 0.00011896647983141463 104.86538461538461 0.1778846153846154 135.8653846153846 45.28846153846154 1.1923076923076923 44.09615384615385 2.683871699962765
52000 0.11538461538461539 5.622358808799972e-05 105.36538461538461 0.15705128205128205 135.8653846153846 45.28846153846154 1.1923076923076923 44.09615384615385 2.8897043999750167
54000 0.1346153846153846 6.947812652237382e-05 105.86538461538461 0.14583333333333331 135.8653846153846 45.28846153846154 1.3076923076923077 43.98076923076923 2.5041198999388143
56000 0.09615384615384616 4.879302837096216e-05 106.0576923076923 0.15064102564102563 135.8653846153846 45.28846153846154 1.2307692307692308 44.05769230769231 2.6209664000198245
58000 0.15384615384615385 0.0001091498040566029 105.63461538461539 0.15544871794871792 135.8653846153846 45.28846153846154 1.1923076923076923 44.09615384615385 2.653936499962583
60000 0.11538461538461539 5.8821094367580365e-05 105.6923076923077 0.16025641025641024 135.8653846153846 45.28846153846154 1.5769230769230769 43.71153846153846 2.8609865000471473
62000 0.15384615384615385 0.00012012256464018999 105.51923076923077 0.15544871794871792 135.8653846153846 45.28846153846154 1.3846153846153846 43.90384615384615 2.972749499953352
64000 0.11538461538461539 7.09352994202831e-05 105.90384615384616 0.16185897435897434 135.8653846153846 45.28846153846154 1.2692307692307692 44.01923076923077 2.7450757999904454
66000 0.1346153846153846 3.823543290180421e-05 106.07692307692308 0.14583333333333331 135.8653846153846 45.28846153846154 1.1923076923076923 44.09615384615385 2.8229414999950677
68000 0.15384615384615385 6.054772359262514e-05 106.28846153846153 0.1378205128205128 135.8653846153846 45.28846153846154 1.1923076923076923 44.09615384615385 2.644509800011292
70000 0.1346153846153846 4.8644659536375746e-05 106.75 0.1474358974358974 135.8653846153846 45.28846153846154 1.1923076923076923 44.09615384615385 2.5792678999714553
72000 0.17307692307692307 6.679306487078742e-05 106.86538461538461 0.1314102564102564 135.8653846153846 45.28846153846154 1.1923076923076923 44.09615384615385 2.8491229000501335
74000 0.11538461538461539 3.3806963889430025e-05 105.9423076923077 0.10897435897435896 135.8653846153846 45.28846153846154 1.1923076923076923 44.09615384615385 2.9762508999556303
76000 0.15384615384615385 4.463953908033429e-05 105.92307692307692 0.12339743589743589 135.8653846153846 45.28846153846154 1.2115384615384615 44.07692307692308 2.750063900020905
78000 0.25 9.059838917077833e-05 104.76923076923077 0.10256410256410256 135.8653846153846 45.28846153846154 1.1923076923076923 44.09615384615385 2.685867100022733
80000 0.36538461538461536 0.0001269395942057414 104.36538461538461 0.11698717948717946 135.8653846153846 45.28846153846154 1.2307692307692308 44.05769230769231 2.882844500010833
82000 0.2692307692307692 9.510651888006296e-05 106.13461538461539 0.1346153846153846 135.8653846153846 45.28846153846154 1.4615384615384615 43.82692307692308 2.8808121000183746
84000 0.3269230769230769 0.00022780767024264926 103.96153846153847 0.141025641025641 135.8653846153846 45.28846153846154 1.8076923076923077 43.48076923076923 3.0494907998945564
86000 0.4230769230769231 0.00020355790120193707 104.23076923076923 0.12179487179487178 135.8653846153846 45.28846153846154 2.230769230769231 43.05769230769231 3.0485368999652565
88000 0.4807692307692308 0.0002453320024789101 103.96153846153847 0.10897435897435896 135.8653846153846 45.28846153846154 2.423076923076923 42.86538461538461 2.8057783000404015
90000 0.5192307692307693 0.00022454299561329208 105.17307692307692 0.10416666666666666 135.8653846153846 45.28846153846154 2.4038461538461537 42.88461538461539 2.8150350999785587
92000 0.6153846153846154 0.00022316886124543975 103.59615384615384 0.10096153846153845 135.8653846153846 45.28846153846154 2.5576923076923075 42.73076923076923 2.5274714999832213
94000 0.34615384615384615 0.00011039128184014577 103.67307692307692 0.12019230769230768 135.8653846153846 45.28846153846154 3.269230769230769 42.01923076923077 2.9124989000847563
96000 0.23076923076923078 6.750454068513125e-05 104.9423076923077 0.13301282051282048 135.8653846153846 45.28846153846154 3.0 42.28846153846154 2.541302799945697
98000 0.40384615384615385 0.00018983385006990123 101.9423076923077 0.17147435897435898 135.8653846153846 45.28846153846154 3.1923076923076925 42.09615384615385 2.6258631999371573
100000 0.38461538461538464 0.00017977498813231366 103.23076923076923 0.13782051282051283 135.8653846153846 45.28846153846154 3.0961538461538463 42.19230769230769 2.977176500018686
102000 0.6923076923076923 0.00016882841070902526 101.53846153846153 0.1810897435897436 135.8653846153846 45.28846153846154 2.980769230769231 42.30769230769231 2.875677099917084
104000 0.4807692307692308 0.00021779207598397428 101.32692307692308 0.16987179487179485 135.8653846153846 45.28846153846154 3.019230769230769 42.26923076923077 3.1139264999656007
106000 0.5 0.00015930103703085723 102.21153846153847 0.20673076923076922 135.8653846153846 45.28846153846154 2.9038461538461537 42.38461538461539 3.148039299994707
108000 0.2692307692307692 0.00014852798521200868 102.78846153846153 0.17147435897435892 135.8653846153846 45.28846153846154 3.0384615384615383 42.25 2.9465875999303535
110000 0.4230769230769231 0.00020887404331215652 101.9423076923077 0.17307692307692304 135.8653846153846 45.28846153846154 3.173076923076923 42.11538461538461 2.7807937999023125
112000 0.6346153846153846 0.00021926834147630776 101.96153846153847 0.19230769230769232 135.8653846153846 45.28846153846154 3.326923076923077 41.96153846153846 2.705551299965009
114000 0.9038461538461539 0.00046716234494015524 101.6923076923077 0.17147435897435898 135.8653846153846 45.28846153846154 3.5576923076923075 41.73076923076923 2.8254051000112668
116000 1.0192307692307692 0.0005680047539583891 101.51923076923077 0.1971153846153846 135.8653846153846 45.28846153846154 3.7115384615384617 41.57692307692308 2.6999714999692515
118000 1.0769230769230769 0.0005946423377128986 100.90384615384616 0.2163461538461538 135.8653846153846 45.28846153846154 3.6923076923076925 41.59615384615385 2.9236318999901414
120000 0.8653846153846154 0.0004685370127937442 101.07692307692308 0.1907051282051282 135.8653846153846 45.28846153846154 3.423076923076923 41.86538461538461 3.0145502999657765
122000 0.7307692307692307 0.00032509266586778357 101.59615384615384 0.18108974358974358 135.8653846153846 45.28846153846154 3.326923076923077 41.96153846153846 2.9029144999803975
124000 0.5961538461538461 0.00021675651823124838 102.57692307692308 0.21634615384615385 135.8653846153846 45.28846153846154 2.8653846153846154 42.42307692307692 3.063188000000082
126000 0.5 0.000153948635202056 103.92307692307692 0.16987179487179485 135.8653846153846 45.28846153846154 2.6538461538461537 42.63461538461539 2.8803114000475034
128000 0.40384615384615385 0.00010414067683057477 103.76923076923077 0.1971153846153846 135.8653846153846 45.28846153846154 2.576923076923077 42.71153846153846 3.0351805000100285
130000 0.2692307692307692 0.00010572874110902993 103.07692307692308 0.25 135.8653846153846 45.28846153846154 2.3653846153846154 42.92307692307692 3.119298300007358
132000 0.5192307692307693 0.00017952281344314094 101.67307692307692 0.2564102564102564 135.8653846153846 45.28846153846154 1.9807692307692308 43.30769230769231 2.635605200077407
134000 0.5961538461538461 0.00021803906875121675 101.75 0.2516025641025641 135.8653846153846 45.28846153846154 2.75 42.53846153846154 3.010674100019969
136000 0.4423076923076923 0.00018193999283672277 103.65384615384616 0.2051282051282051 135.8653846153846 45.28846153846154 2.25 43.03846153846154 2.9750077000353485
138000 0.3076923076923077 0.00010458800081459678 105.28846153846153 0.18589743589743585 135.8653846153846 45.28846153846154 2.0 43.28846153846154 2.586328399949707
140000 0.3269230769230769 0.00011627805927315263 104.76923076923077 0.1939102564102564 135.8653846153846 45.28846153846154 1.5961538461538463 43.69230769230769 2.7180560999549925
142000 0.25 0.00015579210744960344 105.1923076923077 0.17948717948717946 135.8653846153846 45.28846153846154 1.4807692307692308 43.80769230769231 2.8939258999889717
144000 0.19230769230769232 0.00013731036027208433 105.88461538461539 0.17307692307692307 135.8653846153846 45.28846153846154 1.3076923076923077 43.98076923076923 2.5882650000276044
146000 0.25 7.484881992118258e-05 106.38461538461539 0.1778846153846154 135.8653846153846 45.28846153846154 1.4230769230769231 43.86538461538461 2.5852521000197157
148000 0.19230769230769232 0.00010432717145090128 105.78846153846153 0.15224358974358973 135.8653846153846 45.28846153846154 1.5192307692307692 43.76923076923077 2.772707400028594
150000 0.15384615384615385 9.49002661667114e-05 107.11538461538461 0.12499999999999999 135.8653846153846 45.28846153846154 1.5576923076923077 43.73076923076923 3.003278800053522
152000 0.19230769230769232 9.003677695463712e-05 106.82692307692308 0.1330128205128205 135.8653846153846 45.28846153846154 1.8461538461538463 43.44230769230769 2.7647481999592856
154000 0.17307692307692307 7.986357555253658e-05 106.5576923076923 0.1490384615384615 135.8653846153846 45.28846153846154 1.3461538461538463 43.94230769230769 2.7950579000171274
156000 0.21153846153846154 0.00011371680181832042 106.21153846153847 0.1298076923076923 135.8653846153846 45.28846153846154 1.3461538461538463 43.94230769230769 2.7966484000207856
158000 0.15384615384615385 8.612094572686025e-05 106.15384615384616 0.13942307692307693 135.8653846153846 45.28846153846154 1.2307692307692308 44.05769230769231 2.580733499955386
160000 0.11538461538461539 5.4815908743789646e-05 105.9423076923077 0.14583333333333331 135.8653846153846 45.28846153846154 1.3461538461538463 43.94230769230769 2.7615626000333577
162000 0.25 0.00010232905331791794 106.42307692307692 0.17628205128205127 135.8653846153846 45.28846153846154 1.4230769230769231 43.86538461538461 2.7715070999693125
164000 0.21153846153846154 9.503735781618809e-05 106.4423076923077 0.1538461538461538 135.8653846153846 45.28846153846154 1.3653846153846154 43.92307692307692 2.59894300007727
166000 0.15384615384615385 0.00010974393222059005 106.73076923076923 0.1266025641025641 135.8653846153846 45.28846153846154 1.5384615384615385 43.75 2.689811800024472
168000 0.15384615384615385 8.172791782842883e-05 107.75 0.09935897435897437 135.8653846153846 45.28846153846154 1.3269230769230769 43.96153846153846 3.008449799963273
170000 0.1346153846153846 5.2603443236493946e-05 107.61538461538461 0.1266025641025641 135.8653846153846 45.28846153846154 1.5769230769230769 43.71153846153846 2.5733434000285342
172000 0.1346153846153846 6.220444148472095e-05 107.4423076923077 0.15865384615384615 135.8653846153846 45.28846153846154 1.5384615384615385 43.75 2.66998899995815
174000 0.1346153846153846 6.0835909813995744e-05 106.78846153846153 0.1490384615384615 135.8653846153846 45.28846153846154 1.4038461538461537 43.88461538461539 3.0287310999119654
176000 0.1346153846153846 5.3935213012031006e-05 106.23076923076923 0.1362179487179487 135.8653846153846 45.28846153846154 1.2692307692307692 44.01923076923077 2.621771899983287
178000 0.15384615384615385 4.682333526133783e-05 107.11538461538461 0.14262820512820512 135.8653846153846 45.28846153846154 1.3846153846153846 43.90384615384615 2.8570744999451563
180000 0.15384615384615385 4.0938243804753784e-05 106.65384615384616 0.1282051282051282 135.8653846153846 45.28846153846154 1.5769230769230769 43.71153846153846 2.5677277999930084
182000 0.11538461538461539 4.715675383071752e-05 107.25 0.16346153846153846 135.8653846153846 45.28846153846154 1.6153846153846154 43.67307692307692 2.886413599946536
184000 0.1346153846153846 0.000126774214697957 106.71153846153847 0.1762820512820513 135.8653846153846 45.28846153846154 1.6538461538461537 43.63461538461539 2.6671241999138147
186000 0.17307692307692307 7.887782177949912e-05 106.59615384615384 0.14903846153846154 135.8653846153846 45.28846153846154 1.8846153846153846 43.40384615384615 2.966024500085041
188000 0.25 0.00014190544399955834 105.61538461538461 0.16185897435897434 135.8653846153846 45.28846153846154 1.7692307692307692 43.51923076923077 2.566346500068903
190000 0.3076923076923077 7.203713837520345e-05 104.86538461538461 0.16666666666666666 135.8653846153846 45.28846153846154 1.7692307692307692 43.51923076923077 2.748748700018041
192000 0.3269230769230769 8.027056228679345e-05 105.40384615384616 0.16666666666666666 135.8653846153846 45.28846153846154 1.8461538461538463 43.44230769230769 2.8532133999979123
194000 0.3076923076923077 0.00021044658850194364 106.0576923076923 0.15544871794871795 135.8653846153846 45.28846153846154 1.7692307692307692 43.51923076923077 2.8078311000717804
196000 0.2692307692307692 8.6334780975844e-05 107.17307692307692 0.1394230769230769 135.8653846153846 45.28846153846154 1.6538461538461537 43.63461538461539 2.8869749000295997
198000 0.21153846153846154 7.40689508880979e-05 106.17307692307692 0.15224358974358973 135.8653846153846 45.28846153846154 1.6538461538461537 43.63461538461539 2.7186233999673277
200000 0.23076923076923078 0.0001425663927702054 104.6923076923077 0.15224358974358976 135.8653846153846 45.28846153846154 1.4038461538461537 43.88461538461539 2.5950607999693602
202000 0.3076923076923077 0.0001545505504835319 101.15384615384616 0.1778846153846154 135.8653846153846 45.28846153846154 1.7692307692307692 43.51923076923077 2.9870864000404254
204000 0.4230769230769231 0.0001320111864458875 101.28846153846153 0.2019230769230769 135.8653846153846 45.28846153846154 1.9423076923076923 43.34615384615385 2.988796000019647
206000 0.4230769230769231 0.00015805052900397156 100.76923076923077 0.1987179487179487 135.8653846153846 45.28846153846154 1.7884615384615385 43.5 2.753032200038433
208000 0.3269230769230769 0.00011303767957754941 101.82692307692308 0.18589743589743588 135.8653846153846 45.28846153846154 1.4807692307692308 43.80769230769231 3.0905220999848098
210000 0.34615384615384615 0.00011445186257804054 103.1923076923077 0.1971153846153846 135.8653846153846 45.28846153846154 1.6730769230769231 43.61538461538461 2.928991299937479
212000 0.25 7.026500158163359e-05 103.57692307692308 0.16025641025641024 135.8653846153846 45.28846153846154 1.5192307692307692 43.76923076923077 2.5435175999300554
214000 0.23076923076923078 0.00010201944680275294 104.28846153846153 0.16826923076923078 135.8653846153846 45.28846153846154 1.5 43.78846153846154 2.855823799967766
216000 0.25 9.48754405322513e-05 106.51923076923077 0.17628205128205127 135.8653846153846 45.28846153846154 1.5769230769230769 43.71153846153846 2.5221000999445096
218000 0.3269230769230769 0.00014098755261745158 107.15384615384616 0.1490384615384615 135.8653846153846 45.28846153846154 1.7884615384615385 43.5 2.8890691000269726
220000 0.21153846153846154 0.00012668264710739792 106.63461538461539 0.1169871794871795 135.8653846153846 45.28846153846154 1.2692307692307692 44.01923076923077 2.674204299924895
222000 0.3076923076923077 9.967313669874554e-05 105.46153846153847 0.1907051282051282 135.8653846153846 45.28846153846154 1.3269230769230769 43.96153846153846 2.8233012000564486
224000 0.28846153846153844 9.451528572860091e-05 105.51923076923077 0.19391025641025642 135.8653846153846 45.28846153846154 1.3269230769230769 43.96153846153846 2.7460417000111192
226000 0.3269230769230769 0.00015958947038851142 103.15384615384616 0.23557692307692307 135.8653846153846 45.28846153846154 1.3461538461538463 43.94230769230769 3.0465846000006422
228000 0.4807692307692308 0.00021486642692989348 100.76923076923077 0.2740384615384615 135.8653846153846 45.28846153846154 1.3461538461538463 43.94230769230769 2.577514600008726
230000 0.38461538461538464 0.00013235728528116492 103.25 0.2163461538461538 135.8653846153846 45.28846153846154 1.5 43.78846153846154 2.9628321999916807
232000 0.38461538461538464 0.00010851404419369722 102.61538461538461 0.21153846153846154 135.8653846153846 45.28846153846154 1.3461538461538463 43.94230769230769 2.5967627000063658
234000 0.4807692307692308 0.00017525770275840258 102.5 0.22756410256410253 135.8653846153846 45.28846153846154 1.2307692307692308 44.05769230769231 3.0394163000164554
236000 0.4423076923076923 0.00010823352794988153 103.75 0.17628205128205127 135.8653846153846 45.28846153846154 1.3076923076923077 43.98076923076923 3.0104620000347495
238000 0.5769230769230769 7.70030680527934e-05 102.15384615384616 0.18910256410256412 135.8653846153846 45.28846153846154 1.2307692307692308 44.05769230769231 3.122570800012909
240000 0.6153846153846154 0.00011346867315311045 102.26923076923077 0.203525641025641 135.8653846153846 45.28846153846154 1.1923076923076923 44.09615384615385 2.8604976000497118
242000 0.34615384615384615 9.688504219300132e-05 101.26923076923077 0.1939102564102564 135.8653846153846 45.28846153846154 1.2307692307692308 44.05769230769231 2.755898699979298
244000 0.5192307692307693 0.00011131889276118724 99.63461538461539 0.18589743589743593 135.8653846153846 45.28846153846154 1.1923076923076923 44.09615384615385 2.8958150999387726
246000 0.5 0.00013223776644048833 98.96153846153847 0.23397435897435898 135.8653846153846 45.28846153846154 1.1923076923076923 44.09615384615385 3.020207899971865
248000 0.36538461538461536 0.00011731435017255 99.84615384615384 0.2115384615384615 135.8653846153846 45.28846153846154 1.1923076923076923 44.09615384615385 2.881414500065148
250000 0.28846153846153844 0.00011736090703112789 100.23076923076923 0.17788461538461536 135.8653846153846 45.28846153846154 1.1923076923076923 44.09615384615385 3.005111400038004
252000 0.40384615384615385 0.0001400815542844089 100.4423076923077 0.21794871794871792 135.8653846153846 45.28846153846154 1.1923076923076923 44.09615384615385 2.8127364999381825
254000 0.28846153846153844 0.00013393880290220919 101.84615384615384 0.17628205128205124 135.8653846153846 45.28846153846154 1.1923076923076923 44.09615384615385 2.8399076000787318
256000 0.28846153846153844 0.000129546811783546 102.0576923076923 0.17628205128205124 135.8653846153846 45.28846153846154 1.1923076923076923 44.09615384615385 3.0952833000337705
258000 0.19230769230769232 7.015015904867187e-05 101.6923076923077 0.1618589743589743 135.8653846153846 45.28846153846154 1.1923076923076923 44.09615384615385 2.8307580000255257
260000 0.23076923076923078 8.344297311152306e-05 101.42307692307692 0.16826923076923078 135.8653846153846 45.28846153846154 1.1923076923076923 44.09615384615385 2.670890099951066
262000 0.28846153846153844 0.00013636080304043542 100.51923076923077 0.16506410256410253 135.8653846153846 45.28846153846154 1.1923076923076923 44.09615384615385 2.7943488000892103
264000 0.28846153846153844 0.00011175706513316813 100.73076923076923 0.15865384615384615 135.8653846153846 45.28846153846154 1.2307692307692308 44.05769230769231 2.9502529999008402
266000 0.2692307692307692 7.20468585193981e-05 100.59615384615384 0.17307692307692307 135.8653846153846 45.28846153846154 1.1923076923076923 44.09615384615385 2.5104466000339016
268000 0.25 0.00012500616924841933 102.03846153846153 0.15544871794871792 135.8653846153846 45.28846153846154 1.1923076923076923 44.09615384615385 2.659230099990964
270000 0.25 0.00011814856947965623 101.46153846153847 0.16666666666666666 135.8653846153846 45.28846153846154 1.1923076923076923 44.09615384615385 2.8070498999441043
272000 0.2692307692307692 9.291572330091583e-05 101.09615384615384 0.1490384615384615 135.8653846153846 45.28846153846154 1.1923076923076923 44.09615384615385 2.6089183998992667
274000 0.3269230769230769 7.645803004057003e-05 100.1923076923077 0.17467948717948717 135.8653846153846 45.28846153846154 1.1923076923076923 44.09615384615385 2.6559462000150234
276000 0.2692307692307692 4.862536612019411e-05 101.6923076923077 0.15544871794871792 135.8653846153846 45.28846153846154 1.1923076923076923 44.09615384615385 2.7682879000203684
278000 0.40384615384615385 0.00017114282116883177 102.6923076923077 0.16346153846153846 135.8653846153846 45.28846153846154 1.1923076923076923 44.09615384615385 2.7661810000427067
280000 0.3076923076923077 0.00011130831952320615 100.88461538461539 0.18589743589743588 135.8653846153846 45.28846153846154 1.1923076923076923 44.09615384615385 2.7529990000184625
282000 0.2692307692307692 0.00010223140331868004 103.32692307692308 0.16025641025641024 135.8653846153846 45.28846153846154 1.1923076923076923 44.09615384615385 3.1969372999155894
284000 0.3076923076923077 0.00012189077623993706 100.8076923076923 0.20673076923076922 135.8653846153846 45.28846153846154 1.1923076923076923 44.09615384615385 3.000422399956733
286000 0.34615384615384615 0.0002260554893780027 101.07692307692308 0.17307692307692307 135.8653846153846 45.28846153846154 1.1923076923076923 44.09615384615385 2.8392003000481054
288000 0.36538461538461536 0.00014530956203209262 99.4423076923077 0.15544871794871792 135.8653846153846 45.28846153846154 1.1923076923076923 44.09615384615385 2.7044952999567613
290000 0.46153846153846156 0.00013469769763920015 100.3076923076923 0.20512820512820515 135.8653846153846 45.28846153846154 1.1923076923076923 44.09615384615385 3.0836323000257835
292000 0.3076923076923077 8.706700882647156e-05 99.82692307692308 0.19230769230769232 135.8653846153846 45.28846153846154 1.1923076923076923 44.09615384615385 2.8958848998881876
294000 0.34615384615384615 0.00014009299785245602 99.09615384615384 0.24358974358974358 135.8653846153846 45.28846153846154 1.1923076923076923 44.09615384615385 2.8565859000664204
296000 0.40384615384615385 0.0002022158078750312 100.38461538461539 0.1842948717948718 135.8653846153846 45.28846153846154 1.1923076923076923 44.09615384615385 2.997195600066334
298000 0.5384615384615384 0.0002801345344788694 99.42307692307692 0.18910256410256407 135.8653846153846 45.28846153846154 1.2115384615384615 44.07692307692308 2.725591600057669
300000 0.40384615384615385 0.00016321051554245929 100.84615384615384 0.15865384615384615 135.8653846153846 45.28846153846154 1.1923076923076923 44.09615384615385 2.944260200019926
302000 0.6346153846153846 0.0001981144321923075 98.25 0.16666666666666669 135.8653846153846 45.28846153846154 1.2115384615384615 44.07692307692308 2.5714428999926895
304000 1.0769230769230769 0.0002817467455931542 95.84615384615384 0.20512820512820515 135.8653846153846 45.28846153846154 1.2115384615384615 44.07692307692308 2.7679599000839517
306000 0.5384615384615384 0.00022682886003379715 99.63461538461539 0.16506410256410253 135.8653846153846 45.28846153846154 1.2115384615384615 44.07692307692308 3.05694110004697
308000 0.5961538461538461 0.000442325278607973 98.17307692307692 0.18269230769230768 135.8653846153846 45.28846153846154 1.2307692307692308 44.05769230769231 2.755169800017029
310000 0.8269230769230769 0.0001326276900544088 96.25 0.23878205128205127 135.8653846153846 45.28846153846154 1.2307692307692308 44.05769230769231 3.089737399946898
312000 0.9038461538461539 0.0002198471050522518 95.9423076923077 0.2275641025641026 135.8653846153846 45.28846153846154 1.2307692307692308 44.05769230769231 2.666476699989289
314000 1.0384615384615385 0.0002100588841939444 93.76923076923077 0.2275641025641026 135.8653846153846 45.28846153846154 1.2307692307692308 44.05769230769231 2.7547612000489607
316000 1.6346153846153846 0.0004137146884576095 90.92307692307692 0.29006410256410253 135.8653846153846 45.28846153846154 1.2307692307692308 44.05769230769231 2.9152751999208704
318000 1.5192307692307692 0.0003833752313642029 90.38461538461539 0.27403846153846156 135.8653846153846 45.28846153846154 1.2307692307692308 44.05769230769231 2.753636799985543
320000 2.230769230769231 0.00043675784212944546 86.82692307692308 0.2788461538461538 135.8653846153846 45.28846153846154 1.2692307692307692 44.01923076923077 2.8492818999802694
322000 2.269230769230769 0.0006297430223163529 84.46153846153847 0.32532051282051283 135.8653846153846 45.28846153846154 1.5384615384615385 43.75 2.7021732999710366
324000 2.673076923076923 0.0006427571250351045 82.90384615384616 0.3493589743589744 135.8653846153846 45.28846153846154 1.5 43.78846153846154 2.9698754000710323
326000 2.1923076923076925 0.0005979697652036062 86.73076923076923 0.3525641025641026 135.8653846153846 45.28846153846154 1.25 44.03846153846154 2.7356524999486282
328000 2.0384615384615383 0.0004375782772007658 88.13461538461539 0.342948717948718 135.8653846153846 45.28846153846154 1.2307692307692308 44.05769230769231 3.0410691000288352
330000 1.7884615384615385 0.0003830669398219183 89.0 0.3605769230769231 135.8653846153846 45.28846153846154 1.5576923076923077 43.73076923076923 2.850429499987513
332000 1.6153846153846154 0.00032284333868125986 89.13461538461539 0.3397435897435897 135.8653846153846 45.28846153846154 1.5192307692307692 43.76923076923077 2.6656666999915615
334000 1.5 0.00033976962612127735 89.59615384615384 0.3317307692307692 135.8653846153846 45.28846153846154 1.5192307692307692 43.76923076923077 2.578244399977848
336000 1.6538461538461537 0.0002996376665742022 88.90384615384616 0.2868589743589744 135.8653846153846 45.28846153846154 1.4807692307692308 43.80769230769231 2.6626554999966174
338000 1.5576923076923077 0.00021392527157122035 91.8076923076923 0.264423076923077 135.8653846153846 45.28846153846154 1.3269230769230769 43.96153846153846 2.679938100045547
340000 1.9423076923076923 0.00023535769161043383 89.07692307692308 0.27083333333333337 135.8653846153846 45.28846153846154 1.2307692307692308 44.05769230769231 2.862321799970232
342000 1.5192307692307692 0.0003633935920005838 91.9423076923077 0.2932692307692308 135.8653846153846 45.28846153846154 1.2307692307692308 44.05769230769231 2.8065238998970017
344000 1.2307692307692308 0.00011671633966535792 93.8076923076923 0.266025641025641 135.8653846153846 45.28846153846154 1.2692307692307692 44.01923076923077 2.888315699994564
346000 1.0576923076923077 0.00025645375321647597 95.5 0.23717948717948717 135.8653846153846 45.28846153846154 1.2115384615384615 44.07692307692308 2.857994799967855
348000 0.9230769230769231 0.00025207725827506775 97.3076923076923 0.2307692307692308 135.8653846153846 45.28846153846154 1.2307692307692308 44.05769230769231 2.903606600011699
350000 1.3846153846153846 0.00022499303422363743 93.38461538461539 0.24198717948717954 135.8653846153846 45.28846153846154 1.2115384615384615 44.07692307692308 2.812369800056331
352000 1.4230769230769231 0.0002908319572411979 92.5576923076923 0.23717948717948717 135.8653846153846 45.28846153846154 1.2115384615384615 44.07692307692308 3.0816208000760525
354000 1.4230769230769231 0.0002938249713764557 91.92307692307692 0.25961538461538464 135.8653846153846 45.28846153846154 1.2115384615384615 44.07692307692308 2.8085471000522375
356000 1.3269230769230769 0.0002881285277108347 93.21153846153847 0.22756410256410253 135.8653846153846 45.28846153846154 1.2115384615384615 44.07692307692308 2.8920773999998346
358000 1.7692307692307692 0.00046570159100072026 90.21153846153847 0.27724358974358976 135.8653846153846 45.28846153846154 1.2115384615384615 44.07692307692308 2.843499999959022
360000 1.8269230769230769 0.0004895085031328635 89.88461538461539 0.2900641025641026 135.8653846153846 45.28846153846154 1.2115384615384615 44.07692307692308 2.8207459999248385
362000 1.8846153846153846 0.00039447523752500626 92.01923076923077 0.24839743589743588 135.8653846153846 45.28846153846154 1.2115384615384615 44.07692307692308 2.8411675000097603
364000 1.6730769230769231 0.0003644486235152341 92.28846153846153 0.25641025641025644 135.8653846153846 45.28846153846154 1.1923076923076923 44.09615384615385 2.976189599954523
366000 1.6346153846153846 0.00041165727959031895 94.51923076923077 0.2419871794871795 135.8653846153846 45.28846153846154 1.1923076923076923 44.09615384615385 2.8565264999633655
368000 1.6346153846153846 0.00048578581467313014 93.0 0.25320512820512825 135.8653846153846 45.28846153846154 1.1923076923076923 44.09615384615385 2.9236318999901414
370000 1.5192307692307692 0.0005318469665910797 92.65384615384616 0.27884615384615385 135.8653846153846 45.28846153846154 1.1923076923076923 44.09615384615385 2.741555899963714
372000 1.9038461538461537 0.0005183845235341877 89.32692307692308 0.2948717948717949 135.8653846153846 45.28846153846154 1.1923076923076923 44.09615384615385 2.571811700006947
374000 1.9423076923076923 0.0004845384704503653 90.0 0.27884615384615385 135.8653846153846 45.28846153846154 1.1923076923076923 44.09615384615385 2.6485891999909654
376000 1.6538461538461537 0.00039448580786784416 91.76923076923077 0.28205128205128205 135.8653846153846 45.28846153846154 1.1923076923076923 44.09615384615385 2.959975600009784
378000 1.5384615384615385 0.0003734369574515245 93.5 0.21153846153846154 135.8653846153846 45.28846153846154 1.1923076923076923 44.09615384615385 2.6429408999392763
380000 1.4423076923076923 0.0002807465201740447 93.53846153846153 0.21314102564102566 135.8653846153846 45.28846153846154 1.1923076923076923 44.09615384615385 2.908088499912992
382000 1.3461538461538463 0.00024293972694245915 93.0 0.2243589743589744 135.8653846153846 45.28846153846154 1.1923076923076923 44.09615384615385 3.229319000034593
384000 1.4423076923076923 0.00021504463812993202 91.4423076923077 0.266025641025641 135.8653846153846 45.28846153846154 1.1923076923076923 44.09615384615385 2.6320565999485552
386000 1.5192307692307692 0.00030989369170952527 90.6923076923077 0.2467948717948718 135.8653846153846 45.28846153846154 1.1923076923076923 44.09615384615385 2.7763407999882475
388000 1.5384615384615385 0.00038696789820715877 90.96153846153847 0.2467948717948718 135.8653846153846 45.28846153846154 1.1923076923076923 44.09615384615385 2.916370899998583
390000 1.5192307692307692 0.0004526442432897722 91.36538461538461 0.25320512820512825 135.8653846153846 45.28846153846154 1.1923076923076923 44.09615384615385 2.8237441000528634
392000 1.4807692307692308 0.0004225303826319443 92.78846153846153 0.21153846153846154 135.8653846153846 45.28846153846154 1.2307692307692308 44.05769230769231 2.654896800057031
394000 1.8076923076923077 0.0006279782429607604 89.07692307692308 0.23557692307692307 135.8653846153846 45.28846153846154 1.1923076923076923 44.09615384615385 2.8777207999955863
396000 1.7307692307692308 0.0006525361388353187 89.73076923076923 0.27564102564102566 135.8653846153846 45.28846153846154 1.1923076923076923 44.09615384615385 3.3621430000057444
398000 2.1923076923076925 0.0006576592636358268 88.26923076923077 0.27564102564102566 135.8653846153846 45.28846153846154 1.1923076923076923 44.09615384615385 2.6552047000732273
400000 2.2884615384615383 0.0006341375920124557 84.92307692307692 0.2868589743589744 135.8653846153846 45.28846153846154 1.1923076923076923 44.09615384615385 2.8623062999686226
402000 2.423076923076923 0.000838562803707721 83.36538461538461 0.30608974358974356 135.8653846153846 45.28846153846154 1.1923076923076923 44.09615384615385 2.6093289999989793
404000 2.25 0.0007521833436147439 85.71153846153847 0.28685897435897434 135.8653846153846 45.28846153846154 1.1923076923076923 44.09615384615385 2.8505732000339776
406000 2.4038461538461537 0.000674530508922735 84.42307692307692 0.28846153846153855 135.8653846153846 45.28846153846154 1.1923076923076923 44.09615384615385 2.7827736999606714
408000 2.5 0.000725603307416098 84.9423076923077 0.2788461538461539 135.8653846153846 45.28846153846154 1.1923076923076923 44.09615384615385 2.725505599984899
410000 2.1538461538461537 0.0007023726427712671 85.32692307692308 0.280448717948718 135.8653846153846 45.28846153846154 1.1923076923076923 44.09615384615385 3.092814699979499
412000 1.9615384615384615 0.0005513760772004416 86.82692307692308 0.2660256410256411 135.8653846153846 45.28846153846154 1.1923076923076923 44.09615384615385 2.806641999981366
414000 1.5961538461538463 0.0003989595884770638 90.96153846153847 0.2323717948717949 135.8653846153846 45.28846153846154 1.1923076923076923 44.09615384615385 2.8145694999257103
416000 1.8653846153846154 0.0004872339779385659 88.82692307692308 0.24519230769230768 135.8653846153846 45.28846153846154 1.1923076923076923 44.09615384615385 3.054357699933462
418000 1.6153846153846154 0.0004267196873269334 90.17307692307692 0.23717948717948723 135.8653846153846 45.28846153846154 1.1923076923076923 44.09615384615385 3.7143147999886423
420000 1.7884615384615385 0.0004290534145428481 88.53846153846153 0.27564102564102566 135.8653846153846 45.28846153846154 1.1923076923076923 44.09615384615385 2.992066300008446
422000 1.9807692307692308 0.0006370401366668547 87.15384615384616 0.28846153846153844 135.8653846153846 45.28846153846154 1.1923076923076923 44.09615384615385 2.67540830001235
424000 1.6153846153846154 0.0003769421255555578 90.11538461538461 0.2387820512820513 135.8653846153846 45.28846153846154 1.1923076923076923 44.09615384615385 3.163029700051993
426000 1.5 0.0002811223782683179 90.40384615384616 0.2612179487179488 135.8653846153846 45.28846153846154 1.1923076923076923 44.09615384615385 3.2656539999879897
428000 1.3076923076923077 0.0003336425943178401 92.07692307692308 0.22115384615384615 135.8653846153846 45.28846153846154 1.1923076923076923 44.09615384615385 3.195301300031133
430000 1.5 0.00026195020076815703 92.01923076923077 0.21955128205128205 135.8653846153846 45.28846153846154 1.1923076923076923 44.09615384615385 2.821860000025481
432000 1.4230769230769231 0.00017080761611269196 92.03846153846153 0.2323717948717949 135.8653846153846 45.28846153846154 1.1923076923076923 44.09615384615385 2.944342099945061
434000 1.9807692307692308 0.00035822130462252364 89.07692307692308 0.2836538461538462 135.8653846153846 45.28846153846154 1.1923076923076923 44.09615384615385 3.0272989000659436
436000 1.8076923076923077 0.0002709363393718503 89.57692307692308 0.2676282051282052 135.8653846153846 45.28846153846154 1.1923076923076923 44.09615384615385 3.046671900083311
438000 1.6923076923076923 0.0002757242399535486 90.98076923076923 0.2516025641025641 135.8653846153846 45.28846153846154 1.1923076923076923 44.09615384615385 2.82327090005856
440000 2.4615384615384617 0.0004668118602897063 87.9423076923077 0.27403846153846156 135.8653846153846 45.28846153846154 1.1923076923076923 44.09615384615385 2.8740750000579283
442000 2.1538461538461537 0.000358648179676035 88.46153846153847 0.27403846153846156 135.8653846153846 45.28846153846154 1.1923076923076923 44.09615384615385 3.213355000014417
444000 2.3846153846153846 0.0005211267465956973 88.32692307692308 0.2948717948717949 135.8653846153846 45.28846153846154 1.1923076923076923 44.09615384615385 3.0718156000366434
446000 2.230769230769231 0.0004923565652557848 88.57692307692308 0.2932692307692308 135.8653846153846 45.28846153846154 1.1923076923076923 44.09615384615385 2.9566648999461904
448000 1.9807692307692308 0.00043818469234670063 87.92307692307692 0.2644230769230769 135.8653846153846 45.28846153846154 1.1923076923076923 44.09615384615385 3.0181079999310896
450000 2.0 0.0003961353518647134 87.6923076923077 0.266025641025641 135.8653846153846 45.28846153846154 1.1923076923076923 44.09615384615385 2.824911899981089
452000 2.0384615384615383 0.00035022405658871716 86.71153846153847 0.27884615384615385 135.8653846153846 45.28846153846154 1.1923076923076923 44.09615384615385 3.100598099990748
454000 2.4038461538461537 0.00045593423358662657 86.0576923076923 0.27403846153846156 135.8653846153846 45.28846153846154 1.1923076923076923 44.09615384615385 2.467542300000787
456000 2.1153846153846154 0.0003371021562684944 86.92307692307692 0.27403846153846156 135.8653846153846 45.28846153846154 1.1923076923076923 44.09615384615385 2.2506154999136925
458000 2.730769230769231 0.0004706664889242291 85.63461538461539 0.27564102564102566 135.8653846153846 45.28846153846154 1.1923076923076923 44.09615384615385 2.138624700019136
460000 2.8653846153846154 0.00042906690232830867 84.28846153846153 0.2884615384615385 135.8653846153846 45.28846153846154 1.1923076923076923 44.09615384615385 2.3476823000237346
462000 2.8653846153846154 0.0005431279888120851 84.5 0.2948717948717949 135.8653846153846 45.28846153846154 1.1923076923076923 44.09615384615385 2.2814918000949547
464000 2.826923076923077 0.00040902935801539916 83.75 0.2948717948717949 135.8653846153846 45.28846153846154 1.1923076923076923 44.09615384615385 2.2437910999869928
466000 2.9038461538461537 0.0004703761345340639 83.21153846153847 0.31891025641025644 135.8653846153846 45.28846153846154 1.1923076923076923 44.09615384615385 2.2579584000632167
468000 2.9038461538461537 0.0004974088005873823 83.59615384615384 0.31891025641025644 135.8653846153846 45.28846153846154 1.1923076923076923 44.09615384615385 2.317873799940571
470000 3.0576923076923075 0.0005273873240067025 82.63461538461539 0.33012820512820507 135.8653846153846 45.28846153846154 1.1923076923076923 44.09615384615385 2.488962100003846
472000 3.1538461538461537 0.0005584429317038034 81.36538461538461 0.34935897435897434 135.8653846153846 45.28846153846154 1.1923076923076923 44.09615384615385 2.190178700024262
474000 3.7884615384615383 0.000697566364616228 79.01923076923077 0.36538461538461536 135.8653846153846 45.28846153846154 1.1923076923076923 44.09615384615385 1.9577755000209436
476000 4.0 0.0007535612749683344 77.90384615384616 0.3814102564102564 135.8653846153846 45.28846153846154 1.1923076923076923 44.09615384615385 1.8782856999896467
478000 4.115384615384615 0.0005216361426154003 76.61538461538461 0.3830128205128205 135.8653846153846 45.28846153846154 1.1923076923076923 44.09615384615385 1.5723514000419527
480000 4.134615384615385 0.0004892293149853278 76.90384615384616 0.37820512820512814 135.8653846153846 45.28846153846154 1.1923076923076923 44.09615384615385 1.6612163999816403
482000 4.230769230769231 0.0004983379122115889 76.17307692307692 0.3878205128205128 135.8653846153846 45.28846153846154 1.1923076923076923 44.09615384615385 1.6158028999343514
484000 4.269230769230769 0.0005112990496321143 76.40384615384616 0.37820512820512814 135.8653846153846 45.28846153846154 1.1923076923076923 44.09615384615385 1.4645904999924824
486000 4.423076923076923 0.0005793770688289966 75.21153846153847 0.4022435897435897 135.8653846153846 45.28846153846154 1.1923076923076923 44.09615384615385 1.4125687000341713
488000 4.615384615384615 0.0004822591387303754 73.90384615384616 0.41506410256410253 135.8653846153846 45.28846153846154 1.1923076923076923 44.09615384615385 1.5201683000195771
490000 4.519230769230769 0.0005840656305404293 74.63461538461539 0.40865384615384615 135.8653846153846 45.28846153846154 1.1923076923076923 44.09615384615385 1.453957499936223
492000 4.4423076923076925 0.0005526500981954737 73.38461538461539 0.421474358974359 135.8653846153846 45.28846153846154 1.1923076923076923 44.09615384615385 1.4102439999114722
494000 4.6923076923076925 0.0005389492040412222 73.17307692307692 0.42788461538461536 135.8653846153846 45.28846153846154 1.1923076923076923 44.09615384615385 1.4349021000089124
496000 4.576923076923077 0.00048301457249842235 73.26923076923077 0.42788461538461536 135.8653846153846 45.28846153846154 1.1923076923076923 44.09615384615385 1.4815025000134483
498000 4.6923076923076925 0.000506593314574355 73.09615384615384 0.42788461538461536 135.8653846153846 45.28846153846154 1.1923076923076923 44.09615384615385 1.2861678000772372
500000 4.903846153846154 0.0005703816244895983 72.67307692307692 0.4599358974358974 135.8653846153846 45.28846153846154 1.1923076923076923 44.09615384615385 1.1926924999570474
