2000 1.3653846153846154 -0.8845888903157559 38.80835734615386 0.07371794871794872 45.286538461538456 45.30769230769231 0.0 45.30769230769231 1.644686899962835
4000 1.6923076923076923 -0.5576138232317276 38.14106338461538 0.09935897435897437 45.286538461538456 45.30769230769231 0.0 45.30769230769231 1.5662168000126258
6000 3.5576923076923075 -0.5957295633742246 37.27768426923076 0.12980769230769232 45.286538461538456 45.30769230769231 0.0 45.30769230769231 1.8280693999258801
8000 2.7884615384615383 -0.49978241983437327 37.49543838461538 0.15384615384615385 45.286538461538456 45.30769230769231 0.0 45.30769230769231 2.067865499993786
10000 2.7115384615384617 -0.5379985415517143 37.11779415384615 0.12660256410256412 45.286538461538456 45.30769230769231 0.0 45.30769230769231 2.4208219000138342
12000 1.7692307692307692 -0.7114306062313029 38.11990953846154 0.11057692307692306 45.286538461538456 45.30769230769231 0.0 45.30769230769231 2.2304849999491125
14000 2.0 -0.6920777805173501 37.79202492307692 0.11538461538461536 45.286538461538456 45.30769230769231 0.0 45.30769230769231 2.0376447000307962
16000 2.0384615384615383 -0.5384128960646094 36.80221723076923 0.1330128205128205 45.286538461538456 45.30769230769231 0.0 45.30769230769231 2.490586500032805
18000 3.1923076923076925 -0.5571292552309417 36.63058261538462 0.1506410256410256 45.286538461538456 45.30769230769231 0.0 45.30769230769231 2.618486599996686
20000 5.711538461538462 -0.036587468192699577 36.11725157692308 0.17467948717948717 45.286538461538456 45.30769230769231 0.0 45.30769230769231 2.7278004999971017
22000 5.538461538461538 -0.05584614411061862 36.71135184615384 0.1394230769230769 45.286538461538456 45.30769230769231 0.0 45.30769230769231 2.6121452000224963
24000 4.173076923076923 -0.01843268061758084 36.919270807692314 0.13141025641025642 45.286538461538456 45.30769230769231 0.0 45.30769230769231 2.538308900082484
26000 4.980769230769231 -0.017991260882449248 37.18667465384617 0.12339743589743589 45.286538461538456 45.30769230769231 0.0 45.30769230769231 2.8674051000270993
28000 3.8846153846153846 -0.5955247737745822 38.450635692307685 0.07051282051282051 45.286538461538456 45.30769230769231 0.0 45.30769230769231 2.6619609999470413
30000 3.2115384615384617 -0.23012312977264268 37.75839667307693 0.07532051282051283 45.286538461538456 45.30769230769231 0.0 45.30769230769231 2.7387701999396086
32000 3.673076923076923 -0.21090448598212447 38.039440634615396 0.08173076923076923 45.286538461538456 45.30769230769231 0.0 45.30769230769231 3.0021146000362933
34000 3.769230769230769 -0.4032395204001935 37.717290903846155 0.09775641025641023 45.286538461538456 45.30769230769231 0.0 45.30769230769231 2.492107199970633
36000 2.769230769230769 -0.3074051993486517 37.81248321153846 0.10897435897435896 45.286538461538456 45.30769230769231 0.0 45.30769230769231 2.318769099889323
38000 3.1153846153846154 -0.2301897303386641 37.65718101923078 0.11217948717948717 45.286538461538456 45.30769230769231 0.0 45.30769230769231 2.6324832000536844
40000 4.326923076923077 -0.13390893282066083 37.15238705769231 0.10737179487179487 45.286538461538456 45.30769230769231 0.0 45.30769230769231 2.4346106000011787
42000 3.75 -0.23017788784617452 37.531713980769226 0.10576923076923077 45.286538461538456 45.30769230769231 0.0 45.30769230769231 2.408338199951686
44000 3.75 -0.018403839232123045 36.90260184615384 0.15384615384615383 45.286538461538456 45.30769230769231 0.0 45.30769230769231 3.1849562000716105
46000 3.3076923076923075 -0.057102226442806533 36.92143426923077 0.1330128205128205 45.286538461538456 45.30769230769231 0.0 45.30769230769231 2.8263394999084994
48000 3.4038461538461537 -0.056970571382764144 36.850857346153845 0.15064102564102563 45.286538461538456 45.30769230769231 0.0 45.30769230769231 2.788738999981433
50000 3.576923076923077 -0.057147216579664775 36.62840542307693 0.16987179487179488 45.286538461538456 45.30769230769231 0.0 45.30769230769231 2.5789042999967933
52000 2.9423076923076925 -0.6344587959261492 37.41061696153846 0.15064102564102563 45.286538461538456 45.30769230769231 0.0 45.30769230769231 2.497038200031966
54000 4.538461538461538 0.0012227535168128111 36.55552080769232 0.15224358974358976 45.286538461538456 45.30769230769231 0.0 45.30769230769231 2.6765313000651076
56000 6.096153846153846 0.000687389968295398 36.13080926923077 0.1987179487179487 45.286538461538456 45.30769230769231 0.0 45.30769230769231 2.7541247999761254
58000 3.423076923076923 -0.01885569920984669 36.71927080769232 0.1394230769230769 45.286538461538456 45.30769230769231 0.0 45.30769230769231 2.6187541000545025
60000 7.0576923076923075 0.0017020713256576693 36.30523234615385 0.1618589743589744 45.286538461538456 45.30769230769231 0.0 45.30769230769231 2.901094499975443
62000 6.903846153846154 0.0009069560614473639 36.15907850000001 0.16346153846153846 45.286538461538456 45.30769230769231 0.0 45.30769230769231 3.061178299947642
64000 4.269230769230769 0.0012598261249999138 36.488501576923085 0.1362179487179487 45.286538461538456 45.30769230769231 0.0 45.30769230769231 2.8775028999662027
66000 3.769230769230769 0.0006695977941085395 36.79330926923078 0.16025641025641024 45.286538461538456 45.30769230769231 0.0 45.30769230769231 2.8614736000308767
68000 7.173076923076923 -0.28701002295620215 35.2559891923077 0.22916666666666666 45.286538461538456 45.30769230769231 0.0 45.30769230769231 2.4777923999354243
70000 4.0 0.0012121250859326062 36.84060323076923 0.1346153846153846 45.286538461538456 45.30769230769231 0.0 45.30769230769231 3.0565589000470936
72000 6.788461538461538 -0.24904233677712379 36.657824865384626 0.16826923076923078 45.286538461538456 45.30769230769231 0.0 45.30769230769231 2.7370338999899104
74000 2.6346153846153846 -0.11507187137927002 37.56609773076924 0.09134615384615384 45.286538461538456 45.30769230769231 0.0 45.30769230769231 2.675500899902545
76000 1.7307692307692308 -0.7883791527935086 38.312732346153844 0.07211538461538461 45.286538461538456 45.30769230769231 0.0 45.30769230769231 2.300558599992655
78000 1.2115384615384615 -0.8461303701526938 38.65302080769231 0.07211538461538461 45.286538461538456 45.30769230769231 0.0 45.30769230769231 2.165041400003247
80000 1.5384615384615385 -0.8846116425879594 38.48042465384616 0.07532051282051282 45.286538461538456 45.30769230769231 0.0 45.30769230769231 2.669696500059217
82000 1.1730769230769231 -0.8846121425166051 38.71744388461538 0.08012820512820512 45.286538461538456 45.30769230769231 0.0 45.30769230769231 2.228482299949974
84000 1.1730769230769231 -0.8846120923509967 38.624174653846154 0.08493589743589743 45.286538461538456 45.30769230769231 0.0 45.30769230769231 1.9722578000510111
86000 1.1730769230769231 -0.9615381741617504 38.843405423076916 0.09455128205128206 45.286538461538456 45.30769230769231 0.0 45.30769230769231 1.9978782000252977
88000 4.730769230769231 -0.46085933960809533 36.23598919230769 0.2003205128205128 45.286538461538456 45.30769230769231 0.0 45.30769230769231 2.5203410000540316
90000 2.5576923076923075 -0.691968614762454 37.942924653846156 0.08814102564102565 45.286538461538456 45.30769230769231 0.0 45.30769230769231 2.4325787000125274
92000 3.0384615384615383 -0.7691384685494724 37.70795003846155 0.12820512820512822 45.286538461538456 45.30769230769231 0.0 45.30769230769231 2.499237999902107
94000 7.480769230769231 -0.5753992042623742 36.36447476923079 0.18429487179487178 45.286538461538456 45.30769230769231 0.0 45.30769230769231 2.707443500054069
96000 3.8653846153846154 -0.8265429044133032 37.52495553846155 0.10416666666666667 45.286538461538456 45.30769230769231 0.0 45.30769230769231 2.5922545000212267
98000 6.0 -0.7495287189694182 36.19475157692307 0.13141025641025642 45.286538461538456 45.30769230769231 0.0 45.30769230769231 2.7603970000054687
100000 22.28846153846154 0.0055513392072418155 33.566770807692315 0.3253205128205128 45.286538461538456 45.30769230769231 0.0 45.30769230769231 2.8774249999551103
102000 12.384615384615385 -0.4595279904409769 35.35629003846153 0.24198717948717946 45.286538461538456 45.30769230769231 0.0 45.30769230769231 2.697108699940145
104000 21.057692307692307 -0.20693973970310595 34.32061696153846 0.27243589743589747 45.286538461538456 45.30769230769231 0.0 45.30769230769231 3.150632599950768
106000 16.615384615384617 -0.15035347031014074 34.14330926923076 0.2676282051282052 45.286538461538456 45.30769230769231 0.0 45.30769230769231 2.8426959000062197
108000 14.51923076923077 -0.20844709389560678 34.51773234615385 0.27724358974358976 45.286538461538456 45.30769230769231 0.0 45.30769230769231 2.613832400063984
110000 3.8653846153846154 -0.8650053856342866 37.196097730769225 0.1169871794871795 45.286538461538456 45.30769230769231 0.0 45.30769230769231 2.110294400015846
112000 3.7115384615384617 -0.8075535779147691 37.06340542307692 0.11698717948717946 45.286538461538456 45.30769230769231 0.0 45.30769230769231 2.2066035999450833
114000 21.384615384615383 0.004088818370007925 33.4763861923077 0.32211538461538464 45.286538461538456 45.30769230769231 0.0 45.30769230769231 2.835086700040847
116000 22.75 0.00716894469244074 33.068693884615385 0.31410256410256415 45.286538461538456 45.30769230769231 0.0 45.30769230769231 2.9412167000118643
118000 19.192307692307693 0.0040793815912385225 33.40811696153847 0.34294871794871795 45.286538461538456 45.30769230769231 0.0 45.30769230769231 3.2954476000741124
120000 22.192307692307693 0.004038256803699174 33.354449384615386 0.34775641025641024 45.286538461538456 45.30769230769231 0.0 45.30769230769231 3.0319506000960246
122000 22.653846153846153 0.008080044197587647 33.61521861538462 0.342948717948718 45.286538461538456 45.30769230769231 0.0 45.30769230769231 2.8112577999709174
124000 19.21153846153846 0.0052370695895995484 33.75042465384616 0.28044871794871795 45.286538461538456 45.30769230769231 0.0 45.30769230769231 3.0322681000689045
126000 17.46153846153846 0.00463387299131315 33.903886192307695 0.32211538461538464 45.286538461538456 45.30769230769231 0.0 45.30769230769231 2.935115300002508
128000 26.76923076923077 0.0062518942297029095 33.310040038461544 0.36217948717948717 45.286538461538456 45.30769230769231 0.0 45.30769230769231 3.000555200036615
130000 15.788461538461538 0.003391061480023491 33.64330926923078 0.32532051282051283 45.286538461538456 45.30769230769231 0.0 45.30769230769231 2.8372385000111535
132000 14.01923076923077 0.002785371272231551 35.1590785 0.2516025641025641 45.286538461538456 45.30769230769231 0.0 45.30769230769231 3.0728452999610454
134000 8.788461538461538 -0.01780459116524091 35.92369388461539 0.2051282051282051 45.286538461538456 45.30769230769231 0.0 45.30769230769231 2.9392825999530032
136000 11.634615384615385 0.0018817648716774476 35.41504003846155 0.24519230769230768 45.286538461538456 45.30769230769231 0.0 45.30769230769231 2.8370515999849886
138000 8.25 0.0013093712131741061 35.59388619230769 0.22756410256410253 45.286538461538456 45.30769230769231 0.0 45.30769230769231 3.071002300013788
140000 10.673076923076923 0.002789330558336978 35.08802080769231 0.25961538461538464 45.286538461538456 45.30769230769231 0.0 45.30769230769231 2.840902099967934
142000 9.115384615384615 0.0013697216030648654 36.059312019230774 0.2131410256410256 45.286538461538456 45.30769230769231 0.0 45.30769230769231 3.118630800046958
144000 9.25 0.0011220264756576475 35.73513619230769 0.203525641025641 45.286538461538456 45.30769230769231 0.0 45.30769230769231 2.7283590000588447
146000 9.038461538461538 0.001003454195113421 35.86119388461539 0.20993589743589747 45.286538461538456 45.30769230769231 0.0 45.30769230769231 2.6969102999428287
148000 11.115384615384615 0.0011695409661881433 35.34484773076924 0.27403846153846156 45.286538461538456 45.30769230769231 0.0 45.30769230769231 2.97882059996482
150000 14.788461538461538 0.0025138642216533205 34.57215542307693 0.27884615384615385 45.286538461538456 45.30769230769231 0.0 45.30769230769231 3.0926128999562934
152000 15.057692307692308 0.0029827713901776033 34.74955926923077 0.2980769230769231 45.286538461538456 45.30769230769231 0.0 45.30769230769231 2.988527199951932
154000 13.846153846153847 0.001951381574842658 35.12109773076923 0.2692307692307692 45.286538461538456 45.30769230769231 0.0 45.30769230769231 3.1540186000056565
156000 13.365384615384615 0.0018380753325004172 35.231290038461545 0.24839743589743593 45.286538461538456 45.30769230769231 0.0 45.30769230769231 3.379446299979463
158000 17.346153846153847 0.0038478155832814007 34.94513619230769 0.2644230769230769 45.286538461538456 45.30769230769231 0.0 45.30769230769231 3.0008587000193074
160000 19.23076923076923 0.00543090085292194 34.34802080769231 0.31570512820512825 45.286538461538456 45.30769230769231 0.0 45.30769230769231 2.975175100029446
162000 24.01923076923077 0.0065811731434243965 34.16292465384616 0.31891025641025644 45.286538461538456 45.30769230769231 0.0 45.30769230769231 3.0232035999652
164000 17.25 0.003596478567587486 34.85244388461538 0.27243589743589747 45.286538461538456 45.30769230769231 0.0 45.30769230769231 3.0447723999386653
166000 23.153846153846153 0.005852503331417612 34.23600157692308 0.2948717948717949 45.286538461538456 45.30769230769231 0.0 45.30769230769231 2.9470805000746623
168000 17.98076923076923 0.0038385148460981415 34.083213115384616 0.3012820512820513 45.286538461538456 45.30769230769231 0.0 45.30769230769231 3.0592541999649256
170000 18.71153846153846 0.006119251064798418 34.816866961538466 0.2596153846153846 45.286538461538456 45.30769230769231 0.0 45.30769230769231 2.7442852000240237
172000 17.846153846153847 -0.013937476917017159 34.933533634615394 0.2596153846153846 45.286538461538456 45.30769230769231 0.0 45.30769230769231 2.773636700003408
174000 18.115384615384617 0.00584488569009889 34.807251576923086 0.2548076923076923 45.286538461538456 45.30769230769231 0.0 45.30769230769231 2.8835756999906152
176000 20.346153846153847 0.005599016708866445 34.652924653846156 0.28846153846153844 45.286538461538456 45.30769230769231 0.0 45.30769230769231 3.00984499999322
178000 14.615384615384615 0.003068153794575791 35.753501576923085 0.23397435897435892 45.286538461538456 45.30769230769231 0.0 45.30769230769231 3.1113150999881327
180000 12.673076923076923 0.0025169027009317303 35.60927080769232 0.23237179487179485 45.286538461538456 45.30769230769231 0.0 45.30769230769231 2.7781271000858396
182000 12.51923076923077 0.0027706485828112174 35.26167465384616 0.24519230769230765 45.286538461538456 45.30769230769231 0.0 45.30769230769231 3.056527099921368
184000 14.788461538461538 0.00340310320794944 34.69821311538462 0.266025641025641 45.286538461538456 45.30769230769231 0.0 45.30769230769231 3.0234727999195457
186000 14.038461538461538 0.0028186742653832013 35.082347730769236 0.2403846153846154 45.286538461538456 45.30769230769231 0.0 45.30769230769231 3.115448800032027
188000 12.307692307692308 0.0026082667962078598 35.58705926923078 0.24519230769230768 45.286538461538456 45.30769230769231 0.0 45.30769230769231 3.2239476999966428
190000 12.326923076923077 -0.015862290959085826 35.504847730769235 0.2131410256410256 45.286538461538456 45.30769230769231 0.0 45.30769230769231 3.107860099989921
192000 11.673076923076923 -0.3039383277414673 35.815809269230755 0.25961538461538464 45.286538461538456 45.30769230769231 0.0 45.30769230769231 2.971244000014849
194000 9.826923076923077 -0.016455221250588785 35.193693884615385 0.21955128205128205 45.286538461538456 45.30769230769231 0.0 45.30769230769231 2.870214299997315
196000 8.865384615384615 -0.03513967732157844 35.596899019230754 0.20833333333333331 45.286538461538456 45.30769230769231 0.0 45.30769230769231 3.2977131999796256
198000 9.884615384615385 -0.0347359432821809 35.61292465384616 0.21955128205128205 45.286538461538456 45.30769230769231 0.0 45.30769230769231 3.036098300013691
200000 8.23076923076923 -0.01689163841761935 35.764847730769226 0.1955128205128205 45.286538461538456 45.30769230769231 0.0 45.30769230769231 3.3601657000835985
202000 12.076923076923077 -0.053878769849375195 35.50571407692308 0.14903846153846156 45.286538461538456 45.30769230769231 0.0 45.30769230769231 2.803608400048688
204000 13.788461538461538 -0.22524144505726687 35.380041000000006 0.1762820512820513 45.286538461538456 45.30769230769231 0.0 45.30769230769231 3.0213069999590516
206000 8.557692307692308 -0.017325921252900243 35.51949517307692 0.20192307692307693 45.286538461538456 45.30769230769231 0.0 45.30769230769231 3.2140793000580743
208000 6.576923076923077 0.0014812077285121666 35.59737978846153 0.21634615384615385 45.286538461538456 45.30769230769231 0.0 45.30769230769231 3.0230062000919133
210000 8.346153846153847 -0.03591816851771025 35.59584132692307 0.2548076923076923 45.286538461538456 45.30769230769231 0.0 45.30769230769231 2.996201700065285
212000 10.173076923076923 -0.24687737070199015 35.812540038461535 0.2275641025641026 45.286538461538456 45.30769230769231 0.0 45.30769230769231 2.914414900005795
214000 10.211538461538462 -0.05420866508553095 35.070616961538455 0.2419871794871795 45.286538461538456 45.30769230769231 0.0 45.30769230769231 2.9481313000433147
216000 4.153846153846154 -0.018421536678782192 35.467828499999996 0.1907051282051282 45.286538461538456 45.30769230769231 0.0 45.30769230769231 2.86454970005434
218000 6.519230769230769 -0.01749837985985359 35.47714169230769 0.23557692307692307 45.286538461538456 45.30769230769231 0.0 45.30769230769231 3.0350747000193223
220000 3.8846153846153846 0.0007570732101382209 36.4101361923077 0.15384615384615385 45.286538461538456 45.30769230769231 0.0 45.30769230769231 3.113644599914551
222000 9.5 0.002502452804439605 35.284097230769234 0.21474358974358973 45.286538461538456 45.30769230769231 0.019230769230769232 45.28846153846154 3.2930228000041097
224000 19.134615384615383 0.007660155709813323 33.520232346153854 0.296474358974359 45.286538461538456 45.30769230769231 0.0 45.30769230769231 2.7605308999773115
226000 12.557692307692308 0.003457776885566759 34.624943884615384 0.2419871794871795 45.286538461538456 45.30769230769231 0.0 45.30769230769231 3.090207500034012
228000 14.634615384615385 0.00409134661311497 33.88494388461539 0.2868589743589744 45.286538461538456 45.30769230769231 0.0 45.30769230769231 2.981349300011061
230000 10.134615384615385 -0.07467884368612955 35.48119388461539 0.20512820512820515 45.286538461538456 45.30769230769231 0.0 45.30769230769231 3.2165052000200376
232000 18.0 -0.03449277615765878 34.03648234615385 0.27403846153846156 45.286538461538456 45.30769230769231 0.0 45.30769230769231 2.7817080999957398
234000 18.673076923076923 0.0035458522951778773 34.46677080769231 0.2419871794871795 45.286538461538456 45.30769230769231 0.0 45.30769230769231 3.217733500059694
236000 19.673076923076923 0.005245776627689381 34.32734773076924 0.25641025641025644 45.286538461538456 45.30769230769231 0.0 45.30769230769231 3.141779600060545
238000 26.365384615384617 0.00504446577366496 33.52254003846155 0.3317307692307692 45.286538461538456 45.30769230769231 0.0 45.30769230769231 2.967637800029479
240000 28.76923076923077 0.006010934227496587 33.54754003846154 0.33653846153846156 45.286538461538456 45.30769230769231 0.0 45.30769230769231 3.1619292000541463
242000 22.75 0.005476454225960903 34.096193884615396 0.3141025641025641 45.286538461538456 45.30769230769231 0.0 45.30769230769231 2.9086940000997856
244000 16.692307692307693 0.003745140886654554 34.63417465384616 0.2724358974358974 45.286538461538456 45.30769230769231 0.0 45.30769230769231 2.9830095999641344
246000 17.326923076923077 0.0034495159921057767 34.52071311538462 0.29006410256410253 45.286538461538456 45.30769230769231 0.0 45.30769230769231 2.971576699987054
248000 17.653846153846153 0.0034480860848426706 34.43025978846155 0.3044871794871795 45.286538461538456 45.30769230769231 0.0 45.30769230769231 3.0077562999213114
250000 27.46153846153846 0.006012474259453794 33.43215542307693 0.34134615384615385 45.286538461538456 45.30769230769231 0.0 45.30769230769231 2.767268600058742
252000 30.48076923076923 0.007569905082730161 33.355232346153855 0.34134615384615385 45.286538461538456 45.30769230769231 0.0 45.30769230769231 2.902974499971606
254000 30.173076923076923 0.008053796104445642 33.36484773076924 0.34134615384615385 45.286538461538456 45.30769230769231 0.0 45.30769230769231 2.8600107000675052
256000 30.096153846153847 0.00799539124409098 33.38407850000001 0.34134615384615385 45.286538461538456 45.30769230769231 0.0 45.30769230769231 2.880074999993667
258000 30.076923076923077 0.008048537240531686 33.403309269230775 0.34134615384615385 45.286538461538456 45.30769230769231 0.0 45.30769230769231 2.8623084001010284
260000 23.096153846153847 0.004516011791163723 33.95148234615386 0.3333333333333333 45.286538461538456 45.30769230769231 0.0 45.30769230769231 3.0829640000592917
262000 33.73076923076923 0.01010642129183937 32.56100157692308 0.3990384615384616 45.286538461538456 45.30769230769231 0.0 45.30769230769231 2.982724400004372
264000 30.23076923076923 0.008155102722754071 33.316770807692315 0.35096153846153844 45.286538461538456 45.30769230769231 0.0 45.30769230769231 2.8642009999603033
266000 29.846153846153847 0.007989748032235197 33.153309269230775 0.34935897435897434 45.286538461538456 45.30769230769231 0.0 45.30769230769231 2.9576721999328583
268000 19.326923076923077 0.0050282922143538985 33.700520807692314 0.31891025641025644 45.286538461538456 45.30769230769231 0.0 45.30769230769231 2.8212356999283656
270000 18.5 0.004346748157009565 33.91494388461539 0.30608974358974356 45.286538461538456 45.30769230769231 0.0 45.30769230769231 2.8019206000026315
272000 28.51923076923077 0.007201170494315034 33.42542465384616 0.35416666666666663 45.286538461538456 45.30769230769231 0.0 45.30769230769231 3.104227800038643
274000 28.057692307692307 0.005732643862103644 33.54754003846154 0.33653846153846156 45.286538461538456 45.30769230769231 0.0 45.30769230769231 3.0055990000255406
276000 30.115384615384617 0.005343671384539266 33.28792465384616 0.3573717948717948 45.286538461538456 45.30769230769231 0.0 45.30769230769231 2.823651200043969
278000 30.307692307692307 0.007445780715997077 33.182155423076935 0.3798076923076923 45.286538461538456 45.30769230769231 0.0 45.30769230769231 3.117549499962479
280000 25.51923076923077 0.006250975427411532 33.490424653846155 0.3573717948717948 45.286538461538456 45.30769230769231 0.0 45.30769230769231 2.9741097000660375
282000 28.21153846153846 0.00573790295862427 33.34561696153847 0.35096153846153844 45.286538461538456 45.30769230769231 0.0 45.30769230769231 2.8241079999133945
284000 28.692307692307693 0.006309335462206643 33.355232346153855 0.35096153846153844 45.286538461538456 45.30769230769231 0.0 45.30769230769231 2.930259499931708
286000 29.0 0.0064899982173771305 33.03792465384616 0.37820512820512814 45.286538461538456 45.30769230769231 0.0 45.30769230769231 2.881849500001408
288000 30.634615384615383 0.006377569783649144 33.278309269230775 0.36538461538461536 45.286538461538456 45.30769230769231 0.0 45.30769230769231 2.9540539000881836
290000 30.865384615384617 0.008541469276818793 33.09561696153847 0.36538461538461536 45.286538461538456 45.30769230769231 0.0 45.30769230769231 3.304685899987817
292000 30.346153846153847 0.008190196319999744 33.22061696153847 0.3557692307692308 45.286538461538456 45.30769230769231 0.0 45.30769230769231 3.181079400004819
294000 24.903846153846153 0.005697569805393183 33.53023234615385 0.3237179487179487 45.286538461538456 45.30769230769231 0.0 45.30769230769231 3.2809234999585897
296000 38.25 -0.04592835328825983 32.14890028846153 0.44391025641025644 45.286538461538456 45.30769230769231 0.0 45.30769230769231 3.2263551000505686
298000 40.05769230769231 -0.00597216310089362 32.060278499999995 0.4278846153846155 45.286538461538456 45.30769230769231 0.0 45.30769230769231 3.0716226000804454
300000 41.88461538461539 -0.005552826337155537 32.029188749999996 0.41346153846153855 45.286538461538456 45.30769230769231 0.0 45.30769230769231 2.884853299940005
302000 35.75 0.010163589337453198 32.511800923076926 0.3894230769230769 45.286538461538456 45.30769230769231 0.0 45.30769230769231 3.0970774000743404
304000 23.442307692307693 0.00472315433875942 33.355809269230775 0.35096153846153844 45.286538461538456 45.30769230769231 0.0 45.30769230769231 2.9044249000726268
306000 28.46153846153846 0.005864934229555252 32.86686696153846 0.34935897435897434 45.286538461538456 45.30769230769231 0.0 45.30769230769231 2.9070651000365615
308000 24.826923076923077 0.004134720336275889 33.074559269230775 0.35096153846153844 45.286538461538456 45.30769230769231 0.0 45.30769230769231 2.94351839995943
310000 26.115384615384617 0.005581804511674004 32.72744388461538 0.3669871794871795 45.286538461538456 45.30769230769231 0.0 45.30769230769231 3.0142168999882415
312000 50.96153846153846 0.016813143352505104 30.584174653846162 0.43750000000000006 45.286538461538456 45.30769230769231 0.019230769230769232 45.28846153846154 2.9330768999643624
314000 48.48076923076923 0.016793089723918103 30.686097730769237 0.4663461538461539 45.286538461538456 45.30769230769231 0.019230769230769232 45.28846153846154 2.9176592000294477
316000 23.5 0.004252734325432965 33.23994388461539 0.34134615384615385 45.286538461538456 45.30769230769231 0.0 45.30769230769231 2.884904899983667
318000 35.90384615384615 0.006259206778369459 31.630809269230774 0.41826923076923084 45.286538461538456 45.30769230769231 0.0 45.30769230769231 3.1557642999105155
320000 37.42307692307692 -0.012669515701745494 31.247636192307688 0.43910256410256415 45.286538461538456 45.30769230769231 0.0 45.30769230769231 2.9220653999364004
322000 39.28846153846154 -0.013098203742453626 31.279607346153846 0.43108974358974367 45.286538461538456 45.30769230769231 0.0 45.30769230769231 2.9258953999960795
324000 50.44230769230769 0.012383251744377311 30.759014403846155 0.43269230769230776 45.286538461538456 45.30769230769231 0.0 45.30769230769231 2.9161450000246987
326000 73.01923076923077 0.024587414566147145 29.703309269230775 0.4727564102564103 45.286538461538456 45.30769230769231 0.0 45.30769230769231 3.06468969990965
328000 83.1923076923077 0.028140267849535917 29.09369388461539 0.4807692307692308 45.286538461538456 45.30769230769231 0.0 45.30769230769231 2.81189400004223
330000 88.1923076923077 0.02439730573073972 28.684078500000005 0.4951923076923077 45.286538461538456 45.30769230769231 0.0 45.30769230769231 3.1660020999843255
332000 88.86538461538461 0.01756641510053533 28.6263861923077 0.49038461538461536 45.286538461538456 45.30769230769231 0.0 45.30769230769231 2.894179900060408
334000 89.5576923076923 0.012725901720169198 28.674463115384622 0.4951923076923077 45.286538461538456 45.30769230769231 0.0 45.30769230769231 3.0024469000054523
336000 89.34615384615384 0.012253066112027786 28.684078500000005 0.49038461538461536 45.286538461538456 45.30769230769231 0.0 45.30769230769231 3.303558300016448
338000 90.28846153846153 0.014376578671217896 28.636001576923086 0.5048076923076923 45.286538461538456 45.30769230769231 0.0 45.30769230769231 3.225858599995263
340000 89.57692307692308 0.008487567415088555 28.761001576923086 0.5048076923076923 45.286538461538456 45.30769230769231 0.0 45.30769230769231 2.8294024999486282
342000 89.92307692307692 0.006670091078126762 28.78984773076924 0.5 45.286538461538456 45.30769230769231 0.0 45.30769230769231 3.0874070998979732
344000 91.40384615384616 0.0042021197764327564 28.818693884615392 0.5 45.286538461538456 45.30769230769231 0.0 45.30769230769231 2.775471399887465
346000 92.84615384615384 0.004507403514154925 28.837924653846162 0.5096153846153846 45.286538461538456 45.30769230769231 0.0 45.30769230769231 3.098881099955179
348000 94.63461538461539 0.005587433366246366 28.85715542307693 0.5096153846153846 45.286538461538456 45.30769230769231 0.0 45.30769230769231 3.251786299981177
350000 114.71153846153847 0.020261458550105256 28.49465538461539 0.516025641025641 45.286538461538456 45.30769230769231 0.0 45.30769230769231 3.005249200039543
352000 166.92307692307693 0.04870095336515752 27.486373519230764 0.5705128205128205 45.286538461538456 45.30769230769231 0.0 45.30769230769231 3.224959500017576
354000 174.96153846153845 0.05335534226139646 27.25416194230769 0.5544871794871795 45.286538461538456 45.30769230769231 0.0 45.30769230769231 3.1878629999700934
356000 197.78846153846155 0.04267457338862101 27.62909259615384 0.5528846153846154 45.286538461538456 45.30769230769231 0.0 45.30769230769231 3.0494588000001386
358000 192.96153846153845 -0.06084173545779422 27.66755413461538 0.5528846153846154 45.286538461538456 45.30769230769231 0.0 45.30769230769231 3.0299471999751404
360000 189.65384615384616 -0.12318619997371202 27.696400288461533 0.5528846153846154 45.286538461538456 45.30769230769231 0.0 45.30769230769231 3.080680000013672
362000 192.96153846153845 -0.06084173545779422 27.66755413461538 0.5528846153846154 45.286538461538456 45.30769230769231 0.0 45.30769230769231 3.2367134999949485
364000 224.25 0.07605442445695228 27.85217240384616 0.5144230769230769 45.286538461538456 45.30769230769231 0.0 45.30769230769231 2.9013664999511093
366000 215.96153846153845 -0.06852476326010201 28.034223692307705 0.5144230769230769 45.286538461538456 45.30769230769231 0.0 45.30769230769231 3.0628175999736413
368000 217.55769230769232 -0.04785952005791147 28.014992923076935 0.5144230769230769 45.286538461538456 45.30769230769231 0.0 45.30769230769231 2.9466282000066712
370000 226.07692307692307 0.07677733770834291 27.889992923076935 0.5144230769230769 45.286538461538456 45.30769230769231 0.0 45.30769230769231 3.422868199995719
372000 225.48076923076923 0.03614824774309924 27.93806984615386 0.5144230769230769 45.286538461538456 45.30769230769231 0.0 45.30769230769231 2.776268999907188
374000 226.07692307692307 0.07677733770834291 27.889992923076935 0.5144230769230769 45.286538461538456 45.30769230769231 0.0 45.30769230769231 2.8084163001039997
376000 226.07692307692307 0.07677733770834291 27.889992923076935 0.5144230769230769 45.286538461538456 45.30769230769231 0.0 45.30769230769231 2.9973786000628024
378000 226.07692307692307 0.07677733770834291 27.889992923076935 0.5144230769230769 45.286538461538456 45.30769230769231 0.0 45.30769230769231 3.0878947000019252
380000 226.07692307692307 0.07677733770834291 27.889992923076935 0.5144230769230769 45.286538461538456 45.30769230769231 0.0 45.30769230769231 2.764020000002347
382000 288.2307692307692 0.11278993173808674 27.250878576923075 0.5705128205128205 45.286538461538456 45.30769230769231 0.0 45.30769230769231 3.140388899948448
384000 288.2307692307692 0.11278993173808674 27.250878576923075 0.5705128205128205 45.286538461538456 45.30769230769231 0.0 45.30769230769231 2.980700899963267
386000 287.25 0.06887900942664152 27.279724730769228 0.5705128205128205 45.286538461538456 45.30769230769231 0.0 45.30769230769231 3.2888284999644384
388000 276.96153846153845 -0.06175863298714537 27.356647807692305 0.5705128205128205 45.286538461538456 45.30769230769231 0.0 45.30769230769231 3.098343100049533
390000 282.3076923076923 -0.0189979084023102 27.32780165384615 0.5705128205128205 45.286538461538456 45.30769230769231 0.0 45.30769230769231 2.8809607999864966
392000 287.25 0.047161352804882935 27.289340115384615 0.5705128205128205 45.286538461538456 45.30769230769231 0.0 45.30769230769231 2.939917500014417
394000 276.96153846153845 -0.06175863298714537 27.356647807692305 0.5705128205128205 45.286538461538456 45.30769230769231 0.0 45.30769230769231 3.234923299984075
396000 276.96153846153845 -0.06175863298714537 27.356647807692305 0.5705128205128205 45.286538461538456 45.30769230769231 0.0 45.30769230769231 2.772448100033216
398000 276.96153846153845 -0.06175863298714537 27.356647807692305 0.5705128205128205 45.286538461538456 45.30769230769231 0.0 45.30769230769231 2.798139899969101
400000 276.96153846153845 -0.03845207424610742 27.356647807692305 0.5705128205128205 45.286538461538456 45.30769230769231 0.0 45.30769230769231 2.9524988000048324
402000 288.0192307692308 0.0914635484559295 27.26049396153846 0.5705128205128205 45.286538461538456 45.30769230769231 0.0 45.30769230769231 3.1774252000031993
404000 288.0192307692308 0.0914635484559295 27.26049396153846 0.5705128205128205 45.286538461538456 45.30769230769231 0.0 45.30769230769231 2.880315199960023
406000 288.0192307692308 0.0914635484559295 27.26049396153846 0.5705128205128205 45.286538461538456 45.30769230769231 0.0 45.30769230769231 2.7469566999934614
408000 288.0192307692308 0.0914635484559295 27.26049396153846 0.5705128205128205 45.286538461538456 45.30769230769231 0.0 45.30769230769231 3.0003389000194147
410000 288.0192307692308 0.0914635484559295 27.26049396153846 0.5705128205128205 45.286538461538456 45.30769230769231 0.0 45.30769230769231 3.1606976001057774
412000 288.0192307692308 0.0914635484559295 27.26049396153846 0.5705128205128205 45.286538461538456 45.30769230769231 0.0 45.30769230769231 3.2368715000338852
414000 288.0192307692308 0.0914635484559295 27.26049396153846 0.5705128205128205 45.286538461538456 45.30769230769231 0.0 45.30769230769231 3.0988203999586403
416000 288.0192307692308 0.0914635484559295 27.26049396153846 0.5705128205128205 45.286538461538456 45.30769230769231 0.0 45.30769230769231 3.0093628000468016
418000 288.0192307692308 0.0914635484559295 27.26049396153846 0.5705128205128205 45.286538461538456 45.30769230769231 0.0 45.30769230769231 2.8160330000100657
420000 288.0192307692308 0.0914635484559295 27.26049396153846 0.5705128205128205 45.286538461538456 45.30769230769231 0.0 45.30769230769231 2.527529799961485
422000 288.0192307692308 0.0914635484559295 27.26049396153846 0.5705128205128205 45.286538461538456 45.30769230769231 0.0 45.30769230769231 2.9047358999960124
424000 288.0192307692308 0.0914635484559295 27.26049396153846 0.5705128205128205 45.286538461538456 45.30769230769231 0.0 45.30769230769231 2.9393798999954015
426000 288.0192307692308 0.0914635484559295 27.26049396153846 0.5705128205128205 45.286538461538456 45.30769230769231 0.0 45.30769230769231 2.939522400032729
428000 288.0192307692308 0.0914635484559295 27.26049396153846 0.5705128205128205 45.286538461538456 45.30769230769231 0.0 45.30769230769231 2.799594399984926
430000 288.0192307692308 0.0914635484559295 27.26049396153846 0.5705128205128205 45.286538461538456 45.30769230769231 0.0 45.30769230769231 2.8441707000602037
432000 288.0192307692308 0.0914635484559295 27.26049396153846 0.5705128205128205 45.286538461538456 45.30769230769231 0.0 45.30769230769231 2.6150444999802858
434000 288.0192307692308 0.0914635484559295 27.26049396153846 0.5705128205128205 45.286538461538456 45.30769230769231 0.0 45.30769230769231 2.9040054000215605
436000 288.0192307692308 0.0914635484559295 27.26049396153846 0.5705128205128205 45.286538461538456 45.30769230769231 0.0 45.30769230769231 2.982065199990757
438000 288.0192307692308 0.0914635484559295 27.26049396153846 0.5705128205128205 45.286538461538456 45.30769230769231 0.0 45.30769230769231 2.8779801999917254
440000 288.0192307692308 0.0914635484559295 27.26049396153846 0.5705128205128205 45.286538461538456 45.30769230769231 0.0 45.30769230769231 2.984021000098437
442000 288.0192307692308 0.0914635484559295 27.26049396153846 0.5705128205128205 45.286538461538456 45.30769230769231 0.0 45.30769230769231 2.985259799985215
444000 288.0192307692308 0.0914635484559295 27.26049396153846 0.5705128205128205 45.286538461538456 45.30769230769231 0.0 45.30769230769231 2.8939866999862716
446000 288.0192307692308 0.0914635484559295 27.26049396153846 0.5705128205128205 45.286538461538456 45.30769230769231 0.0 45.30769230769231 2.8581082000164315
448000 288.0192307692308 0.0914635484559295 27.26049396153846 0.5705128205128205 45.286538461538456 45.30769230769231 0.0 45.30769230769231 2.962314900010824
450000 288.0192307692308 0.0914635484559295 27.26049396153846 0.5705128205128205 45.286538461538456 45.30769230769231 0.0 45.30769230769231 3.1486532000126317
452000 288.0192307692308 0.0914635484559295 27.26049396153846 0.5705128205128205 45.286538461538456 45.30769230769231 0.0 45.30769230769231 2.95064579998143
454000 288.0192307692308 0.0914635484559295 27.26049396153846 0.5705128205128205 45.286538461538456 45.30769230769231 0.0 45.30769230769231 2.4552962000016123
456000 288.0192307692308 0.0914635484559295 27.26049396153846 0.5705128205128205 45.286538461538456 45.30769230769231 0.0 45.30769230769231 2.702301900018938
458000 288.0192307692308 0.0914635484559295 27.26049396153846 0.5705128205128205 45.286538461538456 45.30769230769231 0.0 45.30769230769231 2.693804300040938
460000 288.0192307692308 0.0914635484559295 27.26049396153846 0.5705128205128205 45.286538461538456 45.30769230769231 0.0 45.30769230769231 2.588127000024542
462000 288.0192307692308 0.0914635484559295 27.26049396153846 0.5705128205128205 45.286538461538456 45.30769230769231 0.0 45.30769230769231 2.5492321000201628
464000 288.0192307692308 0.0914635484559295 27.26049396153846 0.5705128205128205 45.286538461538456 45.30769230769231 0.0 45.30769230769231 2.7169640000211075
466000 288.0192307692308 0.0914635484559295 27.26049396153846 0.5705128205128205 45.286538461538456 45.30769230769231 0.0 45.30769230769231 2.6092865000246093
468000 288.0192307692308 0.0914635484559295 27.26049396153846 0.5705128205128205 45.286538461538456 45.30769230769231 0.0 45.30769230769231 2.1988309000153095
470000 288.0192307692308 0.0914635484559295 27.26049396153846 0.5705128205128205 45.286538461538456 45.30769230769231 0.0 45.30769230769231 2.26496409997344
472000 288.2307692307692 0.11278993173808674 27.250878576923075 0.5705128205128205 45.286538461538456 45.30769230769231 0.0 45.30769230769231 2.237098899902776
474000 288.0192307692308 0.0914635484559295 27.26049396153846 0.5705128205128205 45.286538461538456 45.30769230769231 0.0 45.30769230769231 2.368064600042999
476000 288.2307692307692 0.11278993173808674 27.250878576923075 0.5705128205128205 45.286538461538456 45.30769230769231 0.0 45.30769230769231 1.9769503000425175
478000 288.2307692307692 0.11278993173808674 27.250878576923075 0.5705128205128205 45.286538461538456 45.30769230769231 0.0 45.30769230769231 2.173939700005576
480000 288.2307692307692 0.11278993173808674 27.250878576923075 0.5705128205128205 45.286538461538456 45.30769230769231 0.0 45.30769230769231 2.1346805000212044
482000 288.2307692307692 0.11278993173808674 27.250878576923075 0.5705128205128205 45.286538461538456 45.30769230769231 0.0 45.30769230769231 2.276326100109145
484000 288.2307692307692 0.11278993173808674 27.250878576923075 0.5705128205128205 45.286538461538456 45.30769230769231 0.0 45.30769230769231 2.129901099950075
486000 288.2307692307692 0.11278993173808674 27.250878576923075 0.5705128205128205 45.286538461538456 45.30769230769231 0.0 45.30769230769231 1.9537915999535471
488000 288.2307692307692 0.11278993173808674 27.250878576923075 0.5705128205128205 45.286538461538456 45.30769230769231 0.0 45.30769230769231 2.1201614000601694
490000 288.2307692307692 0.11278993173808674 27.250878576923075 0.5705128205128205 45.286538461538456 45.30769230769231 0.0 45.30769230769231 1.8847579000284895
492000 288.2307692307692 0.11278993173808674 27.250878576923075 0.5705128205128205 45.286538461538456 45.30769230769231 0.0 45.30769230769231 1.768928200006485
494000 288.2307692307692 0.11278993173808674 27.250878576923075 0.5705128205128205 45.286538461538456 45.30769230769231 0.0 45.30769230769231 1.5531852999702096
496000 288.2307692307692 0.11278993173808674 27.250878576923075 0.5705128205128205 45.286538461538456 45.30769230769231 0.0 45.30769230769231 1.9827341000782326
498000 288.2307692307692 0.11278993173808674 27.250878576923075 0.5705128205128205 45.286538461538456 45.30769230769231 0.0 45.30769230769231 1.383837700006552
500000 288.2307692307692 0.11278993173808674 27.250878576923075 0.5705128205128205 45.286538461538456 45.30769230769231 0.0 45.30769230769231 1.4215289999265224
